LP RESULTS :
 Obj = 0.1*lambda1+0.9*lambda2 = 96.5146779379616 (lambda1 = 947.1467793796159, lambda2 = 2.0) Resol time = 10106 ms

{"id": 0, "drone": 2, "position":(41.666666666666664,33.333333333333336,1.0), "time":96.34478027539919,"sensors":[28],"power":[0.06866792047294625]}
{"id": 1, "drone": 2, "position":(33.333333333333336,8.333333333333334,1.0), "time":129.96368073887638,"sensors":[0,1,23,7,6,12,27,21,26,2],"power":[0.02237985760822798,0.020520518788018145,0.011774601635339247,0.044930211789262514,0.02254459359926678,0.035257726703090075,0.09342340910852098,0.010605930368162117,0.059273213065542944,0.008971878504137143]}
{"id": 2, "drone": 4, "position":(41.666666666666664,16.666666666666668,1.0), "time":394.9217989314456,"sensors":[0,5,23,10,6,21,26,2],"power":[0.029348536537625626,1.474179821892896,0.03335864762085239,0.13839607971630088,0.036949298373382525,0.514128092824529,0.14007315300792514,0.07774417472489127]}
{"id": 3, "drone": 5, "position":(25.0,25.0,1.0), "time":53.51458940040293,"sensors":[0,1,13,29,19,3,23,25,4,6],"power":[0.009440869690143858,0.005041056470889189,0.003708270713048875,0.08167113023156478,0.006164499767206228,0.005068986700089358,0.015417563100484364,0.004729579356152619,0.008395896223590707,0.00931515751490322]}
{"id": 4, "drone": 5, "position":(16.666666666666668,8.333333333333334,2.0), "time":441.7953680216218,"sensors":[17,1,3,18,7,4,22,12,8,15],"power":[0.18936403300530993,0.07536744468835122,0.048803275977366375,0.3993349726894046,0.05527309662744146,0.046080953290979554,0.14867870024865903,0.045790421659947046,1.3557992319606529,0.08322650609498888]}
{"id": 5, "drone": 6, "position":(16.666666666666668,25.0,1.0), "time":373.1691681833407,"sensors":[24,13,29,9,3,25,4,15],"power":[0.1252359041780131,0.03946777468387652,0.045349410035086656,0.0588965822618353,0.13892048824880232,0.4073529941928159,0.1949432492424929,0.07482192534838779]}
{"id": 6, "drone": 1, "position":(41.666666666666664,41.666666666666664,1.0), "time":564.4688421490808,"sensors":[28,14,11,20,16],"power":[0.05546325691669874,0.0946604831023434,0.18769687690837786,0.03594895570593431,0.12281183160438931]}
{"id": 7, "drone": 7, "position":(25.0,8.333333333333334,3.0), "time":212.30108486496067,"sensors":[0,1,23,18,7,22,6,12,27,8,26],"power":[0.0351812906363144,0.10389369527999764,0.016061609299703388,0.06478272607264174,0.23521871583253703,0.043311822965402605,0.029322905903164845,0.10273445916762616,0.031168837060264187,0.05503714172767283,0.014985229166453158]}
{"id": 8, "drone": 7, "position":(33.333333333333336,41.666666666666664,1.0), "time":286.33315695513585,"sensors":[28,19,14,11,20,16],"power":[0.025868822610355,0.04495725006143266,0.05533951689765661,0.11261904750403848,0.13420477471246203,0.02718816839561069]}
{"id": 9, "drone": 0, "position":(16.666666666666668,33.333333333333336,1.0), "time":520.4630217958722,"sensors":[24,13,9,19,25],"power":[0.2447718055693919,0.7135413455728142,0.6105946059938938,0.09887825017136112,0.1033711346722697]}
{"id": 10, "drone": 3, "position":(33.333333333333336,16.666666666666668,1.0), "time":109.57205635375405,"sensors":[0,1,29,5,23,7,6,27,21,26],"power":[0.07923839594546274,0.018878517042416,0.022979459733348546,0.016108714528579173,0.0733875783436206,0.011313524205432532,0.1377961732953369,0.007995541645429944,0.012212167690882472,0.05039660401635295]}
{"id": 11, "drone": 3, "position":(41.666666666666664,8.333333333333334,1.0), "time":100.38815849057913,"sensors":[5,10,27,21,26,2],"power":[0.01723271971959584,0.011603920283699094,0.01741221218578484,0.03452928742258688,0.03536062823000821,0.06328394677097157]}
