LP RESULTS :
 Obj = 0.1*lambda1+0.9*lambda2 = 73.73262158364939 (lambda1 = 719.3262158364939, lambda2 = 2.0) Resol time = 727 ms

{"id": 0, "drone": 6, "position":(16.666666666666668,41.666666666666664,1.0), "time":165.6665926059287,"sensors":[1,10,20,4,18,25,29],"power":[0.017321138210779265,0.17936550844240587,0.19269095129522165,0.14047904529551353,0.02279816443053629,0.042023857987783846,0.013089120557445669]}
{"id": 1, "drone": 6, "position":(25.0,33.333333333333336,1.0), "time":25.468985560750674,"sensors":[10,23,21,18,2,24,29],"power":[0.0030939565007402927,0.004086524326024357,0.00993229395122701,0.0020752744990691573,0.0022467552447434183,0.0019728955678843143,0.018158372344066705]}
{"id": 2, "drone": 0, "position":(8.333333333333334,16.666666666666668,1.0), "time":9.021078358214126,"sensors":[22,0,17,3,6,7,16,9,27],"power":[0.0575983208321069,0.0018036391715920957,0.0012193742390905666,0.014330473329584682,0.03776060645742158,0.0010758194256834908,0.007352784176547145,0.0012801831326956787,0.0017809143374083627]}
{"id": 3, "drone": 0, "position":(8.333333333333334,8.333333333333334,1.0), "time":663.5713702002981,"sensors":[22,0,19,17,3,6,16,9],"power":[0.170897469535289,0.9955179972893343,0.15,0.19286211638511155,0.2880322403666411,0.10121177256580781,0.21459379054433628,1.1861532627664986]}
{"id": 4, "drone": 3, "position":(25.0,25.0,5.0), "time":468.13054513971014,"sensors":[23,21,24,7,29],"power":[0.2610232832398598,0.030373463146764444,0.11109849011145655,0.04555521123801619,0.11333188440638627]}
{"id": 5, "drone": 3, "position":(25.0,16.666666666666668,1.0), "time":43.18838122185208,"sensors":[23,14,26,24,28,7,11],"power":[0.012570266774939097,0.003040900218203802,0.003200998133201614,0.01124426864487157,0.007664064361969119,0.018853182960501765,0.010118721140217913]}
{"id": 6, "drone": 1, "position":(41.666666666666664,8.333333333333334,1.0), "time":526.9809732660904,"sensors":[5,13,14,26,15,28,8,11],"power":[0.6757924999962379,0.12167964948538385,0.07538377734750504,0.06221395877243354,0.14503040843550227,0.060154217078786036,0.21085708173198,0.0657857583148744]}
{"id": 7, "drone": 1, "position":(41.666666666666664,16.666666666666668,1.0), "time":72.78823259037108,"sensors":[5,13,26,24,28,8,11],"power":[0.00841819539381953,0.38120901258371925,0.05670427387992394,0.00604332081442301,0.019513772272639254,0.00624455856137197,0.011132218288985703]}
{"id": 8, "drone": 5, "position":(8.333333333333334,41.666666666666664,1.0), "time":68.44728996808897,"sensors":[1,10,20,4,18,12,25],"power":[0.07961188239151025,0.006448675841821214,0.011874306163583193,0.009520954704486434,0.009494381412436123,0.019642757035067834,0.022109625341081195]}
{"id": 9, "drone": 5, "position":(33.333333333333336,41.666666666666664,1.0), "time":165.66659260592874,"sensors":[10,21,2],"power":[0.011053916659686793,0.05897473935611248,0.7206771694355021]}
{"id": 10, "drone": 7, "position":(33.333333333333336,16.666666666666668,1.0), "time":35.58114106095533,"sensors":[23,5,13,14,26,24,28,8,11],"power":[0.0039445848968693515,0.0031798806622982236,0.010173871638344583,0.0039357258723533356,0.02323023016839097,0.01386325413347077,0.27508588899768327,0.0033771282595454564,0.05233233017501094]}
{"id": 11, "drone": 7, "position":(8.333333333333334,25.0,1.0), "time":4.131637121606005,"sensors":[22,18,3,25,6,16,27],"power":[7.603166471267355E-4,8.792772649701218E-4,4.5405333813204997E-4,4.3810802505096243E-4,0.0012845791403193036,4.248461175919385E-4,0.03719355200456188]}
{"id": 12, "drone": 2, "position":(33.333333333333336,33.333333333333336,1.0), "time":60.06009253010443,"sensors":[23,21,2,24,29],"power":[0.004148281490241085,0.05071950354589608,0.009821609057576581,0.005777770727893354,0.005420622692101365]}
{"id": 13, "drone": 2, "position":(33.333333333333336,8.333333333333334,1.0), "time":40.787487697225004,"sensors":[5,13,14,26,15,28,8,11],"power":[0.015551611559024533,0.005233728111986452,0.06763959656193783,0.004650539046049913,0.00496959156449771,0.008990710953876362,0.03082446794263792,0.020837700255938438]}
{"id": 14, "drone": 4, "position":(8.333333333333334,33.333333333333336,1.0), "time":455.6117105801186,"sensors":[1,18,12,25,27],"power":[0.053066979397710316,0.388474665458956,0.13797528904070794,0.41359743861976384,0.10666582590233863]}
{"id": 15, "drone": 4, "position":(16.666666666666668,16.666666666666668,1.0), "time":42.602130156375935,"sensors":[22,23,0,3,6,7,16,9,27],"power":[0.011448507353680769,0.005599829569524694,0.0068459241471944005,0.006079000073809974,0.009743041836451298,0.08451578637579855,0.0037508006490008083,0.00447792451141609,0.004359707755691327]}
