LP RESULTS :
 Obj = 0.1*lambda1+0.9*lambda2 = 142.78506694617158 (lambda1 = 1409.8506694617156, lambda2 = 2.0) Resol time = 622 ms

{"id": 0, "drone": 1, "position":(41.666666666666664,41.666666666666664,1.0), "time":439.2994752006828,"sensors":[4,5,13,16,24,12],"power":[1.4642108700166774,0.15,0.03540023217775886,0.10855604731572872,0.03883420128494342,0.15437683016724377]}
{"id": 1, "drone": 1, "position":(8.333333333333334,25.0,1.0), "time":284.52891480058656,"sensors":[10,25,26,19,1,21,9,14,27,20],"power":[0.24194509717663998,0.031527089835379135,0.045194974141500616,0.023543162254623173,0.026047520930155315,0.04720284943353863,0.059123575735534624,0.07805411128232398,0.03563504397660419,0.05132280203392581]}
{"id": 2, "drone": 3, "position":(41.666666666666664,25.0,1.0), "time":38.962248306266275,"sensors":[23,0,13,16,6,7,17,18,24],"power":[0.06717152338916611,0.0028712783547557275,0.01906652806270138,0.005471639832031771,0.010085162503811465,0.14737088494346978,0.1236605161911955,0.04508441723497059,0.022632051894933603]}
{"id": 3, "drone": 3, "position":(25.0,8.333333333333334,4.0), "time":283.3633698466112,"sensors":[8,15],"power":[0.09820712250115525,0.15]}
{"id": 4, "drone": 7, "position":(8.333333333333334,41.666666666666664,1.0), "time":601.7641502621973,"sensors":[28,11,25,26,19,29,3,22,20],"power":[0.07973235572575606,0.3382651227789879,0.19885250318345085,0.04569698682624016,0.07767100840267815,0.11279121134044971,0.15,1.0367265152338114,0.09587533743029189]}
{"id": 5, "drone": 7, "position":(16.666666666666668,41.666666666666664,1.0), "time":1.147673117050254,"sensors":[28,11,25,26,19,29,1,22],"power":[8.626626783011966E-4,7.380558311930671E-5,9.008379700634647E-5,1.5322956298636337E-4,3.287736197797723E-4,0.005091024464953755,1.751936905836505E-4,1.2391816266963827E-4]}
{"id": 6, "drone": 4, "position":(33.333333333333336,25.0,1.0), "time":931.5889459547666,"sensors":[23,0,13,16,6,7,17,18,24],"power":[0.14561503883244525,0.6673133350748301,0.2683774210053448,0.11068336384191664,1.4916293756975252,0.24885899470763448,0.20508773807473432,0.10491558276502942,0.22631047443446278]}
{"id": 7, "drone": 4, "position":(8.333333333333334,33.333333333333336,1.0), "time":454.21629038877506,"sensors":[10,28,11,25,26,19,29,1,14,22,20],"power":[0.07310548004723198,0.06075179514151101,0.09430339830672924,0.5051031252674538,0.1139566718986976,0.1114637324191365,0.03033844212371085,0.06881475348883043,0.07194588871767603,0.07241918147446598,0.33219203233153016]}
{"id": 8, "drone": 5, "position":(16.666666666666668,25.0,1.0), "time":56.66296850756528,"sensors":[10,0,28,26,19,1,21,9,27],"power":[0.054500049578807115,0.004966804798936582,0.004713864529961121,0.019408333898713145,0.00915316304829769,0.016146782061795175,0.10151589803070883,0.0162411697729554,0.01336536154155986]}
{"id": 9, "drone": 6, "position":(16.666666666666668,33.333333333333336,1.0), "time":11.530672385541095,"sensors":[10,28,25,26,19,29,1,21,20],"power":[0.00186443608662728,0.010073935784393756,0.001179328547181012,0.03537396698112668,0.05916111096047659,0.0017793220708856433,0.03881574982863534,0.0012812525357525193,8.447949684824619E-4]}
{"id": 10, "drone": 6, "position":(8.333333333333334,8.333333333333334,2.0), "time":1068.6587861535638,"sensors":[9,2,27,8],"power":[0.10538320581006737,0.15,0.11242247123088892,0.06761257676011259]}
