LP RESULTS :
 Obj = 0.1*lambda1+0.9*lambda2 = 122.57796690547825 (lambda1 = 1207.7796690547825, lambda2 = 2.0) Resol time = 956 ms

{"id": 0, "drone": 2, "position":(25.0,16.666666666666668,1.0), "time":69.82073857119906,"sensors":[17,7,8,28,9,15,4,6,14,26],"power":[0.005033594189372834,0.010689334470712908,0.02136166555575862,0.04931358743716274,0.05207049481333534,0.019443394415205782,0.019942772690080258,0.014435519845757949,0.01829940315573718,0.007085983132923267]}
{"id": 1, "drone": 2, "position":(33.333333333333336,33.333333333333336,1.0), "time":131.34029307482513,"sensors":[18,0,12,13,23,29],"power":[0.19096697456394063,0.07640787546333531,0.008675214246126885,0.032292253192131276,0.0879974622815017,0.06153000441100305]}
{"id": 2, "drone": 4, "position":(33.333333333333336,8.333333333333334,1.0), "time":463.44029349639675,"sensors":[22,28,9,4,5,3,14],"power":[0.03338433275880649,0.1005581241477809,0.031162809278957287,0.10035009619475026,0.10878841814323437,1.0477324263608863,0.08862697417041807]}
{"id": 3, "drone": 4, "position":(41.666666666666664,41.666666666666664,1.0), "time":359.185765097111,"sensors":[11,18,12,13,23,21],"power":[0.024290516369528514,0.07139907278151983,0.09286856887029404,0.19458423417823922,0.04012773449469667,0.10206940481476981]}
{"id": 4, "drone": 0, "position":(25.0,33.333333333333336,1.0), "time":7.787034604399196,"sensors":[25,18,7,8,0,9,15,23,24,29],"power":[0.0025622240457151457,0.0011460179530956534,0.0018508928701015139,5.449534406640785E-4,0.006032990574112988,5.073916432048818E-4,5.953782947544609E-4,6.053319783626112E-4,8.846900945868501E-4,0.0014558809632699615]}
{"id": 5, "drone": 0, "position":(41.666666666666664,33.333333333333336,1.0), "time":608.3188527462447,"sensors":[11,18,0,12,13,23,21,29],"power":[0.12570948363047146,0.14589708222405728,0.043610468564822966,0.30634857384422404,0.12272093275179541,0.4424313364549176,0.04793059518523018,0.07285277544990955]}
{"id": 6, "drone": 5, "position":(25.0,33.333333333333336,5.0), "time":101.14772353220246,"sensors":[25,18,7,0,24,29],"power":[0.022755255462046493,0.011692656047759506,0.017419572136245325,0.03203503239207999,0.008559210362824664,0.014161339175817451]}
{"id": 7, "drone": 5, "position":(41.666666666666664,8.333333333333334,1.0), "time":589.2764022040145,"sensors":[22,2,5,3,14],"power":[0.05269016677612266,0.12146225104500842,0.04121158185676562,0.1827321142010794,0.04587555550009765]}
{"id": 8, "drone": 3, "position":(16.666666666666668,25.0,1.0), "time":35.930319799711484,"sensors":[25,7,8,9,15,6,26],"power":[0.008692926700578568,0.01725034241145166,0.021196018892496584,0.00328525752481455,0.026120846380580747,0.003482544021899733,0.011524197181327637]}
{"id": 9, "drone": 3, "position":(16.666666666666668,41.666666666666664,1.0), "time":839.8575747845518,"sensors":[25,10,24,16],"power":[0.1524213167642537,1.432885452660617,1.0260272348526407,0.15]}
{"id": 10, "drone": 6, "position":(41.666666666666664,16.666666666666668,1.0), "time":85.24223478317212,"sensors":[22,2,3,14],"power":[0.05901495681977217,0.017656517460252645,0.007683258240573575,0.015650596308375973]}
{"id": 11, "drone": 6, "position":(16.666666666666668,33.333333333333336,1.0), "time":126.39879097355038,"sensors":[25,10,7,8,0,15,24],"power":[0.45130844763485073,0.013978912778954534,0.023279162358392776,0.010030745848478014,0.010761475828476828,0.011589226107005902,0.016486664360942267]}
{"id": 12, "drone": 7, "position":(16.666666666666668,16.666666666666668,1.0), "time":630.801282583076,"sensors":[17,7,8,1,28,9,15,4,6,26],"power":[0.21235406464732395,0.07951069575309586,0.26896942039519756,0.046077599345236,0.08865240254756847,0.06297404673968808,0.2457494789181465,0.07190224120739495,0.8099645180357506,0.5963539074503477]}
{"id": 13, "drone": 7, "position":(41.666666666666664,8.333333333333334,5.0), "time":69.82073857119906,"sensors":[22,2,3],"power":[0.004910543645298645,0.010881231494738939,0.014990681211269041]}
{"id": 14, "drone": 1, "position":(8.333333333333334,16.666666666666668,1.0), "time":337.0415025228462,"sensors":[17,20,8,19,1,15,27,6,26],"power":[0.09979087338596514,0.030854126507733077,0.026281395984268784,0.11461479186035849,0.14014193466659078,0.02697796307933359,0.027479974290402345,0.056079564832017356,0.14466067701049845]}
{"id": 15, "drone": 1, "position":(8.333333333333334,8.333333333333334,1.0), "time":134.18582557794986,"sensors":[17,20,19,1,27,6,26],"power":[0.061142148283908515,0.16185478302764755,0.03538520813964153,0.06303964338427882,0.12252002570959775,0.019386391197254153,0.012686747753455874]}
