LP RESULTS :
 Obj = 0.1*lambda1+0.9*lambda2 = 98.29040121261018 (lambda1 = 964.9040121261017, lambda2 = 2.0) Resol time = 2119 ms

{"id": 0, "drone": 7, "position":(25.0,16.666666666666668,4.0), "time":103.319863378624,"sensors":[3,28,4,7,29,26,6,27,20,13,16,18,8],"power":[0.05545340102098822,0.0067815691214669765,0.034164072259499474,0.007196451904597066,0.029920140050062553,0.017943406560386833,0.007417310754815083,0.02496506609881248,0.006955912085050432,0.029619662396504806,0.07104098752649977,0.010843456852556851,0.07661754612862136]}
{"id": 1, "drone": 7, "position":(25.0,25.0,1.0), "time":349.13289048130184,"sensors":[25,3,4,9,14,29,27,24,13,16,8],"power":[0.03754877420476338,0.06340558498759832,0.0669150970978483,0.029696551936035417,0.045411870212536586,0.5373235902089007,0.3112513033897794,0.040632857051332336,0.8915866963197973,0.05140015475375137,0.06156163858355083]}
{"id": 2, "drone": 5, "position":(41.666666666666664,8.333333333333334,1.0), "time":729.9576025989365,"sensors":[11,7,17,21,6,20,22,15,18],"power":[0.17654911302121792,0.07813322447923554,0.6008387467163907,0.421047000098301,0.0759212179585741,0.12105932930794674,0.0702181383284612,0.13079515933891908,0.09746114596470051]}
{"id": 3, "drone": 5, "position":(25.0,33.333333333333336,1.0), "time":80.80833206671082,"sensors":[25,5,10,9,29,12,27,24,13],"power":[0.01094131633852725,0.00566217040221117,0.02206709231347917,0.04668387812446019,0.009065323375631412,0.014521241266224583,0.008868616962049833,0.0052891721107066764,0.010433708356805758]}
{"id": 4, "drone": 6, "position":(16.666666666666668,33.333333333333336,1.0), "time":60.249992199779854,"sensors":[25,10,9,29,2,24,0],"power":[0.08784266020056013,0.00865650379730062,0.026513425131078756,0.004392942827279997,0.005162012382553852,0.013444139051386594,0.004132313297567868]}
{"id": 5, "drone": 6, "position":(33.333333333333336,33.333333333333336,2.0), "time":431.642926199465,"sensors":[5,10,9,14,19,12,27],"power":[0.2295630017568681,0.03931752719078784,0.03286868547360078,0.07951564941042222,0.04990918159787808,0.16654524911177135,0.03913090083009872]}
{"id": 6, "drone": 0, "position":(8.333333333333334,8.333333333333334,1.0), "time":155.33394680943812,"sensors":[1,23],"power":[0.12130022030201637,0.0383161342147961]}
{"id": 7, "drone": 0, "position":(33.333333333333336,8.333333333333334,1.0), "time":28.30668276991733,"sensors":[3,28,11,7,17,21,26,6,20,16,18,8],"power":[0.004643234895933156,0.004290829332316447,0.17743518619393367,0.026438792518798375,0.002449818230937932,0.010427640361017954,0.003528591014770449,0.029608926195834977,0.0048269447856307945,0.002399658178858965,0.09211936939582338,0.004382411377448029]}
{"id": 8, "drone": 3, "position":(8.333333333333334,25.0,1.0), "time":428.7453531990293,"sensors":[25,23,24],"power":[0.08684253435292248,0.07101644094474308,0.1839270864334957]}
{"id": 9, "drone": 3, "position":(25.0,8.333333333333334,1.0), "time":103.319863378624,"sensors":[3,28,4,11,7,26,6,16,18,8],"power":[0.01952956123466416,0.07076135520386004,0.01271797063244718,0.019529540608849053,0.03823153109736911,0.291976362449457,0.03798090682026657,0.030310601436646618,0.03690864698769081,0.02358784349226002]}
{"id": 10, "drone": 4, "position":(8.333333333333334,41.666666666666664,4.0), "time":861.5841487474776,"sensors":[2,0],"power":[0.5768794607515314,0.12561925164012788]}
{"id": 11, "drone": 4, "position":(25.0,41.666666666666664,1.0), "time":15.174846633605744,"sensors":[10,9,12,0],"power":[0.07238045461706182,0.0055557164537147884,0.003803471230468888,0.002285118470441313]}
{"id": 12, "drone": 1, "position":(16.666666666666668,41.666666666666664,1.0), "time":27.895024545238577,"sensors":[25,10,9,2,0],"power":[0.003009074617620797,0.0075784220813704855,0.008681742881110198,0.008562361843507059,0.017963316591862913]}
{"id": 13, "drone": 1, "position":(41.666666666666664,16.666666666666668,1.0), "time":103.31986337862395,"sensors":[3,11,17,21,14,20,22,15],"power":[0.00696821786081617,0.009226988806852595,0.02949265273737577,0.008332787609533633,0.014803913376869702,0.09487310017398846,0.10998271651872647,0.01920484066108093]}
{"id": 14, "drone": 2, "position":(41.666666666666664,33.333333333333336,1.0), "time":77.35917921179978,"sensors":[5,14,19,12,22],"power":[0.10181783726843435,0.0102685670001715,0.10748117811126805,0.008884716741091153,0.005263064240094755]}
{"id": 15, "drone": 2, "position":(16.666666666666668,8.333333333333334,1.0), "time":380.82471211763453,"sensors":[28,4,26,1,23,16,8],"power":[0.06816624634235655,0.05692878659017266,0.1477396390323711,0.02869977969798361,0.06061713288393897,0.06700202755786643,0.02744320924948319]}
