LP RESULTS :
 Obj = 0.1*lambda1+0.9*lambda2 = 112.05427680297065 (lambda1 = 1093.5427680297064, lambda2 = 3.0) Resol time = 56519 ms

{"id": 0, "drone": 6, "position":(8.333333333333334,25.0,1.0), "time":509.2303638978641,"sensors":[21,22,0,10,12,20],"power":[0.043259281389122904,0.403951658188185,0.15,0.06156799707907748,0.05515019763237527,0.05298762112802635]}
{"id": 1, "drone": 6, "position":(33.333333333333336,25.0,1.0), "time":107.92072433194845,"sensors":[3,21,5,23,6],"power":[0.013992655154240839,0.0079440082871108,0.009923621530864771,0.02111110318972513,0.11168785692018383]}
{"id": 2, "drone": 6, "position":(16.666666666666668,16.666666666666668,1.0), "time":15.327117905078921,"sensors":[3,21,22,10,2,12],"power":[0.002414963185217043,0.002125631086971257,0.0036747780736815067,0.0011833992269685266,0.030072773149891516,0.018041225491070133]}
{"id": 3, "drone": 3, "position":(41.666666666666664,16.666666666666668,5.0), "time":227.13346112366594,"sensors":[6,19],"power":[0.02172818514844811,0.06396052652699874]}
{"id": 4, "drone": 3, "position":(25.0,8.333333333333334,3.0), "time":227.13346112366594,"sensors":[7,2,15],"power":[0.0729096758631334,0.03246685967712422,0.052991987513732]}
{"id": 5, "drone": 0, "position":(16.666666666666668,8.333333333333334,1.0), "time":448.62978428195015,"sensors":[2,12,15],"power":[0.09111642559354395,0.04490719409128272,0.097008012486268]}
{"id": 6, "drone": 0, "position":(16.666666666666668,33.333333333333336,1.0), "time":69.33010038320026,"sensors":[3,21,5,22,17,25,4,10,14,18,20],"power":[0.0082580329672765,0.016111715710008242,0.022170690857053244,0.008510120068201758,0.014035007529578905,0.06570611965626973,0.03574289799180161,0.05626306162400894,0.08088844751618433,0.03625979704806486,0.2707590189451367]}
{"id": 7, "drone": 4, "position":(25.0,41.666666666666664,1.0), "time":196.4648711625648,"sensors":[5,29,13,17,25,4,14,18,20,24],"power":[0.02329330160469622,0.27165709575699404,0.013964166728049444,0.24658138293435036,0.038533444811935824,0.041366345339158006,0.044893903853399884,0.06591701290063942,0.016678564082680335,0.11986700789114405]}
{"id": 8, "drone": 4, "position":(41.666666666666664,8.333333333333334,1.0), "time":866.4093069060405,"sensors":[9,7,19],"power":[0.15,0.08093362312661602,1.414427263939861]}
{"id": 9, "drone": 1, "position":(41.666666666666664,33.333333333333336,5.0), "time":49.475501165750984,"sensors":[27,23,8,1,16],"power":[0.011244705996272166,0.012871226037665887,0.007440935750389156,0.004546882666388172,0.004686085387227782]}
{"id": 10, "drone": 5, "position":(25.0,25.0,1.0), "time":27.08163456547479,"sensors":[3,21,5,22,17,25,6,10,14,2,18,12,20],"power":[0.07730627738729429,0.019125559925842056,0.009346980492439682,0.0020643316691305483,0.0017343717455490708,0.0038879043739684822,0.006427399438387774,0.006651835755094838,0.002045109124732513,0.003963204660973912,0.0022130591740347856,0.005993386468369196,0.0039988439168244395]}
{"id": 11, "drone": 5, "position":(25.0,25.0,5.0), "time":56.90876813945406,"sensors":[3,21,5,25,6,10,2,18,12,20],"power":[0.02786582957819807,0.01779617022977543,0.013248153723345604,0.006408654365983751,0.010156558492980259,0.010208295453839855,0.006163717706100336,0.0036096244521209627,0.009126977929426409,0.0062965848324088676]}
{"id": 12, "drone": 5, "position":(8.333333333333334,41.666666666666664,1.0), "time":668.3236488742621,"sensors":[28,4,14,18,26],"power":[0.601255798082108,0.1144631736368121,0.06437107769541257,0.04430790701471126,0.13907337266590586]}
{"id": 13, "drone": 7, "position":(16.666666666666668,25.0,1.0), "time":36.36509923988416,"sensors":[3,21,5,22,25,10,14,2,18,12,20],"power":[0.013403997049355104,0.03527616221818356,0.007258100984714637,0.026342137543253014,0.005592913990243721,0.025505907119268673,0.003733622837059761,0.006968121709954174,0.003100105415031275,0.016781018387476247,0.011018510508765724]}
{"id": 14, "drone": 7, "position":(41.666666666666664,33.333333333333336,1.0), "time":326.42409954766663,"sensors":[27,13,23,8,11,1,16],"power":[0.11038052938635404,0.025085079486131475,0.13948823741553779,0.06471821984508563,0.02350219425954449,0.0388057967292026,0.03872211877118414]}
{"id": 15, "drone": 7, "position":(25.0,33.333333333333336,1.0), "time":39.06864566486632,"sensors":[3,21,5,29,17,25,23,4,10,14,18,20,24],"power":[0.006758244678418145,0.008361471152985826,0.06475915080688598,0.003833918026948,0.021290282241214167,0.029870962801598837,0.004619583623293765,0.006799790840223077,0.009922599945707534,0.012520327530088141,0.01870890748655244,0.010155656060674778,0.002853225629926542]}
{"id": 16, "drone": 2, "position":(8.333333333333334,41.666666666666664,3.0), "time":56.90876813945431,"sensors":[28,4,14,26],"power":[0.03304066806962835,0.008912774486370043,0.004836107891835762,0.010926627334094136]}
{"id": 17, "drone": 2, "position":(41.666666666666664,41.666666666666664,1.0), "time":464.82224885400626,"sensors":[27,13,23,8,11,1,16],"power":[0.03540772016537499,0.20591190714112534,0.06956259122740897,0.07784084440452521,0.15982362780070963,0.1170742747852229,0.10659179584158808]}
{"id": 18, "drone": 2, "position":(33.333333333333336,41.666666666666664,1.0), "time":105.83154846546859,"sensors":[29,13,17,23,24],"power":[0.024437629568945327,0.04937739706412412,0.01516228695976123,0.020956503987744006,0.02727976647892941]}
