LP RESULTS :
 Obj = 0.1*lambda1+0.9*lambda2 = 160.1866142530566 (lambda1 = 1583.8661425305659, lambda2 = 2.0) Resol time = 1690 ms

{"id": 0, "drone": 3, "position":(16.666666666666668,8.333333333333334,1.0), "time":762.3019822114259,"sensors":[25,23,4,12,7,17,1,3,18,6,27],"power":[2.4894773190868253,0.763379641871644,0.06217506523839137,0.07764130648270282,0.15,0.06374747398432816,0.32675216937203405,0.06509267081234935,0.21330322426114265,0.09914422100589791,2.1682457291546906]}
{"id": 1, "drone": 3, "position":(8.333333333333334,16.666666666666668,1.0), "time":9.145682665334679,"sensors":[25,5,23,4,12,8,17,3,0,18,6,27],"power":[7.67732190030918E-4,5.880443709851634E-4,0.001010933314497266,0.0016007207480850886,0.0026588918334438604,0.0014578059442110884,0.00403186721511993,0.002505487286495621,0.021161299184599205,0.0023993704421198035,0.001314265811143574,0.0014147173583392563]}
{"id": 2, "drone": 0, "position":(16.666666666666668,33.333333333333336,1.0), "time":931.125152173273,"sensors":[9,5,21,10,8,14,29],"power":[0.07115940979167516,0.5131267654155959,0.15842341713301056,0.21790732239351768,0.17651061620074124,0.2101654140716621,0.09125287634883669]}
{"id": 3, "drone": 0, "position":(25.0,41.666666666666664,1.0), "time":90.11275780825913,"sensors":[9,24,14],"power":[0.07884059020832483,0.007652550545233636,0.010647483345554926]}
{"id": 4, "drone": 1, "position":(41.666666666666664,33.333333333333336,1.0), "time":966.7397554346835,"sensors":[2,16,15,11,24,26,19,20],"power":[0.07530465126233418,0.1919547284823334,1.4977533761842,0.1919175659164646,0.1934755179046575,0.07428253257280854,0.2638840441557207,0.24047480534740936]}
{"id": 5, "drone": 6, "position":(8.333333333333334,8.333333333333334,1.0), "time":776.3699382964835,"sensors":[25,28,23,4,12,17,3,0,18,27],"power":[0.1130515243176853,0.15,0.443021321871194,0.7337099276994576,0.05413452164128043,0.06100275317228148,0.6493340697481172,0.12428315736482028,0.10527270516589377,0.18544113484813826]}
{"id": 6, "drone": 2, "position":(8.333333333333334,41.666666666666664,1.0), "time":562.6282325490338,"sensors":[21,13,14,29],"power":[1.2681565826465506,0.21327371205680357,0.23177616067148618,0.15]}
{"id": 7, "drone": 2, "position":(16.666666666666668,16.666666666666668,1.0), "time":36.048539357321616,"sensors":[25,5,23,10,12,8,17,1,0,18,6,27],"power":[0.010014550587054761,0.0032489758920861457,0.004446696627752461,0.0052938840380567145,0.044347419831929864,0.006121378120930671,0.021217905628270414,0.0032213704612670214,0.004555543450580515,0.17724179256773961,0.07722554183008491,0.012981205530958771]}
{"id": 8, "drone": 5, "position":(33.333333333333336,25.0,1.0), "time":13.889565183333357,"sensors":[2,16,10,15,11,19,20,22],"power":[0.07469534873766581,0.0034197040988116927,9.189309414581112E-4,0.0013874577052642007,0.017212627397957765,0.010532334911538991,0.004345997448827776,9.931917780988302E-4]}
{"id": 9, "drone": 5, "position":(41.666666666666664,41.666666666666664,1.0), "time":527.0136292876231,"sensors":[15,24,26],"power":[0.15,0.4118133379983809,0.3851874860114105]}
{"id": 10, "drone": 4, "position":(33.333333333333336,8.333333333333334,1.0), "time":307.56768552530764,"sensors":[22,1],"power":[0.14900680822190118,0.02903031722856678]}
