LP RESULTS :
 Obj = 0.1*lambda1+0.9*lambda2 = 102.84242791832526 (lambda1 = 1010.4242791832526, lambda2 = 2.0) Resol time = 431 ms

{"id": 0, "drone": 3, "position":(41.666666666666664,33.333333333333336,1.0), "time":630.709327966487,"sensors":[18,28,2,0,5,24,26,29],"power":[0.23280298083645296,0.3475783262714754,0.6087286969312187,0.10437521693341845,0.13175388850757289,0.06441495832171142,1.0223032832823002,1.0763250571574854]}
{"id": 1, "drone": 3, "position":(25.0,16.666666666666668,1.0), "time":93.35925281090621,"sensors":[22,17,1,6,8,27,10,11],"power":[0.020148782964547803,0.01090676191117945,0.00964491027242125,0.013166151085872818,0.03015120591457441,0.033900631726322523,0.02013906271664342,0.011614812907188644]}
{"id": 2, "drone": 0, "position":(16.666666666666668,41.666666666666664,1.0), "time":387.60523338450514,"sensors":[21,20,16,13,25],"power":[0.08170917140668556,0.05462829310506896,0.4375275905347132,0.04657451705980697,0.054408291093305826]}
{"id": 3, "drone": 0, "position":(33.333333333333336,16.666666666666668,1.0), "time":306.3595908439911,"sensors":[6,8,9,27,11],"power":[0.048850254656346494,0.10330292811736955,0.058885565172930164,0.05684666515527044,0.23946790695557071]}
{"id": 4, "drone": 5, "position":(16.666666666666668,8.333333333333334,1.0), "time":406.0930343825188,"sensors":[22,17,23,27,12],"power":[0.3532395757911328,0.13333766232774066,0.06800489535936173,0.06091144475402462,0.15]}
{"id": 5, "drone": 5, "position":(41.666666666666664,41.666666666666664,1.0), "time":141.87508462173628,"sensors":[3,18,28,2,0,5,26,29],"power":[0.024497768309189302,0.014991794281111871,0.010736153855010538,0.012094311759652449,0.017433060561637206,0.018246111492427098,0.01798824265423198,0.03556622031349241]}
{"id": 6, "drone": 2, "position":(8.333333333333334,16.666666666666668,1.0), "time":319.4847785149075,"sensors":[22,17,1,23,4,10],"power":[0.04235710365579292,0.11143048689151012,0.043433078635360965,0.8378682179948351,0.15000000000000002,0.02578426771407303]}
{"id": 7, "drone": 2, "position":(33.333333333333336,41.666666666666664,1.0), "time":25.927439016832157,"sensors":[3,18,28,0,21,20,24,26,29,25],"power":[0.07875622188077652,0.0037307866929909114,0.0017627892569149729,0.010520147022886407,0.002510658009154417,0.003953340459055113,0.002323936202573083,0.0023707912649738806,0.004768583892598811,0.0045163643010133776]}
{"id": 8, "drone": 6, "position":(25.0,25.0,3.0), "time":141.87508462173625,"sensors":[18,1,6,8,20,24,10,13,11,25],"power":[0.010623790266795805,0.023265694626665306,0.06509592846715831,0.054924072541238725,0.01481436575393637,0.03284944632867583,0.042655094427432344,0.025745614354437438,0.016217164113182966,0.013788306386757973]}
{"id": 9, "drone": 6, "position":(41.666666666666664,8.333333333333334,1.0), "time":704.0646883392615,"sensors":[7,15,9,14],"power":[0.1670676119124651,0.28467002086173354,0.26708503976267184,0.15]}
{"id": 10, "drone": 4, "position":(33.333333333333336,33.333333333333336,1.0), "time":46.5857997655384,"sensors":[3,18,28,2,6,0,8,20,24,26,29,11,25],"power":[0.0062650817043645194,0.09338363640962118,0.016112638079137737,0.006495530178725913,0.009787086507183334,0.1006210168162442,0.004026410379786935,0.009544768046588659,0.03874366709381332,0.016005567865054086,0.020424676734742856,0.003660657644486673,0.010241620869574801]}
{"id": 11, "drone": 4, "position":(16.666666666666668,25.0,1.0), "time":191.48721347492008,"sensors":[22,17,1,6,8,23,10,13],"power":[0.015046628687597588,0.023314434054981584,0.9089475206217695,0.013100579283438978,0.013934300919711822,0.020738669136404646,0.27718261707334535,0.06292998895892099]}
{"id": 12, "drone": 1, "position":(25.0,41.666666666666664,1.0), "time":165.3266278126588,"sensors":[3,0,21,20,16,24,13,25],"power":[0.040480928105669646,0.02790208126682853,0.06578017058416004,0.07427703425716892,0.016971518798759903,0.011667992053226356,0.014749879626834592,0.07964310166665574]}
{"id": 13, "drone": 1, "position":(8.333333333333334,41.666666666666664,1.0), "time":457.4924179860887,"sensors":[19,16],"power":[0.15000000000000002,0.19751924210540286]}
