LP RESULTS :
 Obj = 0.1*lambda1+0.9*lambda2 = 118.82829128985132 (lambda1 = 1170.2829128985131, lambda2 = 2.0) Resol time = 648 ms

{"id": 0, "drone": 5, "position":(41.666666666666664,8.333333333333334,1.0), "time":506.26304011746214,"sensors":[11,15,10,29,28,4,20,8],"power":[0.15,0.0469059756833097,0.0611333929331958,0.09954472087170649,0.7173416401985698,0.037537888199176674,0.6183956392514586,0.11612082986312347]}
{"id": 1, "drone": 5, "position":(41.666666666666664,16.666666666666668,1.0), "time":104.00318303010363,"sensors":[26,25,6,10,29,1,28,4,20,8],"power":[0.016894470509821118,0.022410766088141597,0.0076301529218284,0.008047343451422705,0.508329894741723,0.01633893237825186,0.05148655446849959,0.026874965056197263,0.009659383909443871,0.2561063457605633]}
{"id": 2, "drone": 1, "position":(25.0,8.333333333333334,1.0), "time":40.906546628063666,"sensors":[15,10,5,0,19,18,9],"power":[0.02890637806243241,0.015166324756246062,0.009247255804559798,0.0038315490491229115,0.003294215152254641,0.12936441230970921,0.19351560449237654]}
{"id": 3, "drone": 1, "position":(41.666666666666664,25.0,1.0), "time":560.0166897509474,"sensors":[26,25,6,17,29,1,4,8],"power":[2.485327513983382,0.12758923391185845,0.06794267624503675,0.05074658433768151,0.12639412150085386,1.3554194793188208,0.0965217202797289,0.09862300033754877]}
{"id": 4, "drone": 3, "position":(25.0,16.666666666666668,1.0), "time":367.24557778406063,"sensors":[6,14,16,24,15,10,5,0,18,9],"power":[0.06419017534696415,0.027613648706034204,0.15021816341945107,0.09592016856816052,0.06663606371927387,0.06565293885913549,0.08225864177300522,0.13501523116416245,0.08612595854578246,0.060777135194993566]}
{"id": 5, "drone": 3, "position":(33.333333333333336,33.333333333333336,1.0), "time":3.1365545679411113,"sensors":[26,6,14,17,24,22,1],"power":[3.1237082666541263E-4,4.933500090024318E-4,2.51878315320135E-4,0.030681699143461985,3.4514986962676497E-4,3.274694744053746E-4,2.4479387768875895E-4]}
{"id": 6, "drone": 2, "position":(8.333333333333334,8.333333333333334,1.0), "time":657.3100189294303,"sensors":[2,27,5,23,13,19],"power":[0.25986339641144823,0.1305432699729984,0.08761628105238978,0.16608913676093962,0.41739051974622,0.539935503682114]}
{"id": 7, "drone": 2, "position":(25.0,25.0,1.0), "time":25.788169146508814,"sensors":[6,14,17,16,24,0,12,7],"power":[0.009743645477168371,0.013562715098462363,0.002967526672076151,0.01994456580998228,0.0523058681850428,0.005167232067946062,0.0042762245380488844,0.0028307880869311436]}
{"id": 8, "drone": 6, "position":(41.666666666666664,41.666666666666664,1.0), "time":428.2992967530855,"sensors":[17,3,22,21],"power":[0.034786851883286125,0.13240197805514836,0.05511665478433739,0.0632713756051542]}
{"id": 9, "drone": 4, "position":(16.666666666666668,33.333333333333336,1.0), "time":142.59076161708106,"sensors":[14,16,12,7],"power":[0.046522152683171836,0.01052984669090666,0.04052623679166577,0.09977674263042385]}
{"id": 10, "drone": 4, "position":(16.666666666666668,8.333333333333334,1.0), "time":104.82076955695857,"sensors":[2,27,15,5,23,0,13,19,18,9],"power":[0.00755543658590111,0.01945673002700158,0.0075515825349840105,0.08732427381424504,0.008623584218082396,0.013878369415867974,0.023023153505735004,0.09573625445545114,0.03688506641390788,0.02740988365788488]}
{"id": 11, "drone": 0, "position":(16.666666666666668,25.0,5.0), "time":631.5218497829214,"sensors":[14,16,24,0,12,7],"power":[0.1482688964456644,0.14964690759759267,0.057388239724961695,0.13522496086962402,0.3396506643323139,0.19673272850523738]}
{"id": 12, "drone": 0, "position":(33.333333333333336,41.666666666666664,1.0), "time":153.04220268003016,"sensors":[17,3,22,21],"power":[0.030817337963494222,0.01759802194485163,0.20788906560420936,0.08672862439484581]}
