LP RESULTS :
 Obj = 0.1*lambda1+0.9*lambda2 = 117.62371400510214 (lambda1 = 1158.2371400510215, lambda2 = 2.0) Resol time = 1497 ms

{"id": 0, "drone": 1, "position":(8.333333333333334,41.666666666666664,1.0), "time":453.3619558993928,"sensors":[18,17,29,9,2,0,26,8],"power":[0.15000000000000002,0.5091714446101268,0.03299860664316306,0.05148754349219467,0.8889925243295144,0.03767146767855661,0.23757459848737622,0.03858418442739875]}
{"id": 1, "drone": 1, "position":(8.333333333333334,25.0,1.0), "time":190.60515832791074,"sensors":[9,16,22,25,28,8],"power":[0.014275150956648268,0.03830889015602346,0.04633884483949638,0.03449875855130372,0.015013433357316967,0.1144098070103177]}
{"id": 2, "drone": 0, "position":(25.0,16.666666666666668,1.0), "time":164.03362425420084,"sensors":[4,6,10,20,24,23,1,28,3,13,21],"power":[0.022274041762511618,0.6720733305193904,0.15057070897880184,0.12641540446414481,0.016538145760498012,0.04681122228936296,0.01889095481788191,0.05780949882850139,0.010631954074338201,0.0340647339532078,0.03082457569152694]}
{"id": 3, "drone": 0, "position":(41.666666666666664,25.0,1.0), "time":569.8436436609761,"sensors":[4,11,12,3,15],"power":[0.11483089153785149,0.0959961650011761,0.16751137270453412,0.13475405480496433,0.09419970610679029]}
{"id": 4, "drone": 4, "position":(16.666666666666668,41.666666666666664,1.0), "time":514.270025823718,"sensors":[17,29,9,2,0,26],"power":[0.3391181552406849,0.11700139335683692,0.15141163304114877,0.22710646870027454,0.4918200908458375,0.07250083701664722]}
{"id": 5, "drone": 4, "position":(16.666666666666668,8.333333333333334,1.0), "time":144.41265125505183,"sensors":[6,10,25,1,28,13,21,27],"power":[0.009900184559727276,0.011043430381657738,0.020156784890129818,0.26041716064259735,0.01061724027728403,0.085044651511555,0.033979732073869104,0.1315172831907632]}
{"id": 6, "drone": 2, "position":(25.0,8.333333333333334,1.0), "time":91.61962784836194,"sensors":[6,10,20,24,23,1,28,13,21,27],"power":[0.01907349372640448,0.008890554507397804,0.008313158623573224,0.02940211337842873,0.035857021750226474,0.014562054994476107,0.006129321338808278,0.12912991563754772,0.8778421832971731,0.008871939172285384]}
{"id": 7, "drone": 2, "position":(16.666666666666668,16.666666666666668,1.0), "time":53.29605254177811,"sensors":[6,10,16,20,25,1,28,13,21,27],"power":[0.007970416421693886,0.018359850573637995,0.0052097708087563786,0.015271436912281978,0.015783050459675905,0.023088768625516138,0.02606819047396559,0.009596598908715281,0.004989812019599777,0.006028078584327809]}
{"id": 8, "drone": 5, "position":(33.333333333333336,8.333333333333334,1.0), "time":48.652404015259876,"sensors":[4,6,5,24,19,23,13,21,15],"power":[0.005739950491430806,0.0060992167389139805,0.004895083825595341,0.13537286390492803,0.009695884333805388,0.03412254182606594,0.0049228564203807725,0.009575945603316849,0.0076300505082609]}
{"id": 9, "drone": 5, "position":(41.666666666666664,16.666666666666668,1.0), "time":58.186821067316146,"sensors":[4,5,11,7,12,19,23,3,15],"power":[0.017395846910585832,0.013416306726749717,0.028446860487930572,0.011181300963921054,0.008620144682910223,0.008916098229656104,0.004479982846912186,0.00461399112069748,0.19255264993133445]}
{"id": 10, "drone": 6, "position":(41.666666666666664,41.666666666666664,1.0), "time":575.1519197168631,"sensors":[14],"power":[0.15]}
{"id": 11, "drone": 6, "position":(41.666666666666664,8.333333333333334,1.0), "time":317.52064705326853,"sensors":[4,5,11,7,24,19,23,15],"power":[0.024940190051202,0.4533437358335741,0.042917611803506873,0.13881869903607894,0.04383147540297117,1.4895071430396187,0.028729231287432443,0.08560803229475612]}
{"id": 12, "drone": 3, "position":(8.333333333333334,16.666666666666668,5.0), "time":50.97519694266807,"sensors":[16,25,1,27],"power":[0.020139824455914068,0.027909589140199125,0.006912758713162329,0.003582699052623567]}
{"id": 13, "drone": 3, "position":(8.333333333333334,25.0,4.0), "time":514.270025823718,"sensors":[16,22,25,28,8],"power":[0.0863415145793061,0.10366115516050362,0.07789680055821349,0.034362315724123696,0.1835557636060255]}
