LP RESULTS :
 Obj = 0.1*lambda1+0.9*lambda2 = 133.86694688184738 (lambda1 = 1311.669468818474, lambda2 = 3.0) Resol time = 23182 ms

{"id": 0, "drone": 3, "position":(41.666666666666664,16.666666666666668,1.0), "time":93.54771120838066,"sensors":[2,10,20,18,0,13,28,32,30,15],"power":[0.1066217177480732,0.009450686843597633,0.06011562031528235,0.02144389932324171,0.014784827112609051,0.012673257240603664,0.0073791154797614705,0.0138195681230028,0.01660115951961405,0.0312423573351119]}
{"id": 1, "drone": 3, "position":(41.666666666666664,25.0,1.0), "time":422.1342227576613,"sensors":[21,9,2,3,20,25,5,18,16,0,13,32,30,15,1],"power":[0.0861674257935291,0.032108343267570796,0.28991078924018865,0.12395789017674966,0.11216166950481236,0.03599261938845446,0.030127209675878935,0.0516792352038936,0.03921960122029197,0.11760250300775646,0.6901053486040896,0.050741287167166596,1.2517184595430846,0.028038075111085442,0.033660798044594036]}
{"id": 2, "drone": 3, "position":(25.0,41.666666666666664,1.0), "time":603.6603299941934,"sensors":[36,19,11,14,9,22,37,5,6,27],"power":[0.21312152677329185,1.3295570517143847,0.08889932843086076,0.23541355791564675,0.07143120865834315,0.22089993208842976,0.1250122152475089,0.060288803925956654,0.5901799937541398,0.14739651810135038]}
{"id": 3, "drone": 0, "position":(33.333333333333336,25.0,1.0), "time":69.09162895219622,"sensors":[21,9,2,3,20,25,37,5,18,13,32,30,34],"power":[0.016973080190670068,0.015774642476121342,0.013631730376845182,0.0107282263530135,0.01918599359280531,0.06569573914528373,0.007043046953794247,0.007242752560762345,0.01914873501437402,0.007854015171547815,0.03762531655279714,0.024093428056089772,0.005619725170244374]}
{"id": 4, "drone": 0, "position":(8.333333333333334,41.666666666666664,1.0), "time":614.5361942398353,"sensors":[4,39,12,17,35],"power":[0.2900897475147594,1.6683623250747202,0.9114188873747681,0.10099794442430012,0.227016757684156]}
{"id": 5, "drone": 0, "position":(16.666666666666668,25.0,1.0), "time":628.0416456264423,"sensors":[29,25,37,23,24,8,33,26,34],"power":[2.0419295943729256,0.047381403717239666,0.06553311551785337,0.13109604097705635,0.1592227520371804,1.2555684829044405,0.7679897005362268,0.12816910380011565,0.12337462818919183]}
{"id": 6, "drone": 1, "position":(33.333333333333336,8.333333333333334,1.0), "time":405.30997575487976,"sensors":[7,20,18,28,32],"power":[0.1031368223776966,0.044422093675476164,0.06861281955977958,0.10704573230717421,0.039423712490837065]}
{"id": 7, "drone": 1, "position":(41.666666666666664,8.333333333333334,1.0), "time":314.99589899066945,"sensors":[7,2,10,20,18,28,15],"power":[0.04686317762230341,0.02812284463773323,0.14054931315640237,0.03346722805386302,0.02633261889817573,0.22923977579335522,0.09071956755380266]}
{"id": 8, "drone": 1, "position":(8.333333333333334,41.666666666666664,1.0), "time":298.1598973629625,"sensors":[4,39,12,17,35],"power":[0.1407453786380118,0.809453933342088,0.4422010688084402,0.0490020555756999,0.11014370480571586]}
{"id": 9, "drone": 4, "position":(8.333333333333334,8.333333333333334,1.0), "time":375.9797235641364,"sensors":[31,38,26],"power":[0.15,0.1160362944837755,0.05393271873781249]}
{"id": 10, "drone": 4, "position":(41.666666666666664,33.333333333333336,1.0), "time":205.907422868781,"sensors":[11,21,9,2,3,22,5,16,0,13,30,1],"power":[0.03801841295770087,0.1112113685868197,0.030024895190592607,0.01452643474211388,0.7576939502093153,0.016217042606183684,0.05937421720714412,0.2354054446087818,0.017594303357410957,0.06011716004919968,0.04845090619093041,0.11555467776133027]}
{"id": 11, "drone": 4, "position":(41.666666666666664,25.0,5.0), "time":0.09375616551631794,"sensors":[21,2,3,20,25,18,16,0,13,32,30],"power":[1.4092700386874346E-5,2.8930966149190303E-5,1.9432168164760684E-5,1.779289716286018E-5,6.0719320965778796E-6,9.247635526207082E-6,6.96363325183313E-6,1.8366522223541676E-5,3.88149608212245E-5,8.7776676319053E-6,4.596369179809473E-5]}
{"id": 12, "drone": 2, "position":(16.666666666666668,16.666666666666668,2.0), "time":307.64809962789514,"sensors":[29,38,23,24,8,33,26,34],"power":[0.04254965808851109,0.1222703868124941,0.020854732784626392,0.022459141195286924,0.11220858457219103,0.060197727352466736,0.1630618639326494,0.10313699442677299]}
{"id": 13, "drone": 2, "position":(33.333333333333336,16.666666666666668,1.0), "time":6.496274989170221,"sensors":[2,20,25,18,32,30,34],"power":[0.0014413048490972825,0.004461459934016884,9.241658169255707E-4,0.04079235579132648,0.008381337998564468,7.648457887755891E-4,7.789633594129017E-4]}
{"id": 14, "drone": 2, "position":(33.333333333333336,41.666666666666664,1.0), "time":10.875864245641964,"sensors":[36,19,11,14,21,9,3,22,37,5,16,6,27,1],"power":[0.0015147976813889802,0.0012847069875927067,0.02308225861143836,8.275255284218014E-4,0.001557444638887442,0.0020949083337923335,9.763665187977134E-4,0.017563174684257405,9.906340737805789E-4,0.004560803876385245,0.0023664715529549216,0.0013462681554242074,0.00260348189864961,7.845241940756822E-4]}
