LP RESULTS :
 Obj = 0.1*lambda1+0.9*lambda2 = 206.3311506252409 (lambda1 = 2045.3115062524087, lambda2 = 2.0) Resol time = 109 ms

{"id": 0, "drone": 4, "position":(25.0,25.0,3.0), "time":263.02620500704154,"sensors":[26,38,32,7,30,24,13,15],"power":[0.07319832053355305,0.08009397482739318,0.42271752352105246,0.0500089943092195,0.06105495414497007,0.025600383592883854,0.07432812148816548,0.03611423716864056]}
{"id": 1, "drone": 4, "position":(41.666666666666664,16.666666666666668,2.0), "time":1157.2654749599124,"sensors":[19,39,7,16,30,22,1,8],"power":[0.9638486350701521,0.09827525350893784,0.16184189895681358,0.19485664054399593,0.10799078983924207,0.24288699907638037,0.11689997099841393,0.09564889707946081]}
{"id": 2, "drone": 2, "position":(41.666666666666664,8.333333333333334,1.0), "time":62.04868818094968,"sensors":[19,39,16,1],"power":[0.007494923534574614,0.051724746491062144,0.032200031822123526,0.09813870924429256]}
{"id": 3, "drone": 2, "position":(16.666666666666668,41.666666666666664,1.0), "time":958.1512181752447,"sensors":[26,23,38,9,20,24,34,12,21,27,3,10],"power":[0.07327166029485686,0.18973722862890816,0.07692864157696903,2.6431096455833867,0.13496118774390967,0.11764127526352845,0.11407675444445739,0.6428287252784858,2.5724286242202816,0.07734684085821471,0.23499044030836783,0.26663210726932385]}
{"id": 4, "drone": 3, "position":(8.333333333333334,33.333333333333336,1.0), "time":199.11425678466765,"sensors":[26,9,20,24,34,12,27,28],"power":[0.016571751136527993,0.01723798320064366,0.02444222840806544,0.05558005570357194,1.3100520200234074,0.036049562325618366,0.23621198256095025,0.039321941241420494]}
{"id": 5, "drone": 3, "position":(8.333333333333334,25.0,1.0), "time":625.0198262854548,"sensors":[26,4,18,24,29,34,11,27,28,15],"power":[0.05009780930755577,0.15,0.14401578408021457,0.11746952090023963,0.20169284341892296,0.11054330454888077,0.11672091496945156,0.22867526699192836,0.11067805875857949,0.08734187081415866]}
{"id": 6, "drone": 1, "position":(41.666666666666664,33.333333333333336,1.0), "time":881.0616123223521,"sensors":[25,2,17,22,5,8],"power":[0.290969656223882,0.18801109564424578,0.21817215612422755,0.15,0.6407078499399121,0.2248798728203027]}
{"id": 7, "drone": 1, "position":(16.666666666666668,8.333333333333334,1.0), "time":309.83439328465937,"sensors":[0,36,18,29,14,33,6,35,11,15],"power":[0.048580692991633895,0.11293380393210738,0.032981894842059684,0.024707662596231816,0.16431717783893268,0.06192417116960212,0.904332304123928,0.04780104708584329,0.02038051199804609,0.03756708378073668]}
{"id": 8, "drone": 0, "position":(25.0,8.333333333333334,1.0), "time":625.0198262854547,"sensors":[0,16,36,30,14,33,6,35,37,13],"power":[0.3637834058711711,0.06501569905803241,1.5896156780568729,0.058902481000950954,0.039779991357064684,0.08807582883039786,0.09341578283140393,0.18722344736543384,0.15840938730009896,0.07567187851183453]}
{"id": 9, "drone": 0, "position":(8.333333333333334,8.333333333333334,1.0), "time":1110.4572866822946,"sensors":[18,29,14,6,31,11],"power":[0.2172569415319357,0.1590311639684167,1.2198156934269122,0.3248513199122045,0.15,0.2448942492237902]}
