LP RESULTS :
 Obj = 0.1*lambda1+0.9*lambda2 = 123.4570615519063 (lambda1 = 1207.570615519063, lambda2 = 3.0) Resol time = 4462 ms

{"id": 0, "drone": 0, "position":(8.333333333333334,16.666666666666668,1.0), "time":374.9140251984984,"sensors":[21,10,31,25,4,33,30,3,36,2],"power":[0.05849173834825387,0.07583732253842085,0.09460049170422095,0.07216621953542049,0.07033678169977978,0.0750882370408369,0.10175350799241266,0.11844552506454989,0.03738855324966133,0.10194230472848873]}
{"id": 1, "drone": 0, "position":(41.666666666666664,25.0,1.0), "time":400.78562793681004,"sensors":[12,15,20,38,14,24,26],"power":[0.09058593594751851,0.07922022949817743,0.4479487927271526,0.1508359637403134,0.13113603431039328,0.07497255554930853,0.10301626872510926]}
{"id": 2, "drone": 0, "position":(41.666666666666664,41.666666666666664,3.0), "time":431.8709623837546,"sensors":[34,37,12,5,15,11,18,22,17],"power":[0.08111377205393168,0.07629612961358614,0.040891979095818085,0.12113520721590877,0.03991674024788629,0.13969247924811815,0.15358412097568033,0.07059515635371669,0.04547196503000025]}
{"id": 3, "drone": 3, "position":(25.0,41.666666666666664,1.0), "time":200.85738378749636,"sensors":[34,6,18,29,9,22,17],"power":[0.01971088989135768,0.09020253802927337,0.01892403146475895,0.024983621611207804,0.4722537981767915,0.054006239651783756,0.057355118274165416]}
{"id": 4, "drone": 3, "position":(8.333333333333334,41.666666666666664,1.0), "time":946.2399104596706,"sensors":[13,39,16,6,0,7,19,27,8],"power":[0.29643964757336067,0.5557177514681285,0.15,0.09028731639131062,0.3322644267043567,0.3396943915095474,0.1266640005028152,0.5903596283597285,0.8612783930703325]}
{"id": 5, "drone": 2, "position":(41.666666666666664,41.666666666666664,1.0), "time":374.9140251984984,"sensors":[34,37,12,5,15,11,18,22,17],"power":[0.0772224444425014,0.07370387038641385,0.03912597207319301,0.12329589393456353,0.03737987343127133,0.14800850424789833,0.16837010227718155,0.0667632178708822,0.04333449295263929]}
{"id": 6, "drone": 2, "position":(25.0,8.333333333333334,1.0), "time":239.69946204077112,"sensors":[21,28,25,33,1,23],"power":[0.04033661983632706,0.0822830069706484,0.03690039191141651,0.03563419262285257,0.03809859927854546,2.3969946204077113]}
{"id": 7, "drone": 4, "position":(41.666666666666664,8.333333333333334,1.0), "time":583.7427390665963,"sensors":[32,28,1,38,24,26],"power":[0.15,0.06641619512065638,0.052744781026639445,0.07057517007448146,0.1192250290278853,0.0980878531693835]}
{"id": 8, "drone": 4, "position":(33.333333333333336,16.666666666666668,1.0), "time":18.578558406342225,"sensors":[28,20,1,38,14,24,26,23],"power":[0.00672757727155124,0.002040096276818715,0.059156619694815095,0.005253330867670352,0.00753582740551854,0.008627549661838907,0.006126811027876866,0.0017403569445778224]}
{"id": 9, "drone": 4, "position":(8.333333333333334,8.333333333333334,1.0), "time":571.3258852611717,"sensors":[21,31,25,33,35,3,36,2],"power":[0.060650119406647655,0.07135988988595009,0.11294480718245002,0.0847188855807587,0.15,0.04836154230175816,0.6218469865961384,0.18708512799748406]}
{"id": 10, "drone": 1, "position":(8.333333333333334,25.0,1.0), "time":261.3307050593925,"sensors":[10,31,4,7,19,30,3],"power":[0.04725265985933429,0.024980964576496418,0.07966321830022022,0.024055364775216782,0.03844219763510068,0.07233632828516587,0.049587016656390294]}
{"id": 11, "drone": 1, "position":(16.666666666666668,16.666666666666668,1.0), "time":21.631243018621802,"sensors":[21,10,25,33,23,36],"power":[0.052965961349634945,0.026910017602244863,0.01778020717401764,0.04268931420371436,0.001909370479029689,0.0015179657895334512]}
{"id": 12, "drone": 1, "position":(33.333333333333336,33.333333333333336,1.0), "time":199.92824414931366,"sensors":[18,14,29,9,22,17],"power":[0.061055726965258406,0.020038614517660425,0.12501637838879218,0.030886943208642253,0.04240950520065196,0.01844382008588687]}
