LP RESULTS :
 Obj = 0.1*lambda1+0.9*lambda2 = 148.84043120188315 (lambda1 = 1470.4043120188314, lambda2 = 2.0) Resol time = 186 ms

{"id": 0, "drone": 0, "position":(8.333333333333334,41.666666666666664,2.0), "time":532.0339257716985,"sensors":[37,36,2,25,8,27,18],"power":[0.4875299815249449,0.15,0.05362704487594394,0.07871323202416784,0.054921094109187794,0.06668696274354947,0.12294259516375251]}
{"id": 1, "drone": 0, "position":(33.333333333333336,41.666666666666664,1.0), "time":938.370386247133,"sensors":[26,30,28,4,9,29,23,38,10,39,24],"power":[2.1092648173081487,0.1482879775682175,0.41392211993830713,0.1470711819683163,1.1510184912734112,0.19750935621868848,0.25051249538847287,0.10203742124024748,0.06505472285446279,0.16776227636424418,0.12262414982858384]}
{"id": 2, "drone": 3, "position":(25.0,33.333333333333336,5.0), "time":72.53276571432389,"sensors":[33,14,25,8,9,13,38,18],"power":[0.007297370838419956,0.016478337777427386,0.01060469660206957,0.014201823845162246,0.006073412720220308,0.0052443498794628495,0.0061320727541520235,0.00604361434512232]}
{"id": 3, "drone": 3, "position":(25.0,25.0,1.0), "time":97.8096853889565,"sensors":[33,14,8,16,19,13,38],"power":[0.01675343855327921,0.4004846309934667,0.006393935382579416,0.02104878574329519,0.01243637460120132,0.010895877540696411,0.008240810781236592]}
{"id": 4, "drone": 1, "position":(8.333333333333334,33.333333333333336,5.0), "time":768.0279351438528,"sensors":[33,37,2,25,8,27,13,18],"power":[0.10072450646676663,0.12281629355883131,0.2079557559936008,0.107627322898451,0.07448314666307057,0.3757922696416892,0.1354475756572712,0.07954651799345892]}
{"id": 5, "drone": 1, "position":(25.0,8.333333333333334,1.0), "time":352.49847555958837,"sensors":[21,20,19,35,11],"power":[0.393009671120893,0.15147230792971503,0.13756362539879868,0.7106190838931852,0.05959769031123741]}
{"id": 6, "drone": 4, "position":(8.333333333333334,25.0,1.0), "time":110.10951198655205,"sensors":[33,31,2,27,13,7,6,22],"power":[0.025224684141534587,0.05572977564149226,0.024496369036412922,0.040936987332706294,0.03484678062728429,0.007689121378381817,0.012315450818188169,0.076891436600557]}
{"id": 7, "drone": 4, "position":(41.666666666666664,16.666666666666668,1.0), "time":1117.9058364592431,"sensors":[5,16,12,15,11],"power":[0.15631604776101174,0.15569879473566695,0.11500317688852155,9.189118837683571,0.19789071871026495]}
{"id": 8, "drone": 2, "position":(8.333333333333334,8.333333333333334,1.0), "time":1360.2948000322797,"sensors":[31,32,3,1,7,6,34,0,22],"power":[0.09427022435850782,0.3462737874933755,0.259288522944885,0.15,0.3438255891663326,0.6268167126254386,0.4858063077077667,0.3968950652169176,0.11444732394877667]}
{"id": 9, "drone": 2, "position":(41.666666666666664,33.333333333333336,1.0), "time":110.10951198655175,"sensors":[26,30,28,4,9,12,29,38,10,17,24],"power":[0.007270609763249898,0.02580498809287567,0.010940711095215177,0.34976618127431686,0.023255377290595045,0.03840103348519897,0.025706523615759834,0.037909898960789064,0.23013103685309258,0.17615821020189226,0.164225943160263]}
