LP RESULTS :
 Obj = 0.1*lambda1+0.9*lambda2 = 138.12169648807236 (lambda1 = 1354.2169648807237, lambda2 = 3.0) Resol time = 24864 ms

{"id": 0, "drone": 0, "position":(8.333333333333334,25.0,5.0), "time":322.27203594102787,"sensors":[4,3,19,11,6,29,39],"power":[0.0933547361416993,0.14232744033401423,0.03808701777411076,0.057621999017806166,0.040115666874543515,0.09843901456274101,0.03780336476154981]}
{"id": 1, "drone": 0, "position":(25.0,8.333333333333334,1.0), "time":380.772286728201,"sensors":[25,24,21,33,36,13,0],"power":[0.06815618148215595,0.09714136765960353,0.02453487534104217,0.0804077054941493,0.04076379047583562,0.03652049570230669,0.12134638420343108]}
{"id": 2, "drone": 0, "position":(41.666666666666664,16.666666666666668,1.0), "time":41.149684797343525,"sensors":[5,25,12,20,32],"power":[0.005967291945176307,0.006718229517829688,0.01210175116095963,0.10859413876129351,0.0027942002514716358]}
{"id": 3, "drone": 1, "position":(25.0,41.666666666666664,1.0), "time":383.67519296320535,"sensors":[14,35,37,16,22,1,7],"power":[0.060712813683956465,0.05815237050017825,0.06288204071096462,0.05095699492456907,0.17549943402035628,0.05346938614164918,0.033323511079492656]}
{"id": 4, "drone": 1, "position":(33.333333333333336,16.666666666666668,1.0), "time":320.9117269071721,"sensors":[5,25,12,24,33,20,13,32],"power":[0.0322248153385591,0.1602819380254806,0.0651236082967141,0.022768614660157876,0.02181754922441498,0.04579704042116311,0.03557295854182637,0.04114217279170358]}
{"id": 5, "drone": 1, "position":(8.333333333333334,8.333333333333334,1.0), "time":569.0959027300788,"sensors":[4,21,6,36,34],"power":[0.05817439866112907,0.14003415547718892,0.05244910453827572,0.1320662750907677,0.12859826056984797]}
{"id": 6, "drone": 4, "position":(41.666666666666664,8.333333333333334,1.0), "time":611.3832664480069,"sensors":[25,27,12,33,20],"power":[0.12627254309968336,0.15,0.996226527175805,0.07807102560958781,0.08858170376662698]}
{"id": 7, "drone": 4, "position":(25.0,25.0,1.0), "time":136.04267165252384,"sensors":[24,35,16,11,1,6,13,32],"power":[0.014412339969425465,0.02691681495691988,0.04236476749974982,0.015442459212398296,0.0338897926907284,0.012346681786925835,0.057017125661168754,0.024749701374586635]}
{"id": 8, "drone": 4, "position":(33.333333333333336,41.666666666666664,1.0), "time":450.8239073017951,"sensors":[31,14,23,35,37,17,22,1,26,18],"power":[0.1583557929962086,0.30767785605480985,0.21563866466121073,0.0705097187524496,0.08711795928903537,0.04876902208292135,0.7645494063920524,0.05353874435838657,0.048527554298389314,0.08648242939495544]}
{"id": 9, "drone": 2, "position":(33.333333333333336,25.0,1.0), "time":9.306071017040836,"sensors":[5,35,16,1,20,26,13,32],"power":[0.0032715024339874236,0.001967924189782235,8.331494692840452E-4,0.0018881343425185297,8.143927946383752E-4,0.002625514697620562,8.19833394934761E-4,0.024952909116875876]}
{"id": 10, "drone": 2, "position":(16.666666666666668,8.333333333333334,1.0), "time":326.8063545570933,"sensors":[24,21,6,36,34,13,0],"power":[0.08830320200809247,0.09062997109763035,0.051000301884900165,0.16578028219896027,0.021401739430152035,0.024067661628393196,0.028653615796568915]}
{"id": 11, "drone": 2, "position":(41.666666666666664,41.666666666666664,1.0), "time":519.7178646157233,"sensors":[31,14,23,38,2,17,22,28,26,18],"power":[0.37687754661341943,0.09005984965183776,0.5269916182099896,0.12259986614110327,0.06264367098473354,0.13652398188467021,0.056962387051471074,0.06090955029793691,0.05270825501249116,0.10549339722669955]}
{"id": 12, "drone": 3, "position":(16.666666666666668,33.333333333333336,5.0), "time":248.16034803564048,"sensors":[3,19,16,11,1,29,10,39,7],"power":[0.03435424081152173,0.11112845423488854,0.0558450881063971,0.08044423920617907,0.019274069794471084,0.051560985437258997,0.027939932341983297,0.037039329276390275,0.09172037846871611]}
{"id": 13, "drone": 3, "position":(41.666666666666664,33.333333333333336,1.0), "time":374.36912194612864,"sensors":[31,5,23,38,2,35,28,26,32],"power":[0.032930059010058126,0.1085363902822572,0.04316373443031701,0.027400133858894383,0.18810855584778127,0.03089342635652022,0.13253335994534896,0.21249867049571197,0.056361016465356614]}
{"id": 14, "drone": 3, "position":(8.333333333333334,41.666666666666664,1.0), "time":722.3814238818778,"sensors":[8,19,15,9,10,39,30,7],"power":[0.27316709799843614,0.09899047581306622,0.2756832030344268,0.15,2.564761508306848,0.21853057922389746,0.45325320688405424,0.16492776680556281]}
