LP RESULTS :
 Obj = 0.1*lambda1+0.9*lambda2 = 119.19452458873822 (lambda1 = 1164.945245887382, lambda2 = 3.0) Resol time = 5350 ms

{"id": 0, "drone": 2, "position":(25.0,41.666666666666664,1.0), "time":270.0837814256432,"sensors":[15,23,19,35,38,18,24,16,32,8],"power":[0.04990072008937726,0.02527381080916655,0.03742644929280328,0.1187324675364218,0.23112601749912662,0.0374690929977023,0.14290925351075093,0.06398843399572408,0.040943167300494625,0.05440402384194359]}
{"id": 1, "drone": 2, "position":(8.333333333333334,16.666666666666668,1.0), "time":198.5145079853773,"sensors":[2,0,34,20,22,17,10,31,26],"power":[0.024051033526246397,0.02580021875033312,0.03594328119563685,0.017364536466391994,0.06283438575103219,0.03394773581519776,0.06483244785687545,0.07293795136439488,0.0756436920127095]}
{"id": 2, "drone": 2, "position":(41.666666666666664,8.333333333333334,1.0), "time":649.9854357113071,"sensors":[30,29,36,11],"power":[0.15,0.12234100576566469,0.05033512444621679,0.21309770243789947]}
{"id": 3, "drone": 4, "position":(8.333333333333334,33.333333333333336,1.0), "time":261.9783060860499,"sensors":[14,1,33,6,7,34,20,9],"power":[0.1770450162022281,0.13124560037673916,0.35088499529712786,0.0973708049290708,0.05862112983164192,0.05561772332436906,0.14674336110939906,0.06118333373327419]}
{"id": 4, "drone": 4, "position":(41.666666666666664,41.666666666666664,1.0), "time":894.861464461739,"sensors":[21,27,28,13,24,37,12,39,8],"power":[0.06031371247823864,0.15,0.23976879879328827,0.6028277428148702,0.07965286514749756,0.14570524508497837,0.48134645448767754,0.16770908872032556,0.1485940555191301]}
{"id": 5, "drone": 4, "position":(16.666666666666668,16.666666666666668,3.0), "time":8.105475339592886,"sensors":[2,34,22,17,10,5,3],"power":[0.0029767260756224457,0.001040380548453097,0.002821534287642659,0.0018305940362422762,0.005292777375721716,0.0013074666138759349,6.910796788568026E-4]}
{"id": 6, "drone": 3, "position":(16.666666666666668,41.666666666666664,5.0), "time":435.51863786226363,"sensors":[14,6,19,35,7,38,18,16,9],"power":[0.03330141355168016,0.04180790699073354,0.11325432138683385,0.0411887169039396,0.0670537069582348,0.13332944098307914,0.10395510069909848,0.03950792490755713,0.053945084525332754]}
{"id": 7, "drone": 3, "position":(8.333333333333334,25.0,5.0), "time":199.39506951960433,"sensors":[1,33,34,20,10,31,26],"power":[0.018754399623260844,0.05253033539046549,0.08676079588702025,0.06516589706352097,0.03522906092664322,0.029147657225101733,0.019316415481277705]}
{"id": 8, "drone": 3, "position":(41.666666666666664,25.0,1.0), "time":176.63160547232377,"sensors":[21,23,36,25,28,11,37,12,39],"power":[0.18407286922642283,0.011939325964989457,0.12353575629579408,1.161332028323515,0.03041342257127955,0.024497597443126108,0.0450038559894936,0.018033090021282464,0.014673659745746364]}
{"id": 9, "drone": 1, "position":(16.666666666666668,41.666666666666664,4.0), "time":459.3428265994753,"sensors":[14,15,6,19,35,7,38,18,16,9],"power":[0.038133165542831,0.029104050720375016,0.048000831387893926,0.13655736054687678,0.047247546027590015,0.07902362436362997,0.16776009851699156,0.12570739214321439,0.04650364109671879,0.06283796872304794]}
{"id": 10, "drone": 1, "position":(25.0,25.0,1.0), "time":435.51863786226346,"sensors":[15,23,10,5,32,3],"power":[0.1065560444418539,0.112786863225844,0.03872315436373842,0.07883237044646657,0.10905683269950536,0.10812152613202776]}
{"id": 11, "drone": 1, "position":(16.666666666666668,8.333333333333334,4.0), "time":235.7883108380192,"sensors":[2,22,17,4,10,5],"power":[0.13556144407674411,0.07977574089891724,0.15696890645855588,0.03352047768324161,0.019948500251065163,0.019149415517472]}
{"id": 12, "drone": 0, "position":(16.666666666666668,8.333333333333334,1.0), "time":87.62324434252477,"sensors":[2,22,17,4,10,5],"power":[0.1376016425939132,0.04867543258301398,0.18944338512639974,0.014625678373301719,0.008938266742346638,0.008178475972024606]}
{"id": 13, "drone": 0, "position":(8.333333333333334,8.333333333333334,5.0), "time":634.9137073818682,"sensors":[2,0,22,17,4,31,26],"power":[0.07218662933406576,0.1576136497419546,0.1511454265585532,0.15952902779569336,0.12585596957399425,0.04791439141050338,0.07774113091917655]}
{"id": 14, "drone": 0, "position":(33.333333333333336,8.333333333333334,1.0), "time":338.32820470375117,"sensors":[29,11,5,3],"power":[0.31159777963474417,0.03506207947265236,0.04253227145016083,0.0411873941891154]}
