LP RESULTS :
 Obj = 0.1*lambda1+0.9*lambda2 = 156.74049018339264 (lambda1 = 1540.4049018339265, lambda2 = 3.0) Resol time = 3038 ms

{"id": 0, "drone": 0, "position":(33.333333333333336,41.666666666666664,5.0), "time":158.0265766854861,"sensors":[0,35,25,9,3,34,10,30,22,38],"power":[0.03704562370730296,0.011274226112494137,0.029680433849362593,0.040927694750766894,0.02597980790168144,0.03445347715935747,0.01350130932836293,0.06675698439342542,0.01633550363948161,0.02030476445362278]}
{"id": 1, "drone": 0, "position":(41.666666666666664,16.666666666666668,1.0), "time":694.6382322702433,"sensors":[33,29,1,11,16,23,17,15,36],"power":[0.0895870469200753,0.17035516377819637,0.09510428063511958,0.3373154338352984,0.09492623066054916,0.05857541199223851,0.050614227949283504,0.07355526126233898,0.04750733860400799]}
{"id": 2, "drone": 0, "position":(25.0,8.333333333333334,1.0), "time":687.7400928781971,"sensors":[7,26,14,32,28,37],"power":[0.0718923835788063,0.06660521761266631,0.11583983044074103,0.5989119320608006,0.14258347038045177,0.06672820279623454]}
{"id": 3, "drone": 1, "position":(25.0,41.666666666666664,1.0), "time":536.6116555847572,"sensors":[0,20,35,9,6,31,3,34,30,22,18],"power":[1.3745987418110592,0.09436326135381191,0.04606163786440529,0.6778784798348635,0.3928065061961543,0.15,0.04405261407930078,0.036881570746077334,0.26005738270103146,0.4603372875765249,0.11762671177856615]}
{"id": 4, "drone": 1, "position":(33.333333333333336,8.333333333333334,1.0), "time":429.9568439770587,"sensors":[7,29,11,32,15,37],"power":[0.3063670082522965,0.2197692552732511,0.06683582292344366,0.09890913079938977,0.05753226000700883,0.10046973669484172]}
{"id": 5, "drone": 4, "position":(41.666666666666664,16.666666666666668,4.0), "time":415.80982558662436,"sensors":[33,29,1,11,16,23,15],"power":[0.04461061905096492,0.08443880902565012,0.04777646808967515,0.13192857955155649,0.04783226761972494,0.029508154761649853,0.03783791836912329]}
{"id": 6, "drone": 4, "position":(25.0,25.0,3.0), "time":397.33158034195225,"sensors":[21,12,20,1,35,23,22,38,13,17],"power":[0.03426153134835044,0.14951045645337557,0.05063755692396716,0.07655690835982022,0.10396618772906335,0.10734397326954055,0.029415986240943166,0.0273185694759682,0.15860271562240516,0.1258070595490408]}
{"id": 7, "drone": 4, "position":(41.666666666666664,41.666666666666664,1.0), "time":727.2634959053498,"sensors":[25,4,19,3,34,10,30,38,36],"power":[0.44340298420384827,0.14306468658024682,0.11461127043177466,0.07996757801901777,0.19282051686844168,0.28922775934986283,0.07968443900826472,0.08271156754107906,0.055490215692090186]}
{"id": 8, "drone": 2, "position":(41.666666666666664,33.333333333333336,1.0), "time":118.5031736583334,"sensors":[33,12,35,25,4,16,19,34,10,38,36],"power":[0.015802334028959794,0.007804648536836679,0.009667972326925425,0.00848571356014247,0.1808137299667781,0.030213565545301673,0.04000810519738178,0.056391839338233,0.24769895696123317,0.04161229698051328,0.06671232312404927]}
{"id": 9, "drone": 2, "position":(8.333333333333334,8.333333333333334,1.0), "time":812.716336564371,"sensors":[26,14,24,28],"power":[0.1814642171306803,0.19848024880519324,0.2991574052939521,0.15]}
{"id": 10, "drone": 3, "position":(16.666666666666668,25.0,1.0), "time":29.906977685699076,"sensors":[21,20,26,13],"power":[0.0189578133821974,0.0049991817222209255,0.003078362528787086,0.012134807238299747]}
{"id": 11, "drone": 3, "position":(8.333333333333334,25.0,4.0), "time":506.7046778990582,"sensors":[21,8,5],"power":[0.13082936527780376,0.15,0.0530859052501001]}
{"id": 12, "drone": 3, "position":(8.333333333333334,41.666666666666664,1.0), "time":1003.7932462491693,"sensors":[39,6,5,27,2,18],"power":[0.5124287330012094,0.08712760601085534,0.11592948518729694,0.2723951257589038,0.15,0.18772625662114797]}
