LP RESULTS :
 Obj = 0.1*lambda1+0.9*lambda2 = 118.35868325042216 (lambda1 = 1156.5868325042215, lambda2 = 3.0) Resol time = 6527 ms

{"id": 0, "drone": 4, "position":(41.666666666666664,25.0,5.0), "time":335.14212500465214,"sensors":[29,22],"power":[0.05806107695128991,0.12513732553470236]}
{"id": 1, "drone": 4, "position":(25.0,8.333333333333334,5.0), "time":506.2354483280744,"sensors":[2,5,26,39,28,33,8,18,25,1,7],"power":[0.10294880858222759,0.10274210596981463,0.06726614674255003,0.05906677588391812,0.09338600475613082,0.1428359371278775,0.04313492848002891,0.04368275315605838,0.30165973639677734,0.18709349353988108,0.048580251687016865]}
{"id": 2, "drone": 4, "position":(33.333333333333336,41.666666666666664,1.0), "time":315.209259171495,"sensors":[11,21,12,35,4,38,23,24,6,20,30,36],"power":[1.3464503069980582,0.06284572814182339,0.0642052065282724,0.03782803653506981,0.03660987879511782,0.0871409961178078,0.09409599195401114,0.07416790290752936,0.2337334804766613,0.16305770640629613,0.027894008036750136,0.11854555013768237]}
{"id": 3, "drone": 2, "position":(25.0,41.666666666666664,1.0), "time":31.795982547742256,"sensors":[11,35,38,24,6,20,30,36],"power":[0.00992492190411277,0.006125887860710106,0.0059003309703414995,0.009146194569241527,0.002331946922354106,0.023086298328465947,0.01689570598438977,0.009276923908358785]}
{"id": 4, "drone": 2, "position":(8.333333333333334,8.333333333333334,2.0), "time":176.82314283474722,"sensors":[15,5,26,39,31,8,37,1,27,7],"power":[0.16249767127327971,0.012834673588957629,0.0255888246747122,0.03573451325183025,0.3556064431010427,0.07164366951676555,0.28044429777273944,0.011160400806155792,0.014159392906378564,0.062018685805179566]}
{"id": 5, "drone": 2, "position":(41.666666666666664,8.333333333333334,1.0), "time":237.2379607322459,"sensors":[10,34,3],"power":[0.15,0.16559647907211583,1.6329498785072654]}
{"id": 6, "drone": 0, "position":(16.666666666666668,41.666666666666664,1.0), "time":355.1603071903727,"sensors":[13,35,24,20,30],"power":[0.04060585629444329,0.023181853478502257,0.02359795570064852,0.02952371372946961,0.10521028597886013]}
{"id": 7, "drone": 0, "position":(25.0,25.0,1.0), "time":374.87395885326515,"sensors":[0,9,35,22,28,18,24,27,19],"power":[3.7487395885326515,0.17504467636378154,0.08286422212571783,0.024862674465297642,0.03871740067214717,0.18296643346425223,0.046058529864072544,0.027756762842650204,0.03046529751602549]}
{"id": 8, "drone": 0, "position":(16.666666666666668,8.333333333333334,1.0), "time":275.477425322882,"sensors":[15,2,5,26,39,28,31,33,8,25,37,1,27,7],"power":[0.18507225759961257,0.01760848017194444,0.10499025613736786,0.1786935026667838,0.2818732807073118,0.07590995845819624,0.08395858825839377,0.023232116197047032,0.33868485986460056,0.07010911256629228,0.03316536876122633,0.13247149599193364,0.026282625632717542,0.5209828719564522]}
{"id": 9, "drone": 3, "position":(41.666666666666664,41.666666666666664,3.0), "time":355.1603071903728,"sensors":[11,21,29,12,4,32,38,23,6,36],"power":[0.04950408280588155,0.14183942375291647,0.04742015515828072,0.6440369366969462,0.21594025397829827,0.062156727043949145,0.02393648071853555,0.16877667331309884,0.23119719967739702,0.025205790486234052]}
{"id": 10, "drone": 3, "position":(8.333333333333334,41.666666666666664,1.0), "time":801.4265253138489,"sensors":[16,13,14,17],"power":[0.13736332564163023,0.7188990079025963,0.15,0.34695141161692955]}
{"id": 11, "drone": 1, "position":(41.666666666666664,41.666666666666664,1.0), "time":454.4212835946116,"sensors":[11,21,29,12,4,32,38,23,6,20,36],"power":[0.06798846678867407,0.2455175545199844,0.06852156449251201,3.6789407227584476,0.43648416891757746,0.08784327295605082,0.03302219219331514,0.3057309445300359,0.49022098525112956,0.03067203418580613,0.0333800084265608]}
{"id": 12, "drone": 1, "position":(8.333333333333334,25.0,3.0), "time":329.41230549332715,"sensors":[16,27,19],"power":[0.04419911033162041,0.08180121861825367,0.15449548892541934]}
{"id": 13, "drone": 1, "position":(33.333333333333336,8.333333333333334,1.0), "time":116.8940468528545,"sensors":[2,10,33,34,3,25,1],"power":[0.02944271124582797,0.007931985146801511,0.03781703838332236,0.03353192203574804,0.028251002174479754,0.02179903805866125,0.011431881496292732]}
