LP RESULTS :
 Obj = 0.1*lambda1+0.9*lambda2 = 114.53073198964874 (lambda1 = 1118.3073198964873, lambda2 = 3.0) Resol time = 5675 ms

{"id": 0, "drone": 2, "position":(8.333333333333334,25.0,1.0), "time":463.63951786476423,"sensors":[12,2,15,28,32,37,8],"power":[0.08264413247027273,0.2542825161596913,0.9936247373453958,0.04665526005176689,0.0882797295505645,0.09756640135207498,0.03280595003558191]}
{"id": 1, "drone": 2, "position":(41.666666666666664,25.0,1.0), "time":14.326319953736359,"sensors":[30,34,7,18,36,38,1,22],"power":[0.0015003803706460463,0.003934655374086653,0.09099978001723248,0.005799026318385396,0.0014236561857981246,0.021404994135642275,0.01134651797742625,0.0015749674811456438]}
{"id": 2, "drone": 2, "position":(41.666666666666664,41.666666666666664,1.0), "time":438.94572631829794,"sensors":[30,17,18,35,13,5,26,11],"power":[0.08064381412724794,0.055261411709143005,0.046547829026828,0.3370341143431854,0.14734296007656128,1.2218313503154674,0.259817171218189,0.0317900228775094]}
{"id": 3, "drone": 3, "position":(33.333333333333336,25.0,1.0), "time":14.470761910524715,"sensors":[34,7,18,3,36,6,38,23,1],"power":[0.03135351146929308,0.0037218797373548855,0.0031633910154199828,0.0015231052681557499,0.014950929414532676,0.0015498382043028314,0.0014556103178594388,0.0030076028550452757,0.0011154597502700389]}
{"id": 4, "drone": 3, "position":(8.333333333333334,41.666666666666664,1.0), "time":579.3467761122464,"sensors":[21,9,10,8,25],"power":[0.06339460787465015,5.793467761122464,0.14685124234527688,0.3750235595074739,0.03999127584009536]}
{"id": 5, "drone": 3, "position":(25.0,41.666666666666664,1.0), "time":524.4897818737162,"sensors":[17,21,3,6,16,11,10,31,23,25],"power":[0.08727161073524682,0.09476288463275746,0.07514784082555993,0.07247081785804901,0.25315125045669934,0.2679988408519092,0.05241978290721406,0.19491031618770013,0.06339134439821982,0.2955093085984871]}
{"id": 6, "drone": 4, "position":(25.0,25.0,1.0), "time":438.94572631829794,"sensors":[34,12,3,36,6,28,32,23],"power":[0.06430324774682292,0.1125391465159146,0.13646085074948278,0.1751296333166223,0.14372153722991102,0.12182731655167259,0.06464364429073265,0.14353997754979117]}
{"id": 7, "drone": 4, "position":(8.333333333333334,8.333333333333334,1.0), "time":448.33371256439494,"sensors":[27,39,0,2,4],"power":[0.11122465903989905,0.18785381273257196,0.11795861811236814,0.03649917296120064,0.05610040612842905]}
{"id": 8, "drone": 4, "position":(8.333333333333334,16.666666666666668,1.0), "time":206.33408946732823,"sensors":[27,12,0,2,4,15,37],"power":[0.015084281683651562,0.020728389391459556,0.03204138188763185,0.14281070445261884,0.018841305076571373,0.02417880999009658,0.05243359864792504]}
{"id": 9, "drone": 0, "position":(41.666666666666664,8.333333333333334,1.0), "time":963.4355081920144,"sensors":[14,33,19,20,29,22],"power":[1.853162990479656,3.9817843358497598,3.7725674951832575,2.7149705496569916,0.130903816493487,0.4538800605314531]}
{"id": 10, "drone": 0, "position":(33.333333333333336,41.666666666666664,5.0), "time":28.797081864261145,"sensors":[17,35,13,5,26,16,11,31,23],"power":[0.007466977555610154,0.003148727767264863,0.0026570399234387204,0.005647756864942176,0.0038514684996433287,0.005670287937007693,0.007953104860482169,0.0019168071455351362,0.0019578225899107883]}
{"id": 11, "drone": 0, "position":(41.666666666666664,33.333333333333336,1.0), "time":126.07472984021184,"sensors":[30,34,7,18,35,36,5,26,11,38,1],"power":[0.04582114092728233,0.00967160944602472,0.03320490921661156,0.15703937758052539,0.009580791411474823,0.009375119531253244,0.041833146451373426,0.008596684979894265,0.007991869784585236,0.024883414995390808,0.02849872225950406]}
{"id": 12, "drone": 1, "position":(25.0,8.333333333333334,1.0), "time":453.27204627203434,"sensors":[27,4,24],"power":[0.07804003626577084,0.14543925990284842,0.19989982511510807]}
{"id": 13, "drone": 1, "position":(41.666666666666664,8.333333333333334,1.0), "time":140.54549175073657,"sensors":[14,33,19,20,29,22],"power":[0.27033849341923977,0.5808607143591503,0.5503402659181441,0.3960585506199347,0.019096183506512994,0.0662117970127104]}
{"id": 14, "drone": 1, "position":(41.666666666666664,33.333333333333336,2.0), "time":524.4897818737164,"sensors":[30,34,7,18,35,36,5,26,38,1],"power":[0.1771652047956738,0.04073697596377262,0.12883090421314758,0.5117542202751426,0.03837790914091105,0.038986487247868296,0.16399534689339584,0.033979993941052285,0.10225598055110748,0.11166291853129179]}
