LP RESULTS :
 Obj = 0.1*lambda1+0.9*lambda2 = 139.26203292905248 (lambda1 = 1365.6203292905248, lambda2 = 3.0) Resol time = 18708 ms

{"id": 0, "drone": 0, "position":(41.666666666666664,41.666666666666664,1.0), "time":165.99468342661928,"sensors":[38,9,36,29,6,18],"power":[0.33182539075758144,0.1310629463651545,0.016121196405738267,0.04643372949454036,0.09536971981409524,0.0172974281642313]}
{"id": 1, "drone": 0, "position":(8.333333333333334,41.666666666666664,1.0), "time":896.7235183144549,"sensors":[23,17,39,32,0,33,2,8,34,12,7,27],"power":[0.46352990943908406,0.2229062703463924,3.560623165484952,0.18796164467325333,0.10971624951474229,0.12456228171610013,1.015746388494684,0.06259668054588594,0.2935821353165722,0.5201828955895128,0.35403206084292205,0.354386834910546]}
{"id": 2, "drone": 0, "position":(41.666666666666664,16.666666666666668,1.0), "time":180.7824826018143,"sensors":[36,28,37,16,3,19],"power":[0.011661945847780453,0.030899561889949523,0.07136755466705604,0.03591943218868818,0.017712082871922635,0.033243847949503524]}
{"id": 3, "drone": 3, "position":(8.333333333333334,16.666666666666668,1.0), "time":222.04812017045387,"sensors":[31,20,5,15,8,10,11],"power":[0.02003502452431266,0.4458779203369454,0.027301150849623555,0.026945887720448192,0.019787591478701794,0.021365943398155892,0.13807894503483154]}
{"id": 4, "drone": 3, "position":(41.666666666666664,8.333333333333334,1.0), "time":693.5180681401562,"sensors":[4,28,14,22,37,16,3,19],"power":[0.37073336329750406,0.14540986865997022,0.10538809012261546,0.19946455294339419,0.04657093891189312,0.06434851582517241,0.19592379804072285,0.11675615205049648]}
{"id": 5, "drone": 3, "position":(25.0,16.666666666666668,5.0), "time":213.16716226670852,"sensors":[25,24,28,21,13,16,30,35],"power":[0.07289019549406615,0.05804457429259388,0.02252419486112641,0.08335497030205438,0.06262455569193383,0.03778421529779606,0.10836959326936366,0.015055100290570948]}
{"id": 6, "drone": 4, "position":(16.666666666666668,8.333333333333334,1.0), "time":264.07585526561286,"sensors":[25,15,21,1,13,30,11,35],"power":[0.02578438574342415,1.0604200180012384,0.05393762105792697,0.0509088985748167,0.06764155015231046,0.02328708709432598,0.07515092045518129,0.2594037170246212]}
{"id": 7, "drone": 4, "position":(8.333333333333334,41.666666666666664,4.0), "time":222.04812017045424,"sensors":[23,17,39,32,0,33,2,34,12,7,27],"power":[0.0733198189442326,0.04547564960118215,0.18820375426130934,0.03908508198742344,0.022942466539186235,0.02543771828389985,0.10882398451192128,0.057311234533051994,0.07664502433392234,0.06496528096915095,0.06340597285528954]}
{"id": 8, "drone": 4, "position":(8.333333333333334,8.333333333333334,1.0), "time":574.8737458747723,"sensors":[20,15,10,1,11,35],"power":[0.12674737708811543,0.18745079775443776,0.1286340566018441,0.09909110142518326,0.16930937481781969,0.05638663782389749]}
{"id": 9, "drone": 1, "position":(41.666666666666664,33.333333333333336,1.0), "time":491.31977854855404,"sensors":[38,9,36,29,6,37,18],"power":[0.14396774006393476,0.07390420017264585,0.5901265497684995,0.3613002091399102,0.054630280185904746,0.03206150642105085,0.7088075709094024]}
{"id": 10, "drone": 1, "position":(33.333333333333336,8.333333333333334,1.0), "time":220.3786991077759,"sensors":[4,28,21,14,22,13,16,3],"power":[0.034525885579998666,0.3338507228784277,0.015455647872140698,0.04461190987738454,0.015389057923408472,0.02844952056695872,0.05070379138460887,1.0096026787801191]}
{"id": 11, "drone": 1, "position":(8.333333333333334,25.0,1.0), "time":246.84869080561566,"sensors":[31,20,5,17,0,8,11],"power":[0.07486152152069535,0.043840533436537286,0.12269884915037643,0.0325451217145326,0.0750708246175022,0.2672956974119567,0.024054214223230768]}
{"id": 12, "drone": 2, "position":(25.0,16.666666666666668,1.0), "time":57.77391717406988,"sensors":[25,15,24,28,21,13,16,30,3,11,35],"power":[0.0513254187625097,0.0038156256874732103,0.02915211777372736,0.008038233787421172,0.0812558382808352,0.03218331559494225,0.014117944289676299,0.18364760720308657,0.0038010710436258335,0.004273478232130043,0.005319134094065862]}
{"id": 13, "drone": 2, "position":(25.0,33.333333333333336,5.0), "time":766.8881600804441,"sensors":[31,24,26],"power":[0.05743585492682835,0.06280330793367878,0.4562414898846872]}
