LP RESULTS :
 Obj = 0.1*lambda1+0.9*lambda2 = 149.7350812739208 (lambda1 = 1470.350812739208, lambda2 = 3.0) Resol time = 3320 ms

{"id": 0, "drone": 3, "position":(41.666666666666664,41.666666666666664,4.0), "time":474.2191249200331,"sensors":[4,9,35,14,13,28],"power":[0.10679846719434508,0.034999920532229604,0.03928268171820892,0.06861572384381745,0.09525313631974007,0.1515123005563061]}
{"id": 1, "drone": 3, "position":(16.666666666666668,33.333333333333336,1.0), "time":438.93679546015676,"sensors":[36,29,24,0,2,11,12,20,25,6],"power":[0.05921122169931997,0.03148747529334261,0.07113956018515459,0.06313169835361358,0.04969506118831806,0.3394861625613675,0.09556905553509407,0.07427404452683557,0.08257044804344707,0.032122835601088834]}
{"id": 2, "drone": 3, "position":(8.333333333333334,8.333333333333334,1.0), "time":442.7004973926681,"sensors":[33,39,17,18,3,5],"power":[0.11080226642218345,0.029328117922995344,0.1474762134148938,0.09291095448530101,0.20726048982975956,0.16722450132007055]}
{"id": 3, "drone": 0, "position":(16.666666666666668,8.333333333333334,1.0), "time":365.37398852647846,"sensors":[33,17,18,3,26,5],"power":[0.06824414594071083,0.7058934248619523,0.0838042688086712,0.025002265957692026,0.14790923961254207,0.1931134711572121]}
{"id": 4, "drone": 0, "position":(8.333333333333334,33.333333333333336,1.0), "time":761.509712731177,"sensors":[29,0,11,39,38,6],"power":[0.1740700293896053,0.10691579273935839,0.315137956887041,0.07360892721973165,0.15,0.17524125396548568]}
{"id": 5, "drone": 0, "position":(41.666666666666664,16.666666666666668,1.0), "time":328.80228569906467,"sensors":[23,15,27,30,9,10,22,7,19,34,37],"power":[0.5404912161019764,0.08918239939137175,0.0691778038461851,0.31592563157050335,0.022567802717852928,0.02870635472479561,0.025569150237418285,0.05217205393533587,0.03282030811079007,0.07981558440009455,0.19635968354277128]}
{"id": 6, "drone": 1, "position":(16.666666666666668,25.0,1.0), "time":239.2098014858949,"sensors":[36,24,0,11,39,25,18,5,6],"power":[0.06066573639768756,0.032819563143896995,0.2285302109594281,0.023500088953587666,0.045154031044654507,0.056054828236012,0.033567574379155626,0.015802692601135294,0.031616657040388865]}
{"id": 7, "drone": 1, "position":(25.0,25.0,1.0), "time":3.763701932511321,"sensors":[36,16,24,0,32,25,34],"power":[0.019221628102896876,5.27485295385244E-4,0.002110761314438282,3.4106987980766574E-4,4.99135805508159E-4,0.00598714075753256,3.8035307623528696E-4]}
{"id": 8, "drone": 1, "position":(41.666666666666664,41.666666666666664,1.0), "time":227.56848219459576,"sensors":[4,9,35,14,32,13,28],"power":[0.06485459969890253,0.019815785531645893,0.022329816546579027,0.03904271850881862,0.015356794391479205,0.05474686368026045,0.11099085631707399]}
{"id": 9, "drone": 4, "position":(41.666666666666664,25.0,1.0), "time":439.76091992554,"sensors":[16,23,15,27,30,9,14,32,22,34,37],"power":[0.10850022573060206,0.045369875678337265,0.04650216111997827,0.29196168147090373,0.039540725106725884,0.2723648027828904,0.10431794973206918,0.04868959326004094,0.10306083102022548,0.053229710131741555,0.34334863742071753]}
{"id": 10, "drone": 4, "position":(16.666666666666668,16.666666666666668,1.0), "time":26.930801129468023,"sensors":[36,0,39,17,18,3,26,5],"power":[0.002452648060278498,0.005797200451094368,0.004390514974228937,0.003584663716665343,0.026008204350395636,0.0017732716379917474,0.002090760387457922,0.010985253451532244]}
{"id": 11, "drone": 4, "position":(41.666666666666664,16.666666666666668,3.0), "time":290.2547988939864,"sensors":[23,15,27,30,10,22,7,19,34,37],"power":[0.25550215314255037,0.06988570061652115,0.05722804819375656,0.1793014371162796,0.023379152298647315,0.021370018742356223,0.0424353557406684,0.026853218035932106,0.06267829694741313,0.1276762525704075]}
{"id": 12, "drone": 2, "position":(41.666666666666664,8.333333333333334,1.0), "time":407.7691062881058,"sensors":[1,23,15,30,10,7,19,34,37],"power":[0.15,0.21544492510397958,0.050802128777501926,0.21060570589700528,0.22231309190773632,1.989550800047934,0.14202471974375452,0.03607410778292597,0.030110913988993886]}
{"id": 13, "drone": 2, "position":(25.0,33.333333333333336,1.0), "time":30.694503061979404,"sensors":[36,16,24,2,11,12,20,32,25,31,21],"power":[0.008448765739813695,0.003662427756089203,0.043930115356510036,0.008175406141264618,0.0027945304491826337,0.005825868402881399,0.005575236078522059,0.007032543678794655,0.015267570510380345,0.00523052665175058,0.002723682243311788]}
{"id": 14, "drone": 2, "position":(33.333333333333336,41.666666666666664,1.0), "time":768.5632056245817,"sensors":[4,16,35,2,12,20,32,8,31,21,28],"power":[0.5130054675615723,0.04935756651645322,0.17841800562153276,0.1609532030990937,0.05161055283939431,0.07015071939464236,0.11800086398586948,0.14999999999999997,0.30730768685890075,0.27645784957443825,0.07395973027526591]}
