LP RESULTS :
 Obj = 0.1*lambda1+0.9*lambda2 = 102.55837485345695 (lambda1 = 998.5837485345694, lambda2 = 3.0) Resol time = 6357 ms

{"id": 0, "drone": 0, "position":(41.666666666666664,41.666666666666664,1.0), "time":76.84829330482316,"sensors":[37,31,0,18,13,28,7,38,25],"power":[0.18566400575773945,0.01597208062284046,0.26848305619775265,0.010409005074689953,0.4818435836529679,0.11490653119013408,0.009150705720957043,0.00629962557986821,0.01014511466381811]}
{"id": 1, "drone": 0, "position":(41.666666666666664,33.333333333333336,2.0), "time":350.313314021555,"sensors":[37,31,0,34,35,13,28,36,38,25],"power":[0.04209163628330124,1.441351926091207,0.05396116392300866,0.03635993171400983,0.027142123620332533,0.06044586584912118,0.035093468809865906,0.030412109736433667,0.1714826943900372,0.12585963654339613]}
{"id": 2, "drone": 0, "position":(41.666666666666664,8.333333333333334,1.0), "time":297.97133501986076,"sensors":[3,12,35,33,23,30],"power":[0.03425702898824355,0.15,0.023110992360917276,2.9797133501986077,0.04166265427984224,0.26089056013885686]}
{"id": 3, "drone": 2, "position":(41.666666666666664,25.0,1.0), "time":96.04250688710275,"sensors":[31,3,34,35,36,39,38,25],"power":[0.02170340181152429,0.008280434423521017,0.16785591920650753,0.08091888373260547,0.02323797073238876,0.01769983291064036,0.03764632972147034,0.013995248792785771]}
{"id": 4, "drone": 2, "position":(25.0,41.666666666666664,1.0), "time":750.1411517439552,"sensors":[20,22,18,11,6,8,7,16],"power":[0.6271831727219652,0.16605678375030522,0.2167548563870707,0.12452663026112083,0.09141407092793415,0.10096595340883806,0.22359982136168188,0.41707338981611475]}
{"id": 5, "drone": 2, "position":(8.333333333333334,16.666666666666668,1.0), "time":135.3264005309799,"sensors":[1,29,9,10,32,17],"power":[0.01146518813065183,0.027556404004867058,0.5277399353080168,0.1309820874256584,0.020164407046693082,0.09530236626888033]}
{"id": 6, "drone": 1, "position":(16.666666666666668,16.666666666666668,1.0), "time":15.295575355443887,"sensors":[5,27,29,26,9,19,14,10,17,15],"power":[0.0013946653754326483,0.002220633099463246,0.027265224637251357,0.0014479057333151334,0.002459240445327053,0.0012146714011494022,0.001681196673975751,0.012517670933721057,0.004665271333565435,0.002065828722491712]}
{"id": 7, "drone": 1, "position":(25.0,8.333333333333334,1.0), "time":168.62563668394662,"sensors":[24,5,3,27,26,19,23,2,14,30,15],"power":[0.025121685257136324,0.039862351691821625,0.01778236313818534,0.3939536616665106,0.0170809154488093,0.618178574000274,0.01887831734614212,0.08696738393584312,0.038322630340535374,0.011121959367128108,0.018276597519328083]}
{"id": 8, "drone": 1, "position":(16.666666666666668,8.333333333333334,1.0), "time":506.45104521186914,"sensors":[1,24,5,27,29,19,2,10],"power":[0.14976891113588067,0.12487831474286365,0.5327828692087859,0.10292024433596812,0.05675601065894459,0.07594107288235107,0.07568638223414513,0.08709847537753676]}
{"id": 9, "drone": 3, "position":(25.0,25.0,5.0), "time":341.5107274362765,"sensors":[29,26,14,36,15,39],"power":[0.038422360698942094,0.07803747882227889,0.04404097310997139,0.04977689214389657,0.0896999474386884,0.03207273604417902]}
{"id": 10, "drone": 3, "position":(33.333333333333336,8.333333333333334,1.0), "time":293.347911824113,"sensors":[3,27,26,33,19,23,2,14,30,15,39],"power":[0.07735128006440051,0.057590791951102754,0.024979607690270106,0.055144006233551854,0.09368846541506755,0.08945902837401563,0.045559050182607086,0.048866615524552785,0.15205171997815312,0.020762348257795268,0.030908978317856786]}
{"id": 11, "drone": 3, "position":(8.333333333333334,41.666666666666664,1.0), "time":190.87154033564903,"sensors":[11,4,21,6,8,16],"power":[0.012176609952324224,0.054906211384173995,0.06577756648130156,0.033844374987783886,0.0272390254333123,0.01654871052423657]}
{"id": 12, "drone": 4, "position":(8.333333333333334,33.333333333333336,1.0), "time":750.1411517439552,"sensors":[4,21,32,17],"power":[0.095093788615826,1.70215107651638,0.2200347673519734,0.05003236239755421]}
{"id": 13, "drone": 4, "position":(16.666666666666668,41.666666666666664,1.0), "time":57.5710564549652,"sensors":[20,22,11,21,6,8,16],"power":[0.020014710251116268,0.0074272858615750765,0.013296759786554932,0.005806399161804821,0.026149950259201395,0.021795021157849623,0.052816116767709434]}
{"id": 14, "drone": 4, "position":(33.333333333333336,25.0,1.0), "time":142.59635811954647,"sensors":[31,3,34,35,26,14,36,15,39,38],"power":[0.014278691877959998,0.025823977635865192,0.03167100041139162,0.018828000286144727,0.03706629143749717,0.01969202060093685,1.2046074650527279,0.02861743000259091,0.06931845272732388,0.04452055599677012]}
