LP RESULTS :
 Obj = 0.1*lambda1+0.9*lambda2 = 108.45984556035117 (lambda1 = 1057.5984556035116, lambda2 = 3.0) Resol time = 3581 ms

{"id": 0, "drone": 0, "position":(33.333333333333336,41.666666666666664,1.0), "time":120.8776199119033,"sensors":[4,34,27,5,2,19,26,16,38],"power":[0.34829037953030356,0.05849106999408593,0.03532615445600579,0.07390959402453157,0.012452653666106784,0.05073148192390878,0.02047020440932502,0.035971058729668125,0.10162315722560916]}
{"id": 1, "drone": 0, "position":(25.0,25.0,1.0), "time":62.25673833152966,"sensors":[35,3,27,17,7,16],"power":[0.028682661519115044,0.007454871237300267,0.005338711832909927,0.04046811775211497,0.008966497760574812,0.006069917084563614]}
{"id": 2, "drone": 0, "position":(41.666666666666664,8.333333333333334,1.0), "time":673.526131623377,"sensors":[33,0,21,22,29,14,11,31,24],"power":[0.1481493661139942,0.3107084924102467,0.11718764670847923,1.5483689789238584,0.907563511851515,0.20967291986701964,0.08534546284666744,0.11659321994798326,0.18507870363559542]}
{"id": 3, "drone": 3, "position":(8.333333333333334,8.333333333333334,1.0), "time":617.1203910474486,"sensors":[32,20,6,12,23,25,37,18],"power":[0.053162388489389006,0.16708615818419148,0.1293645314218285,0.3518370447998902,0.12693754443349056,0.04846352934238872,2.62772857215173,0.07635445660601635]}
{"id": 4, "drone": 3, "position":(41.666666666666664,16.666666666666668,1.0), "time":28.767434979685355,"sensors":[33,21,22,29,11,31,7],"power":[0.0018506338860058132,0.0039223477051784,0.008557416293914861,0.008835837481517438,0.05741866381588455,0.019175324369982368,0.004797795307876519]}
{"id": 5, "drone": 3, "position":(8.333333333333334,16.666666666666668,1.0), "time":350.63351389922127,"sensors":[35,32,3,20,6,12,23,25,39,37,18],"power":[0.023728242456913975,0.07862068781895791,0.02429545649435687,1.319091090055476,1.3315298140105278,0.11199095202195873,0.023062455566509436,0.18478682887954065,0.05823157374965035,0.11169666985725371,0.08058351496887056]}
{"id": 6, "drone": 1, "position":(8.333333333333334,16.666666666666668,3.0), "time":89.84455065693494,"sensors":[35,32,20,6,12,25,39,37,18],"power":[0.005677437534545396,0.01821692369167198,0.12786573185410086,0.12613465542224228,0.025129290499221645,0.03539281762249664,0.014090049142430689,0.025526220474312276,0.017944268732051148]}
{"id": 7, "drone": 1, "position":(8.333333333333334,41.666666666666664,1.0), "time":216.3400217665328,"sensors":[8,28,15,13],"power":[0.014706699276826836,0.07137920917730212,0.03762490542108074,0.1571672788426743]}
{"id": 8, "drone": 1, "position":(41.666666666666664,41.666666666666664,1.0), "time":704.161874163498,"sensors":[4,9,34,5,30,10,2,19,26,36,16,38],"power":[0.1642843260808461,0.16113405320335805,0.5507994895372036,0.059148062620332544,0.15955143705188837,0.13545343399915039,0.19516721728906292,1.5316629617161932,0.6006671102322687,0.15728781479042714,0.05401897488232609,0.3021752903561577]}
{"id": 9, "drone": 4, "position":(41.666666666666664,41.666666666666664,5.0), "time":101.27401714607879,"sensors":[4,9,34,5,30,10,2,19,26,36,38],"power":[0.017367655870624592,0.017019495940845477,0.03357805951164823,0.006456150492607399,0.016421187655498253,0.014546566000849592,0.020098269953103425,0.046150859144593596,0.033216132797613714,0.016698438729050743,0.026840619853531138]}
{"id": 10, "drone": 4, "position":(25.0,16.666666666666668,1.0), "time":316.28761018589995,"sensors":[35,21,1,31,17,7],"power":[0.08559721633552321,0.05212606510115752,0.16346384604292538,0.028970152317416214,0.022294334615178435,0.027434555588998735]}
{"id": 11, "drone": 4, "position":(33.333333333333336,25.0,1.0), "time":39.01727881454939,"sensors":[27,11,31,17,2,7,16],"power":[0.002979723844784745,0.007235873337447993,0.006630448007887184,0.0052198411959506015,0.0027729076578871096,0.10880115134254995,0.005003434603222518]}
{"id": 12, "drone": 2, "position":(8.333333333333334,33.333333333333336,3.0), "time":513.4232589907303,"sensors":[8,3,15,13,39],"power":[0.13529330072317344,0.10909383919200803,0.2197403212257792,0.053124396530727744,0.09698462813667882]}
{"id": 13, "drone": 2, "position":(25.0,33.333333333333336,1.0), "time":131.28494438203137,"sensors":[35,3,27,5,17,16,38],"power":[0.0119918796884478,0.012955375389590467,0.08278344734435765,0.010486192862528483,0.14368962672756946,0.05175989102410957,0.009322346216564645]}
{"id": 14, "drone": 2, "position":(16.666666666666668,41.666666666666664,2.0), "time":327.83517484624963,"sensors":[27,28,13],"power":[0.02357196252194192,0.1237845137681612,0.18343945785372287]}
