LP RESULTS :
 Obj = 0.1*lambda1+0.9*lambda2 = 119.27685185477141 (lambda1 = 1165.768518547714, lambda2 = 3.0) Resol time = 2487 ms

{"id": 0, "drone": 1, "position":(41.666666666666664,8.333333333333334,1.0), "time":583.4271782851987,"sensors":[24,25,37,6,23,27,8,2],"power":[0.055740559362829546,0.25568017747872845,0.09229656855499913,0.3860171152501813,0.1387625129967939,0.24505860917036348,0.2711301438678369,2.7195481712762684]}
{"id": 1, "drone": 1, "position":(25.0,25.0,1.0), "time":239.46441633167626,"sensors":[1,10,7,28,11,19,35,21,36,14],"power":[0.07814266161507359,0.03099451725956325,0.019538462575946058,0.05023438773527692,0.045051553744362344,0.07405934789302183,0.02036866266086492,0.09848180149878769,0.06888015038547722,0.04518454086962283]}
{"id": 2, "drone": 4, "position":(41.666666666666664,25.0,1.0), "time":582.3413402625152,"sensors":[24,25,37,10,11,0,23,21,27,36,14],"power":[0.22927411467040337,0.05916420270660174,0.11249386070094973,0.11900548274043675,0.13640262352360208,0.1870043058790501,0.1067750768257895,0.0699319135574808,0.04306458862151484,0.08204269686542795,0.132092423576328]}
{"id": 3, "drone": 4, "position":(25.0,41.666666666666664,1.0), "time":532.8931632706634,"sensors":[1,28,20,34,31,3,19,13,32,35,38,30],"power":[0.04327219464990053,0.07387295636613392,0.04476984554570769,0.039867019953705195,1.1814800959657783,0.03554928888525629,0.060019379975170775,0.13459737789087564,0.1342913829499468,0.29102953334045695,0.06150859435200111,0.06753667200420042]}
{"id": 4, "drone": 3, "position":(33.333333333333336,41.666666666666664,1.0), "time":233.22605371316538,"sensors":[20,34,31,19,16,13,35,30],"power":[0.05599627841889467,0.09120194883516557,0.03521331183953345,0.021716298709346913,0.02100607205897009,0.01785392921619032,0.06010688892749023,0.1760891802156979]}
{"id": 5, "drone": 3, "position":(41.666666666666664,41.666666666666664,1.0), "time":399.6493015638852,"sensors":[20,34,16,30],"power":[0.04923387603539763,0.12388882900182628,0.1289939279410299,0.09469632276746284]}
{"id": 6, "drone": 3, "position":(8.333333333333334,16.666666666666668,1.0), "time":532.8931632706633,"sensors":[15,22,29,9],"power":[0.10596838873445685,0.07096341379635131,0.07577807981703333,0.08936934023933632]}
{"id": 7, "drone": 0, "position":(25.0,8.333333333333334,1.0), "time":504.16863690392427,"sensors":[4,17,8],"power":[0.3414037420728362,0.15,0.04945661340210193]}
{"id": 8, "drone": 0, "position":(8.333333333333334,16.666666666666668,5.0), "time":297.98795075144733,"sensors":[15,22,29,9],"power":[0.04490164638874791,0.03086800726833871,0.031751311614815966,0.03678556515286897]}
{"id": 9, "drone": 0, "position":(16.666666666666668,41.666666666666664,1.0), "time":72.61721023249243,"sensors":[39,1,7,28,31,3,12,33,13,18,32,35,38,26],"power":[0.018167177377075332,0.006205075350966929,0.006372860938268615,0.010417435806665987,0.02120831070249738,0.0352199007710214,0.01525405768001785,0.027140047560054184,0.011909490440676122,0.02098932157599058,0.015708617050053178,0.007303978477555395,0.02594324029533956,0.012874743543709597]}
{"id": 10, "drone": 2, "position":(8.333333333333334,25.0,5.0), "time":293.4287469389875,"sensors":[39,7,12,22,29,9],"power":[0.024968677811324464,0.05829562156075981,0.02228245411900709,0.07332203334756021,0.0809103728089779,0.16357281315808875]}
{"id": 11, "drone": 2, "position":(8.333333333333334,41.666666666666664,1.0), "time":518.7994874579422,"sensors":[39,7,5,3,12,33,18,38,26],"power":[0.15586165484392853,0.03688253425244775,0.15,0.38397342167491505,0.26233565701618505,0.8772172761097505,1.0448323630706144,0.08281526305954137,0.859927088431076]}
{"id": 12, "drone": 2, "position":(16.666666666666668,33.333333333333336,1.0), "time":41.45865758661586,"sensors":[39,1,7,28,31,3,12,19,33,18,35,38,9,26],"power":[0.02003870688963768,0.022380068384058937,0.028910520672577742,0.0364961994676843,0.0074469888201105896,0.003836606387065712,0.01068041054403742,0.004199154777791862,0.003987800400447609,0.007612084097084142,0.004441893596717524,0.11314024947897959,0.004070010330574,0.006001905574884071]}
