LP RESULTS :
 Obj = 0.1*lambda1+0.9*lambda2 = 113.19304108512593 (lambda1 = 1104.9304108512592, lambda2 = 3.0) Resol time = 3888 ms

{"id": 0, "drone": 0, "position":(8.333333333333334,8.333333333333334,1.0), "time":305.05646044121625,"sensors":[20,14,0,18,16,23,31,11,32],"power":[0.2794223933620558,0.021841989937222642,0.07031146241921288,0.021980362037454293,0.02655699266305766,0.04496920680429935,3.0505646044121626,0.02934488191954571,0.05386335413333341]}
{"id": 1, "drone": 0, "position":(8.333333333333334,41.666666666666664,4.0), "time":250.20659388108112,"sensors":[7,3,4],"power":[0.029420929751892182,0.11745897010164008,0.06482432865593289]}
{"id": 2, "drone": 0, "position":(8.333333333333334,16.666666666666668,1.0), "time":99.33213731123222,"sensors":[20,19,14,5,21,0,18,16,23,15,31,26,32,24],"power":[0.06665666467450812,0.007030632408014368,0.017276014651873617,0.011017661780676076,0.00795960074698301,0.009892733759587673,0.026761863517947192,0.04380030526184568,0.24267071847276175,0.02546038997553809,0.023315747515143755,0.007965287345863556,0.04292268839293443,0.00712328853737121]}
{"id": 3, "drone": 4, "position":(41.666666666666664,16.666666666666668,1.0), "time":433.6109956661971,"sensors":[36,2,34,30,37,22,6,35,38],"power":[0.3041724679383338,0.031073410451591833,0.07932318018171707,0.09075152889718377,0.0456083708601324,0.060088502718284934,0.03717375815849668,0.0392341196265284,0.035504974925703967]}
{"id": 4, "drone": 4, "position":(33.333333333333336,8.333333333333334,1.0), "time":53.23994266939098,"sensors":[39,33,22,6],"power":[0.004794258335592359,0.09812855021071946,0.0657607365771249,0.0711068073240417]}
{"id": 5, "drone": 4, "position":(25.0,25.0,1.0), "time":253.41238474888715,"sensors":[14,5,2,21,34,12,18,28,16,30,1,29,25,35,10,24],"power":[0.0319192444148435,0.06040689355339075,0.06041203562828651,0.09242111647950997,0.04115051995889398,0.08877288008760947,0.027103883351045133,0.0499339459251366,0.017937637675398944,0.03463838224796012,0.14109503529962145,0.8447770894443265,0.08197724695732454,0.04350470202302092,0.06521841765720676,0.07392136176642815]}
{"id": 6, "drone": 3, "position":(8.333333333333334,33.333333333333336,1.0), "time":669.4133896247672,"sensors":[7,19,3,28,15,26,4,24],"power":[0.4080778057641642,0.3017650941472531,0.14841658059753837,0.09993614894288125,0.12073192942587259,0.16149089821491228,0.0851756713440671,0.05301934761416113]}
{"id": 7, "drone": 3, "position":(16.666666666666668,16.666666666666668,1.0), "time":57.03957813440019,"sensors":[20,39,19,14,5,21,18,28,16,23,15,1,29,31,10,11,24],"power":[0.01261065130424387,0.004747572463396425,0.00390960053202022,0.33861512413684763,0.018793686760449846,0.016997006555391977,0.10556511536174434,0.003954989343541401,0.04381224961152363,0.007826398491049406,0.005823500151615224,0.01546854818356701,0.005881618340183216,0.005296327877489857,0.024524154091763076,0.006841340000174108,0.010815157037086236]}
{"id": 8, "drone": 3, "position":(33.333333333333336,41.666666666666664,2.0), "time":253.41238474888706,"sensors":[17,12,9,8,13,27,25],"power":[0.07691016667356765,0.016013372308261897,0.11440728148879326,0.44581312276384655,0.04651159083744175,0.054340366807105266,0.02088981186332417]}
{"id": 9, "drone": 2, "position":(33.333333333333336,41.666666666666664,1.0), "time":433.6109956661971,"sensors":[17,12,9,8,13,27,25],"power":[0.13937763667305386,0.028411080217772416,0.22155758563615668,1.0929082744468213,0.0823295216041046,0.09565963319289472,0.0357809619378239]}
{"id": 10, "drone": 2, "position":(25.0,8.333333333333334,1.0), "time":364.3569291835511,"sensors":[39,14,33,1,22,6,10,11],"power":[0.2618824586915533,0.035435814257834784,0.06565077033216338,0.03288877473365537,0.08323019696313376,0.04171943451746162,0.055596646907245306,0.17334917727289176]}
{"id": 11, "drone": 2, "position":(41.666666666666664,25.0,3.0), "time":253.41238474888718,"sensors":[36,17,2,34,12,13,30,37,35,38],"power":[0.17200107806223772,0.020936062337469852,0.0439720795569973,0.051055351282696296,0.02025920630077186,0.03468197233045993,0.059362519837108434,0.059962766462169144,0.059309018256663265,0.1333286662831509]}
{"id": 12, "drone": 1, "position":(41.666666666666664,25.0,1.0), "time":164.49464568728786,"sensors":[36,17,2,34,12,13,30,37,25,35,38],"power":[0.18574637974018043,0.015260881629800301,0.031085706999996948,0.03641745969507744,0.014527625973919003,0.024448707865658365,0.04408136278157435,0.04442886267769848,0.011351979241527347,0.04360595457619927,0.12792745414262252]}
{"id": 13, "drone": 1, "position":(8.333333333333334,8.333333333333334,4.0), "time":364.3569291835509,"sensors":[20,0,16,23,31,11,32],"power":[0.1595986838521812,0.06979580382119945,0.027121626667247288,0.04607154848805099,0.38282223003373284,0.0305185397434935,0.05321395747373216]}
{"id": 14, "drone": 1, "position":(16.666666666666668,25.0,2.0), "time":25.73292103197249,"sensors":[19,14,5,21,18,28,16,23,15,1,29,10,24],"power":[0.008885683458000228,0.0061409525211065675,0.05978175790548332,0.03553674417228096,0.009378978830404675,0.013900035625367546,0.008126477085318554,0.0020343343261972823,0.004675669285864606,0.005742419424548258,0.007742517434875542,0.004660781343784843,0.07460349458658132]}
