LP RESULTS :
 Obj = 0.1*lambda1+0.9*lambda2 = 149.85828381720071 (lambda1 = 1471.5828381720073, lambda2 = 3.0) Resol time = 2771 ms

{"id": 0, "drone": 0, "position":(33.333333333333336,41.666666666666664,1.0), "time":511.6697142343115,"sensors":[17,28,37,26,30,10,38,11,7],"power":[0.16705819350735254,0.08435733012527603,0.03380211831783323,0.06284717131378985,0.13803736069227418,0.0349402918366759,0.15830022419335463,0.056115940179359225,0.20729974471451013]}
{"id": 1, "drone": 0, "position":(16.666666666666668,41.666666666666664,1.0), "time":290.92477950636663,"sensors":[22,27,36,28,34,37,6,20,4,7],"power":[0.026084173532296997,0.07296999376185666,0.032123503129790905,0.08249707515823329,0.0803415629486797,0.09584644550831499,0.09092358290699713,0.027842572607907765,0.09373794940238492,0.02484042687115721]}
{"id": 2, "drone": 0, "position":(25.0,25.0,1.0), "time":101.02696719043504,"sensors":[25,18,8,21,26,14,23,15,24,4],"power":[0.03423935303367961,0.007375718790681592,0.010893810012965152,0.009810129377395817,0.009592225790452154,0.006811878747766245,0.007209388813011933,0.02865654922569733,0.012566219623665095,0.006636812475950911]}
{"id": 3, "drone": 2, "position":(8.333333333333334,33.333333333333336,1.0), "time":12.007373815039337,"sensors":[22,36,13,20,4],"power":[0.00869365502899872,0.001745349843145711,0.011211006455371916,0.005029116042356793,0.0026401162698877195]}
{"id": 4, "drone": 2, "position":(8.333333333333334,41.666666666666664,1.0), "time":833.3584231242505,"sensors":[22,27,36,34,13,6,20,4],"power":[0.08327156088870541,0.05971585534619923,1.3949439180501064,0.110255199269105,0.13878899354462806,0.14125202176850798,0.6102874015993229,0.11278105675127999]}
{"id": 5, "drone": 2, "position":(33.333333333333336,16.666666666666668,1.0), "time":232.2480110226611,"sensors":[25,18,8,19,39,14,23,15,24,3,9],"power":[0.10025985068488605,0.06859126952825957,0.027159022733328177,0.036846219169558526,0.07003909905895234,0.01628905901081404,0.022226292298043713,0.016046607085089204,0.2199917091733927,0.01702517912715489,0.13512576000439264]}
{"id": 6, "drone": 4, "position":(8.333333333333334,8.333333333333334,1.0), "time":398.4641568720168,"sensors":[16,29,21,33,1,35,14],"power":[0.16801699997885572,0.043872232342625106,0.027761302617693898,0.041302987082811014,0.10453873307989453,0.08814538205624392,0.025707878741689772]}
{"id": 7, "drone": 4, "position":(41.666666666666664,25.0,1.0), "time":156.89811289955833,"sensors":[25,12,8,19,26,23,10,3,38],"power":[0.015500796281434439,0.02971724058178812,0.061555568814668525,0.04018991664532071,0.030093049673895127,0.09999925704990024,0.04351935115168135,0.2566252147761358,0.014558704481687727]}
{"id": 8, "drone": 4, "position":(16.666666666666668,8.333333333333334,1.0), "time":582.945590187336,"sensors":[16,18,29,0,21,33,31,1,14,15],"power":[0.07104793064284096,0.055267444290789336,0.16178738786732066,0.10757941255710063,0.057805817329467366,0.9474018268105806,0.09397958103173747,0.8313745720009437,0.23641011213174523,0.05590863596720784]}
{"id": 9, "drone": 3, "position":(25.0,8.333333333333334,1.0), "time":156.89811289955833,"sensors":[18,29,0,39,33,31,1,14,15,24,9],"power":[0.09693120860926555,0.018374126530446466,0.042420587442899366,0.06666720408649959,0.08435400178032135,0.056080464603266454,0.02175635398560682,0.07501251587919314,0.014366901531760293,0.0344808086419151,0.01586980513853148]}
{"id": 10, "drone": 3, "position":(41.666666666666664,8.333333333333334,1.0), "time":1082.4367142497879,"sensors":[2,5,19,39,32,9],"power":[0.1981881193310507,0.1996267317368204,0.18725967951506706,0.11311678437483075,0.14999999999999997,0.31645064301922643]}
{"id": 11, "drone": 3, "position":(16.666666666666668,25.0,2.0), "time":133.23832734548037,"sensors":[22,21,15,4],"power":[0.035056707922106176,0.054622750675442935,0.03922435616254789,0.018747234212485475]}
{"id": 12, "drone": 1, "position":(25.0,41.666666666666664,1.0), "time":101.02696719043547,"sensors":[17,27,28,34,37,30,6,4,38,7],"power":[0.024318834351679836,0.017314150891944113,0.5515074646065896,0.010065092762612157,0.035654721415148714,0.011962639307725832,0.009637202141708143,0.012108008598784279,0.008520995519813319,0.06753032320183947]}
{"id": 13, "drone": 1, "position":(41.666666666666664,33.333333333333336,1.0), "time":701.9880438477023,"sensors":[12,8,26,23,10,3,38,11],"power":[0.12028275941821188,0.15495709079533365,0.2140495306757169,0.21348207999407284,2.9112031766643574,0.09619118593602814,0.2371571481090245,0.10576824172056674]}
{"id": 14, "drone": 1, "position":(8.333333333333334,8.333333333333334,4.0), "time":333.2749782130966,"sensors":[16,29,33,1,35],"power":[0.09777201401835339,0.03133151984458859,0.029654833687051924,0.0703486372993586,0.06185461794375608]}
