LP RESULTS :
 Obj = 0.1*lambda1+0.9*lambda2 = 124.53801765538317 (lambda1 = 1227.3801765538317, lambda2 = 2.0) Resol time = 94 ms

{"id": 0, "drone": 1, "position":(33.333333333333336,25.0,2.0), "time":345.71620731002776,"sensors":[4,38,13,7,24,17],"power":[0.3666806644432634,1.340416684321013,0.7754851293771954,0.09491764273616815,0.12356205851457912,0.14317384982184125]}
{"id": 1, "drone": 1, "position":(8.333333333333334,25.0,1.0), "time":205.47747764353002,"sensors":[36,21,26,27,34],"power":[0.05065393798183622,0.05484395783430351,0.034285788570520885,0.07993466186018347,0.018690585986047274]}
{"id": 2, "drone": 3, "position":(25.0,41.666666666666664,1.0), "time":649.2582344017353,"sensors":[33,12,14,7,37,25,10,19,8,15,20],"power":[0.07808935647940222,0.11217881349620948,0.21671210315570308,0.053830882608294384,0.09197827782255735,0.09352148984012704,0.14840487849138342,0.18524952945677614,0.403872186973862,0.05983300329295506,0.15574275710299432]}
{"id": 3, "drone": 3, "position":(8.333333333333334,41.666666666666664,1.0), "time":578.1219421520963,"sensors":[32,18,33,12,26,27,37,11,15],"power":[2.614324408025036,0.500061836198735,0.15128588889505556,0.15900695037781518,0.15022067004506476,0.07006533813981652,0.19411702941055559,0.15,0.3167959759612856]}
{"id": 4, "drone": 0, "position":(8.333333333333334,8.333333333333334,2.0), "time":969.4996651768824,"sensors":[23,36,35,21,9,34,29,16],"power":[0.2345608685789339,0.17130770337412682,0.1369164269371254,0.12687100048626226,0.5087244698032337,0.22699619415428884,0.1351734646892768,0.22125128757397147]}
{"id": 5, "drone": 0, "position":(41.666666666666664,8.333333333333334,1.0), "time":162.19136025460386,"sensors":[6,0,28,39,2,3,30,17,31],"power":[0.032532618900236634,0.09731550335113198,0.03584412964850233,0.04137173380881689,0.20406417974407598,0.025649174032659736,0.011303620530905258,0.010733562855980844,0.01776315068181199]}
{"id": 6, "drone": 4, "position":(16.666666666666668,8.333333333333334,1.0), "time":52.403033733419306,"sensors":[36,35,21,9,30,29,16],"power":[0.005439358195120087,0.013083573062874589,0.005923254818848849,0.009951290597217019,0.004636970024714944,0.06358915231833025,0.04322538933631703]}
{"id": 7, "drone": 4, "position":(41.666666666666664,41.666666666666664,1.0), "time":559.7745310915335,"sensors":[22,25,24,5,1,19],"power":[1.9456270879013067,0.057368336022799164,0.03991579825866132,0.2860050889087855,0.15,0.09148697933175169]}
{"id": 8, "drone": 2, "position":(33.333333333333336,41.666666666666664,1.0), "time":18.347411060562763,"sensors":[14,22,7,25,24,5,10,19,8,20],"power":[0.0020471324230808365,0.005460562290689361,0.0012514746555374512,0.005364913306548794,0.001399772567272928,0.001780880589639726,0.0015951215086165672,0.08300268477245831,0.003970969896829244,0.001161103026941243]}
{"id": 9, "drone": 2, "position":(33.333333333333336,8.333333333333334,1.0), "time":719.4726089891999,"sensors":[6,0,28,39,2,3,30,17,31],"power":[0.7319692947257862,0.05268449664886802,3.2168729624966437,0.1312118181894289,0.3135733196341255,0.30171021539695486,0.46843268591774945,0.07312631589610204,0.31715666678578275]}
