LP RESULTS :
 Obj = 0.1*lambda1+0.9*lambda2 = 118.75037720346427 (lambda1 = 1151.5037720346427, lambda2 = 4.0) Resol time = 877233 ms

{"id": 0, "drone": 1, "position":(41.666666666666664,41.666666666666664,1.0), "time":366.0385461155349,"sensors":[9,23,38,20,21],"power":[0.05155165001094095,0.14500803568540915,0.07778257105913093,0.028721573939247284,0.16537736650872872]}
{"id": 1, "drone": 1, "position":(8.333333333333334,8.333333333333334,1.0), "time":629.4952087052533,"sensors":[32,8,29,37],"power":[0.06277873331030116,0.05117777786785114,0.11111742159313766,0.14830352531323232]}
{"id": 2, "drone": 1, "position":(16.666666666666668,25.0,1.0), "time":44.533972468616895,"sensors":[32,10,8,4,12,11,28,34,27,31,25,1,5,22,24],"power":[0.006866383050402388,0.005022357029775271,0.003799958706468412,0.004709618942606976,0.005610569341553675,0.011610987815187709,0.05980267116089558,0.024171529142154674,0.07952880737617181,0.00880943331646125,0.004056280312253372,0.01731020414380151,0.004135441924798646,0.009483540687107295,0.005774247032945382]}
{"id": 3, "drone": 1, "position":(25.0,25.0,1.0), "time":67.6515377622557,"sensors":[8,16,12,28,34,27,31,20,25,35,1,5,22,24],"power":[0.004828480733545551,0.008981440898256518,0.09551964995441559,0.00663311788015977,0.018435676189815984,0.007615297247903701,0.005152898651187401,0.007409220721099522,0.07565549648189579,0.007416917607225433,0.0043824285309067715,0.0723575367970873,0.010194633527875828,0.024193814492796173]}
{"id": 4, "drone": 2, "position":(16.666666666666668,41.666666666666664,1.0), "time":282.093649111793,"sensors":[36,2,4,16,3,33,30,34,39,15,19,31,6,35,1,22],"power":[0.4537928305245767,0.1923558215114534,0.0460642364122004,0.033957077371783904,0.04008341821680107,0.0568529852072919,0.36921401712742213,0.022520085950431697,0.029229357254609782,0.025843696359518033,0.0927319834390834,0.0642835504570461,0.32752735458641447,0.03670346977509784,0.019946062725083993,0.05418065513870281]}
{"id": 5, "drone": 2, "position":(25.0,8.333333333333334,1.0), "time":253.13461118032131,"sensors":[8,26,0,17,29,7,24,13],"power":[0.07161677982026275,0.059883263819115136,0.028169086724249667,0.016923863508127034,0.03319122817056136,0.04661803247053752,0.033219563948898384,0.1106045845577134]}
{"id": 6, "drone": 2, "position":(25.0,41.666666666666664,1.0), "time":279.9784353525739,"sensors":[36,2,16,33,30,34,15,31,6,20,35,22],"power":[0.03713866414836063,0.020183170661525168,0.09776572138257285,0.0931470147927081,0.04361835460873411,0.017874402708237685,0.12415630364048194,0.022136141524721875,0.04203836044202283,0.03891116364817853,0.14059032291275758,0.03751460698829481]}
{"id": 7, "drone": 2, "position":(8.333333333333334,41.666666666666664,1.0), "time":258.60842735563574,"sensors":[36,2,4,3,30,39,19,31,6,1],"power":[0.0786998904488184,0.275084480931342,0.06838131556703489,0.10991658178319895,0.05754925043009652,0.24496896429490445,0.3580481764818251,0.03289250197077804,0.05705265775809414,0.018682396835758987]}
{"id": 8, "drone": 4, "position":(41.666666666666664,33.333333333333336,1.0), "time":199.97945323129036,"sensors":[14,9,23,20,21],"power":[0.031949610108540236,0.04106820065951449,0.4614678710860698,0.030252356312527318,0.034044786095567374]}
{"id": 9, "drone": 4, "position":(33.333333333333336,8.333333333333334,1.0), "time":152.67308711032126,"sensors":[26,0,17,7,24,13],"power":[0.09011673618088484,0.30892008261004855,0.08135544596864878,0.2368469480965991,0.010149622564544528,0.02023096732265181]}
{"id": 10, "drone": 4, "position":(41.666666666666664,41.666666666666664,5.0), "time":462.5160881615972,"sensors":[9,23,38,21],"power":[0.04945945347270488,0.11531175089733503,0.07221742894086906,0.12150747916802472]}
{"id": 11, "drone": 4, "position":(16.666666666666668,33.333333333333336,1.0), "time":120.33421376976727,"sensors":[36,2,4,16,12,11,28,30,34,27,19,31,6,35,1,5,22],"power":[0.014157968852337223,0.016491374934234027,0.03988268124966562,0.022389291566013526,0.011709765444006,0.016372438435572265,0.028253909830122693,0.012078610310053311,0.08662349173780073,0.03030641292423231,0.00964959889126015,0.6343125030944141,0.01094215581910037,0.01941189045259866,0.04961461525811115,0.00761166268249774,0.3123794893794766]}
{"id": 12, "drone": 3, "position":(41.666666666666664,25.0,1.0), "time":119.26573460419434,"sensors":[14,9,23,18,20,25],"power":[0.03715014579906289,0.007920695856839678,0.01465673518131603,0.017799221602931466,0.007712587313329829,0.00798036356987274]}
{"id": 13, "drone": 3, "position":(41.666666666666664,16.666666666666668,1.0), "time":745.6960737440004,"sensors":[0,17,14,18],"power":[0.11932609442020783,0.2226300246996375,0.08090024409239686,0.17295993910188803]}
{"id": 14, "drone": 3, "position":(16.666666666666668,8.333333333333334,1.0), "time":123.64573079379585,"sensors":[8,29,13],"power":[0.05204143933974257,0.06531271165884013,0.01916444811963478]}
{"id": 15, "drone": 3, "position":(8.333333333333334,25.0,1.0), "time":98.30353621400036,"sensors":[32,10,4,11,28,34,27,31,1,22],"power":[0.05981860867805021,0.1630971543483902,0.015681504704440186,0.4831861230286938,0.05355437069018736,0.00947533174960737,0.04147970383850101,0.010878472415382747,0.039140024913615915,0.0063231338836326825]}
{"id": 16, "drone": 0, "position":(33.333333333333336,25.0,1.0), "time":114.8861150467673,"sensors":[16,12,20,25,5,24],"power":[0.008298876247416898,0.03423253878923302,0.02105138845928029,0.0713512413178405,0.0627068136018335,0.016474089223917555]}
{"id": 17, "drone": 0, "position":(8.333333333333334,16.666666666666668,1.0), "time":13.839401067681727,"sensors":[32,10,8,11,28,27,37,1],"power":[0.020536274961246225,0.004018896825123951,0.0012747707164896989,0.0023214249897093348,0.0017559304386345342,0.0016573412613270487,0.0016964746867676548,9.242675927216312E-4]}
{"id": 18, "drone": 0, "position":(25.0,16.666666666666668,1.0), "time":19.203310056717555,"sensors":[8,12,25,5,24],"power":[0.006728652261517116,0.0021381636686863235,0.004662131868519056,0.002354056098911523,0.060188662736896596]}
{"id": 19, "drone": 0, "position":(33.333333333333336,33.333333333333336,1.0), "time":3.703949922026388,"sensors":[16,12,23,20,25,35,5],"power":[8.54124038995654E-4,7.893128021055016E-4,6.212234356406472E-4,0.015941709606337378,4.708359991153201E-4,8.42592308411985E-4,8.344888948714915E-4]}
