LP RESULTS :
 Obj = 0.1*lambda1+0.9*lambda2 = 138.10410109910958 (lambda1 = 1354.0410109910958, lambda2 = 3.0) Resol time = 1858 ms

{"id": 0, "drone": 4, "position":(8.333333333333334,25.0,1.0), "time":694.956025655816,"sensors":[17,13,36,23,32,12,1,30,19],"power":[0.07420458838415092,0.15,0.05099901850842168,0.05546329652898616,0.4149156851659008,0.1912134145595216,0.07654070662565575,0.10014402833835816,0.0599658454759646]}
{"id": 1, "drone": 4, "position":(41.666666666666664,33.333333333333336,1.0), "time":91.25973338574408,"sensors":[29,20,4,5,31,28,11,37],"power":[0.010763712775363093,0.02057128006087252,0.06123304436180986,0.07068992613995677,0.007750437960841944,0.012929534705031859,0.028356045662067918,0.013338533478952318]}
{"id": 2, "drone": 4, "position":(41.666666666666664,41.666666666666664,1.0), "time":567.8252519495358,"sensors":[35,16,29,20,4,5,28,37],"power":[0.13758649728969924,0.16150813721875612,0.1875183127358373,0.05797804048262344,0.040658465894506356,0.08038870643783962,0.22330360095291021,0.5073016391623741]}
{"id": 3, "drone": 1, "position":(25.0,41.666666666666664,2.0), "time":632.5124812358446,"sensors":[7,14,28,22,26,0,21],"power":[0.5317680998777347,0.10534775762728014,0.07706511320289232,1.0104331038692618,0.09624177119195888,0.9233872755928134,0.10578887922704022]}
{"id": 4, "drone": 1, "position":(25.0,25.0,1.0), "time":459.78134816274553,"sensors":[39,17,36,14,12,24,26,21],"power":[0.09732584227604983,0.19054466480643328,0.4514623327000216,0.11626629087172967,0.07678429039594308,0.03857807063101783,0.0714433543945472,0.08095816241914115]}
{"id": 5, "drone": 0, "position":(8.333333333333334,8.333333333333334,1.0), "time":562.495866610727,"sensors":[9,33,10,8,23,32,6,30,19],"power":[0.262388200779959,0.340734276004634,0.14892869398151107,0.1531837116634403,0.4727247539514757,0.05628668445541707,0.15,0.17196689344410038,0.43087605078164226]}
{"id": 6, "drone": 0, "position":(41.666666666666664,8.333333333333334,1.0), "time":459.78134816274553,"sensors":[27,34,3,25],"power":[0.05888021356202535,0.07778323669484995,0.2632425412715257,0.5203671539476837]}
{"id": 7, "drone": 3, "position":(33.333333333333336,8.333333333333334,1.0), "time":102.7145184479815,"sensors":[39,2,38,34,3,24,25],"power":[0.012947556336522835,0.043178364633904225,0.019814704541761218,0.04127045011350334,0.006814725385828569,0.010639308849697783,0.012406227723288381]}
{"id": 8, "drone": 3, "position":(25.0,8.333333333333334,1.0), "time":791.5451443803688,"sensors":[39,2,10,38,34,24],"power":[0.1698380597321914,1.7529351671074307,0.10636949392562926,0.1301852954582388,0.09106690638107987,0.44818647879846985]}
{"id": 9, "drone": 3, "position":(41.666666666666664,41.666666666666664,4.0), "time":62.44354441997143,"sensors":[35,16,29,20,4,5,28,37],"power":[0.012413502710300752,0.014055570030475358,0.01585292426311119,0.0054827795787845985,0.00403825216015561,0.00737905452439412,0.017693472675695536,0.0267662014740189]}
{"id": 10, "drone": 2, "position":(8.333333333333334,41.666666666666664,1.0), "time":659.0849853352797,"sensors":[18,7,15,1],"power":[0.16751488202853024,0.05026485924320289,0.15,0.14235863136552768]}
{"id": 11, "drone": 2, "position":(41.666666666666664,25.0,1.0), "time":632.5124812358446,"sensors":[27,20,4,5,31,11],"power":[0.18007154523734958,0.06596789987771945,0.6669045106624011,0.13158242049767346,0.39119126719351416,0.26317761202360046]}
