LP RESULTS :
 Obj = 0.1*lambda1+0.9*lambda2 = 179.44375620285302 (lambda1 = 1776.43756202853, lambda2 = 2.0) Resol time = 99 ms

{"id": 0, "drone": 3, "position":(8.333333333333334,25.0,1.0), "time":510.07233099743416,"sensors":[38,26,22,20,9,17],"power":[0.06762978447777945,0.04123693981371085,0.12888022704833926,1.2300474869396014,0.0750616475247221,0.055916491085321436]}
{"id": 1, "drone": 3, "position":(41.666666666666664,8.333333333333334,1.0), "time":312.37737309858437,"sensors":[4,11,39],"power":[0.15000000000000002,0.040556741695151076,0.896537636150269]}
{"id": 2, "drone": 1, "position":(8.333333333333334,41.666666666666664,1.0), "time":819.8902216548886,"sensors":[38,1,3,9,33,17,29],"power":[0.08549602208518421,0.1535397793635435,0.09709414284626028,0.12088934840163071,0.13995510191619615,0.2663843556178761,0.11178250009615108]}
{"id": 3, "drone": 1, "position":(33.333333333333336,16.666666666666668,1.0), "time":956.5473403736414,"sensors":[5,19,18,11,35,36,21,39],"power":[0.10566054087864482,0.45845283114737695,0.3034914578865567,0.2895665896988431,0.26119973818596354,0.9496701407346851,0.11466014208135683,0.06623223975111642]}
{"id": 4, "drone": 2, "position":(25.0,41.666666666666664,1.0), "time":510.07233099743405,"sensors":[1,3,37,34,25,13,33,15,2,30,7,8,29,16],"power":[0.033106597224781986,0.05579476067271476,0.08693973107764884,0.19929464259178656,0.4162014801788264,0.0725430671827335,0.13254524963792252,0.18572475543192143,0.1263355512409093,0.15,0.09939800209116915,0.08162237567367847,0.1650407149390485,0.04396471622778678]}
{"id": 5, "drone": 2, "position":(16.666666666666668,33.333333333333336,1.0), "time":446.4750093762073,"sensors":[37,34,22,13,33,7,17,29],"power":[0.3829769611265772,0.08166390457286749,0.12836830853311187,0.0774569328172665,0.071719473070155,0.08181936691044564,0.18284952794976958,0.12688491841094185]}
{"id": 6, "drone": 0, "position":(41.666666666666664,41.666666666666664,1.0), "time":1266.365231031096,"sensors":[23,27,25,2,12,24,31,8,16],"power":[0.12657127571603413,0.33569637480029485,0.1041001699584101,0.1473162629640767,0.3876788255550696,0.15,0.17795436757857977,0.12916425928609,0.9143939552770138]}
{"id": 7, "drone": 0, "position":(25.0,8.333333333333334,1.0), "time":507.5128485563042,"sensors":[6,28,0,10,18,11,35,36,21],"power":[0.09557688105608901,0.05070481613970138,0.03425434104144611,0.07893973651980506,0.16069437314813975,0.17009058926442552,0.04208113525007967,0.098028850133279,4.047486646278703]}
{"id": 8, "drone": 4, "position":(41.666666666666664,25.0,1.0), "time":200.13783116302176,"sensors":[23,5,27,19,31],"power":[0.052352211605271405,0.04433945912135518,0.01799446410650174,0.030041143017796517,0.058712511849339476]}
{"id": 9, "drone": 4, "position":(8.333333333333334,8.333333333333334,1.0), "time":488.6734656591802,"sensors":[26,6,28,0,10,32,14],"power":[0.11900966548407954,0.08135775269905059,0.1846742196946524,0.6665294988850096,0.10253379294265105,1.1190057889699614,0.15]}
