LP RESULTS :
 Obj = 0.1*lambda1+0.9*lambda2 = 139.3388168312648 (lambda1 = 1366.388168312648, lambda2 = 3.0) Resol time = 75839 ms

{"id": 0, "drone": 1, "position":(16.666666666666668,8.333333333333334,3.0), "time":286.44607190836757,"sensors":[2,35,22,9],"power":[0.051855488566520794,0.07118428624596246,0.3201274133291684,0.0627890039883091]}
{"id": 1, "drone": 1, "position":(25.0,41.666666666666664,1.0), "time":364.48480006579416,"sensors":[39,37,25,28,33,3,10,5,32,16,36],"power":[0.4044491121627775,0.06530905789805415,0.11112557765276479,0.04817031338177088,0.05335457889214258,0.031328517854659024,0.1637980679696309,1.1997560819037976,0.07257206302596972,0.10174816609836292,0.14351880759298258]}
{"id": 2, "drone": 1, "position":(41.666666666666664,33.333333333333336,1.0), "time":215.76961599619503,"sensors":[38,29,3,21,10,8,15,26],"power":[1.516582423128049,0.05866898055853396,0.04713086229420867,0.07629559545779993,0.013951607495229326,0.24180295473117425,0.01988055628145784,0.015439326707591437]}
{"id": 3, "drone": 2, "position":(41.666666666666664,41.666666666666664,1.0), "time":315.36782845345834,"sensors":[38,3,19,21,10,8],"power":[0.0664694511508586,0.026353999548546073,0.11407757766608127,0.0205653663875702,0.03565632208595897,0.04227317104994788]}
{"id": 4, "drone": 2, "position":(41.666666666666664,16.666666666666668,1.0), "time":835.2507238629945,"sensors":[29,23,20,21,15,6,12,26],"power":[0.08830731544086642,0.10121485505772723,0.07464546392712841,0.05313903815462986,0.055531170980880014,0.367090685605746,0.1488236792864013,0.054029109436136126]}
{"id": 5, "drone": 3, "position":(8.333333333333334,41.666666666666664,1.0), "time":537.244050934049,"sensors":[39,37,25,1,28,33,31,14,13,32,7,18,36,0],"power":[0.03725026969043248,0.12186513517978173,0.06399086385186543,0.18468137788098915,0.1647828305030351,0.15128913237766806,5.372440509340491,0.1106261383338867,0.08681317702312624,0.09779028738989815,0.1627253232981878,0.19202962762105305,0.06480331852454414,0.03437919850521019]}
{"id": 6, "drone": 3, "position":(33.333333333333336,41.666666666666664,1.0), "time":464.6593173128058,"sensors":[38,39,3,19,10,8,5,16],"power":[0.03605677269555269,0.04124494626044889,0.08545327828445366,0.0359224223339188,0.8705769982875354,0.05541008536634957,0.08076786350614001,0.04825183390163709]}
{"id": 7, "drone": 3, "position":(8.333333333333334,25.0,1.0), "time":364.48480006579325,"sensors":[4,24,34,30,11,17,0],"power":[0.6471585117251409,0.2664397277304414,0.0967232744089436,0.08435670403812523,0.05635868121622523,0.06912571839456368,0.09045509873922465]}
{"id": 8, "drone": 0, "position":(33.333333333333336,25.0,1.0), "time":6.106606484394433,"sensors":[38,29,3,20,8,15,6,27,26],"power":[5.032974994921447E-4,4.463842041085172E-4,0.0015559363471859514,0.004209358096382806,0.0012898744038107044,0.030346120675650207,0.002249984901758312,8.609003831752898E-4,0.021696343803947634]}
{"id": 9, "drone": 0, "position":(8.333333333333334,25.0,1.0), "time":426.43240527595503,"sensors":[4,24,34,30,11,17,0],"power":[0.757149161501231,0.3117236546946632,0.11316230071851208,0.09869391589892422,0.06593736689397604,0.08087428160543632,0.10582878989159152]}
{"id": 10, "drone": 0, "position":(41.666666666666664,16.666666666666668,5.0), "time":215.76961599619506,"sensors":[29,23,20,6,12],"power":[0.01679861344637022,0.01982715624713672,0.015688841407244275,0.05636538838747304,0.029577131584567425]}
{"id": 11, "drone": 4, "position":(33.333333333333336,16.666666666666668,1.0), "time":309.2612219690641,"sensors":[23,35,20,15,6,27,9,12,26],"power":[0.041505964357138464,0.020760667221387325,0.1549018396706893,0.05547950336951093,0.14271392501167432,0.07751331553175012,0.03694797799138722,0.15329103168293048,0.05883522005232028]}
{"id": 12, "drone": 4, "position":(16.666666666666668,16.666666666666668,2.0), "time":575.4709629708998,"sensors":[4,24,2,35,30,22,11,27,9],"power":[0.06523471798074311,0.10022148141169347,0.9291614538759443,0.05805504653265023,0.04483830191309246,0.07040036142256438,0.04356723962397428,0.09738744411508109,0.12078771607677599]}
{"id": 13, "drone": 4, "position":(8.333333333333334,41.666666666666664,4.0), "time":464.6593173128049,"sensors":[37,25,1,28,33,31,14,13,32,7,18,36],"power":[0.08685530488944841,0.04686884423247191,0.12408689991431364,0.11544187523225959,0.10339093259518653,0.4982183489975645,0.07793417438014992,0.06318682297687374,0.07175996467771464,0.11193911008813519,0.12948788672651812,0.04754946273737043]}
