LP RESULTS :
 Obj = 0.1*lambda1+0.9*lambda2 = 128.06271841423975 (lambda1 = 1253.6271841423975, lambda2 = 3.0) Resol time = 6523 ms

{"id": 0, "drone": 2, "position":(8.333333333333334,25.0,1.0), "time":342.70687908716025,"sensors":[2,17,35,3,20,5,16,4,23,29,33],"power":[0.1392485367838987,0.04048502060235836,0.18217036690055663,0.025654771034441415,0.026704490715758627,0.06918301635078422,0.09960235072601312,0.28663576022019077,0.2269571037198284,0.12128177898781588,0.07863538380046518]}
{"id": 1, "drone": 2, "position":(16.666666666666668,8.333333333333334,2.0), "time":309.3252423299324,"sensors":[1,8,3,11,7,32,5,9,25],"power":[0.0982754749401603,0.2745805152085053,0.059641365932536244,0.07176504189129974,0.05977283554747503,0.054105167924158724,0.0329571265947405,0.2435330169953965,0.026327837219447734]}
{"id": 2, "drone": 2, "position":(8.333333333333334,8.333333333333334,5.0), "time":601.5950627253048,"sensors":[1,17,8,11,9],"power":[0.12736704325222606,0.11458241729997935,0.054624249788099835,0.3423984697689815,0.04260680437049441]}
{"id": 3, "drone": 3, "position":(8.333333333333334,41.666666666666664,1.0), "time":330.6186449648769,"sensors":[28,10,27,18,36,16,38,23,29,33],"power":[0.03183838545195492,0.05079632264209384,0.0362941632745821,0.033882920177019465,0.14304386366775548,0.030390392164099195,0.10739010891424731,0.0284972044556401,0.02956313707744547,0.06386599637341792]}
{"id": 4, "drone": 3, "position":(41.666666666666664,33.333333333333336,1.0), "time":8.883989225443429,"sensors":[39,6,0,15,26,31,13,34,30],"power":[7.622952822303606E-4,9.481745674255215E-4,0.004433229558598256,0.0020904881895794395,7.358293301311735E-4,0.009574119366135633,0.007440075190034418,8.710453527258048E-4,0.002522290228460554]}
{"id": 5, "drone": 3, "position":(25.0,25.0,1.0), "time":420.86737443624367,"sensors":[2,22,3,20,24,14,7,5],"power":[0.040526561287610424,0.08699502133885705,0.05646298836690369,0.37253321805694695,0.06731854493673363,0.9169217731197135,0.06397484191169582,0.04328110887677652]}
{"id": 6, "drone": 4, "position":(25.0,16.666666666666668,5.0), "time":45.60104188393524,"sensors":[37,8,3,20,24,14,7,32,5,9,25],"power":[0.002921159282901221,0.007881685935792051,0.009905987642437197,0.004907576867636759,0.014808107676786978,0.005634428673301813,0.013845348553549368,0.0035838883227014614,0.0045787481776987556,0.007950923660710554,0.006154461524164271]}
{"id": 7, "drone": 4, "position":(8.333333333333334,41.666666666666664,1.0), "time":16.077784180238496,"sensors":[28,10,27,18,36,16,38,23,29,33],"power":[0.0015482813741437864,0.0024701943614707745,0.0017649631471723562,0.001647705857787421,0.0069561363322445165,0.0014778663387816655,0.005222315863036092,0.001385801768761668,0.001437637425658402,0.0031057646681021023]}
{"id": 8, "drone": 4, "position":(41.666666666666664,41.666666666666664,1.0), "time":1191.9483580782237,"sensors":[12,19,6,0,15,31,13,30],"power":[0.12212978267655578,0.15,0.32542575799643697,1.1038586409171514,0.6717232188811909,0.10377194756044969,0.2110159516303956,0.16005758343505982]}
{"id": 9, "drone": 1, "position":(25.0,41.666666666666664,1.0), "time":52.794836838730355,"sensors":[12,6,22,28,10,27,15,18,38],"power":[0.02787021732344422,0.009411087484943624,0.011397123212679714,0.020165235397643595,0.015715876812852886,0.012363568232378302,0.004679371992878091,0.00918517140014341,0.0058116305038013755]}
{"id": 10, "drone": 1, "position":(41.666666666666664,8.333333333333334,1.0), "time":420.86737443624367,"sensors":[37,26,21,25],"power":[0.12508159380588882,0.031883014102350796,0.0966753580705512,0.03078658339953671]}
{"id": 11, "drone": 1, "position":(41.666666666666664,25.0,1.0), "time":52.79483683873022,"sensors":[39,0,26,31,13,34,30],"power":[0.018068170646746415,0.003392347687667547,0.052341151636185766,0.03665393307341467,0.009184247923487258,0.02669368807559524,0.005516563526619875]}
{"id": 12, "drone": 0, "position":(16.666666666666668,41.666666666666664,3.0), "time":466.4684163201789,"sensors":[22,28,10,27,18,16,38,29,33],"power":[0.05160785544846323,0.23956817570767674,0.6238018982982914,0.195473663564624,0.13357754337075156,0.04052821789144381,0.2888718092846031,0.035363675460023516,0.04893382381443178]}
{"id": 13, "drone": 0, "position":(41.666666666666664,16.666666666666668,4.0), "time":709.8592483724892,"sensors":[37,39,24,26,21,34],"power":[0.08346986484867969,0.1311695340710232,0.05391556445555159,0.2869874971672008,0.06705832191154083,0.14771524505811756]}
{"id": 14, "drone": 0, "position":(25.0,8.333333333333334,1.0), "time":77.29951944972936,"sensors":[1,37,8,3,24,7,32,9,25],"power":[0.005279570033830385,0.011883749985770981,0.02404231540888668,0.008934875237429262,0.013957782930927783,0.014054834388799857,0.11653750549476075,0.045962841108847366,0.08673111785685128]}
