LP RESULTS :
 Obj = 0.1*lambda1+0.9*lambda2 = 127.08988291613056 (lambda1 = 1234.8988291613057, lambda2 = 4.0) Resol time = 944978 ms

{"id": 0, "drone": 3, "position":(41.666666666666664,41.666666666666664,4.0), "time":79.63317291981048,"sensors":[39,35,28,19,22,14,0],"power":[0.007772244310128994,0.009632251796284318,0.010594875735606954,0.030071777230767347,0.013819520426336971,0.010792126454175995,0.013902708971756286]}
{"id": 1, "drone": 3, "position":(16.666666666666668,8.333333333333334,1.0), "time":406.65433979280385,"sensors":[6,27,7,34,12,24,18,5],"power":[0.04571846743589422,0.24703388080668834,0.07529341248273015,0.11694527093498935,0.04079399023307149,0.06338683811073305,0.06701751056207575,0.2009613128327543]}
{"id": 2, "drone": 3, "position":(25.0,8.333333333333334,2.0), "time":198.04266672366182,"sensors":[26,6,27,7,34,12,4,2,5],"power":[0.02873560932156373,0.10405206460853175,0.11134957403431112,0.03801070356254756,0.02902129017402264,0.034711857486112475,0.026441317865281186,0.013503197977618356,0.025383866195237133]}
{"id": 3, "drone": 3, "position":(41.666666666666664,16.666666666666668,1.0), "time":79.6331729198098,"sensors":[31,8,29,1,9,15,4,20,21],"power":[0.024022934575980707,0.04971697486514702,0.019517247873785816,0.09386900102184685,0.007201515057352249,0.006743039349101321,0.017004438315089587,0.02539702787014575,0.06234128586077247]}
{"id": 4, "drone": 1, "position":(8.333333333333334,41.666666666666664,5.0), "time":290.86608440135313,"sensors":[23,11,25,17,3,30,38],"power":[0.031668383690745115,0.061752073066052154,0.1609583380776758,0.12960615921551422,0.03002119832832245,0.14411616628481388,0.046449230393690616]}
{"id": 5, "drone": 1, "position":(41.666666666666664,41.666666666666664,1.0), "time":885.7146280635604,"sensors":[39,35,9,28,15,19,22,14,0],"power":[0.09831726362164014,0.12636172549495434,0.06186974685445099,0.13940512426439303,0.06420815183457326,0.6458658710262438,0.18621133218473848,0.14590904215541728,0.1846577939471534]}
{"id": 6, "drone": 1, "position":(8.333333333333334,41.666666666666664,1.0), "time":23.653359802053842,"sensors":[23,11,25,17,3,10,30,38],"power":[0.0032254205666265735,0.007091187870134685,0.09719399165849905,0.04933003731966826,0.0033626960860532835,0.001786934738341721,0.06332396757883967,0.005203168258685111]}
{"id": 7, "drone": 1, "position":(25.0,16.666666666666668,1.0), "time":3.2845423818022548,"sensors":[29,36,6,27,7,12,4,24,37,5],"power":[2.915206046043036E-4,0.001001680284929056,2.2946795557401192E-4,3.279829129126078E-4,0.0034400092726164836,0.021456612350177564,5.97907659403875E-4,5.896857750097305E-4,3.5615216311265943E-4,5.610719094372697E-4]}
{"id": 8, "drone": 0, "position":(41.666666666666664,8.333333333333334,4.0), "time":30.83690903109641,"sensors":[26,31,13,1,4,2,21],"power":[0.005891323997251372,0.02112879071020197,0.004253018929074311,0.0035983446502853727,0.0044863442887390905,0.005340628778976502,0.006202937321190936]}
{"id": 9, "drone": 0, "position":(41.666666666666664,8.333333333333334,1.0), "time":885.7146280635608,"sensors":[26,31,8,13,1,4,2,20,21],"power":[0.21720698771873498,2.0327936957327535,0.06151638616061291,0.1457469810709257,0.12503385748889434,0.14485934032384296,0.19078419377861625,0.06130635009073005,0.22404968588095914]}
{"id": 10, "drone": 0, "position":(25.0,41.666666666666664,1.0), "time":97.18119349266942,"sensors":[35,3,10,16,14,38],"power":[0.028393955625097417,0.006425379682675435,0.008749202162520493,0.0976465903950476,0.02793425704384029,0.019942685254637313]}
{"id": 11, "drone": 0, "position":(8.333333333333334,8.333333333333334,1.0), "time":42.92348411540058,"sensors":[27,34,24,18,5],"power":[0.00311366194417628,0.004033438890987981,0.0036784203283474976,0.06306101619064057,0.007386200140752955]}
{"id": 12, "drone": 2, "position":(16.666666666666668,41.666666666666664,1.0), "time":527.2367546525862,"sensors":[23,11,25,17,3,10,30,16,38],"power":[0.09389662435649226,0.08115673906381315,0.07992518262251064,0.08587924349276418,0.1101907259029488,0.09264241243171605,0.15059385858595015,0.05235340960495241,2.3459168570964195]}
{"id": 13, "drone": 2, "position":(41.666666666666664,25.0,1.0), "time":232.16411813656072,"sensors":[39,8,29,1,9,15,20,19,37,0,21],"power":[0.0768352317257105,0.2354274485284816,0.07447274095444073,0.05626136194385288,0.24338081942908937,0.19896079980505163,0.0632966220391242,0.01859031019238827,0.018826200111462136,0.03073879729788057,0.02791999790071466]}
{"id": 14, "drone": 2, "position":(33.333333333333336,25.0,1.0), "time":37.38691004137422,"sensors":[39,8,29,36,9,12,15,4,37,0],"power":[0.0028866571202683555,0.008838487798089573,0.03498075079560148,0.004485126915140828,0.0051877936695985585,0.0034859345666721614,0.004671369219884955,0.004251552117112551,0.028142111333931942,0.005234971475401238]}
{"id": 15, "drone": 4, "position":(8.333333333333334,16.666666666666668,1.0), "time":195.20894165730283,"sensors":[7,33,24,18,32,5],"power":[0.014399111318908052,0.03308880498546312,0.0495975742965397,0.019921473247283664,0.04767714620419239,0.04307986277020116]}
{"id": 16, "drone": 4, "position":(8.333333333333334,25.0,1.0), "time":393.1426303053124,"sensors":[23,33,10,24,32],"power":[0.06515606697952135,0.11691119501453687,0.04078229669950672,0.05916015771024893,0.438569220775963]}
{"id": 17, "drone": 4, "position":(25.0,25.0,1.0), "time":193.6848909086837,"sensors":[29,36,7,12,10,24,37,32],"power":[0.02073773977156775,0.32623756776077173,0.03250409507458501,0.0495516053639664,0.023752945545042026,0.020420256288915948,0.12837213356402485,0.01269937288445368]}
