LP RESULTS :
 Obj = 0.1*lambda1+0.9*lambda2 = 148.91958734767783 (lambda1 = 1462.1958734767784, lambda2 = 3.0) Resol time = 3050 ms

{"id": 0, "drone": 2, "position":(16.666666666666668,8.333333333333334,1.0), "time":879.5836629833591,"sensors":[23,4,26,36,16,38,18],"power":[0.2558482583150423,0.13424615925240546,0.6385278482871521,0.13114036640460153,0.22642963715369305,0.422221543856945,0.07641768711331987]}
{"id": 1, "drone": 2, "position":(33.333333333333336,8.333333333333334,1.0), "time":224.05213483033475,"sensors":[28,37,30,34,26,11,36,16,1,25],"power":[0.0327107606128492,0.07645929126066484,1.0161106522069572,0.018474367691639668,0.019968828040295674,0.08081473564670046,0.022557309036473214,0.0260433017703871,0.058448114300799985,0.21534881351318436]}
{"id": 2, "drone": 3, "position":(41.666666666666664,41.666666666666664,1.0), "time":714.1963270453099,"sensors":[8,2,32,15,33,12,7,29,9],"power":[0.26921659241922363,0.5406745778467864,0.1015786153042881,0.16111849319596575,0.4951425433864907,0.0488061544628569,0.07259645899025795,0.5268655665788629,0.11175346328391884]}
{"id": 3, "drone": 3, "position":(41.666666666666664,16.666666666666668,1.0), "time":695.7332073196626,"sensors":[28,37,30,10,34,6,39,24,1,25,5,27],"power":[0.18444182439337606,0.08481692116010353,0.044090610178989686,0.12965548223137746,0.22969727612557822,0.04446806066424214,0.07852141237592182,0.5490979409603218,0.2287027362438862,0.1621230930074444,0.06311129396244536,0.046422045621725194]}
{"id": 4, "drone": 4, "position":(16.666666666666668,41.666666666666664,1.0), "time":374.3019234234155,"sensors":[21,31,20,12,17,22],"power":[0.4874361243902957,0.02910485308147478,0.0643107748294748,0.030923962608070763,0.17126190809286135,0.15901947584621912]}
{"id": 5, "drone": 4, "position":(16.666666666666668,33.333333333333336,2.0), "time":714.1963270453098,"sensors":[14,21,20,17,22,3],"power":[0.1254537087568205,0.1430555727521266,0.08294766765744636,0.15292532683386442,1.1463927151989852,0.06478467791273121]}
{"id": 6, "drone": 4, "position":(25.0,8.333333333333334,1.0), "time":189.8471673443574,"sensors":[23,30,26,11,36,16,25],"power":[0.043215206504964555,0.05555371221539152,0.21822833019422694,0.024587013099414672,0.057212624688129834,0.14636686628108186,0.022554864115249467]}
{"id": 7, "drone": 1, "position":(25.0,25.0,1.0), "time":168.71290831872722,"sensors":[14,23,34,36,3,27],"power":[0.01071790049769203,0.017142560503196482,0.014270760543274016,0.026142921179134086,0.04833323366710045,0.024939820983381194]}
{"id": 8, "drone": 1, "position":(25.0,41.666666666666664,4.0), "time":373.69762300805314,"sensors":[21,31,20,12,7,17,22,3,9],"power":[0.03007225178575711,0.12089514691852524,0.263733058267696,0.13701115972559746,0.12599561391220293,0.18454425326980284,0.04272717665509844,0.036882088420168324,0.05507524338909629]}
{"id": 9, "drone": 1, "position":(41.666666666666664,41.666666666666664,3.0), "time":374.30192342341525,"sensors":[8,2,32,15,33,7,29,9],"power":[0.11569111364427187,0.1910919386378553,0.04842138469571188,0.07599331624550244,0.17804733010304533,0.034488557981819636,0.18561160354081976,0.05237921693996092]}
{"id": 10, "drone": 0, "position":(41.666666666666664,8.333333333333334,3.0), "time":352.5633639824237,"sensors":[28,37,30,11,6,39,24,1,25],"power":[0.48447816440857366,0.28524454623151446,0.050682857278866796,0.04459825125388487,0.10553193933575786,0.10264267848716808,0.04687893503493282,0.45757046862667994,0.08566134093426563]}
{"id": 11, "drone": 0, "position":(8.333333333333334,25.0,1.0), "time":579.2866381127415,"sensors":[14,4,35,13,0,18,19],"power":[0.8962423047493878,0.09390208004435725,0.156058108620366,0.16015285782144573,0.5399205637531275,0.1592401363547742,0.20775413417189859]}
{"id": 12, "drone": 0, "position":(41.666666666666664,25.0,1.0), "time":373.69762300805337,"sensors":[10,34,15,24,5,27],"power":[0.09952370956290534,0.10594098048953597,0.034608044060604685,0.07415899546769009,0.08688870603755465,0.09586819134465903]}
