LP RESULTS :
 Obj = 0.1*lambda1+0.9*lambda2 = 130.67965738044728 (lambda1 = 1279.796573804473, lambda2 = 3.0) Resol time = 4310 ms

{"id": 0, "drone": 3, "position":(41.666666666666664,16.666666666666668,1.0), "time":991.1487157181296,"sensors":[34,14,10,30,21,16,0,18,28,8],"power":[0.06722184961853608,1.184711829002538,0.06955198029204537,0.08001852916199892,0.12902043543432834,0.3872723151867294,0.065992263892345,0.2500216949579534,0.7488830416995231,0.13945956015052774]}
{"id": 1, "drone": 3, "position":(41.666666666666664,33.333333333333336,2.0), "time":58.311757223856006,"sensors":[27,3,9,12,17,16,0,18,20,33],"power":[0.0036954205143639807,0.005954310712091135,0.010723637432874744,0.01853515602365951,0.008002779924114023,0.006962764409544977,0.01683829344337003,0.010504036051404337,0.00787041787441009,0.06505548422344082]}
{"id": 2, "drone": 0, "position":(16.666666666666668,25.0,2.0), "time":280.3260405982344,"sensors":[6,4,13,2,31,1],"power":[0.45592754400348945,0.027890665266102413,0.7710373064946612,0.18739476839432562,0.25540237989127024,0.13123090576834562]}
{"id": 3, "drone": 0, "position":(16.666666666666668,16.666666666666668,2.0), "time":51.473821957754296,"sensors":[6,34,10,26,13,2,39,31,1,25],"power":[0.008358915131510667,0.004638616547167637,0.0044924542389503915,0.004727971184049194,0.009295874898748792,0.004928840118839789,0.006383140247560468,0.004692659724917682,0.057399688254148776,0.006913734315778217]}
{"id": 4, "drone": 0, "position":(41.666666666666664,25.0,1.0), "time":51.47382195776299,"sensors":[14,30,21,16,0,18,28,8,33],"power":[0.007494804132109886,0.007351774872780041,0.0038739263287221846,0.1177189352556604,0.016328898230318883,0.4733541496894456,0.011227832972629906,0.010775090708151027,0.01714192753434485]}
{"id": 5, "drone": 2, "position":(25.0,41.666666666666664,1.0), "time":590.7007093047398,"sensors":[29,38,5],"power":[0.07045575664682344,0.22070093266765417,0.14867870310208997]}
{"id": 6, "drone": 2, "position":(8.333333333333334,33.333333333333336,1.0), "time":509.3123593508085,"sensors":[6,7,15,29,37,32,36,35,4,13,2,31,24],"power":[0.034941138607170956,0.06778656478984602,0.385835484463987,0.060570196700334554,0.1726673721173725,0.6052275015193482,0.2546314353315753,0.15712975979186888,0.12210933473389761,0.06911895284243529,0.1419192215045703,0.06022032009047106,0.04882414174805678]}
{"id": 7, "drone": 2, "position":(8.333333333333334,41.666666666666664,3.0), "time":179.78350514892463,"sensors":[7,15,29,37,32,36,35,24],"power":[0.18794172122573718,0.11945913430666137,0.060988901581300395,0.24459828181917204,0.03477018407728161,0.01644346521490323,0.03205343969451284,0.1011758582519432]}
{"id": 8, "drone": 1, "position":(25.0,16.666666666666668,1.0), "time":58.311757223856006,"sensors":[6,34,14,10,30,21,22,13,1,25],"power":[0.007580199028606226,0.054100303715215174,0.0038062234604782546,0.054999614641614555,0.008124165299313669,0.021481333926785088,0.004823022279257815,0.0039017526151947355,0.014190169091020104,0.013062194681869406]}
{"id": 9, "drone": 1, "position":(41.666666666666664,41.666666666666664,1.0), "time":991.1487157181296,"sensors":[27,3,9,12,17,20,33,19],"power":[0.2782442202343262,1.4140653597068105,2.205234127607875,1.038603805270107,0.9723605155044311,1.5465122014979003,0.1168888747685651,0.15]}
{"id": 10, "drone": 1, "position":(41.666666666666664,33.333333333333336,1.0), "time":167.49317581943868,"sensors":[27,3,9,30,12,17,16,0,18,8,20,33],"power":[0.010797628454605282,0.01762537608432485,0.032224627868465354,0.010787481864270027,0.05629881378697414,0.024275623867436213,0.02063914545911564,0.050840544433966094,0.031109863704037823,0.010805298862057491,0.022254581183075977,0.23038875110820317]}
{"id": 11, "drone": 4, "position":(16.666666666666668,8.333333333333334,2.0), "time":889.6849540246283,"sensors":[26,22,23,39,1,25],"power":[0.6398844389478385,0.16332871943469765,0.18938146840154066,1.5842068255189243,0.08785895217762438,0.2688468002594431]}
{"id": 12, "drone": 4, "position":(33.333333333333336,25.0,1.0), "time":11.36910308528586,"sensors":[34,14,10,30,21,16,18,33,5],"power":[0.001178268305993494,0.00146379396979045,0.0027118045182200376,0.04371804880163766,0.0029056846416353897,0.0019224930651373256,0.0026709260942816794,9.929098582371104E-4,0.00132129689791003]}
{"id": 13, "drone": 4, "position":(33.333333333333336,8.333333333333334,1.0), "time":167.49317581943865,"sensors":[34,14,10,21,22,11,25],"power":[0.04038986859093424,0.03362660849670331,0.01824414630916964,0.02699300377453182,0.026347851638792316,0.1499999999999999,0.024370990080820495]}
