LP RESULTS :
 Obj = 0.1*lambda1+0.9*lambda2 = 110.0438071138409 (lambda1 = 1064.438071138409, lambda2 = 4.0) Resol time = 45967 ms

{"id": 0, "drone": 2, "position":(16.666666666666668,33.333333333333336,1.0), "time":1.6334120017697558,"sensors":[34,30,33,4,23],"power":[2.1001951862789102E-4,0.004331281297101448,5.76432973770311E-4,4.2923216401040653E-4,5.389886138781815E-4]}
{"id": 1, "drone": 2, "position":(41.666666666666664,41.666666666666664,1.0), "time":561.4785717470472,"sensors":[8,14,13,0,2,32],"power":[2.8256239153327662,0.15,0.11760546281224486,0.2788503076451775,0.1337977116280508,0.06273652134182638]}
{"id": 2, "drone": 2, "position":(25.0,16.666666666666668,1.0), "time":6.584233912936703,"sensors":[18,1,34,15,6,22,23,26],"power":[0.0014120765174157886,7.240644675144742E-4,7.36060349597118E-4,5.289102266507944E-4,0.006843309958205986,7.713006180509313E-4,5.653075186302659E-4,0.00110353149559479]}
{"id": 3, "drone": 2, "position":(16.666666666666668,25.0,1.0), "time":27.16284336790749,"sensors":[18,25,34,30,33,37,9,23],"power":[0.002193815394639176,0.0035992995374808973,0.004631153098227555,0.00768731480963281,0.037922990059884004,0.0033386118166519097,0.0028149142055298145,0.04316871182447978]}
{"id": 4, "drone": 0, "position":(8.333333333333334,25.0,1.0), "time":35.27007190921569,"sensors":[25,29,30,33,37,9,23],"power":[0.0688654221532149,0.007067686546878152,0.0029132766177178077,0.012043901563150671,0.0070585166935931,0.010294063624938933,0.004293113273053454]}
{"id": 5, "drone": 0, "position":(33.333333333333336,8.333333333333334,1.0), "time":330.0602394649373,"sensors":[28,1,15,11,6,22,35,27,26],"power":[0.8765254574183993,0.029668003037402593,0.1094440845789463,0.07966850090901055,0.04498265529092948,0.08630781538652699,0.04324980571038945,0.06983895743192103,0.12156436630345198]}
{"id": 6, "drone": 0, "position":(16.666666666666668,41.666666666666664,1.0), "time":522.4838890553034,"sensors":[10,30,17,4],"power":[0.06909905176244686,0.07754581217583566,0.11762200592486606,4.078964469606879]}
{"id": 7, "drone": 0, "position":(41.666666666666664,33.333333333333336,1.0), "time":176.62387070895284,"sensors":[36,8,38,13,3,0,39,24,2,32],"power":[0.07536629037651066,0.02943540683993545,0.01620728461596188,0.1383860299806719,0.05804325954427238,0.01979261138558927,0.012230934647094528,0.02538880722990182,0.024169807454275116,0.05024127907953887]}
{"id": 8, "drone": 3, "position":(8.333333333333334,8.333333333333334,1.0), "time":118.72781291613046,"sensors":[16,21,1,37,7,19,9,20,5],"power":[1.1872781291613046,0.03482709422341665,0.007520555918927973,0.025460028381982316,0.02244519875441843,0.43380062706306866,0.018762605212833898,0.06421950552495526,0.18811750503854868]}
{"id": 9, "drone": 3, "position":(25.0,16.666666666666668,5.0), "time":515.8996551423668,"sensors":[18,1,34,6,22,23,26],"power":[0.08270531480102082,0.04427848099515057,0.044852628207877755,0.18339496242256315,0.04525128508393534,0.03626298155083679,0.06610183682358262]}
{"id": 10, "drone": 3, "position":(8.333333333333334,41.666666666666664,1.0), "time":311.04602604254904,"sensors":[10,29,17,4],"power":[0.0809009482375531,0.027627775323550343,0.03237799407513395,0.06806292617565066]}
{"id": 11, "drone": 3, "position":(41.666666666666664,25.0,1.0), "time":86.58189578910012,"sensors":[18,36,38,13,15,3,39,24,35,32,12],"power":[0.006617168715067566,0.060567163498225884,0.007484549835154692,0.01196754689196119,0.007117591814266507,0.039639652408152204,0.055587086200150695,0.11827943944013757,0.014089787548118547,0.010622186121610479,0.022097140249702597]}
{"id": 12, "drone": 1, "position":(8.333333333333334,25.0,1.0), "time":181.01316781160827,"sensors":[25,29,30,33,37,9,23],"power":[0.3534313241187359,0.03627280188832341,0.014951526910462563,0.06181174737518598,0.03622574034005758,0.05283122391132885,0.022033128691365592]}
{"id": 13, "drone": 1, "position":(33.333333333333336,33.333333333333336,1.0), "time":172.15378993949133,"sensors":[18,36,8,38,13,34,3,2,32],"power":[0.024600783742920053,0.014280717926048068,0.011852279929044337,0.105844769961409,0.013127401886581862,0.028330927071221774,0.06086753414622913,0.052638321045880745,1.037056839001644]}
{"id": 14, "drone": 1, "position":(41.666666666666664,8.333333333333334,1.0), "time":616.7815025179798,"sensors":[28,15,39,11,31,35,27,12],"power":[0.23049586568354888,0.19194105761646912,0.057897092313110084,0.18632926616785972,0.1590539809382479,0.1813888912298747,0.0730851832199184,0.09051208237254425]}
{"id": 15, "drone": 1, "position":(25.0,25.0,1.0), "time":67.59994295381753,"sensors":[18,38,34,30,3,33,6,23,32],"power":[0.05919285451218496,0.02046339558747442,0.13284027816464639,0.011498940630293794,0.005038399082277221,0.007761726034385499,0.014895194959449368,0.023177229345991167,0.0055021148012447995]}
{"id": 16, "drone": 4, "position":(25.0,8.333333333333334,2.0), "time":93.16612970203721,"sensors":[28,1,6,22,27,26],"power":[0.011730634558294954,0.06780889558100438,0.01355764058139401,0.12599867454880892,0.007075859348160581,0.16985712149377816]}
{"id": 17, "drone": 4, "position":(8.333333333333334,33.333333333333336,1.0), "time":229.27474403878685,"sensors":[25,29,30,33,4,23],"power":[0.030020641023354538,0.07903173624124811,0.031071847558955895,0.05000956062371718,0.025698041477547586,0.019960539181764266]}
{"id": 18, "drone": 4, "position":(8.333333333333334,8.333333333333334,2.0), "time":702.2641751335473,"sensors":[16,21,37,7,19,9,20,5],"power":[2.643270026939116,0.19318671487489117,0.1451671159441925,0.12755480124558155,1.6210174353608042,0.10594974072361622,0.34178677833688875,0.8905928317038422]}
{"id": 19, "drone": 4, "position":(41.666666666666664,16.666666666666668,1.0), "time":24.43019945345504,"sensors":[28,36,15,3,39,6,24,31,35,12],"power":[0.0029038641369134722,0.0020858387523493135,0.012168088503893202,0.001886270412007683,0.02911084290675062,0.0017212699749050903,0.00633175332996062,0.0023046161783252567,0.12350161104637579,0.03739077737775315]}
