LP RESULTS :
 Obj = 0.1*lambda1+0.9*lambda2 = 110.26978257029505 (lambda1 = 1066.6978257029505, lambda2 = 4.0) Resol time = 606042 ms

{"id": 0, "drone": 0, "position":(25.0,41.666666666666664,1.0), "time":129.02915377246762,"sensors":[28,19,16,0,7,18,27,17],"power":[0.04793682056654135,0.01200579342612246,0.040278151702859366,0.03909880767063375,0.05017074953613554,0.078634200743966,0.015008041369351964,0.03211542511154183]}
{"id": 1, "drone": 0, "position":(16.666666666666668,16.666666666666668,2.0), "time":309.2868409277253,"sensors":[22,9,26,29,24,38,2],"power":[0.03390403774548357,0.042956482170182476,0.023530153335516692,0.045372605380113736,0.08965926354650573,0.0435376952966277,0.050366454844718925]}
{"id": 2, "drone": 0, "position":(8.333333333333334,41.666666666666664,1.0), "time":511.88264897126305,"sensors":[11,5,39,15,28,37,35,33,19,16,0,34],"power":[0.03345654494770735,0.297353658174232,0.12610860060181875,0.7136432896546815,0.03832219616615305,1.4358176913877376,0.3568178915172636,0.14999999999999986,0.07521750618755339,0.07747061623742774,0.07781131871711809,0.0642714679498501]}
{"id": 3, "drone": 0, "position":(16.666666666666668,8.333333333333334,1.0), "time":111.86865189755505,"sensors":[14,1,9,29,24,38,2],"power":[0.015953926078004638,0.008610237668020534,0.03701918979312097,0.026525513298817895,0.027527994705420184,0.00932806827265696,0.008920271581191375]}
{"id": 4, "drone": 1, "position":(41.666666666666664,16.666666666666668,1.0), "time":362.3233282760881,"sensors":[8,10,3,30,4,32,26,12,21,20,31,13],"power":[0.10908968223982891,0.06439588056674965,0.5548033684677811,0.04419730996560792,0.09256934077976861,0.11220564144909202,0.02666267061992187,0.43684320353095957,0.3011242265985538,0.07823740032692723,0.08046942034222551,0.054132743134510206]}
{"id": 5, "drone": 1, "position":(33.333333333333336,41.666666666666664,2.0), "time":105.64871646083338,"sensors":[36,7,18,6,27,25,23],"power":[0.013577009895417002,0.04609714071033418,0.027910173909368747,0.014732889647167638,0.008447846645324676,0.011675495187378697,0.019989139893808263]}
{"id": 6, "drone": 1, "position":(16.666666666666668,25.0,5.0), "time":111.86865189755508,"sensors":[22,27],"power":[0.01064191461272026,0.007729848734745819]}
{"id": 7, "drone": 1, "position":(41.666666666666664,25.0,4.0), "time":202.2385746226445,"sensors":[3,12,21,25,13],"power":[0.01832095732227229,0.05216265883329144,0.07396899273231008,0.03708193401347527,0.04527631033653418]}
{"id": 8, "drone": 2, "position":(33.333333333333336,33.333333333333336,3.0), "time":302.9705565916419,"sensors":[36,7,27,25,13],"power":[0.03258386950303829,0.020584120631894076,0.08678205774161364,0.21297985297443964,0.041316245586154085]}
{"id": 9, "drone": 2, "position":(41.666666666666664,8.333333333333334,1.0), "time":476.01291152964467,"sensors":[8,10,3,30,4,32,12,21,20,31],"power":[0.6151338903094342,0.04652644516683333,0.21303964850547313,0.10580269003439209,3.561906118017294,0.9469189698806549,0.053496119984601284,0.03909806162295483,0.07176259967307276,0.06523272967334763]}
{"id": 10, "drone": 2, "position":(8.333333333333334,25.0,1.0), "time":193.3853684589563,"sensors":[11,34,38],"power":[0.07461550709164831,0.03616926482033365,0.033412960702539456]}
{"id": 11, "drone": 2, "position":(25.0,16.666666666666668,1.0), "time":94.32898912270753,"sensors":[22,10,14,9,26,31,24,2,13],"power":[0.05193348951663624,0.024842832154844587,0.007929941798493937,0.021656400327759284,0.06251348105410018,0.018240039081577522,0.08772263005597523,0.5881640355722942,0.009274700942801525]}
{"id": 12, "drone": 3, "position":(16.666666666666668,25.0,4.0), "time":417.18074698045234,"sensors":[22,27,2],"power":[0.045000466259670927,0.03203220550896388,0.02712591820288654]}
{"id": 13, "drone": 3, "position":(8.333333333333334,25.0,1.0), "time":76.57905658701372,"sensors":[11,34,38],"power":[0.029547143020040755,0.014322739095821893,0.013231264747531793]}
{"id": 14, "drone": 3, "position":(25.0,8.333333333333334,1.0), "time":134.03259677451024,"sensors":[22,10,14,9,26,31,24,2],"power":[0.008520091865489202,0.018332498814985294,0.12611613212350142,0.4967757816575821,0.038801704998051696,0.01604043984948805,0.06329184321916544,0.0289613311414197]}
{"id": 15, "drone": 3, "position":(8.333333333333334,8.333333333333334,1.0), "time":375.5779078317002,"sensors":[1,29,38],"power":[0.14138976233197947,1.1577761863375804,0.09916856509954763]}
{"id": 16, "drone": 4, "position":(41.666666666666664,41.666666666666664,1.0), "time":455.8399780278306,"sensors":[36,7,6,25,23],"power":[0.5033043924882701,0.034239329114498986,0.5457242025127782,0.04045565049375595,0.1609424760564154]}
{"id": 17, "drone": 4, "position":(16.666666666666668,41.666666666666664,1.0), "time":425.7860229592198,"sensors":[5,39,15,28,37,35,19,16,0,18,17],"power":[0.16595319760362295,0.05493482086499461,0.04428158441185365,0.18456008006974287,0.1386654117877965,0.034753329898469215,0.12134134456832474,1.8289522936467084,1.55558404960746,0.04345562534666525,0.11788457488845817]}
{"id": 18, "drone": 4, "position":(8.333333333333334,33.333333333333336,5.0), "time":129.02915377246705,"sensors":[11,5,15,37,35,34],"power":[0.032505448502549765,0.03244706276471612,0.013316143739555059,0.01558449877865374,0.02839820937696859,0.035236528133994464]}
