LP RESULTS :
 Obj = 0.1*lambda1+0.9*lambda2 = 133.61076070700676 (lambda1 = 1309.1076070700676, lambda2 = 3.0) Resol time = 2564 ms

{"id": 0, "drone": 4, "position":(8.333333333333334,16.666666666666668,1.0), "time":452.70489884635606,"sensors":[23,9,1,6,22,14,25,2,11,12,5],"power":[0.08316423820688332,0.03227521420617816,2.3874512831697694,0.05276986478600601,0.09448333520729785,0.05494115101873453,0.08213293444137086,0.08146940280152579,0.11612671555212796,0.5401778631776083,0.1923839690755569]}
{"id": 1, "drone": 4, "position":(41.666666666666664,41.666666666666664,1.0), "time":702.6959023618281,"sensors":[13,0,21,8,33,15],"power":[0.057933902678099336,0.23179385487977228,1.3140761592617254,0.10466989108472717,0.15,0.06209714523694401]}
{"id": 2, "drone": 3, "position":(16.666666666666668,8.333333333333334,2.0), "time":53.69135839568992,"sensors":[23,36,9,1,6,3,18,38,37,12],"power":[0.07878990615191916,0.009260156531351947,0.021395409742984126,0.004136145707093613,0.006769211811839084,0.006470413722740638,0.009985587854127608,0.005276151023520206,0.009386799830071436,0.004873727739599124]}
{"id": 3, "drone": 3, "position":(8.333333333333334,25.0,2.0), "time":278.92285640529633,"sensors":[1,19,14,25,2,11,12,30,32,5],"power":[0.052243640542510635,0.032586681338987136,0.112984919745816,0.1040972747634501,0.21688991850183897,0.8737904430718573,0.02752797530400199,0.0636285312747131,0.03778363123186278,0.07139396778289743]}
{"id": 4, "drone": 3, "position":(25.0,41.666666666666664,1.0), "time":606.4117047082395,"sensors":[7,24,13,4,27,10,16,34],"power":[0.11336703198149838,0.3727245628311049,0.16229493859094918,0.11944305087247763,0.9977059436380729,0.14223351475786922,0.07847840987144833,4.403957524695655]}
{"id": 5, "drone": 0, "position":(16.666666666666668,25.0,4.0), "time":327.4888483029433,"sensors":[7,19,14,3,2,11,30,32,20],"power":[0.030219008636674257,0.16696426137121265,0.1960292315717058,0.02535904713562442,0.023228706774785102,0.06995846003985552,0.05186641669487332,0.21510004061680796,0.032263802802689645]}
{"id": 6, "drone": 0, "position":(8.333333333333334,8.333333333333334,2.0), "time":415.57619939194797,"sensors":[23,9,1,6,22,18,12,5],"power":[0.15085989490943136,0.028296944839754826,0.09105523487014718,0.5133417325962996,0.06372612559075318,0.1400144121458724,0.15644350762506617,0.0344922647223841]}
{"id": 7, "drone": 0, "position":(41.666666666666664,33.333333333333336,2.0), "time":280.2660190584869,"sensors":[0,21,39,8,15],"power":[0.2852189808419669,0.09276364888260041,0.03879054783294773,0.09028493672065642,0.07044436567127577]}
{"id": 8, "drone": 1, "position":(33.333333333333336,25.0,1.0), "time":326.14568564975264,"sensors":[7,39,3,31,15,20],"power":[0.036685908071242904,0.17286120900929228,0.023532143789528684,0.023079988292036314,0.09714970218255391,0.11773619719731036]}
{"id": 9, "drone": 1, "position":(8.333333333333334,41.666666666666664,1.0), "time":653.634533952696,"sensors":[4,26,29,16,30],"power":[0.11299390622093283,0.9823435323637512,0.15,0.24336218766466036,0.09741817862945858]}
{"id": 10, "drone": 1, "position":(41.666666666666664,8.333333333333334,2.0), "time":49.061368409129614,"sensors":[35,28,31,17],"power":[0.013289766671622199,0.007649412920909443,0.015228814832070347,0.057512612231214795]}
{"id": 11, "drone": 2, "position":(41.666666666666664,8.333333333333334,1.0), "time":872.9110882248642,"sensors":[35,28,31,17],"power":[0.24227297742639542,0.14235058707909054,0.28776179331735846,1.3350360262352408]}
{"id": 12, "drone": 2, "position":(16.666666666666668,41.666666666666664,1.0), "time":49.061368409132115,"sensors":[7,24,4,26,27,10,16,34,30],"power":[0.004062791187330418,0.007620993074231399,0.0628730436240559,0.026736497239054233,0.016993696687501943,0.007766485242130774,0.14122133765355122,0.008881338217547233,0.005991210412676196]}
{"id": 13, "drone": 2, "position":(25.0,8.333333333333334,1.0), "time":387.1351504360737,"sensors":[23,36,9,35,3,38,37],"power":[0.046344007476688286,0.7719177630671585,0.15166178253880588,0.06312020805413202,0.10374454918974335,0.5580847458511855,0.14061320016992856]}
