LP RESULTS :
 Obj = 0.1*lambda1+0.9*lambda2 = 156.71552180447674 (lambda1 = 1549.155218044767, lambda2 = 2.0) Resol time = 294 ms

{"id": 0, "drone": 3, "position":(8.333333333333334,41.666666666666664,2.0), "time":699.4470685399401,"sensors":[34,24,33,12,11,20],"power":[0.055283732609996465,0.7552620797104533,0.09454988912327784,0.5379570258415038,0.15,0.07322326032826523]}
{"id": 1, "drone": 3, "position":(41.666666666666664,25.0,1.0), "time":694.9309068813183,"sensors":[29,9,35,39,1,4,21,17,14,25,10],"power":[0.09224922750110022,0.38924882257519783,0.991438063769349,0.08179888631122378,0.15670240499695848,0.0834661738671896,0.18182377533721666,0.14830861252340014,0.08694123668756816,3.084716628714134,0.19253248755066216]}
{"id": 2, "drone": 0, "position":(25.0,25.0,4.0), "time":494.01417552927893,"sensors":[29,34,15,36,3,2,10],"power":[0.1356739982761624,0.046146724528198665,0.16256898731182057,0.0659665383675005,0.10306575276993578,0.07395192865330344,0.05416787966474742]}
{"id": 3, "drone": 0, "position":(41.666666666666664,16.666666666666668,1.0), "time":9.991441732579515,"sensors":[29,9,35,1,4,21,5,28,17,14,25,37,10],"power":[7.266738032127363E-4,0.009424720633465932,0.001366176347187398,0.002107607047243359,0.017805910608027248,0.0019072277578058073,9.657034512313322E-4,0.001197547733693069,0.001691387476599828,0.0031276579471692244,0.00201940494039972,0.0017937761600201052,7.083321824849479E-4]}
{"id": 4, "drone": 1, "position":(41.666666666666664,8.333333333333334,1.0), "time":844.2328694308694,"sensors":[9,4,5,28,19,38,14,37],"power":[0.08006554973124491,0.30652724463676934,0.11106245917697642,0.24426166755662776,0.15,0.05399370864959272,0.10716805912921552,0.1482062238399799]}
{"id": 5, "drone": 1, "position":(25.0,8.333333333333334,5.0), "time":185.85556860519614,"sensors":[26,5,7,28,36,3,2,38,27,18],"power":[0.026839808692063167,0.03797183737179224,0.011780321144363348,0.022481726991785723,0.03762078156960011,0.024390336578980952,0.028656030754629046,0.05390800370463995,0.014141155165980503,0.028049288619019157]}
{"id": 6, "drone": 4, "position":(25.0,41.666666666666664,4.0), "time":849.7081495048269,"sensors":[23,0,33,13,8,30,20],"power":[0.2620373440356958,0.15871064106675523,0.16225622046470198,0.12038759873623471,0.10138021846447977,0.20105573500031423,0.23933969666571542]}
{"id": 7, "drone": 4, "position":(16.666666666666668,8.333333333333334,1.0), "time":519.0667800087015,"sensors":[26,7,36,3,2,38,27,18],"power":[0.8669207045260588,0.2853493352836163,0.05068770260504898,0.03504968022024412,0.08469536569091345,0.042731254703316346,0.39016223320134874,1.0065901841115164]}
{"id": 8, "drone": 2, "position":(8.333333333333334,25.0,1.0), "time":355.693973975548,"sensors":[34,15,32,31],"power":[0.04856954286180486,0.02847808400443036,0.6986163509129445,0.5154998060091939]}
{"id": 9, "drone": 2, "position":(41.666666666666664,41.666666666666664,1.0), "time":580.1240238521533,"sensors":[39,16,22,13,6,8,30],"power":[0.14024421111722965,0.2687940945907362,0.15,0.1465284462821139,1.2448157409570964,0.1373366178239815,0.0685100373283149]}
