LP RESULTS :
 Obj = 0.1*lambda1+0.9*lambda2 = 151.40292639804412 (lambda1 = 1487.029263980441, lambda2 = 3.0) Resol time = 5057 ms

{"id": 0, "drone": 0, "position":(8.333333333333334,8.333333333333334,1.0), "time":1181.7382231777556,"sensors":[31,0,24,3,36,26,20],"power":[0.8102611510932568,2.6479091081541575,0.2858688992868395,0.08295384954014372,0.19605181060410495,1.021238701984628,0.2796231137435172]}
{"id": 1, "drone": 0, "position":(25.0,16.666666666666668,2.0), "time":277.8856714672802,"sensors":[27,13,5,4,37,29,3,15,32,36],"power":[0.0354995944922587,0.029510625035693086,0.1644096739519924,0.023423658904536522,1.0782769447858893,0.5414697837832979,0.10548794577282311,0.028675780226397662,0.35045633633539036,0.04071540088324639]}
{"id": 2, "drone": 0, "position":(41.666666666666664,25.0,1.0), "time":27.40536933540544,"sensors":[34,27,13,15,35,14],"power":[0.013935532811777826,0.006022150266185898,0.0038103764470812512,0.0029421644056124565,0.009168249602955689,0.04481111579257187]}
{"id": 3, "drone": 2, "position":(41.666666666666664,41.666666666666664,1.0), "time":518.5420106492023,"sensors":[21,35,16,38,2],"power":[0.08852726290106921,0.07208601437395068,0.06942020547976857,0.06423114607008158,0.15]}
{"id": 4, "drone": 2, "position":(8.333333333333334,41.666666666666664,2.0), "time":125.83330652768939,"sensors":[12,22,39,30,19,10,28,33,23,18,1,25],"power":[0.09197018061440701,0.012940353661299291,0.01726677390182724,0.029172385729030546,0.1315036145149246,0.10282403289549905,0.008323454155777421,0.21873146819462252,0.011843173330340006,0.028710535653221982,0.044792953258084876,0.05855412905531622]}
{"id": 5, "drone": 3, "position":(33.333333333333336,25.0,1.0), "time":863.8428015811817,"sensors":[34,27,13,4,37,29,15,35,14],"power":[0.5971782526975086,0.5800202728839529,2.8066003233710606,0.14829485536739376,0.07819746080847113,0.05536545504118787,1.2162971355323324,0.09287675843118223,0.10518888420742813]}
{"id": 6, "drone": 3, "position":(8.333333333333334,41.666666666666664,3.0), "time":623.1864623992594,"sensors":[12,22,39,30,19,10,33,23,18,1,25],"power":[0.34716459340832795,0.060172142645896314,0.07884596373132373,0.1336727838584533,0.47160670102129854,0.3819559774794843,0.7202672056179779,0.05676544343157119,0.13439921255225754,0.19762938709380828,0.23686634889793903]}
{"id": 7, "drone": 4, "position":(41.666666666666664,8.333333333333334,1.0), "time":1007.8587472438078,"sensors":[7,17,11,9],"power":[0.24168889056532866,0.3273388242940986,0.15000000000000002,0.17839683004050166]}
{"id": 8, "drone": 4, "position":(8.333333333333334,25.0,1.0), "time":86.46181261512031,"sensors":[22,8,20],"power":[0.0373704534264123,0.15000000000000002,0.01325844209787167]}
{"id": 9, "drone": 4, "position":(8.333333333333334,41.666666666666664,2.0), "time":392.70870412151294,"sensors":[12,22,39,30,19,10,28,33,23,18,1,25],"power":[0.28702647529140213,0.04038509085895062,0.053887262366849036,0.09104306412912687,0.4104049672420168,0.32089987798305,0.02597637291372378,0.6826312825722695,0.036960939671571456,0.0896016926053698,0.1397927394039132,0.18273950495942118]}
{"id": 10, "drone": 1, "position":(25.0,41.666666666666664,1.0), "time":345.30079093197924,"sensors":[6,21,4,28,16,23,38,25],"power":[0.0915378920073501,0.03828786236350429,0.026175231736354262,0.15487181213131257,0.11643616933968692,0.11932757356173086,0.11521140255726292,0.023506818399264932]}
{"id": 11, "drone": 1, "position":(33.333333333333336,41.666666666666664,1.0), "time":623.1864623992595,"sensors":[6,21,28,16,38],"power":[0.05846210799264986,0.23512217300918464,0.043562903292455386,1.571858362600928,1.0494904677970773]}
