LP RESULTS :
 Obj = 0.1*lambda1+0.9*lambda2 = 143.8094764665813 (lambda1 = 1411.0947646658128, lambda2 = 3.0) Resol time = 185486 ms

{"id": 0, "drone": 1, "position":(25.0,41.666666666666664,1.0), "time":340.57901899096,"sensors":[32,22,36,20,23,12,8],"power":[0.17877818976383567,0.19747430464270838,0.1373302834787701,0.09288181623394648,0.15410440475290246,0.028536322103280953,0.038204644972136784]}
{"id": 1, "drone": 1, "position":(33.333333333333336,33.333333333333336,1.0), "time":426.5673822317408,"sensors":[32,7,22,3,35,15,23,12,33],"power":[0.0876697845343539,0.04236851199584842,0.041560903324448936,0.21175424297328757,0.10258382016440759,0.11981994907294691,0.13948285447709954,0.1682074633013847,0.1227146340521512]}
{"id": 2, "drone": 1, "position":(33.333333333333336,25.0,1.0), "time":7.51519415311689,"sensors":[39,7,3,15,23,26,33,24,5],"power":[7.597453222283847E-4,0.010387854735412257,0.0013719533812699468,0.00269094697166422,5.128042561688628E-4,9.670624587993826E-4,0.03610120055872845,0.002086140059783933,7.354592285774756E-4]}
{"id": 3, "drone": 3, "position":(8.333333333333334,8.333333333333334,1.0), "time":454.36266678161604,"sensors":[11,19,30,6,17,29,38,9,14],"power":[0.07456183888707411,0.04995963136904642,0.15468297601600237,0.1014545249270595,0.12617834898002322,0.2665400299600334,0.08902400047732625,0.1680488648072629,0.139707412045182]}
{"id": 4, "drone": 3, "position":(41.666666666666664,25.0,1.0), "time":394.6639337781156,"sensors":[39,7,3,31,26,33,24],"power":[0.09362796404483799,0.08612103580145294,0.09155213068906008,0.10966262952729001,0.528721479118823,0.10144779451122643,0.04042358642562969]}
{"id": 5, "drone": 3, "position":(25.0,16.666666666666668,2.0), "time":67.23041462547889,"sensors":[11,7,19,15,17,24,5],"power":[0.005135589312214307,0.00893843558623972,0.009470438502370117,0.005561046715930629,0.004911797921391019,0.01552455171038652,0.13671648874914114]}
{"id": 6, "drone": 0, "position":(8.333333333333334,41.666666666666664,1.0), "time":742.7665000605099,"sensors":[34,21,13,36,20,4,2,8],"power":[0.15,0.1583083548972866,0.18507589453494153,0.05602591742179381,0.05711818376605351,0.4879724876524846,0.14483836835728184,0.3452060251334957]}
{"id": 7, "drone": 0, "position":(41.666666666666664,8.333333333333334,5.0), "time":67.23041462546871,"sensors":[39,10,37,25,0,28,27,1],"power":[0.01025711264601378,0.0078080671220474894,0.01630633386665641,0.009944620734391946,0.016922445729860215,0.00825529732768098,0.03977059385566913,0.03118078029263473]}
{"id": 8, "drone": 0, "position":(8.333333333333334,25.0,1.0), "time":407.79444072339936,"sensors":[11,19,30,6,17,29,18,4,2,16],"power":[0.07532915819068398,0.060634914754718654,0.0430946129113489,0.07768562365428054,0.04136180559635015,0.03517643990033078,0.1207824848297032,0.03468426978330652,0.07006041006955743,0.07649469600905213]}
{"id": 9, "drone": 2, "position":(16.666666666666668,8.333333333333334,1.0), "time":139.20944352034036,"sensors":[11,19,30,6,17,29,38,9,5,14],"power":[0.02236486789590768,0.023804891697457867,0.010683196289175486,0.010055161134704697,0.03986088948707634,0.015286690919223555,0.0609759995226728,0.033324593623910576,0.011959333559747948,0.010292587954817837]}
{"id": 10, "drone": 2, "position":(41.666666666666664,33.333333333333336,1.0), "time":578.53817216477,"sensors":[3,31,35,12,26,33],"power":[0.9080644473569809,0.04033737047270998,0.19273019991075374,0.17900684146698806,0.06156585816596971,0.07858758921648408]}
{"id": 11, "drone": 2, "position":(16.666666666666668,33.333333333333336,2.0), "time":260.5338238819036,"sensors":[32,15,36,23,4,2,8],"power":[0.04588042973796505,0.02164865012945599,0.09519889824623265,0.025294270784684086,0.06112490624073334,0.15124189267465835,0.0550572383924022]}
{"id": 12, "drone": 4, "position":(8.333333333333334,16.666666666666668,1.0), "time":342.497799014988,"sensors":[11,19,30,6,17,29,18,16],"power":[0.31025974644893617,0.10888442007378281,0.3191940519484486,1.3472594873602015,0.2078713783884354,0.3162467480630134,0.029217515170296773,0.07955820833184242]}
{"id": 13, "drone": 4, "position":(33.333333333333336,16.666666666666668,1.0), "time":3.810082338064458,"sensors":[39,7,15,26,33,24,5,27,1],"power":[8.225587799658628E-4,0.002184161881045096,2.7940711000274044E-4,3.917975634107545E-4,6.283761509699021E-4,0.023118113014775683,5.887184625540489E-4,3.713375408021852E-4,3.4080670028345647E-4]}
{"id": 14, "drone": 4, "position":(41.666666666666664,8.333333333333334,1.0), "time":937.8751397710423,"sensors":[39,10,37,25,0,28,24,27,1],"power":[0.18672571960936807,0.1421919328779525,0.34977081519611725,0.17839331117409896,0.38660204580927493,0.15203859262785627,0.06884760878939514,8.817149220211268,2.1733881871804264]}
