LP RESULTS :
 Obj = 0.1*lambda1+0.9*lambda2 = 179.05470361477444 (lambda1 = 1772.5470361477442, lambda2 = 2.0) Resol time = 226 ms

{"id": 0, "drone": 3, "position":(8.333333333333334,25.0,1.0), "time":542.9615956095678,"sensors":[7,22,15,8,21,34,16],"power":[0.04725989110503621,0.11861655468817746,0.06872861687324959,0.07573536585415043,0.15,0.1102244565627109,0.04080983051440987]}
{"id": 1, "drone": 3, "position":(8.333333333333334,41.666666666666664,1.0), "time":1200.358462585378,"sensors":[9,23,39,1,6,34],"power":[0.19632640847898325,0.24523038122267474,0.15,0.1798586410568043,0.11643655475629962,0.2552083696000938]}
{"id": 2, "drone": 2, "position":(33.333333333333336,8.333333333333334,1.0), "time":841.3814674039239,"sensors":[14,18,29,30,26,31,38,3,28,13],"power":[0.06299258514311432,0.5928506460814913,0.15000000000000002,0.20225757991184778,0.529571979538207,0.26198210120927495,0.6968714264317549,0.24118880640052512,0.340031439572452,0.0779323942575133]}
{"id": 3, "drone": 2, "position":(8.333333333333334,8.333333333333334,1.0), "time":931.1655687438202,"sensors":[7,19,8,5,20,0],"power":[0.44671811705775993,0.17276770125451488,0.08158299757586424,0.1961192707228138,0.13064136738884435,0.2385842931102845]}
{"id": 4, "drone": 0, "position":(25.0,41.666666666666664,1.0), "time":572.1885735623661,"sensors":[9,11,27,12,25,2,6,24,17],"power":[0.16189933461915537,0.03701783853206339,0.13097304221985326,0.5934668681539719,0.15,1.5574694970875687,0.3789498069372625,0.1100944615836045,0.06685699048229364]}
{"id": 5, "drone": 0, "position":(16.666666666666668,16.666666666666668,1.0), "time":273.2875034539012,"sensors":[7,22,15,14,8,36,5,20,0,16],"power":[0.027379284025017027,0.035873686975424514,0.38619962268235697,0.04140586994912869,1.239348847374005,0.22078173242492263,0.028289701869197874,0.22174990371917963,0.03112880464104044,0.10322489852120494]}
{"id": 6, "drone": 1, "position":(41.666666666666664,33.333333333333336,1.0), "time":866.513835744379,"sensors":[11,10,33,35,37,24,17],"power":[0.2061855665353925,0.2231292084012707,0.10814135621891675,0.32361881507108026,0.09048296660381241,0.07757169210165801,0.17378716868577912]}
{"id": 7, "drone": 1, "position":(41.666666666666664,16.666666666666668,1.0), "time":906.0332004033652,"sensors":[32,26,33,35,38,3,4,28,13],"power":[0.4036646351469139,0.25729509995971517,0.20027117640674574,0.0627778300404084,0.24055395525967346,0.21180467831841815,0.15000000000000002,0.195389373719641,0.0816523201349154]}
{"id": 8, "drone": 4, "position":(41.666666666666664,41.666666666666664,3.0), "time":333.84462684099924,"sensors":[11,27,10,37,24,17],"power":[0.025031257646454846,0.05245055373393383,0.022176424336682245,0.08542662714751284,0.07284389454702585,0.10641713409136686]}
{"id": 9, "drone": 4, "position":(25.0,16.666666666666668,1.0), "time":25.13236834045506,"sensors":[15,14,18,8,36,30,20,31,38,3,28,16],"power":[0.005993537906316316,0.05366185180683104,0.005720635498331099,0.004323929764853735,0.021078933861750467,0.002594300145901031,0.00531034433960478,0.002390182371456825,0.001668168520952405,0.0049037992293342525,0.004622554232867293,0.008172563874412585]}
