LP RESULTS :
 Obj = 0.1*lambda1+0.9*lambda2 = 133.0096254573712 (lambda1 = 1303.0962545737118, lambda2 = 3.0) Resol time = 1313 ms

{"id": 0, "drone": 0, "position":(41.666666666666664,41.666666666666664,1.0), "time":632.0771055710156,"sensors":[5,26,17,15,0,38,8,39],"power":[0.4231024380211725,0.24237540038211164,0.10074727850100294,0.10279928165227116,0.15,1.4009629936602397,0.04964528041682674,0.2225856359396866]}
{"id": 1, "drone": 0, "position":(25.0,25.0,1.0), "time":262.94617181406966,"sensors":[32,10,35,31,8,7,29,13],"power":[0.023535326991379984,0.03843218812645617,0.18605594147557009,0.0726433717105812,0.028049097875074147,0.1339526290011221,0.019306975334726046,0.01814475963782717]}
{"id": 2, "drone": 0, "position":(41.666666666666664,8.333333333333334,5.0), "time":318.49154334188097,"sensors":[14,2,23,22,16,27,19,30,4,9],"power":[0.042398076042339757,0.1047113858617319,0.03323957493465975,0.05453388625482396,0.05200198209388875,0.19027596098557212,0.0835489188964705,0.066286878248749,0.021790159366119312,0.052554986564500965]}
{"id": 3, "drone": 3, "position":(8.333333333333334,25.0,1.0), "time":617.633321718993,"sensors":[10,36,35,37,34,24,12,3],"power":[0.19853708128786812,0.05345025963026462,0.050768696705804486,0.12337883382911323,0.15428216025825514,0.1337273229353766,0.12744149985029868,0.2245243925107205]}
{"id": 4, "drone": 3, "position":(8.333333333333334,33.333333333333336,4.0), "time":170.4464784630601,"sensors":[10,11,6,34,24,12,3],"power":[0.01880553816879546,0.05675511276474042,0.050508066666622144,0.014619512333091752,0.022123101322680576,0.022558500149701337,0.011094781413195084]}
{"id": 5, "drone": 3, "position":(33.333333333333336,33.333333333333336,4.0), "time":34.74400188373012,"sensors":[17,15,8,29,39],"power":[0.0035230861461414973,0.009038107220682434,0.025178689377133436,0.004600458511757126,0.01010900807231029]}
{"id": 6, "drone": 4, "position":(41.666666666666664,8.333333333333334,1.0), "time":435.42850091221504,"sensors":[14,20,2,23,22,16,27,19,30,4,9,1,13],"power":[0.0772139813713967,0.03525097264167521,0.3636384642143143,0.05759455890344017,0.09754903833763913,0.09799801790611126,3.6782039381956113,0.19147658896546924,0.1276633529380877,0.03885414705416852,0.0979986412555147,0.032206848493640604,0.02822400676322482]}
{"id": 7, "drone": 4, "position":(8.333333333333334,41.666666666666664,1.0), "time":863.8626477057353,"sensors":[33,11,21,6,28],"power":[0.08244890121610007,1.3679039822608638,0.12447433416484195,1.2299764579343937,0.15]}
{"id": 8, "drone": 1, "position":(41.666666666666664,25.0,1.0), "time":549.1762103196157,"sensors":[14,1,39,13],"power":[0.1322593086771431,0.11779315150635938,0.05484887970618009,0.21924351722063662]}
{"id": 9, "drone": 1, "position":(8.333333333333334,16.666666666666668,1.0), "time":150.5699451352957,"sensors":[10,36,37,34,18,3],"power":[0.018693322128209768,0.10843647759832789,0.02662116617088676,0.018370117276551207,0.02447805990375183,0.04118015200509247]}
{"id": 10, "drone": 1, "position":(25.0,41.666666666666664,5.0), "time":373.3289753048964,"sensors":[33,21,17,15,8,29],"power":[0.10491182298032198,0.06176057058731025,0.0666507414136065,0.0719361132449191,0.047126932330965675,0.13790707900579588]}
{"id": 11, "drone": 2, "position":(8.333333333333334,8.333333333333334,1.0), "time":216.40144437754202,"sensors":[36,25,18],"power":[0.09392742069526815,0.027054094126498597,0.12552194009624817]}
{"id": 12, "drone": 2, "position":(16.666666666666668,8.333333333333334,1.0), "time":318.49154334188097,"sensors":[20,36,25],"power":[0.023620818666250175,0.08921680890362867,0.07511712606738394]}
{"id": 13, "drone": 2, "position":(25.0,8.333333333333334,1.0), "time":549.1762103196158,"sensors":[32,20,2,23,25,31,7,4,9],"power":[0.1711963204812892,0.3828905486254171,0.045791895562519,0.0976906226198876,0.04782877980611745,0.0773566282894188,0.040375238084166806,0.22662268293060273,0.09482788533677912]}
