LP RESULTS :
 Obj = 0.1*lambda1+0.9*lambda2 = 186.50734321075694 (lambda1 = 1847.0734321075693, lambda2 = 2.0) Resol time = 3096 ms

{"id": 0, "drone": 2, "position":(8.333333333333334,25.0,1.0), "time":490.31085647782095,"sensors":[39,6,22,23,33,1,24,29,2],"power":[0.04029481319073665,0.1325422594820064,0.36914126114803,0.19502961657591603,0.13759020686071805,0.10798235788695923,0.03170177770126591,0.3205878452816653,0.1109344344865123]}
{"id": 1, "drone": 2, "position":(41.666666666666664,8.333333333333334,1.0), "time":1271.9449933974665,"sensors":[38,32,37,3,7],"power":[0.48482770948375664,0.3254269991091028,0.08392991673887709,0.16059959726804962,0.20007836642811822]}
{"id": 2, "drone": 1, "position":(16.666666666666668,8.333333333333334,1.0), "time":1138.8821220963555,"sensors":[27,28,12,34,30,11],"power":[0.3767299901429861,0.1270003617701943,0.09405481618673968,0.08981823914466178,0.452749488631126,0.768534067161284]}
{"id": 3, "drone": 1, "position":(8.333333333333334,16.666666666666668,1.0), "time":575.1284387101026,"sensors":[28,6,22,23,1,29],"power":[0.19950535552691187,0.3534557341462933,0.04140351643669772,0.5815019666198967,0.04201764211304079,0.17153411291679538]}
{"id": 4, "drone": 4, "position":(41.666666666666664,25.0,1.0), "time":354.1023213450302,"sensors":[9,19,36,32,8,18,14,3],"power":[0.0323304819318128,0.05345909124244233,0.03148336488703976,0.06637497924370035,0.05383381255247347,0.3981923299454464,0.05677257898282675,0.11054833814828272]}
{"id": 5, "drone": 4, "position":(8.333333333333334,41.666666666666664,1.0), "time":781.6341369196458,"sensors":[16,21,39,22,31,33,24,17,2,26],"power":[0.15000000000000002,0.07965864005341763,0.666865032634656,0.06893425435813126,0.35483081721040066,0.12151446043892132,0.16786960083061916,0.10297026653030077,0.06794873244459844,0.16262528762580492]}
{"id": 6, "drone": 3, "position":(41.666666666666664,33.333333333333336,1.0), "time":476.65209784541844,"sensors":[9,19,36,8,0,5,35,18,14,13],"power":[0.20852742136658214,0.1558550876412596,0.34248108578921466,0.09616618744752652,0.15235808113117286,0.06925804464098127,0.07908841326881162,0.33689887716935885,0.5598561324100385,0.041090764481148366]}
{"id": 7, "drone": 3, "position":(41.666666666666664,41.666666666666664,1.0), "time":1016.3190129171207,"sensors":[9,19,10,36,0,5,35,18,14,20,13],"power":[0.2552736781302804,0.11131213204219881,0.14999999999999997,0.3911834493988107,0.781759464402365,1.5621655920661328,0.6783319984547272,0.07358183420967371,0.20934946765322324,0.46066278328950894,0.176819348165858]}
{"id": 8, "drone": 0, "position":(25.0,25.0,1.0), "time":575.1284387101026,"sensors":[12,34,4,15,29,37,2,25],"power":[0.1446301792394406,0.060181760855338204,0.037706072825984684,1.2659110700786196,0.04147673609458976,0.07576959072646723,0.04745663439768997,0.22255545786062744]}
{"id": 9, "drone": 0, "position":(25.0,41.666666666666664,4.0), "time":354.1023213450301,"sensors":[21,4,17,13,26],"power":[0.07891243961806056,0.11229392717401532,0.07230980549428227,0.07743783969811656,0.06464343488993587]}
