LP RESULTS :
 Obj = 0.1*lambda1+0.9*lambda2 = 131.13037976876794 (lambda1 = 1284.3037976876794, lambda2 = 3.0) Resol time = 684746 ms

{"id": 0, "drone": 1, "position":(8.333333333333334,8.333333333333334,1.0), "time":783.8683842627463,"sensors":[16,9,1,10,23,13,4,30,0,21],"power":[0.05426497627727622,0.11223051229481017,0.08673470298558116,0.08386097900061254,0.2585110705386184,0.07432001797885451,0.13567593777041048,0.12361450738873718,0.41647784907629204,0.27937407336613596]}
{"id": 1, "drone": 1, "position":(41.666666666666664,25.0,1.0), "time":98.88282501445971,"sensors":[8,17,37,25,11,34,33,5,3],"power":[0.04231556233706996,0.013063547363628912,0.1294195119041257,0.3129691756048939,0.016552919884167752,0.008711879146318033,0.09518597154986373,0.007762551231503556,0.009363711514060069]}
{"id": 2, "drone": 1, "position":(33.333333333333336,8.333333333333334,1.0), "time":169.58986211385601,"sensors":[16,35,11,38,14,7,28,29],"power":[0.015669637948632565,0.04223380844856753,0.028077944590671734,0.025294118105083686,0.018152962361990047,0.017734679668048918,0.03380434501018043,0.0977137784157747]}
{"id": 3, "drone": 3, "position":(41.666666666666664,8.333333333333334,1.0), "time":987.2649425931222,"sensors":[35,11,38,7,29,2],"power":[0.09194732118667547,0.24194784885536644,1.291395119917671,1.4846029889724288,0.15133001464639317,0.15]}
{"id": 4, "drone": 3, "position":(25.0,16.666666666666668,2.0), "time":2.91533814390732E-4,"sensors":[16,8,9,26,1,10,14,6,28,30,5,27],"power":[6.87887581334294E-8,1.9424655702406485E-8,3.0384369418571374E-8,5.518150040182684E-8,2.6494705922297458E-8,4.534982150296375E-8,2.1959630841562773E-8,2.4502122226556626E-8,1.9712594314725794E-7,5.3709758137132257E-8,4.885487874787745E-8,9.24033875398264E-8]}
{"id": 5, "drone": 3, "position":(8.333333333333334,8.333333333333334,5.0), "time":114.86471342119785,"sensors":[9,1,10,23,13,4,30,0,21],"power":[0.012481451809502282,0.009876533448927353,0.009592245356117128,0.025777582375749696,0.008330107651501509,0.01432406222958951,0.013622773736132566,0.03304442676818114,0.027036758480014203]}
{"id": 6, "drone": 3, "position":(16.666666666666668,8.333333333333334,1.0), "time":171.82038011134497,"sensors":[16,9,1,10,23,14,13,28,30,0,27],"power":[0.10383260978793497,0.5981440145093089,0.021758026176981554,0.031654057725792356,0.011054396444586301,0.04494674174353215,0.011272596173853091,0.02679390151047195,0.16350900062635415,0.01351554744318337,0.029643715354469212]}
{"id": 7, "drone": 2, "position":(41.666666666666664,41.666666666666664,1.0), "time":541.7561347782239,"sensors":[17,22,36,34,18,32,3],"power":[0.11994770415411361,0.43773433057336886,0.14999999999999997,0.06912398927742326,0.18768503087654004,0.08525918140593905,0.21416011448036856]}
{"id": 8, "drone": 2, "position":(41.666666666666664,33.333333333333336,4.0), "time":615.0986699287376,"sensors":[8,17,37,25,22,34,33,18,3],"power":[0.060252779107724856,0.2401829828449352,0.09449302867795888,0.16686376752047039,0.04408582445753633,0.12902664212076112,0.05166474597338667,0.05111962321225198,0.26209110481387626]}
{"id": 9, "drone": 2, "position":(8.333333333333334,16.666666666666668,1.0), "time":54.725148692658536,"sensors":[1,10,23,13,30,0,21,27],"power":[0.02873291779339416,0.015838728644406677,0.032632321825984245,0.05705301079010361,0.008418470856164784,0.021356475343935977,0.022505439316759558,0.007566411767410739]}
{"id": 10, "drone": 0, "position":(8.333333333333334,33.333333333333336,2.0), "time":452.08903189599323,"sensors":[31,12,15,19],"power":[0.11566094321200417,0.08088935449076375,0.15,1.2342800400852094]}
{"id": 11, "drone": 0, "position":(33.333333333333336,25.0,1.0), "time":28.566167966241665,"sensors":[8,26,37,25,11,20,33,6,5,3],"power":[0.04743163913054855,0.004656991984023702,0.0027480984623253777,0.005950426680367372,0.0033616882844830645,0.00215624976653441,0.003149282476748196,0.005999370705499641,0.02607976696209731,0.0021604649789958943]}
{"id": 12, "drone": 0, "position":(25.0,33.333333333333336,2.0), "time":702.5711268763627,"sensors":[26,24,20,6,5,32],"power":[0.1578205069305078,0.9407262197440437,1.7458034175876538,0.42723324888934455,0.11615763295152039,0.07823041540774059]}
{"id": 13, "drone": 4, "position":(16.666666666666668,16.666666666666668,1.0), "time":31.575886685216396,"sensors":[16,9,26,1,10,23,13,28,30,0,21,27],"power":[0.0067576895365992805,0.005475124137754512,0.003492136947928476,0.034332558223542746,0.16081377710115688,0.002464299187891445,0.00906295541919637,0.0047671018418514,0.025549792896474483,0.0023925456972172074,0.002051031667957494,0.09837496205685772]}
{"id": 14, "drone": 4, "position":(25.0,8.333333333333334,1.0), "time":127.44899298070106,"sensors":[16,35,9,10,14,28,30,29,27],"power":[0.13552667954130418,0.01581887036475694,0.04093589773055809,0.008628896152718434,0.08690027393484692,0.1240987890950467,0.024658688983033614,0.020611855330794227,0.014414818417874765]}
{"id": 15, "drone": 4, "position":(16.666666666666668,41.666666666666664,1.0), "time":531.1332678806771,"sensors":[31,12,24,20,39,19],"power":[0.035743694562978365,0.12339817527689532,0.09170719034071123,0.060170827453507665,0.14999999999999997,0.04482037921390082]}
