LP RESULTS :
 Obj = 0.1*lambda1+0.9*lambda2 = 105.75616072559329 (lambda1 = 1030.5616072559328, lambda2 = 3.0) Resol time = 138455 ms

{"id": 0, "drone": 4, "position":(41.666666666666664,8.333333333333334,1.0), "time":707.844097511104,"sensors":[34,35,12,30,2,5,7,11,32,24],"power":[0.19260197332041504,0.5101187805679913,0.5701276929365262,0.18179083556911785,0.15000000000000002,0.10546027887918079,0.10672422496728763,0.5508620785651411,0.06987948809530728,0.11730086590822593]}
{"id": 1, "drone": 4, "position":(25.0,8.333333333333334,1.0), "time":99.98123163924947,"sensors":[13,14,35,9,4,12,5,32,33,24],"power":[0.01528619399629436,0.10573051597368582,0.006967746032991239,0.03070222321285055,0.01564876664363948,0.00852926778977973,0.025032993667522097,0.031033956477550202,0.10350073223335318,0.008851250321527582]}
{"id": 2, "drone": 4, "position":(33.333333333333336,16.666666666666668,1.0), "time":153.5761351162955,"sensors":[35,9,3,12,5,38,7,23,11,32,24],"power":[0.04135097324709134,0.04776164858125235,0.011759126250471014,0.026965332157635705,0.0706845636087992,0.01613841414785212,0.02303188210377264,0.06724582806334589,0.010150450965359024,0.08093630570921005,0.440655638412092]}
{"id": 3, "drone": 1, "position":(8.333333333333334,41.666666666666664,1.0), "time":72.31096579502837,"sensors":[6,10,20,17,15],"power":[0.030335221989870632,0.055945874028034324,0.020424202465188574,0.01540640997956742,0.004942979169743924]}
{"id": 4, "drone": 1, "position":(41.666666666666664,25.0,1.0), "time":67.82204779898971,"sensors":[3,38,7,23,24],"power":[0.014109431245287216,0.09540780678656735,0.020243892928939723,0.022360191869884125,0.006460448934841837]}
{"id": 5, "drone": 1, "position":(41.666666666666664,41.666666666666664,1.0), "time":582.9202691750567,"sensors":[31,1,19,16,0],"power":[0.15,0.10678837966223984,0.05269200036239168,0.9708373115387233,0.10250887328037074]}
{"id": 6, "drone": 2, "position":(8.333333333333334,25.0,1.0), "time":456.56056548221926,"sensors":[18,6,20,17,29,36,21,27,15,25],"power":[0.14046349510320189,0.03361862796501303,0.07766786761653655,0.07078291957849651,0.6061725436060217,0.30210780261933795,0.04115934500520684,0.12802239414840913,0.2119581405940103,0.08366675856519863]}
{"id": 7, "drone": 2, "position":(25.0,16.666666666666668,1.0), "time":1.3380951902939577,"sensors":[13,14,8,9,21,5,23,25,32,33,24],"power":[1.3940585115860093E-4,3.232016287184337E-4,8.808574680573319E-5,0.0033353698515763263,3.86754898124102E-4,2.527819430922693E-4,1.1580723288769563E-4,1.453620832375335E-4,3.736698717612994E-4,1.903446987292463E-4,1.9613384306649783E-4]}
{"id": 8, "drone": 2, "position":(8.333333333333334,8.333333333333334,1.0), "time":305.72760108901406,"sensors":[18,13,14,4,36,33,39,22],"power":[0.03990440678444722,0.08365989909752045,0.02075903798560344,0.03741729804646589,0.027441639385129172,0.022032788442173278,0.14413580784154315,0.15]}
{"id": 9, "drone": 0, "position":(8.333333333333334,33.333333333333336,4.0), "time":264.00926444515267,"sensors":[6,10,20,17,29,27,15,25],"power":[0.08533232676317026,0.07374150730508651,0.25337736948204187,0.1315867257288368,0.05791076127880071,0.02197760585159086,0.07837677020487971,0.019730682253489694]}
{"id": 10, "drone": 0, "position":(25.0,25.0,1.0), "time":308.6536821382671,"sensors":[8,9,3,28,21,23,25],"power":[0.14970900179792573,0.04441741535062973,0.042706569244664,0.0430747352942759,0.10845390009666904,0.030773854137716834,0.08058498697498027]}
{"id": 11, "drone": 0, "position":(25.0,41.666666666666664,1.0), "time":447.64133808087615,"sensors":[37,8,1,28,19,26,0],"power":[0.17982294191212225,0.03679400736666306,0.1097406900860443,0.10828500266780995,0.2761541041151975,0.1081198594304534,0.10906404713917155]}
{"id": 12, "drone": 3, "position":(16.666666666666668,8.333333333333334,1.0), "time":268.2734406846997,"sensors":[18,13,14,9,4,33,39],"power":[0.02603904922813337,0.6276119517528113,0.16134018917915668,0.023783343003691,0.09693393530989464,0.17951758234402715,0.018556460738686567]}
{"id": 13, "drone": 3, "position":(41.666666666666664,33.333333333333336,3.0), "time":447.64133808087615,"sensors":[3,38,16,23],"power":[0.08487784434708107,0.04308598221012798,0.13915826165583642,0.029504318696165446]}
{"id": 14, "drone": 3, "position":(16.666666666666668,41.666666666666664,3.0), "time":237.68081153353268,"sensors":[37,6,10,8,20,17,28,26],"power":[0.029972354384513022,0.06868517882978342,0.02031261866687917,0.015095789786458636,0.023909688544633545,0.041036753583966204,0.044977414238875774,0.04385557294637503]}
