LP RESULTS :
 Obj = 0.1*lambda1+0.9*lambda2 = 112.1079460877983 (lambda1 = 1094.079460877983, lambda2 = 3.0) Resol time = 4287 ms

{"id": 0, "drone": 0, "position":(25.0,8.333333333333334,1.0), "time":248.01367142157176,"sensors":[27,5,21,12],"power":[0.9951661918132086,0.03846411765719872,0.030237628033804528,0.11813047440804825]}
{"id": 1, "drone": 0, "position":(41.666666666666664,41.666666666666664,1.0), "time":733.5632641444922,"sensors":[28,13,33,37,1,4,31,17,6,29,18],"power":[0.26623724545133837,0.06615549582867383,0.053118911186432416,0.5155139185747605,0.22206023867192054,0.0520601062091473,0.05801661894197165,0.15,0.13206090499145617,7.335632641444922,0.2134334969868499]}
{"id": 2, "drone": 0, "position":(25.0,41.666666666666664,1.0), "time":112.50252531191896,"sensors":[24,25,33,4,31,32,34,14,38],"power":[0.21803293913062852,0.16213872171077723,0.11021078570089932,0.034929553322892035,0.037539392117493096,0.08107915207092205,0.1344092976587997,0.009112190492756871,0.12280093662258151]}
{"id": 3, "drone": 2, "position":(25.0,8.333333333333334,1.0), "time":35.80976000425591,"sensors":[27,5,21,12],"power":[0.14368829866884786,0.0055536890937696315,0.004365897237769452,0.017056414323832172]}
{"id": 4, "drone": 2, "position":(16.666666666666668,25.0,1.0), "time":77.36169036322595,"sensors":[2,9,21,14],"power":[0.012440601543551933,0.008106452213315143,0.01860548484905811,0.010865282228365606]}
{"id": 5, "drone": 2, "position":(8.333333333333334,8.333333333333334,1.0), "time":810.2560294521552,"sensors":[2,5,9,16,11,15,3],"power":[0.14246482457197904,0.24862009471652072,0.14454787959505094,1.8127352629156903,0.15087866279373213,0.6007983425194848,1.0356814563028194]}
{"id": 6, "drone": 3, "position":(41.666666666666664,33.333333333333336,1.0), "time":117.00271228535422,"sensors":[13,8,10,37,1,4,31,6,7,29],"power":[0.038126860037311104,0.00972007542779001,0.031211087421644128,0.01613491254943722,0.192852107060553,0.00954819680980864,0.009584767275506707,0.24382111763479353,0.047592877169911584,0.024771715790401907]}
{"id": 7, "drone": 3, "position":(25.0,16.666666666666668,1.0), "time":219.02813196636973,"sensors":[27,21,22,14],"power":[0.0332925189754771,0.18761382170206092,0.06699872431380674,0.01742992071143207]}
{"id": 8, "drone": 3, "position":(33.333333333333336,8.333333333333334,5.0), "time":131.43885101746412,"sensors":[30,27,0,26,20,12,35],"power":[0.012660206123735127,0.024183616307608468,0.029978645357921864,0.019024807193717908,0.013965184470886393,0.014813111268119584,0.023207043510971866]}
{"id": 9, "drone": 4, "position":(41.666666666666664,8.333333333333334,1.0), "time":87.58928094890564,"sensors":[30,0,19,26,20,35,23],"power":[0.02301882314091195,0.04213207823207134,0.012484857958437784,0.0671973673176331,0.023223879611204205,0.2735968217055383,0.016609316531283756]}
{"id": 10, "drone": 4, "position":(16.666666666666668,41.666666666666664,1.0), "time":117.00271228535416,"sensors":[24,39,25,33,32,34,38],"power":[0.021379815808909464,0.02225967180680125,0.015659538214550787,0.0099018861997939,0.10200449072637659,0.015348605742867292,0.015110512309660835]}
{"id": 11, "drone": 4, "position":(8.333333333333334,33.333333333333336,1.0), "time":472.82930553188504,"sensors":[39,36],"power":[0.12774032819319872,0.15295592614684486]}
{"id": 12, "drone": 1, "position":(25.0,33.333333333333336,1.0), "time":131.0109591362176,"sensors":[24,25,33,4,31,32,34,14,38],"power":[0.014688598421700911,0.01437962974479055,0.018919915624734822,0.05346214365815204,0.04597232228436504,0.0287704775963603,0.012515023949765915,0.11259260656744545,0.01208855106775764]}
{"id": 13, "drone": 1, "position":(41.666666666666664,25.0,1.0), "time":243.51348444813652,"sensors":[30,13,8,0,19,10,22,1,26,20,6,7],"power":[0.04342186112674056,0.04571764413401507,0.1560788688427019,0.017428723424859297,0.07892114982297423,1.5101516404095958,0.02254429234460161,0.03139059061653127,0.02191995464823344,0.04278435365942833,0.05225358844713444,0.5311678553290511]}
{"id": 14, "drone": 1, "position":(41.666666666666664,16.666666666666668,1.0), "time":631.5378444634766,"sensors":[30,8,0,19,10,22,26,20,35,7,23],"power":[4.524239528922395,0.278510211776357,0.3070496048595108,2.1914632945142904,0.1083045820022417,0.06045698334159162,0.6300803272976627,3.266927138777927,0.21232929186749075,0.07684193044798182,0.13339068346871624]}
