LP RESULTS :
 Obj = 0.1*lambda1+0.9*lambda2 = 122.00264271144592 (lambda1 = 1193.026427114459, lambda2 = 3.0) Resol time = 1949 ms

{"id": 0, "drone": 4, "position":(33.333333333333336,33.333333333333336,1.0), "time":13.23189025647472,"sensors":[39,38,3,2,27,17,28,29,11,13,26,1,31,23],"power":[0.01966526537950109,0.08836997089422957,0.003096441804781992,0.0020929401232662754,0.0011235941162153372,0.027772297311196115,0.0014896399521724855,8.351107726477601E-4,0.001763795585712207,0.003915973124092173,0.0022113906017790933,0.0035456734730364703,0.0012427701475312219,0.0031836411185178146]}
{"id": 1, "drone": 4, "position":(8.333333333333334,41.666666666666664,2.0), "time":322.0926481452411,"sensors":[30,19,20],"power":[0.131943574759934,0.2687009128339426,0.052511461378138564]}
{"id": 2, "drone": 4, "position":(8.333333333333334,33.333333333333336,1.0), "time":448.018038098174,"sensors":[0,30,19,20],"power":[0.07889357463651347,0.06014999788415471,0.06569492112936261,0.09748853862186142]}
{"id": 3, "drone": 1, "position":(25.0,41.666666666666664,1.0), "time":269.0126400298624,"sensors":[39,8,38,28,29,11,13,1,24,31,21],"power":[0.018848207896517283,0.1946942155696926,0.027749998967687744,0.020957001896313023,0.022682062000132827,0.1080693038749241,0.0766030567719344,0.09425434441147705,0.07089039767553824,0.1885860029728002,0.42307367220228403]}
{"id": 4, "drone": 1, "position":(16.666666666666668,41.666666666666664,1.0), "time":422.91574087104385,"sensors":[8,0,11,19,1,24,31,21],"power":[0.06462731575483348,0.04195222233736983,0.08362321238187832,0.03663722036426287,0.04519309390184313,0.07910960232446175,0.034666085063113694,0.06741130569413134]}
{"id": 5, "drone": 1, "position":(16.666666666666668,8.333333333333334,1.0), "time":297.13684310366625,"sensors":[6,32,4,12,37,9],"power":[0.04702633674074308,0.02353342598095361,0.03188104146671698,0.06645647352952021,0.023663584308689135,0.271716498782093]}
{"id": 6, "drone": 0, "position":(41.666666666666664,33.333333333333336,1.0), "time":53.68191108061899,"sensors":[39,38,3,2,17,13,5],"power":[0.022837800914828354,0.013599238407425576,0.006343815047037782,0.014869513835295023,0.02261622438278745,0.005179635451802995,0.01634464773307414]}
{"id": 7, "drone": 0, "position":(41.666666666666664,41.666666666666664,3.0), "time":361.4580928628616,"sensors":[39,38,2,17,29,36,13,5],"power":[0.06523827523463746,0.04191938269896829,0.46284659764197866,0.039733816443662605,0.0908432363089278,0.0596721475121892,0.05336041512054453,0.054257590910337467]}
{"id": 8, "drone": 0, "position":(41.666666666666664,41.666666666666664,1.0), "time":487.8661559570781,"sensors":[39,38,2,17,29,36,13,5,31],"power":[0.10074809772147207,0.06075933656955398,1.5416570837418264,0.058012293267778965,0.14039901197520818,0.09032785248781079,0.07830670143428825,0.0793977613565884,0.03382914565609761]}
{"id": 9, "drone": 2, "position":(8.333333333333334,16.666666666666668,1.0), "time":821.0033833978262,"sensors":[15,12,16,35],"power":[0.1993800938141954,0.9801409957408099,0.09486297518068171,0.23248001888637657]}
{"id": 10, "drone": 2, "position":(25.0,8.333333333333334,1.0), "time":364.24730678906946,"sensors":[25,6,32,4,37,9,34,22],"power":[0.10444728152436632,1.208016599708883,0.12646657401904637,0.06680673765664114,0.07351929009862383,0.31752755212517475,0.0353160428217814,0.10872817601968801]}
{"id": 11, "drone": 2, "position":(33.333333333333336,25.0,1.0), "time":7.775736927563457,"sensors":[39,38,3,27,17,28,33,4,37,26,34,1,23],"power":[0.0010464285372144974,0.0013838991047279115,0.05296716800878276,0.0015595354404319725,0.0018653685945748933,8.774174994372893E-4,8.096259798767623E-4,6.325978506391465E-4,8.883977495389822E-4,0.026177403718752542,0.0010762979737392964,5.931429592452506E-4,0.011416225557833923]}
{"id": 12, "drone": 3, "position":(25.0,25.0,4.0), "time":322.0926481452416,"sensors":[3,0,27,28,11,33,4,16,37,26,34,1,23],"power":[0.04691518747532268,0.04792488801373458,0.3369392326927448,0.12667594065207716,0.03079870170846782,0.14527761160177086,0.06310293987718264,0.06618879692172572,0.06116343995964421,0.08061892926738146,0.11167412499609108,0.0360367283600727,0.10418874526735923]}
{"id": 13, "drone": 3, "position":(33.333333333333336,16.666666666666668,1.0), "time":201.77389214891838,"sensors":[3,14,27,25,33,6,4,37,26,34,22,23],"power":[0.040677387664076387,0.034085321625410905,0.019384808573588257,0.06753099264216195,0.01758737728771769,0.017662938785322255,0.03184463601435495,0.051930050400992744,0.05229186166728045,0.03264037696860395,0.03255378214985752,0.03156865110642623]}
{"id": 14, "drone": 3, "position":(41.666666666666664,8.333333333333334,1.0), "time":627.0052281764712,"sensors":[14,10,7,25,18,22],"power":[1.6401034279741733,0.14999999999999997,0.1959584965451159,0.09226485117348203,1.213562414196657,0.09248865996004851]}
