LP RESULTS :
 Obj = 0.1*lambda1+0.9*lambda2 = 124.29764900822153 (lambda1 = 1215.9764900822152, lambda2 = 3.0) Resol time = 1970 ms

{"id": 0, "drone": 1, "position":(41.666666666666664,8.333333333333334,5.0), "time":466.2099576260912,"sensors":[19,26,30,13,18,8,37],"power":[0.10111721648604716,0.059869240282380554,0.20476159771051816,0.0981301741451141,0.055339162120794025,0.10370546586377168,0.161702225080101]}
{"id": 1, "drone": 1, "position":(16.666666666666668,16.666666666666668,1.0), "time":198.2371809140238,"sensors":[31,16,25,35,32,9,1,24,29,36,28],"power":[0.21857119281638804,0.9379938818604827,0.01643614643483673,1.9823718091402383,0.2807391776421591,0.25727678446265734,0.015768943515636423,0.037728612912528055,0.20058823710575796,0.08883351031060484,0.013821835161685038]}
{"id": 2, "drone": 1, "position":(16.666666666666668,8.333333333333334,1.0), "time":551.5293515421001,"sensors":[3,31,7,16,35,32,9,24,29,36],"power":[0.03486833626489562,0.0743445093826668,0.06768748420998284,0.16264915985245895,0.1148998825007691,0.05401571723389873,0.05891351587181925,1.0318915225277001,0.15744737380101462,0.061166489689395136]}
{"id": 3, "drone": 3, "position":(41.666666666666664,8.333333333333334,1.0), "time":532.2264522184986,"sensors":[19,3,26,30,13,18,8,33,37],"power":[0.16423152573913644,0.04254586678447096,0.09359114958644653,1.0827279690490603,0.15900520762660206,0.0845334184735642,0.1718285239272277,0.04072940997390252,0.5309156268727813]}
{"id": 4, "drone": 3, "position":(8.333333333333334,16.666666666666668,1.0), "time":190.54305733511163,"sensors":[31,16,35,32,9,1,29],"power":[0.10758967104193554,0.04741438048693244,0.042594968888494934,0.03472798112937556,0.05033480133360766,0.11081013937957677,0.09548909343668234]}
{"id": 5, "drone": 4, "position":(8.333333333333334,8.333333333333334,1.0), "time":257.90245240514685,"sensors":[31,7,16,35,9,1,24,29],"power":[0.030004004744564963,0.08231251579001715,0.03600880476325872,0.024494884400442563,0.017001816958203752,0.023420917104786776,0.02781403820996571,0.06099198496190566]}
{"id": 6, "drone": 4, "position":(33.333333333333336,41.666666666666664,5.0), "time":82.43008390576752,"sensors":[15,11,20,39,34,14],"power":[0.008726491185178622,0.005299250594948692,0.018783220312635043,0.00799169384025282,0.030205485849558584,0.04857842459059306]}
{"id": 7, "drone": 4, "position":(16.666666666666668,33.333333333333336,1.0), "time":142.8952709933344,"sensors":[5,25,12,22,32,27,39,6,28],"power":[0.9052517128241726,0.11670468021676725,0.04192970676620551,0.01692517543489848,0.009443804833163998,0.01205990089731416,0.013773106602224085,0.07047775557261353,0.18052074679537625]}
{"id": 8, "drone": 0, "position":(33.333333333333336,33.333333333333336,1.0), "time":323.31468663275655,"sensors":[15,21,20,39,38,34,14,23,17,4],"power":[0.03315985294377921,0.0316927094928456,0.022038287471272,0.1800397953213151,0.1311788447362007,0.16482272810825577,0.055628946389613264,0.12336611959218695,0.028959604789147574,0.03336057909484824]}
{"id": 9, "drone": 0, "position":(41.666666666666664,8.333333333333334,5.0), "time":85.31939391600895,"sensors":[19,26,30,13,18,8,37],"power":[0.018505095148530975,0.010956452584398318,0.03747267755260264,0.017958447360423752,0.010127419405641777,0.018978761282423488,0.02959253789634667]}
{"id": 10, "drone": 0, "position":(41.666666666666664,25.0,1.0), "time":683.7500378637167,"sensors":[2,21,38,23,33,10,17,4],"power":[0.19101627795836945,6.837500378637166,0.0486138770906196,0.28688268142303186,0.6647397742859977,0.15,0.11469382072961427,0.09701227169142831]}
{"id": 11, "drone": 2, "position":(16.666666666666668,41.666666666666664,1.0), "time":874.8440381748569,"sensors":[5,25,12,22,27,6,0,28],"power":[0.2543244260271958,0.0675824936810856,2.567707103742402,1.3122533579933826,0.8679776101432672,0.2635110443422822,0.15,0.08690562679168456]}
{"id": 12, "drone": 2, "position":(41.666666666666664,41.666666666666664,1.0), "time":208.91176558574193,"sensors":[15,11,20,34,14,17,4],"power":[0.363629084005508,0.1539341682044275,0.1360679932828897,0.05415806547804704,0.045792629019793654,0.0407795171267828,0.05265279877596383]}
{"id": 13, "drone": 2, "position":(33.333333333333336,8.333333333333334,1.0), "time":132.22068632161637,"sensors":[19,3,26,30,8,37],"power":[0.1947924515397586,0.0725857969506334,0.12575535664727758,0.06155923844297399,0.06900763026762795,0.016896969380875985]}
