LP RESULTS :
 Obj = 0.1*lambda1+0.9*lambda2 = 135.27918122138664 (lambda1 = 1325.7918122138665, lambda2 = 3.0) Resol time = 3519 ms

{"id": 0, "drone": 2, "position":(33.333333333333336,41.666666666666664,1.0), "time":226.72077355603014,"sensors":[22,36,4,17,7,35],"power":[0.11398131850291451,0.014479788609554945,0.14491789709328165,0.056424496859667744,0.03569842009916576,0.09960222431054916]}
{"id": 1, "drone": 2, "position":(16.666666666666668,41.666666666666664,1.0), "time":0.23951517081269458,"sensors":[12,22,4,23,27,30,34,26,37,25],"power":[2.0385879008820344E-5,2.0410185689301042E-5,1.5380240030240826E-5,7.938147693060291E-4,6.186993898369585E-5,2.187221155494294E-5,9.408700123999099E-5,4.979864687396399E-5,2.7391778812087747E-4,2.4954489995119568E-5]}
{"id": 2, "drone": 2, "position":(8.333333333333334,41.666666666666664,1.0), "time":606.0113186221434,"sensors":[12,23,11,30,20,34,26,37,33,25],"power":[0.2595155011892354,0.08519969772519909,0.15000000000000002,0.20080998098684993,0.1345266646887298,0.11553342951732468,0.08363805710746922,0.09815028960222238,0.0747296286668687,0.23931433856382484]}
{"id": 3, "drone": 4, "position":(41.666666666666664,8.333333333333334,1.0), "time":385.15602187010563,"sensors":[18,1,8,15,10],"power":[0.05405879142012898,0.1592898412787287,0.0443239785420257,0.19798971625133227,0.15042501127061625]}
{"id": 4, "drone": 4, "position":(33.333333333333336,8.333333333333334,2.0), "time":182.71806088040216,"sensors":[18,1,24,14,21,8,0,15],"power":[0.033718656530766306,0.018770005302598584,0.01904605711016046,0.02639151839772991,0.027437037222457085,0.10567602145797433,0.01234323515173907,0.19634786196251544]}
{"id": 5, "drone": 4, "position":(16.666666666666668,8.333333333333334,1.0), "time":569.1211282350558,"sensors":[3,2,19,24,14,21,0,5],"power":[0.052856893384443694,0.13818200424142613,0.23854640076586334,0.16463496136026712,0.13138510292364128,0.1458514869653145,0.07721770168686565,0.055459973351249456]}
{"id": 6, "drone": 3, "position":(41.666666666666664,41.666666666666664,3.0), "time":982.9841245932017,"sensors":[36,4,17,7,35],"power":[0.3152138548295168,0.07306958533638636,0.15888705285689494,0.4687748829474921,0.09272193781757355]}
{"id": 7, "drone": 3, "position":(25.0,33.333333333333336,1.0), "time":115.84739889382189,"sensors":[22,4,23,27,31,34,26,37,39],"power":[0.03599827131139615,0.03433349662733273,0.01769730877761654,0.08840493555710849,0.01342500564780134,0.017019159561196442,0.014375021311831573,0.021506671093990487,0.008072286652630881]}
{"id": 8, "drone": 3, "position":(41.666666666666664,25.0,2.0), "time":188.79660122830285,"sensors":[18,9,1,29,13,39],"power":[0.026611751023221508,0.1325008613398399,0.02093967565892172,0.03635590508323941,0.0548185807785891,0.04105985587223682]}
{"id": 9, "drone": 0, "position":(8.333333333333334,16.666666666666668,1.0), "time":651.2032357911806,"sensors":[28,3,19,38,16,6,32,5],"power":[0.2160040145891477,0.1724934188404732,0.09848175892473286,0.09841008077265276,0.13211146738979376,0.12392593684147032,0.15,3.9118359960214573]}
{"id": 10, "drone": 0, "position":(8.333333333333334,8.333333333333334,1.0), "time":105.46744818763001,"sensors":[3,2,19,16,5],"power":[0.1068511561300679,0.011817995758573882,0.012075924953895943,0.01788853261020623,0.027694140794663858]}
{"id": 11, "drone": 0, "position":(41.666666666666664,25.0,1.0), "time":569.1211282350558,"sensors":[18,9,1,29,13,39],"power":[0.08532960776133873,0.47107389137606087,0.06482810382760967,0.11364409491676059,0.17088402651793344,0.12790083258519291]}
{"id": 12, "drone": 1, "position":(25.0,25.0,4.0), "time":452.02668385668585,"sensors":[27,31,0,39],"power":[0.041596328519744104,0.16878858431197682,0.07378247648072062,0.07341687127028855]}
{"id": 13, "drone": 1, "position":(8.333333333333334,33.333333333333336,1.0), "time":603.6935795270882,"sensors":[12,28,23,27,38,30,20,34,6,26,37,33,25],"power":[0.03868142137056859,0.05712106731715249,0.04630917872787835,0.04086209911539849,0.05158991922734726,1.1787702006246892,0.15637159853903973,0.16999237296363665,0.07883415867286991,0.2368651588891385,0.08676696803886899,0.6137788566968567,0.964306981147099]}
