LP RESULTS :
 Obj = 0.1*lambda1+0.9*lambda2 = 139.83292419010922 (lambda1 = 1371.3292419010922, lambda2 = 3.0) Resol time = 11933 ms

{"id": 0, "drone": 2, "position":(33.333333333333336,25.0,1.0), "time":268.7198045072211,"sensors":[14,3,38,4,16,23,13,18,35],"power":[0.04489284332956915,0.1334421775739333,0.04561909157395365,0.03497872295144937,0.020546570278266844,0.07225430275676835,0.06115389798996819,0.017032750303247166,2.6871980450722113]}
{"id": 1, "drone": 2, "position":(33.333333333333336,8.333333333333334,1.0), "time":834.931778886258,"sensors":[7,14,0,38,31,23,33,32],"power":[0.2054158438977359,0.16631197713084464,0.3439381819622408,0.17430016970312626,0.12527925109047464,0.08164607825035514,0.0668603065114646,0.10350464253252234]}
{"id": 2, "drone": 2, "position":(8.333333333333334,25.0,1.0), "time":93.66931997395591,"sensors":[30,27,1,5,37,36,16,2,10],"power":[0.02585707524570356,0.016296777609429495,0.02652092665797393,0.020858666423417837,0.015456706909401092,0.012162387798302551,0.007505561149744628,0.008868597671572633,0.009611181941587365]}
{"id": 3, "drone": 4, "position":(33.333333333333336,41.666666666666664,1.0), "time":173.78296140175758,"sensors":[26,22,18,28,25],"power":[0.011619830421058608,0.021322362200154897,0.029337989512514085,0.05485945814741323,0.1283856997026586]}
{"id": 4, "drone": 4, "position":(8.333333333333334,8.333333333333334,1.0), "time":1117.2072619396329,"sensors":[6,17,27,21,15,37,36,39,9,24,19],"power":[0.26518030672749443,0.3592326305967531,0.22404558409104808,0.24582837722501244,0.3880539038958559,0.26036481415719903,0.37056555585634315,0.48426730451783784,0.13192365847764342,0.12273324680246735,0.9667184384765782]}
{"id": 5, "drone": 4, "position":(25.0,25.0,1.0), "time":80.33901855970174,"sensors":[14,30,1,5,3,38,4,16,23,13,18,2,8,35,10],"power":[0.012460397406855858,0.012969174592530792,0.007405506428839271,0.011461960625465272,0.13427866666421628,0.011489903109631456,0.17752081314794305,0.05592413406135952,0.023765535089887116,0.8033901855970175,0.00942815643810782,0.008945565487838399,0.007054248818089261,0.020083994065476164,0.02244046683207877]}
{"id": 6, "drone": 3, "position":(41.666666666666664,16.666666666666668,1.0), "time":93.66931997395523,"sensors":[14,12,38,31,23,35],"power":[0.008561010659619773,0.01767022536851735,0.008953755137592773,0.01029099257012017,0.006525641991129071,0.007749373583042254]}
{"id": 7, "drone": 3, "position":(16.666666666666668,33.333333333333336,1.0), "time":500.5345114042961,"sensors":[26,30,1,5,4,16,13,18,2,8,10],"power":[0.07001047135859988,0.08138088052141226,0.31764756492590335,0.3304676636774909,0.08846302273275944,0.06037438294467378,0.04408712507647005,0.08371535687434034,5.005345114042961,0.40266173968030666,0.30418147987037897]}
{"id": 8, "drone": 3, "position":(8.333333333333334,8.333333333333334,1.0), "time":153.08110956838004,"sensors":[6,17,27,21,15,37,36,39,9,24,19],"power":[0.036335330938550285,0.0492224957340909,0.030699000780758125,0.03368370581808175,0.05317162195811878,0.03567550623914824,0.05077534705586051,0.066354900141425,0.018076341522356574,0.01681706004025843,0.13246094636484973]}
{"id": 9, "drone": 1, "position":(16.666666666666668,25.0,1.0), "time":7.371550419123423,"sensors":[30,1,5,3,4,37,36,16,13,2,8,10,24],"power":[0.029792869640352118,0.004065638493152464,0.007917201351661084,8.183852412495313E-4,0.0026617247101368867,9.508899674209872E-4,6.360534504049212E-4,0.005649351565955099,0.0015353424711387837,0.0017561542035258967,7.52182399243681E-4,0.0048178741907844175,6.881777404617611E-4]}
{"id": 10, "drone": 1, "position":(41.666666666666664,41.666666666666664,3.0), "time":161.98488342498507,"sensors":[22,28,25],"power":[0.12867763779984506,0.20060058766567077,0.04374972489844856]}
{"id": 11, "drone": 1, "position":(8.333333333333334,41.666666666666664,1.0), "time":689.4148415440151,"sensors":[26,11,29,20,2,8,34],"power":[0.06836969822034152,0.15,0.24923592504301142,1.1710051462269244,0.05781965527607352,0.04757455181408665,0.15637114292343846]}
{"id": 12, "drone": 0, "position":(41.666666666666664,8.333333333333334,1.0), "time":442.7281430408784,"sensors":[7,12,31,33],"power":[0.04330722747780922,0.13232977463148263,0.7413771748426272,0.11267598391259474]}
{"id": 13, "drone": 0, "position":(25.0,8.333333333333334,1.0), "time":93.66931997395596,"sensors":[7,14,17,0,38,23,24,32],"power":[0.01055069172513601,0.017016919785056147,0.011295586661138186,0.22224509996468164,0.01708078530128965,0.009940508194536575,0.02129459911385396,0.046495357467477634]}
{"id": 14, "drone": 0, "position":(33.333333333333336,33.333333333333336,1.0), "time":93.6693199739558,"sensors":[3,4,13,18,28,8,35,25],"power":[0.016159672100475395,0.007106363913153743,0.008959523131176973,0.021594050778899355,0.01544083307296423,0.006058427559238871,0.0205224116322431,0.007864095594655672]}
