LP RESULTS :
 Obj = 0.1*lambda1+0.9*lambda2 = 127.96930913668938 (lambda1 = 1261.6930913668937, lambda2 = 2.0) Resol time = 207 ms

{"id": 0, "drone": 3, "position":(41.666666666666664,25.0,1.0), "time":424.9991684799734,"sensors":[27,21,28,0,6,13,19,22,17],"power":[0.08224509352840326,0.043964773768593604,0.21776840573250003,0.12547820956834974,0.14452844145205673,0.09236658232987653,0.037203512807170123,0.5561476944199074,0.043129112498561405]}
{"id": 1, "drone": 3, "position":(8.333333333333334,25.0,2.0), "time":834.3730225808243,"sensors":[23,38,26,2,3,34,35,8,31],"power":[0.1536644829788938,0.10467960775657012,0.31410662482225143,0.08025067997987893,0.07315220666373111,1.157196820962418,0.7978226596399983,0.1893332292819097,0.17344767390370452]}
{"id": 2, "drone": 4, "position":(41.666666666666664,16.666666666666668,1.0), "time":89.5824349585852,"sensors":[28,9,0,6,19,22,17,11],"power":[0.008048634658587368,0.009370701972172657,0.024521790431650252,0.09901087720647289,0.06884230301673466,0.03987691440730834,0.022605202040870725,0.015819573218038677]}
{"id": 3, "drone": 4, "position":(41.666666666666664,41.666666666666664,1.0), "time":836.6939228869203,"sensors":[27,1,21,32,36,13],"power":[0.07337684731652748,0.1543618111598034,0.1573008180960987,0.2831179913931618,0.5066167346858009,0.10788993976625827]}
{"id": 4, "drone": 1, "position":(25.0,8.333333333333334,1.0), "time":339.64397303872306,"sensors":[33,39,16,9,18,24,5],"power":[2.150573623500459,0.24769679153321042,0.5622679808367843,0.05993635070865885,0.16503117098687226,0.04397301926575432,0.042277123939995505]}
{"id": 5, "drone": 1, "position":(8.333333333333334,41.666666666666664,1.0), "time":56.688915983243795,"sensors":[29,26,37,25,2,3,8,30,20,31],"power":[0.010066459098668698,0.007071165492019915,0.004021031803731431,0.0039042662159191077,0.029385414304966547,0.010018850970466312,0.010517525715027,0.007353388691995775,0.008717609131933056,0.005491165108671085]}
{"id": 6, "drone": 0, "position":(41.666666666666664,8.333333333333334,1.0), "time":747.1114879283351,"sensors":[10,12,6,19,17,11],"power":[0.15000000000000002,0.36484639949775116,0.08443869846972041,0.37289262696823716,0.08426568546056787,0.22195741709311498]}
{"id": 7, "drone": 0, "position":(25.0,16.666666666666668,1.0), "time":331.1696530349093,"sensors":[33,39,23,38,16,9,18,24,5],"power":[0.07320655027416108,0.026721237090081288,0.04731569197441679,0.04532039224342988,0.07201218617026996,0.1684989410784202,0.023665045383805403,0.05843612031901947,0.4096803099927395]}
{"id": 8, "drone": 2, "position":(8.333333333333334,8.333333333333334,1.0), "time":590.8794652932613,"sensors":[7,14,15,24],"power":[0.15,5.908794652932613,0.2192225460053156,0.09773562334694148]}
{"id": 9, "drone": 2, "position":(16.666666666666668,41.666666666666664,1.0), "time":370.6311528028255,"sensors":[29,37,25,2,3,4,8,30,20],"power":[0.9741776796206183,0.14597896819626854,0.14996106032900303,0.04036390571515452,0.11250633637238361,0.19142831003677513,0.024612022858225637,0.9880993303473514,0.15324696705928628]}
