LP RESULTS :
 Obj = 0.1*lambda1+0.9*lambda2 = 139.686337228451 (lambda1 = 1360.8633722845102, lambda2 = 4.0) Resol time = 55987 ms

{"id": 0, "drone": 0, "position":(8.333333333333334,25.0,5.0), "time":338.4242307839245,"sensors":[24,3,44,26,15,48,45,37,22,5],"power":[0.0717991285960837,0.04402824906947808,0.05011849361215972,0.1543371261636672,0.046659734038181834,0.12953892353925747,0.04921290651439665,0.10972241394813032,0.05341487091507412,0.12884699642956549]}
{"id": 1, "drone": 0, "position":(33.333333333333336,8.333333333333334,1.0), "time":142.5476470013865,"sensors":[29,25,0,1,43,18,19],"power":[0.18020647632762182,0.02414319134239671,0.036604564462603344,0.042391607630588066,0.07130148075896028,0.01705456555988734,0.04012423949310209]}
{"id": 2, "drone": 0, "position":(41.666666666666664,8.333333333333334,1.0), "time":513.1179296524305,"sensors":[29,1,10,43,28,19],"power":[0.13579195450680875,0.10040460272309812,0.15,0.07757635449656729,0.1409848300086488,0.12457181982490673]}
{"id": 3, "drone": 0, "position":(25.0,25.0,1.0), "time":366.77356484676875,"sensors":[4,38,44,32,40,45,18,31,46,39],"power":[1.052717452461638,0.04985655133326456,0.052170410738993735,0.06438323896752439,0.08616008863722824,0.05579196559571459,0.055592132100612625,0.06774380032071718,0.5484316596870453,0.07939416222980353]}
{"id": 4, "drone": 3, "position":(41.666666666666664,16.666666666666668,1.0), "time":32.05841482327357,"sensors":[29,16,8,43,28,30,42],"power":[0.006770965315591317,0.0023818620465452392,0.0021659256820781366,0.006195024073736736,0.009015169991351213,0.012345652772208103,0.004593339216277972]}
{"id": 5, "drone": 3, "position":(25.0,41.666666666666664,1.0), "time":209.11080687775438,"sensors":[38,17,23,47,21,7,13,41,36],"power":[0.029098646842570398,0.058470898670903895,0.07473062509592822,0.07830859869434892,0.02154121940692497,0.07047319833676535,1.0511007039340923,0.01705585093800817,0.6210749501019179]}
{"id": 6, "drone": 3, "position":(41.666666666666664,41.666666666666664,1.0), "time":524.4697809577837,"sensors":[14,8,21,27,12,49,35,41],"power":[0.11068432207930579,0.04057000553126372,0.2888486010497206,0.10706535988977528,0.11099274217621048,0.301850722424014,0.2074618490115516,0.33934883675696276]}
{"id": 7, "drone": 3, "position":(8.333333333333334,8.333333333333334,1.0), "time":595.2243696256985,"sensors":[3,2,33,15,6,9,34,37,20],"power":[0.06746325383182848,0.1308657796021184,0.7021129839188454,0.06457918933155962,0.0792704106547175,0.2042172893751542,0.22007526117066498,0.04054806885858248,0.08652412122281522]}
{"id": 8, "drone": 2, "position":(16.666666666666668,33.333333333333336,1.0), "time":9.025506471324011,"sensors":[24,38,44,26,47,45,13,22,46,36,5],"power":[0.0012695444276577391,0.025494398872712758,0.009536047715087563,9.414801256972691E-4,0.002804808021214815,6.609403864405097E-4,6.656347578875304E-4,0.0024990871421825957,0.0010430346936428844,0.0010689255586291398,8.67308235094734E-4]}
{"id": 9, "drone": 2, "position":(8.333333333333334,41.666666666666664,1.0), "time":784.9628302503324,"sensors":[24,47,22,11],"power":[0.11270954253380512,0.08700838365544208,0.16479412141961516,0.15011209276816517]}
{"id": 10, "drone": 2, "position":(41.666666666666664,33.333333333333336,1.0), "time":292.0963652314671,"sensors":[14,32,16,8,21,27,12,30,49,35,41,39,42],"power":[0.039315677920694236,0.04811404195924402,0.07067704773750984,0.17187072279501775,0.04932188824911945,2.9209636523146707,0.21547865046940237,0.02724461609127519,0.01854651827652613,0.2594218679701881,0.07617196127563776,0.038451526144043076,0.080177353813964]}
{"id": 11, "drone": 2, "position":(8.333333333333334,25.0,2.0), "time":228.45080477892924,"sensors":[24,3,44,26,15,48,45,31,37,22,5],"power":[0.06557443574407025,0.038508497098693424,0.042960050496672064,0.36346348827094516,0.03985933721264008,0.23593092854497127,0.04275620388499612,0.016796331500624498,0.15456079567670325,0.04656810611340409,0.234992800868297]}
{"id": 12, "drone": 1, "position":(25.0,8.333333333333334,1.0), "time":673.1393808074199,"sensors":[29,25,40,6,0,1,9,43,18,31,19,20],"power":[0.08941807097535492,0.1258568086576033,0.07948208528744827,0.049747008377539155,0.34007314644665204,0.05241777042239137,0.06946097846380538,0.10447284189007619,0.20735139761895244,0.06876325628393307,0.04387897299008005,0.15195944406972392]}
{"id": 13, "drone": 1, "position":(25.0,41.666666666666664,1.0), "time":327.3376101066714,"sensors":[38,17,23,47,21,7,13,41,36],"power":[0.04555040295145229,0.0915291013290961,0.11698173129320517,0.12258261507448426,0.03372016676100538,0.11031724598344654,1.6453706890833484,0.02669886634623835,0.9722175190224928]}
{"id": 14, "drone": 1, "position":(16.666666666666668,8.333333333333334,1.0), "time":92.49962185139202,"sensors":[2,33,40,6,0,9,45,18,31,34,20],"power":[0.019134220397881586,0.009750296265702906,0.011432992812451864,0.020982580967743334,0.009280646887774134,0.08257602111836466,0.007984196178060787,0.011796538168316962,0.013683592093101079,0.017604789695116783,0.09339905857645617]}
{"id": 15, "drone": 1, "position":(41.666666666666664,25.0,1.0), "time":267.8867595190264,"sensors":[32,16,8,27,12,30,35,39,42],"power":[0.037502719073231564,0.08760029843442448,0.12458005949695672,0.0617714698469672,0.03657245790555433,0.20272981871897078,0.025533592020788646,0.04856957802886062,0.5263717461691263]}
