LP RESULTS :
 Obj = 0.1*lambda1+0.9*lambda2 = 133.68538582847205 (lambda1 = 1309.8538582847204, lambda2 = 3.0) Resol time = 472 ms

{"id": 0, "drone": 0, "position":(41.666666666666664,16.666666666666668,1.0), "time":286.5254074603544,"sensors":[12,19,15,44,42,32,45,26,46,40,1],"power":[0.3847856546768337,0.46868649022777614,0.06952652296450224,0.08440073354215678,0.20498765931189375,0.018882311123306773,0.12768541763109528,0.5479508716285045,0.33939836028407755,0.10843657437461635,0.04311421594557476]}
{"id": 1, "drone": 0, "position":(41.666666666666664,8.333333333333334,1.0), "time":110.9316133395343,"sensors":[12,19,44,42,32,45,26,46,40,1],"power":[0.021398777329423014,0.05556600680318612,0.01900172954320977,0.013173359669540875,0.06700036174252334,0.007391774711530775,0.03266567081807617,0.010471317874291623,0.16693351758480604,0.038598192231994316]}
{"id": 2, "drone": 0, "position":(41.666666666666664,25.0,2.0), "time":523.6645069087599,"sensors":[35,12,19,34,7,15,44,42,45,26,46],"power":[0.04563025843681774,0.0885709821145935,0.05334300690993285,0.035000638401356414,0.05065316912115511,0.2837801393842437,0.046597536914633426,0.12147566841709406,0.24050825019617408,0.0681524977805877,0.26528154684211747]}
{"id": 3, "drone": 2, "position":(25.0,41.666666666666664,1.0), "time":564.5760806727835,"sensors":[48,24,34,2,9,17,41,18,25,31,49,23],"power":[0.050107674937773405,0.21068486949732856,0.04553615133625774,0.06476625386540222,0.18131262565131634,0.11808340663772737,0.0529610937873394,0.14125574834068017,0.09903009330880251,0.0952779991146692,0.05797522973165732,0.03955027589689581]}
{"id": 4, "drone": 2, "position":(8.333333333333334,41.666666666666664,1.0), "time":651.3122433460526,"sensors":[33,8,11,36,49],"power":[0.17247583189137838,0.17788660881607843,0.20229467964462036,0.19229143887486416,0.12339661306439716]}
{"id": 5, "drone": 2, "position":(33.333333333333336,41.666666666666664,1.0), "time":93.96553426588446,"sensors":[48,24,34,14,4,9,17,41,18,31,23],"power":[0.07056949287134498,0.04775853698799509,0.040861363653048884,0.024925809589810954,0.008747677666245035,0.07134316025528487,0.006215102563465946,0.0608035217827828,0.037456997555418856,0.18744084387552817,0.06815676462034923]}
{"id": 6, "drone": 1, "position":(33.333333333333336,8.333333333333334,1.0), "time":388.73233057607183,"sensors":[19,0,39,42,32,20,26,40,1],"power":[0.05030597704316111,0.026902049111903987,0.04060308337665059,0.04610490881071493,0.06411732713416989,0.12136588402627747,0.07418885694104843,0.049499723490604275,1.2430391576829278]}
{"id": 7, "drone": 1, "position":(8.333333333333334,25.0,4.0), "time":397.4570207998887,"sensors":[33,11,38,13,27],"power":[0.057961211765794156,0.049928323981467404,0.028902483151157187,0.17416891000592724,0.04745843884611642]}
{"id": 8, "drone": 1, "position":(25.0,8.333333333333334,1.0), "time":523.6645069087599,"sensors":[5,28,47,0,39,29,38,21,20,1],"power":[0.1459582389663065,0.1323228266390605,0.07159435064612124,0.12309795088809601,0.06440518229740881,0.035987109909333105,0.045032867584083154,0.04684909307921939,1.1818012913980689,0.0713140368870109]}
{"id": 9, "drone": 3, "position":(8.333333333333334,8.333333333333334,1.0), "time":786.1893513759605,"sensors":[5,28,47,22,6,29,10,37,21,30,27,16],"power":[0.11195354898692184,0.09943837028525931,0.23775761019887098,5.672658483148499,0.25068878774838715,0.9671194928439202,0.20616869626290424,0.7907536009682881,0.22171208763447092,0.15,0.21170385869086014,0.7958989096007064]}
{"id": 10, "drone": 3, "position":(41.666666666666664,41.666666666666664,1.0), "time":127.64773643729251,"sensors":[48,24,34,14,4,9,41,18,31,23],"power":[0.0547349319075892,0.009999546986349086,0.038813110265659236,0.8772495044664523,0.14125232233375495,0.012716641184750788,0.040870283861293044,0.01175226464191113,0.029093918013343316,0.14963547548317438]}
{"id": 11, "drone": 3, "position":(25.0,25.0,1.0), "time":388.73233057607183,"sensors":[35,7,2,15,3,39,17,18,38,13,43,25],"power":[0.2335037398245308,0.16336371805008218,0.08523374613459778,0.034028305042686134,0.7776806686227591,0.11007848431869975,0.07893521313342274,0.02949476138039585,0.08874849672073111,0.02971913021894898,1.626334319548188,0.09393519691090722]}
