LP RESULTS :
 Obj = 0.1*lambda1+0.9*lambda2 = 151.33826461736285 (lambda1 = 1486.3826461736285, lambda2 = 3.0) Resol time = 177 ms

{"id": 0, "drone": 3, "position":(16.666666666666668,41.666666666666664,1.0), "time":0.3265738569028471,"sensors":[35,25,12,14,48,40,32,11],"power":[1.0056936009255252E-4,1.1509050566564668E-4,3.794404784386294E-5,6.296630616197277E-5,4.43395983892979E-5,2.0776167905354587E-5,6.485097707080902E-5,4.139529652239688E-4]}
{"id": 1, "drone": 3, "position":(41.666666666666664,8.333333333333334,1.0), "time":576.8201047842035,"sensors":[10,6,7,21,39,44,23,0,3,45,18,8,31],"power":[1.4598267140424541,0.11528092845785322,0.12470857678930763,0.16664755813150608,0.9469096884622586,0.042829476223669435,0.20687366506978205,0.1160833856708468,0.058021298714706064,0.03835484532998296,0.03847226504201887,0.12147333293474313,0.8540572750651565]}
{"id": 2, "drone": 3, "position":(41.666666666666664,16.666666666666668,1.0), "time":387.61236308504334,"sensors":[10,6,7,39,44,23,0,3,45,18,8,20,31],"power":[0.060534374321299926,1.4739794405854338,0.033778368481966525,0.13501850984690136,0.10717052377633055,1.215059562587613,1.3276342006634836,0.07935038494681258,0.15427991667846228,0.05876101608499009,0.02852666706525684,0.034151639142569384,0.21878764168988546]}
{"id": 3, "drone": 0, "position":(16.666666666666668,33.333333333333336,1.0), "time":612.7220263370284,"sensors":[46,2,35,38,25,43,19,16,47,26,12,40,11],"power":[0.05018569164150989,0.1873492428150263,0.3776694747175689,0.043451226808394534,0.03904993753289783,0.07023077020544985,0.0454057450029117,0.19571709276197877,0.0551005392895493,0.1233391128670415,1.1591941066085127,0.299968339870956,0.06003634453525706]}
{"id": 4, "drone": 0, "position":(8.333333333333334,41.666666666666664,1.0), "time":644.4757735354733,"sensors":[2,25,28,14,48,32,11],"power":[0.04328039560675336,0.27718511306853627,0.14999999999999997,0.15508345005660748,0.3077987380046291,0.6651471846448503,0.08954970249951899]}
{"id": 5, "drone": 0, "position":(8.333333333333334,25.0,3.0), "time":229.18484630112675,"sensors":[2,49,22,38,43,19,26,34,12,40],"power":[0.09631101507439424,0.022842659669527,0.030338584175672458,0.2776631799886196,0.42464128010082475,0.11007648443740087,0.051348030746534296,0.03655916748683736,0.023490234593026245,0.021554847104856778]}
{"id": 6, "drone": 2, "position":(16.666666666666668,8.333333333333334,1.0), "time":81.13576896246627,"sensors":[22,24,41,5,9,34,4],"power":[0.016567518166659835,0.014452609588020263,0.018811447627613914,0.03938190386311091,0.02026657372047076,0.009967293931460472,0.03435788263293699]}
{"id": 7, "drone": 2, "position":(33.333333333333336,33.333333333333336,1.0), "time":521.9501783043816,"sensors":[46,27,36,35,13,16,47,45,20,29],"power":[0.3719984341058683,0.15927747356970703,0.10449083671256176,0.03671405840591454,1.17515508903116,0.034540509352998384,0.38346479225995594,0.03491446798731106,0.13366741014942835,0.4777344415693282]}
{"id": 8, "drone": 2, "position":(25.0,8.333333333333334,1.0), "time":521.9501783043814,"sensors":[7,41,5,9,3,18,4],"power":[0.11201853222722429,0.1311885523723861,0.20088700185396957,2.2526894229140737,0.05715786687917047,0.06144869373221316,0.09965474353227122]}
{"id": 9, "drone": 1, "position":(8.333333333333334,8.333333333333334,1.0), "time":883.2966989067808,"sensors":[49,22,24,5,34,4,17,30],"power":[0.127157340330473,0.1838338672844485,0.22991162301422202,0.0663467247196219,0.23604915423588613,0.09816206133874343,0.2356140073225238,0.15]}
{"id": 10, "drone": 1, "position":(41.666666666666664,41.666666666666664,1.0), "time":558.1982006430734,"sensors":[36,33,13,37,1,42,29,15],"power":[0.12859941152202678,0.30485701034494367,0.07312935545638141,0.22825144193735758,0.16733008318522252,0.15,0.07124951904380779,0.24485486557105476]}
