LP RESULTS :
 Obj = 0.1*lambda1+0.9*lambda2 = 152.7510309063129 (lambda1 = 1500.5103090631292, lambda2 = 3.0) Resol time = 600 ms

{"id": 0, "drone": 2, "position":(8.333333333333334,16.666666666666668,1.0), "time":341.50506717130463,"sensors":[17,32,24,33,35,39,12,30,18,10,19,41,42],"power":[0.07873818181679194,0.06138733716649143,1.21658168564229,0.16687025604093733,0.040996205716325645,0.2443220444975457,0.09358116108846339,0.16061412261955618,0.02999474371486077,0.07747772874915615,0.1513092204067162,0.08981205450894998,1.0276028000362678]}
{"id": 1, "drone": 2, "position":(41.666666666666664,25.0,1.0), "time":578.957697175193,"sensors":[38,49,11,6,46,43,45,47],"power":[0.24780205010148965,0.046529308163911584,0.17218634960077728,0.20438364291026845,0.0713419748468963,0.39203703033643694,0.333356982518184,0.10587588183151793]}
{"id": 2, "drone": 2, "position":(25.0,41.666666666666664,1.0), "time":366.4611003778182,"sensors":[48,29,3,13,36,22,26,20,27,14,7],"power":[0.16858478847452069,0.08973418531103022,0.03776916672325344,0.042478557396537935,1.565562947760354,0.07176103397396363,0.19718566767482557,0.4106976074595858,0.03019475096845753,0.06862223203182016,0.3673776195924702]}
{"id": 3, "drone": 3, "position":(8.333333333333334,8.333333333333334,1.0), "time":366.4611003778182,"sensors":[24,33,35,39,12,30,16,19,41,42],"power":[0.055210020720063535,0.08007813577585798,0.10900379428367436,0.08935532403849902,0.07557996024339163,0.5492626861806266,0.024303690237650385,0.12065121604662167,0.02361498666489986,0.10979996022933465]}
{"id": 4, "drone": 3, "position":(8.333333333333334,41.666666666666664,1.0), "time":784.0536967016631,"sensors":[48,29,2,3,5,26,8,28,31,23],"power":[0.08885269091895252,0.07926821428482952,0.15000000000000002,0.11713984114574556,0.12166409518006184,0.0794002029652661,3.6339643957964434,0.12874356262373604,0.9804044902424578,0.1608675903403457]}
{"id": 5, "drone": 3, "position":(16.666666666666668,41.666666666666664,1.0), "time":349.99551198364804,"sensors":[48,29,3,13,36,22,26,8,20,27,28,14,7,31],"power":[0.7000633583318591,0.18011969454949717,0.10619703253240213,0.035170299944271496,0.06856359002405837,0.07110655008711832,0.5307752285873922,0.053344991936951566,0.05591427116313305,0.025423556078764824,0.026461678710888906,0.08137776796817983,0.10734259917720704,0.1755927411992837]}
{"id": 6, "drone": 1, "position":(8.333333333333334,25.0,1.0), "time":366.4611003778181,"sensors":[17,32,5,24,33,39,12,18,10,19,28,41,42],"power":[0.14297926199678157,2.7524451498732856,0.028335904819938168,0.10890632138487051,0.03899440387332965,0.04246702846722141,0.02715216285589408,0.027259119370454582,0.09478860049849101,0.028579374338790098,0.10528763364680117,0.07348906310634745,0.05420591236789074]}
{"id": 7, "drone": 1, "position":(25.0,16.666666666666668,1.0), "time":136.60419254859175,"sensors":[6,37,16,18,19,41,25,0,34],"power":[0.010052931490920508,0.12240157314909363,0.009535003950568013,0.05502921024286702,0.010465143543486401,0.019173340331218838,0.1165317098516214,0.6988618134117599,0.33780136958616985]}
{"id": 8, "drone": 1, "position":(41.666666666666664,41.666666666666664,1.0), "time":646.2620044814164,"sensors":[38,49,46,9,40],"power":[0.07739252688164755,0.1034706918360884,0.23040017808231938,0.1778864380759246,0.17374012704684663]}
{"id": 9, "drone": 0, "position":(25.0,8.333333333333334,1.0), "time":289.47884858759653,"sensors":[21,1,37,16,18,19,25,0,34],"power":[0.0263744555882454,0.022245700532517697,0.02707775545223184,0.12260480932890472,0.023350854529994382,0.018903215184958265,0.1549330802532531,0.05897170818742405,0.053679327094963966]}
{"id": 10, "drone": 0, "position":(41.666666666666664,8.333333333333334,1.0), "time":921.5526118879362,"sensors":[21,1,15,44,4,43,45,47],"power":[0.12362554441175459,0.5371202219919039,7.404108142571723,0.26555782885264123,0.5620924360584924,0.08347501829078277,0.0910263466857633,0.20956897524020812]}
{"id": 11, "drone": 0, "position":(25.0,25.0,3.0), "time":289.4788485875964,"sensors":[6,37,13,22,18,27,41,25,0,34],"power":[0.03493067458811711,0.10691463754082889,0.07442418872942715,0.038570049374386565,0.07149324460607785,0.09715133782036572,0.03138839507079982,0.022922232526258742,0.05818990772114663,0.05505663056201175]}
