LP RESULTS :
 Obj = 0.1*lambda1+0.9*lambda2 = 132.6706954457342 (lambda1 = 1290.706954457342, lambda2 = 4.0) Resol time = 3824 ms

{"id": 0, "drone": 2, "position":(8.333333333333334,25.0,1.0), "time":429.7302116193037,"sensors":[42,17,15,40,43,2,13,29],"power":[0.09597457601961248,0.04498385639629036,0.12092054878127817,0.13624764939897388,0.08588714607236249,0.03404937836249864,0.13143293145141086,0.05766171676479174]}
{"id": 1, "drone": 2, "position":(16.666666666666668,41.666666666666664,1.0), "time":169.45128928395263,"sensors":[30,36,9,46,0,21,43,49,18,23,5,22],"power":[0.26346409104226326,0.0280967937333876,0.026091109852697518,0.0267628651577658,0.04083858705220116,0.17674847172360397,0.012994480537164956,0.014873104315983583,0.034575784266954256,0.011832930703951592,0.033119899590890935,0.05200604417495857]}
{"id": 2, "drone": 2, "position":(25.0,41.666666666666664,1.0), "time":642.9520319707375,"sensors":[30,36,46,3,19,21,34,18,23,5,26],"power":[0.1527082553271081,0.12190320626661197,0.1404717557842275,0.09052715921048808,0.25133709513006885,0.08751553096777215,0.06213903375698932,1.4629312758437878,0.09256910701985449,0.5190541979045944,0.08586364135687759]}
{"id": 3, "drone": 2, "position":(8.333333333333334,33.333333333333336,1.0), "time":48.57342158334586,"sensors":[9,15,37,40,43,29,22],"power":[0.006945156555472356,0.008049897420242706,0.008645806232255943,0.06478699819404199,0.00981355364824543,0.014047781257296957,0.0041051186950290365]}
{"id": 4, "drone": 0, "position":(41.666666666666664,8.333333333333334,1.0), "time":378.2387348603132,"sensors":[10,25,33,1,38,31,11],"power":[0.13730840212981715,0.116848499734809,0.026030764581069614,0.037047892873892804,0.07513924154636695,0.026987789422911208,0.08773849817561213]}
{"id": 5, "drone": 0, "position":(33.333333333333336,8.333333333333334,1.0), "time":223.71331854557636,"sensors":[10,33,1,27,14,31,11],"power":[0.01817018877915002,0.11459688894395584,0.15143177838285624,0.034214737088057424,0.01748886909035434,0.05042121074308959,0.041564543156436276]}
{"id": 6, "drone": 0, "position":(41.666666666666664,16.666666666666668,1.0), "time":206.7071906892654,"sensors":[10,47,12,25,1,38,6,11],"power":[0.21718817153372783,0.023179805272569735,0.04112485064660161,0.033151500265191126,0.019267790388367043,0.10597752244915272,0.017429960925276797,0.30440906349143876]}
{"id": 7, "drone": 0, "position":(41.666666666666664,25.0,1.0), "time":482.04771036218546,"sensors":[10,47,12,24,20,38,6,11],"power":[0.05146399920552312,0.1432027726118994,0.10887514935339802,0.07273525033625565,0.09235156324599157,0.05649208797582218,0.13273991181472872,0.07672634579167233]}
{"id": 8, "drone": 1, "position":(16.666666666666668,8.333333333333334,1.0), "time":85.32146333439246,"sensors":[42,4,28,33,44,35,27,7,32],"power":[0.011520899745987684,0.010810897012461747,0.47809142401348165,0.007527307248907174,0.05147401853898288,0.012773106732780606,0.007794636687895279,0.00958245723037225,0.021811006957716865]}
{"id": 9, "drone": 1, "position":(25.0,16.666666666666668,1.0), "time":23.62961299442759,"sensors":[48,47,42,28,33,44,35,1,27,14],"power":[0.002793511342441479,0.001723797091121123,0.0015926141764488926,0.00274939815365232,0.0072237811725571945,0.005173800479163325,0.05289021461599898,0.0065478970980771605,0.08585447789718939,0.019736359067097236]}
{"id": 10, "drone": 1, "position":(8.333333333333334,8.333333333333334,1.0), "time":723.3377807607608,"sensors":[42,4,28,17,44,2,13,45,7,32,8],"power":[0.11041894694286357,1.3727014997649292,0.11717151785284881,0.11737603041493734,0.10017792201688092,0.2131484251582329,0.07811087309645727,0.15,1.4261985719165564,0.07909464558330881,0.31088838167478366]}
{"id": 11, "drone": 1, "position":(25.0,8.333333333333334,1.0), "time":458.4180973677605,"sensors":[28,33,44,35,1,27,14,31,32],"power":[0.13095400345583488,0.33921665425669834,0.08526273437892687,0.09568456497280672,0.1405967790302522,0.13141202085201936,0.04524300843116991,0.07259099983399912,0.04909434745897399]}
{"id": 12, "drone": 3, "position":(8.333333333333334,33.333333333333336,1.0), "time":126.89321727187692,"sensors":[9,15,37,40,43,29,22],"power":[0.018143528519368683,0.02102955379847913,0.02258630611059025,0.1692495683904626,0.025636929718020705,0.03669842685904515,0.010724212985518112]}
{"id": 13, "drone": 3, "position":(8.333333333333334,41.666666666666664,1.0), "time":390.92274066190805,"sensors":[30,9,0,21,37,40,49,29,22],"power":[0.06170899531453041,1.1294436385209616,0.1448672765263954,0.0988743164047508,0.1187678876571538,0.045886407912812545,0.1351268956840165,0.04159207511886615,0.29737128661884865]}
{"id": 14, "drone": 3, "position":(41.666666666666664,41.666666666666664,1.0), "time":612.9176840809087,"sensors":[3,19,34,24,20,16,26,39,41],"power":[0.13523679949400924,0.07453787175387688,0.3965730890503394,0.10561403824837808,0.0707890697208305,0.14999999999999997,0.21379991271257584,2.0148412512699805,1.067845259038603]}
{"id": 15, "drone": 3, "position":(25.0,25.0,1.0), "time":159.97331244264782,"sensors":[48,47,35,43,20,23,27,14],"power":[0.2061577839905184,0.025975126818021395,0.030427807934365312,0.02440125225976253,0.011085292089633532,0.052431009189291736,0.025154077425153572,0.06753176341138067]}
