LP RESULTS :
 Obj = 0.1*lambda1+0.9*lambda2 = 153.39322107554432 (lambda1 = 1497.9322107554433, lambda2 = 4.0) Resol time = 24707 ms

{"id": 0, "drone": 1, "position":(16.666666666666668,33.333333333333336,1.0), "time":44.15244151991441,"sensors":[0,21,13,38,18,25,31,10,47,17,19],"power":[0.010827934805402263,0.006241467325491116,0.04371339203103379,0.004886906842747609,0.00952457263464994,0.007581926462430646,0.07748727244933479,0.03141483078524682,0.027095800843851763,0.009868818383394977,0.006324755656421558]}
{"id": 1, "drone": 1, "position":(8.333333333333334,25.0,5.0), "time":36.287458322404746,"sensors":[0,21,13,10,47,43],"power":[0.011181862619104234,0.016647263508658337,0.002847668736792984,0.006866662792750492,0.007665801311131277,0.00571851806652083]}
{"id": 2, "drone": 1, "position":(8.333333333333334,33.333333333333336,1.0), "time":853.7441964864125,"sensors":[0,21,13,31,10,47,43,17],"power":[0.7556156761761914,0.3698649912064513,0.09792252908379977,0.1710430632302266,0.5106686266836004,0.4698234046344641,0.14428148193347917,0.21082649675677392]}
{"id": 3, "drone": 1, "position":(8.333333333333334,41.666666666666664,1.0), "time":563.7481144267115,"sensors":[0,26,31,10,47,17],"power":[0.04713060000369303,0.15000000000000002,0.08993433712362223,0.05700698479668517,0.052586471527017724,0.5315532742312103]}
{"id": 4, "drone": 0, "position":(41.666666666666664,25.0,1.0), "time":803.7212564862971,"sensors":[36,29,33,41,44,40,16,11,37,23,6],"power":[0.13893025523903776,0.24413469785253508,0.4578798326242961,0.10674394648553392,0.08469501792530545,0.1698445945165515,1.8786750837529722,0.15,3.3188379858222556,0.5002278904574909,0.324263048229457]}
{"id": 5, "drone": 0, "position":(25.0,25.0,1.0), "time":13.38149219727893,"sensors":[1,49,13,33,41,44,22,23,20,19],"power":[0.0013815678928700077,0.0014557910537262896,0.003167966974103711,9.570111753958052E-4,0.0031282897084841796,0.007213080202868045,0.002433395780677301,0.0010332284782893243,8.540556962273231E-4,0.0010515194573088287]}
{"id": 6, "drone": 0, "position":(33.333333333333336,33.333333333333336,1.0), "time":259.2353502125423,"sensors":[14,27,33,41,44,38,18,16,25,37,23,5,19],"power":[0.1762375767079029,0.05875567754387987,0.08010841855870982,0.18997266151884898,0.05423442336383089,0.044204812807183226,0.01804869246349939,0.021678970188045748,0.03160598766411676,0.03570873149559366,0.07317365946623748,0.03317748939051406,0.05185451797241735]}
{"id": 7, "drone": 0, "position":(33.333333333333336,41.666666666666664,1.0), "time":421.5941118594427,"sensors":[14,27,46,41,38,18,25,45,15,5,19],"power":[0.3749558973316949,1.2498223716044878,0.02673995470478148,0.032613190415501744,0.10681082097990621,0.043305144005756246,0.06741244842255201,0.07502671733180426,0.03154112791394917,0.1460808837934407,0.08675499195345666]}
{"id": 8, "drone": 2, "position":(33.333333333333336,8.333333333333334,1.0), "time":8.688211934657147,"sensors":[48,12,36,39,40,24,2,34,22,6,20,9,7],"power":[0.00450430618690496,0.001100412434743887,0.0011047017421274277,0.001281401644711121,6.071114191736144E-4,0.0018777106779862944,0.00916043721397114,5.901551309209398E-4,0.0014374960651736734,6.528620943735338E-4,7.736274062245358E-4,0.017421213691544205,0.0021175150917148887]}
{"id": 9, "drone": 2, "position":(25.0,41.666666666666664,1.0), "time":36.28745832240601,"sensors":[14,27,13,38,18,25,45,31,17,19],"power":[0.009010120277896213,0.013177030007344437,0.002348443174270006,0.07971609649413518,0.046889784317984864,0.07539487439995206,0.020249870965965235,0.005476351203333205,0.0027277548209719217,0.03237284106142103]}
{"id": 10, "drone": 2, "position":(41.666666666666664,8.333333333333334,1.0), "time":685.522742334489,"sensors":[48,36,29,35,40,4,24,2,6,9,7],"power":[0.5357980196385067,0.19144531770041892,0.1002462053026115,0.16123402803624698,0.1438438681971567,0.15,0.04810328915707368,0.39306458105197,0.0715244809474338,0.26874641735031385,0.09128215347155094]}
{"id": 11, "drone": 2, "position":(25.0,8.333333333333334,1.0), "time":765.3663625895174,"sensors":[48,1,12,49,39,8,24,2,34,22,28,32,42,20,9,7],"power":[0.051174144949442245,0.08990035178380695,0.2950871180873032,0.152324007513429,3.009226544925634,0.055921949386557236,0.10001900016493996,0.07082369476364693,0.18248125129549675,0.12267821238180465,0.19552336056983288,0.06822210201944015,0.24923406510923082,0.4537003493609466,0.0937028857798035,0.06250576428928155]}
{"id": 12, "drone": 3, "position":(25.0,16.666666666666668,1.0), "time":27.24419765176299,"sensors":[1,49,39,44,22,28,42,20,9],"power":[0.006963894041899861,0.012519321148589826,0.0067521052369118985,0.003857478507995631,0.02345089577234397,0.0031543378063232114,0.00561094584234637,0.011926256717044715,0.0018926791516592077]}
{"id": 13, "drone": 3, "position":(33.333333333333336,41.666666666666664,4.0), "time":373.06878480448427,"sensors":[14,27,38,18,25,45,5,19],"power":[0.1634006679159463,0.28667795461758017,0.07640886626236154,0.03223180657811138,0.05073809371603605,0.05639297115140103,0.09913829326287561,0.06492674018476594]}
{"id": 14, "drone": 3, "position":(8.333333333333334,8.333333333333334,1.0), "time":691.9401583168841,"sensors":[1,3,30,49,8,28,32,42],"power":[0.06309970124108281,0.14999999999999997,0.48571550046718837,0.046249576579543025,0.5125938802707612,0.12482086364862745,0.17249948217576191,0.08482784417977714]}
{"id": 15, "drone": 3, "position":(41.666666666666664,41.666666666666664,1.0), "time":405.67906998231183,"sensors":[14,27,46,15,5],"power":[0.05269550220698768,0.05322191408705681,0.21831712969956013,0.11845887208605896,1.3390707329343832]}
