LP RESULTS :
 Obj = 0.1*lambda1+0.9*lambda2 = 169.7320186718142 (lambda1 = 1661.3201867181417, lambda2 = 4.0) Resol time = 4225 ms

{"id": 0, "drone": 3, "position":(8.333333333333334,33.333333333333336,2.0), "time":983.9867957623203,"sensors":[33,35,48,44,21,3,39,10],"power":[0.10396143463578426,0.12283725092713416,0.3391897912460407,0.1379498483897833,0.36232435402740765,0.07655254852704928,0.4990515346701618,0.26663272654334785]}
{"id": 1, "drone": 3, "position":(41.666666666666664,41.666666666666664,1.0), "time":397.240924374447,"sensors":[36,46,7,9,6,24,20,38,26,0],"power":[0.028191574795036197,0.034674881541094646,0.043073180805295194,0.19328907057272776,0.07289385033013832,0.08569575780358887,0.11022553651835666,0.05948285852775123,0.22878733825439418,0.13076736163436428]}
{"id": 2, "drone": 3, "position":(8.333333333333334,8.333333333333334,1.0), "time":280.0924665813744,"sensors":[30,17,37,4,41,15,40,11],"power":[0.08973577105552158,0.03652715126395229,0.07259768781660902,0.5554674212550241,0.06174326641000034,0.03367464136493617,0.01895257448209745,0.047812844287894785]}
{"id": 3, "drone": 2, "position":(25.0,8.333333333333334,1.0), "time":318.06181574525533,"sensors":[14,27,28,23,17,25,29,40,11],"power":[0.1059402145664259,0.17383034646607046,0.023785328057062554,0.021497823699485424,0.09506229281432758,0.22410696345030928,0.6394802490822078,0.044951245326663704,0.0420463983785725]}
{"id": 4, "drone": 2, "position":(41.666666666666664,8.333333333333334,1.0), "time":346.52733561766377,"sensors":[28,32,23,5,25,2,19,22],"power":[0.04748415421204863,0.14491042941201596,0.3196378336471811,0.528410295945641,0.02283142713251396,0.1232112117196253,0.8596548824486641,0.12761866105320852]}
{"id": 5, "drone": 2, "position":(16.666666666666668,41.666666666666664,1.0), "time":29.18230119159827,"sensors":[43,12,13,21,45,16,39,10],"power":[0.006113613021332173,0.005234932904045906,0.022724074386782478,0.0038801791597085815,0.005751412376965173,0.001983984376933408,0.008626131538629001,0.016757412471811704]}
{"id": 6, "drone": 2, "position":(8.333333333333334,8.333333333333334,1.0), "time":967.5487341636243,"sensors":[30,17,37,4,41,15,40,11],"power":[0.3099823881508861,0.1261790415122519,0.2507807575387212,1.9188013403719657,0.21328534818256986,0.11632535863506384,0.06546959178556716,0.16516423141311062]}
{"id": 7, "drone": 0, "position":(33.333333333333336,41.666666666666664,1.0), "time":628.3458705416128,"sensors":[34,46,12,7,9,6,24,45,20,26,0],"power":[0.08487064680322531,0.19927294261527717,0.05250841492727463,0.041528728553743795,0.37002934049297953,1.1398829711266647,0.14764647260809843,0.06829352385169112,0.05279917508622741,0.0545996425875734,0.048093222441017484]}
{"id": 8, "drone": 0, "position":(33.333333333333336,8.333333333333334,1.0), "time":360.99764355314073,"sensors":[14,27,28,32,23,5,42,25,2,19,29,22],"power":[0.06501907034054091,0.0386368400530211,0.08254227660356804,0.026443206704792527,0.20484494560360858,0.041982126396656626,0.02547860270015359,0.16725533148574223,0.029440505106761165,0.07592596260086021,0.10778208294328658,0.024848997295328166]}
{"id": 9, "drone": 0, "position":(25.0,25.0,3.0), "time":341.8873986044219,"sensors":[34,27,8,42,31,16],"power":[0.06752130500632235,0.02707400674427743,0.05752426320144167,0.09700388866761803,0.41154547496277954,0.12162373575151823]}
{"id": 10, "drone": 0, "position":(8.333333333333334,41.666666666666664,1.0), "time":330.0892740189663,"sensors":[43,13,48,21,39,10],"power":[0.14388638697866782,0.09224863379684099,0.02115322960032097,0.4692031931389856,0.09805221901397318,0.08367864940870107]}
{"id": 11, "drone": 1, "position":(41.666666666666664,25.0,1.0), "time":635.7333918020819,"sensors":[49,36,8,47,18,28,32,7,42,20,38,1,0],"power":[1.853040827774726,0.3193723656466634,0.1547072210945057,3.1313240353271654,1.4123317575930716,0.0746816730870589,0.047157626669769505,0.28926385473861693,0.05662309944642152,0.10429301346160216,0.18354531328006918,0.15442545423493687,0.07112977658423883]}
{"id": 12, "drone": 1, "position":(16.666666666666668,8.333333333333334,1.0), "time":95.61717022788753,"sensors":[14,27,30,17,37,25,4,41,29,40,11],"power":[0.009263695169696136,0.024482123398093154,0.008430848702634245,0.14293728579923967,0.02224451281556721,0.008060262806368002,0.013134341109199907,0.021006974400951176,0.013075393926002982,0.02062658840567166,0.04447064841642989]}
{"id": 13, "drone": 1, "position":(25.0,41.666666666666664,1.0), "time":318.0618157452568,"sensors":[34,46,12,13,9,6,45,16,10],"power":[0.045921070416106984,0.06034744748509845,0.09225665216867944,0.03502729181637652,0.0250040154394325,0.06541096853021948,0.13354034488529143,0.02639227987154836,0.033399101645136195]}
{"id": 14, "drone": 1, "position":(8.333333333333334,25.0,1.0), "time":318.061815745257,"sensors":[30,33,37,35,48,44,3,41,39],"power":[0.04204484238856563,0.07325842155364791,0.0389584648457269,0.0718179729359132,0.13885126321705119,1.2863987170874456,0.07344745147295074,0.04406048906037466,0.030256936965780964]}
