LP RESULTS :
 Obj = 0.1*lambda1+0.9*lambda2 = 154.9774906083261 (lambda1 = 1513.774906083261, lambda2 = 4.0) Resol time = 4075 ms

{"id": 0, "drone": 2, "position":(41.666666666666664,25.0,3.0), "time":195.46113881233953,"sensors":[49,39,20,23,3],"power":[0.022873016648307955,0.01301040966159669,0.058761367191332875,0.017256292772670816,0.16385028217511544]}
{"id": 1, "drone": 2, "position":(41.666666666666664,33.333333333333336,1.0), "time":474.8356180140892,"sensors":[49,27,36,25,39,40,6,20,42,34,3,15],"power":[0.2920642278799432,0.12538931274970577,0.04752482092915065,0.12789843379672305,0.33136415703386873,0.03524948368844153,0.06309341684140607,0.07453526971273244,0.06699342448904698,0.03500090311397817,0.09628476500366967,0.12004685616897777]}
{"id": 2, "drone": 2, "position":(25.0,8.333333333333334,1.0), "time":358.81217132761935,"sensors":[4,43,47,22,18,46,19,35,23,41],"power":[0.03160439065223303,0.08133739838328143,0.02927283991692004,0.08982343163530715,0.0599296410782581,0.053947809748031726,0.10768845848993257,1.5250337514153713,0.031509727588986104,0.0609727877133367]}
{"id": 3, "drone": 2, "position":(16.666666666666668,8.333333333333334,1.0), "time":139.69925287166237,"sensors":[4,13,43,37,22,18,46,35,9],"power":[0.03848291217299604,0.014511933228560543,0.009507783149745848,0.022581232176716134,0.018786526994902637,0.8518727993785276,0.04678155561852434,0.04211177848944342,0.02285673576151681]}
{"id": 4, "drone": 0, "position":(41.666666666666664,41.666666666666664,1.0), "time":401.24703101125533,"sensors":[49,27,36,25,39,40,6,42,44,15],"power":[0.07875095604969634,0.17013785842007956,0.5743124921566252,2.3365606357643873,0.3786244891528743,0.08101937577692434,1.189842573967799,0.03263908428657608,0.1780007749271579,0.22869337726406047]}
{"id": 5, "drone": 0, "position":(25.0,41.666666666666664,1.0), "time":153.36037102677437,"sensors":[12,40,11,1,17,32,42,26,34,2,45,15],"power":[0.21837735732387423,0.03411449496344962,0.37687812967602363,0.11836659723585213,0.017790551573907985,0.02694764588899827,0.02506722229291316,0.013236136097152063,0.03329688627203154,0.05508352677379624,0.05081273738603638,0.01284685590347774]}
{"id": 6, "drone": 0, "position":(8.333333333333334,41.666666666666664,3.0), "time":959.1675040451287,"sensors":[29,33,10,32,26,2,48,24,31,45],"power":[0.08341468627334085,0.9230359442916867,0.17999889582162384,0.20117895124870727,0.49492548378845885,0.08539821528460673,0.19695543644730856,0.1380239115484363,0.22620027367328582,0.1259989534075942]}
{"id": 7, "drone": 1, "position":(25.0,25.0,4.0), "time":358.81217132761935,"sensors":[14,1,17,42,47,34,23,5,9],"power":[0.14876904294453733,0.02600205862108318,0.09403170173286107,0.03265155022997892,0.09911449986507259,0.045264437959685704,0.04861722440524163,0.09908497931606122,0.027913411487678685]}
{"id": 8, "drone": 1, "position":(33.333333333333336,8.333333333333334,1.0), "time":459.04309240925363,"sensors":[0,7,43,47,22,19,35,23,41],"power":[0.03463846881106157,0.09320442196112867,0.07210088309245793,0.03481936704814362,0.0413900413697902,0.7316102917299214,0.07102063831426304,0.0672855655375215,0.6490882146555346]}
{"id": 9, "drone": 1, "position":(41.666666666666664,16.666666666666668,1.0), "time":141.64633220642907,"sensors":[21,7,20,8,47,23,3,41],"power":[0.022654851327559126,0.0955524521303201,0.016703363095934672,0.033290131199545485,0.009274049260946183,0.021756101478492974,0.024937223449207135,0.024805244032980275]}
{"id": 10, "drone": 1, "position":(8.333333333333334,16.666666666666668,1.0), "time":457.0089169519325,"sensors":[4,37,28,18,46,30,9,16],"power":[0.13814724136229858,0.3525283229900167,0.12001036058554196,0.053721446868420855,0.08304200639000336,0.10497186201369782,0.12900160982934802,0.029721736839908967]}
{"id": 11, "drone": 3, "position":(8.333333333333334,8.333333333333334,1.0), "time":558.2545649319441,"sensors":[4,13,37,28,18,46,30,9,16],"power":[0.08744683900116704,0.1354880667714145,0.08829026678259795,0.16625399685981743,0.15663469550006232,0.06518585077358535,0.0450281379862939,0.05357473331564359,0.1202782631600689]}
{"id": 12, "drone": 3, "position":(8.333333333333334,33.333333333333336,1.0), "time":275.7273163078355,"sensors":[29,33,32,26,48,5,24],"power":[0.17883189124749369,0.030865142360933247,0.04233930234021958,0.05160174140124659,0.11987750528356028,0.021803540474887445,0.28818497161675805]}
{"id": 13, "drone": 3, "position":(41.666666666666664,8.333333333333334,1.0), "time":554.273310139959,"sensors":[0,21,7,8,38,19,41],"power":[0.21705096080296474,0.18222815511695734,0.6978202775981694,0.11670986880045452,0.15,0.0724043037695028,0.1156866876736636]}
{"id": 14, "drone": 3, "position":(25.0,33.333333333333336,1.0), "time":125.51971470352237,"sensors":[12,49,14,40,11,1,17,32,42,34,2,5,45],"power":[0.01709654234711131,0.011919260674247317,0.03176951957585919,0.010422799229705997,0.015353827054319029,0.11137419002347089,0.19074468812345616,0.014785736646266336,0.04081023776255982,0.12817051979790448,0.009518257941597025,0.03391439146106904,0.015245411218029942]}
