LP RESULTS :
 Obj = 0.1*lambda1+0.9*lambda2 = 165.3796886654789 (lambda1 = 1626.7968866547892, lambda2 = 3.0) Resol time = 4331 ms

{"id": 0, "drone": 1, "position":(8.333333333333334,41.666666666666664,1.0), "time":426.3726897138503,"sensors":[9,38,43,41,33,46,39,48],"power":[0.03158307826240466,0.03661654885165608,0.09630373890716397,0.06205853958411571,0.02821798634258711,0.19275943504534931,0.38153047632316023,1.4341129349947837]}
{"id": 1, "drone": 1, "position":(33.333333333333336,25.0,1.0), "time":383.5801164799024,"sensors":[25,10,18,2,6,49,30,40,5,15,44,23],"power":[0.03590049895325905,0.04067129651684335,0.029408118763769798,0.053160798741063844,0.02556411113305749,0.06834066537126568,0.04006298360426687,0.7972521159871782,0.026225799750648572,0.08820247659349145,0.0372942261025582,0.14425021278459685]}
{"id": 2, "drone": 1, "position":(25.0,8.333333333333334,1.0), "time":549.3625573563531,"sensors":[0,42,6,17,30,26],"power":[0.7475500629341663,0.7918565012439394,0.24333481243695307,0.6087328995512576,0.15174693402955577,0.1028983745199504]}
{"id": 3, "drone": 3, "position":(41.666666666666664,8.333333333333334,1.0), "time":1077.434329298436,"sensors":[47,32,19,11,13,8,17,29],"power":[0.6596790729561226,0.3630320711984349,3.1220945577817765,0.520708488491333,0.9454309391994487,1.4054250052590518,0.07201513298969606,0.15]}
{"id": 4, "drone": 3, "position":(8.333333333333334,16.666666666666668,1.0), "time":395.86971819462724,"sensors":[4,20,36,7,27,37,14],"power":[0.7913495162750118,0.025202008177157516,0.05075955416191539,0.08081610489578353,0.10168127095536786,0.039998542154981914,0.20251865912297745]}
{"id": 5, "drone": 3, "position":(16.666666666666668,25.0,1.0), "time":153.4928391617259,"sensors":[4,38,20,36,33,49,22,37,15,14],"power":[0.014174633595201056,0.03604412754070632,0.6136324654225231,0.018477625129925606,0.01639810925387517,0.010987428952372168,0.3396787161604024,0.1261549651489795,0.022107579643122478,0.0406347021238368]}
{"id": 6, "drone": 0, "position":(41.666666666666664,41.666666666666664,1.0), "time":406.73604104278843,"sensors":[25,10,21,35,18,2,28,3,1,5,24,12,31,23],"power":[0.027423212717874058,0.11403543576738855,0.6536365357531445,0.040792303662136285,0.1475426620240848,0.08774926816116739,0.04866341918861699,0.13440256498967665,0.06167878102729381,0.06956270596480656,0.16336328034785363,0.1939686156735368,0.14090715315402663,0.03198494479140283]}
{"id": 7, "drone": 0, "position":(8.333333333333334,33.333333333333336,2.0), "time":423.8112034406745,"sensors":[9,38,20,41,36,33,46,39,48],"power":[0.1480200115699619,0.08479588325506658,0.046624768406355106,0.08794146041588428,0.12971850036755056,0.03555740128029937,0.08069029423797394,0.0607056499544339,0.06653835341242029]}
{"id": 8, "drone": 0, "position":(41.666666666666664,25.0,1.0), "time":549.3625573563531,"sensors":[47,10,18,45,2,28,13,1,40,5,12,44,23],"power":[0.04061259580171381,0.06317941778902618,0.07059621857511823,0.14999999999999997,0.08077100752806132,0.06713526650509839,0.04569556534523461,0.08927052774912315,0.0767022222915997,0.13031220546409544,0.035229413543745196,0.551423684320226,0.13061779647767544]}
{"id": 9, "drone": 2, "position":(8.333333333333334,8.333333333333334,1.0), "time":790.3161575226908,"sensors":[4,7,27,14,26],"power":[0.1039706358966066,1.8043090209855297,0.20445532594641017,0.08730259177531213,0.06759705576194672]}
{"id": 10, "drone": 2, "position":(25.0,41.666666666666664,3.0), "time":623.1201543385386,"sensors":[16,25,38,43,35,33,49,34,31,15,39],"power":[0.15,0.15874408385159802,0.05555289347283496,0.05369626109283603,0.187907909727167,0.14305834080664834,0.08946994076624264,0.16515058496374818,0.07602296732132491,0.03968994376338607,0.04640735228782566]}
{"id": 11, "drone": 2, "position":(41.666666666666664,33.333333333333336,1.0), "time":213.3605747935599,"sensors":[25,10,21,18,2,28,3,1,40,5,12,31,44,23],"power":[0.01737970164635794,0.18696811379233422,0.04349558594402323,0.48181264392786166,0.1993167842445041,0.06118972632573232,0.015597435010323355,0.1258611026403455,0.02052755208527546,0.47488638650583026,0.08201331116563586,0.0314652600215928,0.023133511263282197,0.07317941326262288]}
