LP RESULTS :
 Obj = 0.1*lambda1+0.9*lambda2 = 144.05244029832252 (lambda1 = 1404.5244029832252, lambda2 = 4.0) Resol time = 3507 ms

{"id": 0, "drone": 2, "position":(33.333333333333336,41.666666666666664,1.0), "time":498.5189300281479,"sensors":[43,4,48,28,18,34,37,33,11],"power":[0.04143895725423544,0.24400580818176168,0.10059114435244773,2.7663641219192394,0.7512135411365919,0.0845722081052052,0.3345701636289579,0.08549173452911285,0.2738486488246429]}
{"id": 1, "drone": 2, "position":(16.666666666666668,25.0,2.0), "time":389.8939841713252,"sensors":[10,36,29,42,44,5,41,16,9,39,2,6,17,40],"power":[0.10136663680477599,0.042594982031064973,0.1491505273766711,0.6508221296050899,0.20197074589821779,0.3049328936403864,0.10587716961694335,0.037207048725213604,0.4552249240927183,0.9161080049590503,0.22763581186626322,0.07898054020210672,0.04388952826501307,0.06919314273286967]}
{"id": 2, "drone": 2, "position":(41.666666666666664,33.333333333333336,1.0), "time":309.00052169515493,"sensors":[3,25,43,4,28,18,27,34,12,33,11],"power":[0.08074294958130732,0.07879667182075116,0.41325618005867026,0.04369688270592041,0.02209666496032313,0.06271940312383563,0.13021306025939944,0.8641805510507584,0.06707402705252602,0.050131599593257345,0.02176795830813338]}
{"id": 3, "drone": 2, "position":(8.333333333333334,25.0,1.0), "time":158.98242824730517,"sensors":[36,29,42,44,1,5,41,16,9,39,2,6,21,40],"power":[0.06212494473355496,0.013391191570773075,0.02403769849185368,0.034364284875087955,0.017670839767618934,0.0151762699429942,0.045335517201149665,0.04606127563093219,0.030136987015105796,0.05265819861162776,0.18693482506500647,0.10018862333053757,0.03434534794388955,0.3942827981902767]}
{"id": 4, "drone": 0, "position":(41.666666666666664,8.333333333333334,1.0), "time":414.72969912852534,"sensors":[8,0,49,38,32,20,24],"power":[0.049385203599803786,0.053114567888233634,0.06276886722513762,0.20137228073299912,0.137002201356634,0.42931265832857085,0.10711404313845976]}
{"id": 5, "drone": 0, "position":(8.333333333333334,33.333333333333336,1.0), "time":167.82835265243472,"sensors":[19,36,29,23,44,1,41,45,9,39,2,6,17,21,14,40],"power":[0.02176710947749052,0.325561788923361,0.016533701995073584,0.03303799112423167,0.04172530980029303,0.05374099163291344,0.10352121504189697,0.03883930678676114,0.02661852466586452,0.021942647924770086,0.02953880494569676,0.17819055377796877,0.012876930063716836,0.08328620967290495,0.013383600488013148,0.020970973845770756]}
{"id": 6, "drone": 0, "position":(8.333333333333334,41.666666666666664,1.0), "time":531.4336854676602,"sensors":[19,31,36,23,1,41,45,6,21,14,46],"power":[0.08191580691048371,0.07159895220897355,0.06283613295635046,0.14521403303499555,0.07858816859946763,0.05193680779244652,0.49234434971540464,0.04867018201231281,0.05955898308164642,0.3220690847954303,0.17153782589417504]}
{"id": 7, "drone": 0, "position":(25.0,41.666666666666664,1.0), "time":290.53266573460496,"sensors":[19,31,29,48,28,18,45,37,17,33,11],"power":[0.0674773791237922,0.032078913930584235,0.021585360825609006,0.0494088556475523,0.07967217059772352,0.03847909800515731,0.021217597820217815,0.030077391827924068,0.07183376734399116,0.028616731957847807,0.023145988216088712]}
{"id": 8, "drone": 1, "position":(41.666666666666664,25.0,1.0), "time":306.47228552531743,"sensors":[3,43,0,27,34,12,24,33],"power":[0.06925705041869266,0.03589222407588955,0.03607989543826909,0.5650677430429584,0.04273712897490069,0.929479823795506,0.04682391456081428,0.026681715985508867]}
{"id": 9, "drone": 1, "position":(41.666666666666664,41.666666666666664,3.0), "time":290.53266573460496,"sensors":[25,43,4,28,18,34,37,11],"power":[0.07120332817924883,0.08338604956217607,0.22826608981094854,0.047430147913539306,0.07435955728637511,0.08356855975646156,0.07264685159423954,0.09196312328478615]}
{"id": 10, "drone": 1, "position":(8.333333333333334,8.333333333333334,1.0), "time":802.0378086714804,"sensors":[47,16,15,7,22,26],"power":[0.15,0.12340201574838681,0.1777282492569647,0.27533740961423653,0.433949391105761,2.53968350946567]}
{"id": 11, "drone": 3, "position":(33.333333333333336,8.333333333333334,1.0), "time":191.52002993351198,"sensors":[30,8,35,13,49,38,32,20,24],"power":[0.019352379160475112,0.1205976956199294,0.06298164758067851,0.05020161763387219,0.5727059207171256,0.12998225671399294,0.012997798643366015,0.02767797381186881,0.012742022861486488]}
{"id": 12, "drone": 3, "position":(16.666666666666668,41.666666666666664,1.0), "time":156.38595244449988,"sensors":[19,31,29,44,41,45,9,17,14,46],"power":[0.22915024607904344,0.04632213386044222,0.014066189367701199,0.014169737550891712,0.015836529868147126,0.10956885713432025,0.00993512507308732,0.038333559630792984,0.055608514181895025,0.05014496342123973]}
{"id": 13, "drone": 3, "position":(25.0,8.333333333333334,1.0), "time":602.4865943117447,"sensors":[10,30,8,35,13,49,15,38,22],"power":[0.048633363195224,0.1306476208395249,0.141404934174108,0.5444279438342849,0.15373967214339496,0.17828163297149188,0.07927091352171779,0.049531607658042764,0.04976833618805054]}
{"id": 14, "drone": 3, "position":(41.666666666666664,16.666666666666668,1.0), "time":195.7880796094425,"sensors":[0,27,13,38,12,20,24],"power":[0.06080553667349727,0.022264234612175336,0.015429253692930469,0.05471954198490833,0.036622426924817604,0.017035170060077084,0.3347534908704997]}
