LP RESULTS :
 Obj = 0.1*lambda1+0.9*lambda2 = 119.72247652091548 (lambda1 = 1161.2247652091548, lambda2 = 4.0) Resol time = 29226 ms

{"id": 0, "drone": 2, "position":(16.666666666666668,8.333333333333334,3.0), "time":384.17082738466286,"sensors":[0,33,45,7,23,21,30,1],"power":[0.024748923630599468,0.10215830029232827,0.14843203601029492,0.07046759623380396,0.7231517646606525,0.06394027194480556,0.08266723233507153,0.21919890519223864]}
{"id": 1, "drone": 2, "position":(25.0,16.666666666666668,1.0), "time":20.497765400047825,"sensors":[0,33,34,23,21,5,46,47],"power":[0.04667420722335256,0.012206126979080587,0.00510467271869596,0.0022730842587825113,0.0070030733459283,0.0029601220407872502,0.002798515862629576,0.00175519117872313]}
{"id": 2, "drone": 2, "position":(8.333333333333334,16.666666666666668,1.0), "time":477.36676099601027,"sensors":[13,15,7,32,23,49,21,17,35,4,40,37,46],"power":[0.4372194104919355,0.3881096129366996,0.12130208281880055,0.1786721872771944,0.046264958659583466,0.08830243997244423,0.06816292726127095,0.12062152407945637,0.16003417105087317,0.04892581996499006,0.0991317443658259,0.5295754898112767,0.09207908563604851]}
{"id": 3, "drone": 2, "position":(16.666666666666668,8.333333333333334,1.0), "time":279.1894114284369,"sensors":[0,33,45,7,23,21,30,1,46],"power":[0.01956540104587547,0.08431544230506718,0.14330145589571222,0.057394732323271413,2.791894114284369,0.05123204113773034,0.06733276766492893,0.23795101800485993,0.018396787223616543]}
{"id": 4, "drone": 0, "position":(41.666666666666664,25.0,1.0), "time":22.286369081217345,"sensors":[11,48,5,6,47],"power":[0.0023254967700714253,0.030833151069666793,0.001575713474981956,0.009345321093678405,0.0075457999135903776]}
{"id": 5, "drone": 0, "position":(41.666666666666664,8.333333333333334,1.0), "time":665.114270998635,"sensors":[24,41,12,48,25,42,18,19,44,8,3],"power":[0.2257449822969734,0.649345587080906,0.1553310419199916,0.04438372986825318,0.14362368093677325,0.34089560898280447,0.23393879234337953,0.14801104827806252,0.1424556466684285,0.11108779799394257,0.24077243985938832]}
{"id": 6, "drone": 0, "position":(33.333333333333336,16.666666666666668,1.0), "time":87.44882556775586,"sensors":[11,41,0,48,33,34,5,47],"power":[0.005630321613807423,0.019875250921232896,0.013995826195504862,0.011908435522695772,0.0076109242290377235,0.016731786556263263,0.011756219863894248,0.037880586872591694]}
{"id": 7, "drone": 0, "position":(33.333333333333336,25.0,1.0), "time":386.3752995615279,"sensors":[11,0,48,34,5,6,47],"power":[0.20072085509200058,0.0450156419046675,0.06287468353940372,0.1799560627411449,0.2561259474325368,0.09902361154589963,0.2875699546267303]}
{"id": 8, "drone": 3, "position":(41.666666666666664,41.666666666666664,1.0), "time":46.87808154974757,"sensors":[6,26,22,16,36,20],"power":[0.004482564818929153,0.0059615596618925884,0.08780247610361361,0.12201815020627725,0.006141186053340201,0.0452060287926331]}
{"id": 9, "drone": 3, "position":(33.333333333333336,41.666666666666664,1.0), "time":494.1492750690439,"sensors":[11,43,6,26,22,16,36,20],"power":[0.04523179093966509,0.1771314218144315,0.03714850254149891,0.1440384403381075,0.1221320062620227,0.06589212116556524,1.4010778228788268,0.10479397120736444]}
{"id": 10, "drone": 3, "position":(41.666666666666664,8.333333333333334,2.0), "time":236.0265812057035,"sensors":[24,41,12,25,42,18,19,44,8,3],"power":[0.07451970226565434,0.1916723765514746,0.052193602999929214,0.048755571794085587,0.10806364011019404,0.0755097607316959,0.051923718006408034,0.050116465586549426,0.038912202006054296,0.07899079358690156]}
{"id": 11, "drone": 3, "position":(8.333333333333334,25.0,4.0), "time":384.17082738466286,"sensors":[13,15,14,32,29,49,17,35,4,40,37,10,46],"power":[0.14836209256293645,0.04716932447026988,0.07965579980412191,0.1985043395963776,0.06954133549621302,0.06169756002755576,0.09821866318024108,0.24665186161117567,0.12290148379700098,0.30204008282358724,0.07047146643571583,0.06976375238683412,0.07071939229393549]}
{"id": 12, "drone": 1, "position":(8.333333333333334,33.333333333333336,1.0), "time":212.44461190898488,"sensors":[13,14,28,31,9,32,29,17,35,4,40,10,38],"power":[0.0154226394999726,0.827033523750956,0.03230608949076222,0.03065795012261143,0.04447397369745553,0.023015926361926925,0.12153336740615851,0.014966860787265227,0.026324440321429485,0.049957964081571514,0.04162978544041102,0.09744243769072203,0.015071149635780417]}
{"id": 13, "drone": 1, "position":(8.333333333333334,41.666666666666664,1.0), "time":564.6093259155199,"sensors":[27,39,14,28,31,9,29,10],"power":[0.07084219990242334,0.1368047860283338,0.10112716303157152,0.09908010828513321,0.07117758947600572,0.10552602630254727,0.06709746970298033,0.05705920431644492]}
{"id": 14, "drone": 1, "position":(25.0,33.333333333333336,1.0), "time":74.48219877737785,"sensors":[11,2,34,28,31,5,43,36,38],"power":[0.02116729117949409,0.11104968125328543,0.011890323668852471,0.012770884965530088,0.01721988381243925,0.016581325119625033,0.008262475476453162,0.011495123549582816,0.09281221015711541]}
{"id": 15, "drone": 1, "position":(16.666666666666668,41.666666666666664,1.0), "time":309.6886286072889,"sensors":[27,39,2,28,31,43,38],"power":[0.07915780009757616,0.04094439354162338,0.038950318746720156,0.41470323873490106,0.1821810834824515,0.03517443472653221,0.0421799955046138]}
