LP RESULTS :
 Obj = 0.1*lambda1+0.9*lambda2 = 118.31222494606827 (lambda1 = 1147.1222494606827, lambda2 = 4.0) Resol time = 2482 ms

{"id": 0, "drone": 0, "position":(41.666666666666664,41.666666666666664,1.0), "time":344.1401257117719,"sensors":[25,7,16,11,29,38,3],"power":[0.1506921605002111,0.024255887090176446,0.08394324992144019,0.07686898916935199,0.077457480986504,0.08903257258745544,0.09873265543988945]}
{"id": 1, "drone": 0, "position":(41.666666666666664,8.333333333333334,1.0), "time":626.6304124401993,"sensors":[21,23,36],"power":[0.4399913879244106,0.11087277988619482,0.15]}
{"id": 2, "drone": 0, "position":(16.666666666666668,16.666666666666668,1.0), "time":6.989166267967448,"sensors":[37,9,8,4,43,10,0,20,47,13,27],"power":[0.0014915531934352325,6.560238336566545E-4,5.760416293593926E-4,4.6540196228618964E-4,0.002052100248755712,5.9023583956632E-4,0.001385226906717345,7.500432467925592E-4,0.020908737249398186,0.0034029980037379873,0.0025741384606832933]}
{"id": 3, "drone": 0, "position":(25.0,25.0,1.0), "time":166.2105231751976,"sensors":[35,37,9,18,6,4,44,43,17,0,47,19,42,31,15],"power":[0.0842169026453773,0.015119896682188851,0.20988519501397981,0.043444525410305655,0.05715657402149764,0.2332447988480995,0.025709708012885912,0.012717538087601671,0.04857819243176632,0.1293663747630156,0.01753806908377507,0.028577303535124672,0.04210000771756835,0.08664412187550999,0.1050314728629635]}
{"id": 4, "drone": 2, "position":(16.666666666666668,41.666666666666664,1.0), "time":389.3773169037139,"sensors":[35,2,41,39,48,40,34,45,7,30,49,24,42,12],"power":[0.024825596643358445,1.3718167458664594,0.2296788918492161,0.09224805759839352,0.0500292074972354,0.045670997470678605,0.05510815145494203,0.08111698349101552,0.032748920968451764,0.046897789925482276,0.08053240488460221,0.03054379737641868,0.02489016680507404,0.027149853443434874]}
{"id": 5, "drone": 2, "position":(25.0,8.333333333333334,1.0), "time":363.56897566432184,"sensors":[46,6,43,23,47],"power":[0.15,0.024952563080576338,0.21150790413837497,0.0925982496254963,0.05825675096590552]}
{"id": 6, "drone": 2, "position":(41.666666666666664,25.0,1.0), "time":294.3287127161315,"sensors":[14,21,33,18,6,44,17,22,19,32],"power":[0.5393733575708352,0.02283526953020243,0.4241037960193546,0.030748596847312928,0.02212250894724953,0.04812059418668653,0.04285116120949691,2.9403658337529994,0.053246169200920415,0.08097247749992338]}
{"id": 7, "drone": 2, "position":(8.333333333333334,8.333333333333334,2.0), "time":94.43185572942512,"sensors":[8,5,10,26,20,47,13,1,27],"power":[0.009893615432492607,0.01099629060992752,0.08933244122758467,0.12245034285349723,0.10462507461503989,0.007418171567649102,0.015532657780705828,0.010046122944448701,0.01063144817257327]}
{"id": 8, "drone": 3, "position":(25.0,41.666666666666664,1.0), "time":413.60480684519723,"sensors":[35,2,41,48,45,7,49,42,31,15,3],"power":[0.03911044388996318,0.05739057757730627,0.04085046779955444,0.34382598719997826,0.06888301650898448,0.32365465924170433,4.136048068451973,0.07256586718421622,0.029058865848931015,0.03114008174803403,0.03750776411336237]}
{"id": 9, "drone": 3, "position":(8.333333333333334,41.666666666666664,1.0), "time":132.39131264247763,"sensors":[2,41,39,40,34,30,24,28,12],"power":[0.04459199189212393,0.036398474740507655,0.059416862204587445,0.1887678912370308,0.023454330534118467,0.08782981641734723,0.021001704459835253,0.009304416520230016,0.015125981799477526]}
{"id": 10, "drone": 3, "position":(41.666666666666664,33.333333333333336,1.0), "time":266.9679681484837,"sensors":[14,33,22,16,19,11,38,32],"power":[0.10022669741323573,0.03675239531481152,0.05155668854102474,0.03370599096696944,0.04672626013600517,0.027744321479537218,0.04691848784522389,0.0690275225000766]}
{"id": 11, "drone": 3, "position":(8.333333333333334,16.666666666666668,1.0), "time":334.15816182452284,"sensors":[37,8,5,10,26,20,47,13,1,27],"power":[0.06677585510748849,0.24166085559129805,0.15547635851502295,0.12086975985257009,0.046452775211461496,0.04462488213816756,0.045878271133294464,0.5800342479647494,0.09071942609206689,0.41005165270945987]}
{"id": 12, "drone": 1, "position":(8.333333333333334,25.0,1.0), "time":413.60480684519706,"sensors":[39,37,8,34,5,0,24,13,28,1,27,12],"power":[0.04038919493437613,0.3010215095855466,0.118487194864747,0.0890184001547033,0.07950157882825507,0.03732008703973106,0.12305656744838803,0.09173194395927854,0.08380678802470562,0.049234450963484395,0.13674170569959976,0.16887511991109264]}
{"id": 13, "drone": 1, "position":(8.333333333333334,33.333333333333336,1.0), "time":211.74881306929387,"sensors":[2,41,39,37,40,34,30,24,28,12],"power":[0.029417145509722107,0.06176137542860629,0.21421497368744746,0.029332964948774836,0.024747939019072497,0.33972473404203846,0.015272393657170473,1.0981182557653482,0.05688879545506436,0.3919775792681476]}
{"id": 14, "drone": 1, "position":(33.333333333333336,25.0,1.0), "time":132.39131264247948,"sensors":[35,14,33,9,18,6,4,44,17,22,0,19,42,31,15],"power":[0.0143908624301924,0.019113553514949325,0.01429339460035726,0.013757825664732444,0.07670069643131056,0.05950108061074272,0.01821654352993295,0.08073639893687722,0.27595664383031704,0.027672038530269213,0.010019198023196636,0.12048971042573788,0.01987141394751864,0.04331324925964947,0.01382844538900247]}
{"id": 15, "drone": 1, "position":(41.666666666666664,41.666666666666664,4.0), "time":389.3773169037123,"sensors":[25,16,11,29,38,3],"power":[0.11438752701482231,0.07683333557145967,0.07333180321888884,0.07254251901349575,0.08086793087261217,0.08929001196615621]}
