LP RESULTS :
 Obj = 0.1*lambda1+0.9*lambda2 = 127.34982556638761 (lambda1 = 1237.498255663876, lambda2 = 4.0) Resol time = 3288 ms

{"id": 0, "drone": 0, "position":(8.333333333333334,8.333333333333334,1.0), "time":799.2629661587621,"sensors":[40,44,17,10,20,31,49,14,9,22],"power":[0.07883708474125856,0.13554502182876113,0.14903626671055056,0.16126581228334252,0.15,0.06347042652983566,0.08688923184063803,0.08759827321131737,0.1429139945531405,0.2669202595823184]}
{"id": 1, "drone": 0, "position":(16.666666666666668,16.666666666666668,1.0), "time":163.89486252454847,"sensors":[40,17,10,47,31,26,33,49,14,8,38,34],"power":[0.5290605896755608,0.24123705508075685,0.06104570552240616,0.011439765307847611,0.014692315703122068,0.018214058500056415,0.1130376321345683,0.030148446726532527,0.030589280454433022,0.025835285446457065,0.011809198539810953,0.014020977770377412]}
{"id": 2, "drone": 0, "position":(16.666666666666668,8.333333333333334,1.0), "time":79.59927733198171,"sensors":[40,44,17,10,31,26,33,27,49,37,23,34],"power":[0.024334344344040443,0.014454854125553172,0.018154066749876435,0.010894591469180618,0.046344164650269276,0.025429438083997443,0.0072216662536288825,0.00783169560612278,0.1414740225936586,0.005651770283902907,0.013999741446341495,0.0077711087640983]}
{"id": 3, "drone": 0, "position":(8.333333333333334,25.0,1.0), "time":193.76416236743603,"sensors":[17,10,33,12,14,25,45,9,42,8,3],"power":[0.02514896834686834,0.03944577449522452,0.015207064412850068,0.04112275301653595,0.09578880810314062,0.056725892407498674,0.04373541868587371,0.018672317843242536,0.07098940813759634,0.6162919478943298,0.1074451189829336]}
{"id": 4, "drone": 1, "position":(33.333333333333336,41.666666666666664,1.0), "time":426.43316089588257,"sensors":[39,2,5,21,46,29,48,43],"power":[0.24105144446250046,0.14828412024364362,0.5958307439351738,1.724016356913752,0.03214432891110319,0.4070091589068174,0.25252366120366854,0.171982137549675]}
{"id": 5, "drone": 1, "position":(16.666666666666668,41.666666666666664,1.0), "time":435.19034256780645,"sensors":[47,12,30,6,25,46],"power":[0.0275283165516024,0.0567288509000348,0.11688304696665049,0.054828961462218065,0.04036452280471127,0.1220910693623365]}
{"id": 6, "drone": 1, "position":(41.666666666666664,33.333333333333336,1.0), "time":360.21474420499635,"sensors":[1,39,5,21,28,19,29,48,43],"power":[0.06438934720740085,0.08074464666804573,0.052245163653175795,0.02389014600976707,0.04137032845288074,0.060141996108674,0.029036362927771363,0.07208243951551897,0.02298528652895139]}
{"id": 7, "drone": 1, "position":(33.333333333333336,25.0,1.0), "time":15.660007995190481,"sensors":[47,36,39,13,28,18,48,38],"power":[0.0012134303709679165,0.002867343419735862,0.0015889487225822063,0.015681364229204985,0.0011474534097238598,0.03903414345893892,0.0015080866062703203,0.006836438389565966]}
{"id": 8, "drone": 3, "position":(25.0,41.666666666666664,1.0), "time":12.220051396577333,"sensors":[47,39,2,30,5,21,46,29,48,43],"power":[7.830633601163255E-4,0.0016061088192252638,0.0017158797563563831,0.0015639103415427255,0.0012146206200118026,0.00275935194657915,0.004506616890356604,0.004705741048773265,0.0018931111752760797,8.460681414290282E-4]}
{"id": 9, "drone": 3, "position":(33.333333333333336,16.666666666666668,1.0), "time":254.19754243273792,"sensors":[11,15,36,7,26,13,0,27,35,37,18,41,38,34],"power":[0.051366342476868054,0.029249786698772037,0.09253526874450312,0.021381558210511967,0.016049297175093215,0.07371696616706613,0.07408196564956618,0.050372056236559555,0.016699468521378612,0.0872194246520281,0.048457776230790416,0.04495769834534978,0.08472291784377795,0.06583407798649975]}
{"id": 10, "drone": 3, "position":(41.666666666666664,8.333333333333334,1.0), "time":675.7445478102102,"sensors":[11,32,4,15,36,7,24,0,27,35,37,41],"power":[0.7021674582364402,0.15,0.2088340205452979,4.267813585047722,0.09959954637817038,0.5408340760850159,0.1763249238438722,0.11272411462359543,0.045757822348846615,1.8127808485271348,0.048057642632162674,0.21345859144771684]}
{"id": 11, "drone": 3, "position":(8.333333333333334,33.333333333333336,1.0), "time":290.94430865346635,"sensors":[12,6,25,45,42,8,16,3],"power":[1.0010550204931858,0.0675627282007965,0.13730609623348244,0.0848045966869911,0.8072804794272348,0.04838657567814902,0.051926065927767606,0.08383972700762425]}
{"id": 12, "drone": 2, "position":(8.333333333333334,41.666666666666664,1.0), "time":317.5994420751672,"sensors":[12,30,6,25,45,42,16],"power":[0.06562136008865108,0.03155304269180678,0.8099339832479394,0.028921679514365355,0.02145998462713882,0.04154368450026669,0.09807661043154706]}
{"id": 13, "drone": 2, "position":(41.666666666666664,25.0,1.0), "time":291.89615742573756,"sensors":[1,36,13,28,19,18,41,38],"power":[0.13871521783236698,0.08089100717644641,0.027293943998231256,0.17587467230556175,0.089858003891326,0.03620768534670985,0.042380158631833094,0.019476551587922785]}
{"id": 14, "drone": 2, "position":(25.0,33.333333333333336,5.0), "time":422.9702911712293,"sensors":[47,39,13,18,29,48,38],"power":[0.109035424409466,0.05175883567070014,0.03330772560549771,0.04751217001066564,0.07615450262721374,0.056358023054890294,0.027154893638922463]}
{"id": 15, "drone": 2, "position":(25.0,8.333333333333334,1.0), "time":194.74114964858376,"sensors":[40,11,31,26,33,0,27,49,37,23,34],"power":[0.03147021056536683,0.013655516221692959,0.08926991309727955,0.7353373302966574,0.014533637198948034,0.053400800046994705,0.25804210690443274,0.09548926791578077,0.09317413861002441,0.1360002585536585,0.16284265771095804]}
