LP RESULTS :
 Obj = 0.1*lambda1+0.9*lambda2 = 180.3748793964578 (lambda1 = 1776.748793964578, lambda2 = 3.0) Resol time = 24086 ms

{"id": 0, "drone": 0, "position":(8.333333333333334,8.333333333333334,3.0), "time":1240.9189673792177,"sensors":[6,36,47,1,2,12,16],"power":[0.10937173741424608,0.165925542913861,0.366350573752237,0.27291789628383173,0.5720099267418814,0.19191831010103938,0.2201961577714167]}
{"id": 1, "drone": 0, "position":(8.333333333333334,41.666666666666664,1.0), "time":27.024996501946532,"sensors":[20,48,39,8],"power":[0.05767750762889078,0.0024317827099803826,0.032757765435748834,0.003264485255757837]}
{"id": 2, "drone": 0, "position":(41.666666666666664,8.333333333333334,1.0), "time":211.42928074715016,"sensors":[41,26,17,40,44,25,33,31,34],"power":[0.017517627798697293,0.017284410464908792,0.013545735666607195,0.013722229248220818,0.12368911636588968,0.015502388842762938,0.9210094500706518,0.12487093568762943,0.038981876544125174]}
{"id": 3, "drone": 2, "position":(41.666666666666664,41.666666666666664,1.0), "time":983.5694519072888,"sensors":[49,23,45,29,3,32,14,21,37],"power":[0.15,0.1850447974617298,0.4990111400461767,0.10797845263056217,0.10541733846366515,5.7590561075468045,0.3018140667823368,0.7150405129378352,0.32787968688060815]}
{"id": 4, "drone": 2, "position":(16.666666666666668,16.666666666666668,3.0), "time":183.23289718891172,"sensors":[5,6,47,0,9,42,2,38,12,16],"power":[0.02490378843114366,0.17129901891372323,0.014472072061661472,0.01375301363380053,0.11107907884456321,0.01323916734434517,0.01823316170075582,0.05828966400360147,0.14040796969913014,0.15820313532193758]}
{"id": 5, "drone": 2, "position":(25.0,25.0,1.0), "time":137.3182769766977,"sensors":[26,17,5,40,6,22,0,9,19,42,46,4,28,38,10,8,43],"power":[0.01443023697631705,0.013947173087451883,0.00915557130321399,0.010303084194505464,0.0110965721024497,0.031118650515137746,0.5101284989928487,0.013893213611562144,0.08120985548267765,0.11374825199184209,0.08648426647532878,0.03415327252374138,0.022735099302469353,0.03418318045454031,0.023939671826600183,0.009093935948481366,0.02124418799766393]}
{"id": 6, "drone": 3, "position":(8.333333333333334,33.333333333333336,1.0), "time":819.2261784286447,"sensors":[20,48,4,28,39,8,43],"power":[0.11957187311541459,0.22538372535321408,0.07474658404256229,0.094975586197223,0.11724223456425115,0.13789315136269834,0.11972150708730639]}
{"id": 7, "drone": 3, "position":(33.333333333333336,8.333333333333334,1.0), "time":401.36827788570423,"sensors":[41,26,17,5,40,44,33,31,34],"power":[0.36148010465563546,0.10278212997828585,0.03665661384762945,0.08118075763911278,0.028119618251495466,0.026310883634110303,0.07027250591954753,0.04330043670101478,0.1110181234558748]}
{"id": 8, "drone": 1, "position":(25.0,16.666666666666668,1.0), "time":215.278652419751,"sensors":[41,26,17,5,40,6,0,9,19,42,46,38,12,16],"power":[0.026126655509274798,0.06950090125552973,0.02515949411599024,0.13349395909213985,0.01646557366354039,0.026902594964708988,0.05245933951199041,0.025027707543874657,0.01901327930304862,0.08012527041494506,0.014315330529009074,0.535273628528411,0.03721720224897772,0.03075707390347727]}
{"id": 9, "drone": 1, "position":(41.666666666666664,25.0,1.0), "time":768.2907994875379,"sensors":[18,17,40,25,7,19,3,27,10,31,35,21],"power":[2.559333862667252,0.17979664711594145,0.27482412177326343,0.8028027032053711,0.39032133683259185,0.049776865214273776,0.2812634257701856,0.6088994491988401,0.12606032817339982,0.06464482467228425,2.181020870298902,0.059463835159252354]}
{"id": 10, "drone": 1, "position":(25.0,41.666666666666664,1.0), "time":793.1793420572891,"sensors":[30,15,29,22,13,46,11,4,28,14,8,37,24,43],"power":[0.8880451146628549,0.15000000000000002,0.06883321066161108,0.16270977848685067,4.095255111642448,0.07612202329401166,1.093432282908832,0.0781042288886155,0.10873469366589102,0.09013988296062854,0.13081748131651136,0.06651024482326348,0.27784565860675114,0.08248978872488046]}
