LP RESULTS :
 Obj = 0.1*lambda1+0.9*lambda2 = 132.84642683233932 (lambda1 = 1292.464268323393, lambda2 = 4.0) Resol time = 3321 ms

{"id": 0, "drone": 0, "position":(33.333333333333336,41.666666666666664,1.0), "time":372.10027648141624,"sensors":[20,9,32,6,41,26,36,8,10,38,5,33,42],"power":[0.10062395809836348,0.0945848630400044,0.23622516965699497,0.3273441531953606,0.16840347406124917,0.0373976398436066,0.16184696662563747,0.092571201886158,0.13185973265401033,0.08236520724913114,0.09694760794565456,0.04156430513692792,0.21972824682754713]}
{"id": 1, "drone": 0, "position":(33.333333333333336,25.0,1.0), "time":19.651494366270313,"sensors":[29,44,4,2,15,5,7,30],"power":[0.002433192883271302,0.0032206981212128238,0.030765321145967552,0.0037732345518859413,0.0018736257870893007,0.0018054118885805627,0.005476768910251222,0.0029781027668021333]}
{"id": 2, "drone": 0, "position":(25.0,8.333333333333334,1.0), "time":662.4946655712463,"sensors":[31,29,37,40,47,2,22,3,23,18,14],"power":[0.15957945601614668,0.15637762407026784,0.35203537165080606,0.6782704304326251,6.624946655712463,0.04354743738479589,0.15000000000000002,0.26077232413144397,0.3268044515863722,0.07166825342280125,0.4375517290013738]}
{"id": 3, "drone": 0, "position":(25.0,33.333333333333336,1.0), "time":152.7256121185578,"sensors":[17,34,9,32,4,26,36,10,2,5,7,42,35],"power":[0.046301362023235336,0.01567079204144394,0.04175610635425611,0.04565018732306112,0.013060674776062485,0.01001445597955116,0.010336767553531592,0.010986382077828193,0.014897710682999776,0.12191248064328554,0.030013483974884226,0.03355198130888066,0.013519244255767162]}
{"id": 4, "drone": 2, "position":(8.333333333333334,41.666666666666664,5.0), "time":239.77581342668543,"sensors":[28,34,12,0,43,35],"power":[0.09615021903717726,0.016988017439512147,0.03630338080674843,0.03838696846849328,0.0396484846206524,0.02414862429290211]}
{"id": 5, "drone": 2, "position":(41.666666666666664,25.0,2.0), "time":614.8868544374059,"sensors":[44,4,15,1,30,49],"power":[0.4883020689827717,0.07853524040882826,0.5987723164278735,0.15000000000000002,0.8255089401994099,0.05869867530578935]}
{"id": 6, "drone": 2, "position":(25.0,41.666666666666664,1.0), "time":232.9069809617696,"sensors":[20,34,9,32,6,26,36,10,38,5,42],"power":[0.026658883015166376,0.11734119051904389,1.2489029600947572,0.08232559504354126,0.01902467471944329,0.12233546648985745,0.08753182520255347,0.11336443913264321,0.020804451609262132,0.07471275981725427,0.31497359893539445]}
{"id": 7, "drone": 2, "position":(41.666666666666664,8.333333333333334,1.0), "time":204.89461949753218,"sensors":[44,48,23,27,11,49],"power":[0.0160430112293537,0.17576959437915157,0.015444258375648093,0.17374993236191952,1.3180978168451645,0.09823123845060039]}
{"id": 8, "drone": 1, "position":(8.333333333333334,33.333333333333336,1.0), "time":747.9219200206336,"sensors":[19,17,28,16,12,39,0,43,35],"power":[0.07017192173410407,0.06036980292072282,0.25729978435721157,0.47204262669206787,0.11369661919325157,0.3905239226580713,7.4792192002063365,0.18734284974410476,0.487424878340011]}
{"id": 9, "drone": 1, "position":(8.333333333333334,8.333333333333334,5.0), "time":24.277655947919243,"sensors":[45,37,25,21],"power":[0.004125030676236434,0.0019740287643104557,0.010963883090130773,0.0015378783154018014]}
{"id": 10, "drone": 1, "position":(8.333333333333334,16.666666666666668,1.0), "time":392.50142554524336,"sensors":[19,31,45,16,25,21,39,18],"power":[0.04371716296106824,0.03332805081991771,0.042961497517563826,0.02881524390678748,0.11743509898545634,0.09613789898354531,0.03895557546702803,0.06555883567883752]}
{"id": 11, "drone": 1, "position":(25.0,25.0,1.0), "time":85.42725444938719,"sensors":[17,31,29,4,40,2,5,7,18],"power":[0.030303150993351635,0.009414698494909215,0.009457998546868065,0.02763876366914169,0.006221181188977922,0.12657383914857473,0.008586857493201447,0.5140800789797841,0.010545800310387444]}
{"id": 12, "drone": 3, "position":(8.333333333333334,25.0,1.0), "time":152.04092275751614,"sensors":[19,17,16,21,39,0,18,35],"power":[0.036110915304827663,0.013025684062690175,0.08381791676028917,0.02217680067900737,0.17566146566498636,0.03263790883760133,0.012788378293378663,0.031781131551148215]}
{"id": 13, "drone": 3, "position":(8.333333333333334,8.333333333333334,5.0), "time":605.6919468042275,"sensors":[45,37,25,21],"power":[0.10291347180619977,0.04924912552792062,0.2735328199576209,0.0383678108299231]}
{"id": 14, "drone": 3, "position":(41.666666666666664,41.666666666666664,1.0), "time":534.7313987616494,"sensors":[20,32,46,6,13,41,36,8,24,38,33,42],"power":[0.062093812094876376,0.04761658516169343,0.16952310781427626,0.4532844222077596,0.17837761641703295,0.6685270620140544,0.039200286739300046,0.10783372117785021,0.15,0.05665402284549208,1.0655454303534257,0.03591511559423094]}
