LP RESULTS :
 Obj = 0.1*lambda1+0.9*lambda2 = 127.68862526936485 (lambda1 = 1240.8862526936484, lambda2 = 4.0) Resol time = 10279 ms

{"id": 0, "drone": 1, "position":(41.666666666666664,41.666666666666664,1.0), "time":303.73495731758317,"sensors":[40,26,38,3,37,0],"power":[0.05281604464796945,0.07417569956651658,0.11034146508298574,0.10074188259635589,0.08376159230953777,0.9184803934814143]}
{"id": 1, "drone": 1, "position":(41.666666666666664,16.666666666666668,1.0), "time":365.30242839995685,"sensors":[18,24,39,49,32,41],"power":[0.06948187318032492,0.045426098116303694,0.2706551694963164,0.05170984399386012,0.18905229725861958,0.024336949262286668]}
{"id": 2, "drone": 1, "position":(8.333333333333334,8.333333333333334,1.0), "time":348.5835269270284,"sensors":[36,2,9,21,16],"power":[0.025900338902365677,1.1741035957484802,0.09551452253148507,0.15610802391788436,0.21878084075484314]}
{"id": 3, "drone": 1, "position":(16.666666666666668,41.666666666666664,1.0), "time":110.82538005466097,"sensors":[33,30,28,29,8,25,14,34,5,42,47,17,48,1,43],"power":[0.010420422549018494,0.007729656672830619,0.5108371208446332,0.008150784520712362,0.02070055396309253,0.010175288071947997,0.02029404981934248,0.023125940289338124,0.010851725909327346,0.015117906690256299,0.008738439348287249,0.0583691607415946,0.012388988260041553,0.19076303390205393,0.030492678569832152]}
{"id": 4, "drone": 3, "position":(8.333333333333334,25.0,1.0), "time":133.7613600615482,"sensors":[27,36,33,21,31,16,45,11,22,12,43],"power":[0.01698706700600112,0.023375586429015945,0.020324454280708174,0.014743385599902422,0.07034842041662824,0.009579820298307238,0.012116787026293135,0.010246981770341142,0.107647704789567,0.17528669169767563,0.013008151056358344]}
{"id": 5, "drone": 3, "position":(33.333333333333336,16.666666666666668,1.0), "time":339.91253778133904,"sensors":[18,4,24,19,39,49,32,41],"power":[0.03342951445974679,0.08114374290936255,0.046428999139745214,0.022859360304896506,0.06327107364121393,0.05524157647169845,0.10175266454649334,0.02308792512247504]}
{"id": 6, "drone": 3, "position":(25.0,41.666666666666664,1.0), "time":317.2621792180555,"sensors":[40,26,44,28,35,8,10,15,6,34,23,42,47,48,1,37,43],"power":[0.03134969697524391,0.060178503829458226,0.038479189274455025,0.05332031557394089,0.023755546532711256,1.8213469646852563,0.02725559495361659,0.07550854621156705,0.062141001892795804,0.08740589955898104,0.02883203127586345,0.9777600308603683,0.05029730746595948,0.6641665971151176,0.07720670694650056,0.04331200571086659,0.028907523939016726]}
{"id": 7, "drone": 3, "position":(8.333333333333334,16.666666666666668,1.0), "time":404.26914196263385,"sensors":[27,36,2,9,21,31,16,11,22,12],"power":[0.05524720880941516,0.10511357211229751,0.09299435473819086,0.054485477468514926,0.7039576276563132,0.03156151569236111,0.20722880665763363,0.055172123127233824,0.06106992113253908,0.07629750662384115]}
{"id": 8, "drone": 0, "position":(16.666666666666668,16.666666666666668,1.0), "time":23.818417310083333,"sensors":[27,20,2,4,21,31,16,7,11,12],"power":[0.02338220718656312,0.0017707199688097761,0.003469692173180996,0.002820665791834371,0.0059025862465630725,0.0015639783966361325,0.00689972556257245,0.0017639741912822303,0.07297266798654185,0.004010132526645274]}
{"id": 9, "drone": 0, "position":(33.333333333333336,41.666666666666664,1.0), "time":585.8914772142573,"sensors":[40,26,44,38,8,15,6,34,3,23,42,47,48,37,0],"power":[0.18691276975829468,5.858914772142573,0.052631872718015574,0.13719678309444855,0.14568877609503045,0.15729668600215543,0.11693486506569736,0.03946816015168086,0.049258117403644094,0.08656168992736235,0.20833068078316735,0.0407416906991398,0.2681332773126389,0.8317048832036052,0.17521396885706084]}
{"id": 10, "drone": 0, "position":(33.333333333333336,25.0,1.0), "time":33.99763894375246,"sensors":[40,20,44,35,38,10,15,6,24,19,23,39,7,47],"power":[0.004696513497995106,0.004359643081109241,0.007452991459343834,0.00674863772805634,0.0027268137371766537,0.0038020118272484864,0.004025500234706698,0.0051460365391235285,0.03986582087164277,0.007593881088370157,0.01004013477081395,0.006732952954085958,0.00451973957737304,0.0038577868102538286]}
{"id": 11, "drone": 0, "position":(25.0,8.333333333333334,1.0), "time":337.5533222695094,"sensors":[4,46,49,11,41],"power":[0.2585457047147697,0.10553049613830494,0.03388368594908038,0.03639379177058436,0.02300908189972128]}
{"id": 12, "drone": 2, "position":(8.333333333333334,41.666666666666664,1.0), "time":679.0373333593831,"sensors":[33,30,28,29,25,14,31,5,45,17,1,13,43],"power":[0.198740862882957,0.2786527024720208,0.18904570117866337,0.31739611932445805,0.6631987973213312,0.1332737469466636,0.046526085494374536,0.6084359602671613,0.15528114909495036,0.8299362483283144,0.1075192809798045,0.15,0.10625993861157511]}
{"id": 13, "drone": 2, "position":(25.0,25.0,1.0), "time":192.90957726292166,"sensors":[27,20,44,35,4,10,15,6,24,19,23,7,47,11,12],"power":[0.041487701404815384,0.293716503919289,0.06287812803332513,0.19232982528900844,0.015227593111870861,0.11894239321913493,0.021782727596731246,0.029324813256722218,0.01827908187230815,0.44432684693915825,0.030908362527048473,0.3114863256818295,0.05794439687230443,0.03035802000801059,0.013171722932181398]}
{"id": 14, "drone": 2, "position":(33.333333333333336,8.333333333333334,1.0), "time":198.11796424284302,"sensors":[18,4,46,49,32,41],"power":[0.050983839429727805,0.04838007147690133,0.02484421800156137,0.2673893812000158,0.0636463412465516,0.079566043715517]}
{"id": 15, "drone": 2, "position":(16.666666666666668,8.333333333333334,1.0), "time":148.57443382695203,"sensors":[27,2,4,46,21,16,11],"power":[0.012895815593205226,0.05005061060630879,0.017697715660885776,0.019625285860133675,0.027173010111875413,0.046419782832050276,0.024732254786120195]}
