LP RESULTS :
 Obj = 0.1*lambda1+0.9*lambda2 = 130.98386108696965 (lambda1 = 1273.8386108696964, lambda2 = 4.0) Resol time = 918564 ms

{"id": 0, "drone": 2, "position":(16.666666666666668,41.666666666666664,2.0), "time":753.8106775766055,"sensors":[27,22,32,30,19,8],"power":[0.07933037288163457,0.177028491592329,0.06667590088733338,0.0791614628433046,0.2543632252108074,0.05983103917901277]}
{"id": 1, "drone": 2, "position":(33.333333333333336,41.666666666666664,1.0), "time":21.680218258744617,"sensors":[34,29,22,38,26,5,23,8,44],"power":[0.005215897887931577,0.005522950537914549,0.003508849518338189,0.0022346541856631697,0.010151201879953753,0.006125038190491259,0.0037914542859532564,0.0027106875756129547,0.0021678288361386125]}
{"id": 2, "drone": 2, "position":(8.333333333333334,25.0,1.0), "time":365.08727659766674,"sensors":[15,32,45,18,11,48,25,46],"power":[0.0494646526577179,0.10545720170455425,0.06330538864747022,0.0319475915855511,0.032413854050973315,0.10529981799374807,0.6355039268137477,0.4902906867281111]}
{"id": 3, "drone": 2, "position":(25.0,25.0,1.0), "time":70.20202951154171,"sensors":[27,32,38,36,7,30,6,18,42,21,19,43,4,48,3],"power":[0.017106691601596717,0.005122888866040564,0.005779749786469198,0.00944787380307904,0.006416690177695234,0.01773991030077531,0.01784660732102977,0.03356390715086403,0.7020202951154171,0.026930823948714235,0.005619319693756461,0.017910776038636906,0.08678868219654101,0.008218421427000166,0.013136471566210511]}
{"id": 4, "drone": 0, "position":(25.0,41.666666666666664,1.0), "time":382.9578083400557,"sensors":[34,27,29,22,26,30,19,8],"power":[0.035520504692595066,0.06848257741172298,0.03571188012095286,0.865754245576139,0.027740791643470684,0.06547399121529977,0.1044051097366693,0.0874582732453746]}
{"id": 5, "drone": 0, "position":(33.333333333333336,8.333333333333334,1.0), "time":434.15150275722056,"sensors":[14,36,17,7,24,47,41,49,43,12,40,35,3],"power":[0.035021649845297834,0.031514754346273856,0.682897841633567,0.11191540084436202,0.02904892134061502,0.11513404294648868,0.05029549003815354,0.07279046325692508,0.047971674350230545,1.5038309138134027,0.07275541071882542,0.09597075085378343,0.06079203289904997]}
{"id": 6, "drone": 0, "position":(25.0,16.666666666666668,1.0), "time":199.309710356866,"sensors":[36,7,6,18,41,42,21,33,43,12,4,48,3],"power":[0.024889863677910417,0.047815351085110064,0.020266654727615428,0.05446165160888707,0.0727973631281993,0.05034265081498325,0.027127637770975287,0.022034611711505624,0.5274464870475145,0.026309201909600805,0.041570229022522755,0.020707834637590898,0.7475071344805111]}
{"id": 7, "drone": 0, "position":(25.0,8.333333333333334,1.0), "time":204.45505349893898,"sensors":[0,17,7,2,41,33,49,43,12,3],"power":[0.014915613506645936,0.021938318316140588,0.02373785271912229,0.02436652220745128,0.2375514622367108,0.08522457951589418,0.06195870197902737,0.03355575067264882,0.04176107342971403,0.045929299750668354]}
{"id": 8, "drone": 3, "position":(16.666666666666668,25.0,1.0), "time":38.67748725813817,"sensors":[27,15,32,45,30,18,42,19,43,4,48,25,46,3],"power":[0.00557075438172537,0.003870436653024346,0.013459309136880595,0.0028760864800930165,0.005910452776381683,0.028212744338408743,0.008162691487586396,0.003655105259126428,0.0029518931673901887,0.0035443899876803214,0.038284216461738664,0.018262500286152557,0.011068152326452672,0.002566406185093434]}
{"id": 9, "drone": 3, "position":(16.666666666666668,8.333333333333334,1.0), "time":168.23655477752249,"sensors":[0,15,45,2,41,20,11,33,49,3],"power":[0.08856927224323703,0.03442528512181623,0.01774271711006355,0.04727750780100327,0.05819836843342363,0.04730746684742545,0.014099844519819894,0.291984439216207,0.015250834764047554,0.012250536584464181]}
{"id": 10, "drone": 3, "position":(41.666666666666664,33.333333333333336,4.0), "time":93.52741710955723,"sensors":[38,6,16,23,28,44,13],"power":[0.02563642584935823,0.007214738210770054,0.006757121485774253,0.02710228051407414,0.007654707738738795,0.0742885874668108,0.02573201748987234]}
{"id": 11, "drone": 3, "position":(41.666666666666664,41.666666666666664,1.0), "time":869.2005842708993,"sensors":[34,29,38,26,1,10,5,23,44],"power":[0.1092635974194741,0.1092717900678513,0.07273669687078443,0.3606969813669932,0.1500000000000001,0.25399666843868024,0.32440255296244286,2.0151662569997684,0.14480394809094627]}
{"id": 12, "drone": 1, "position":(41.666666666666664,16.666666666666668,1.0), "time":337.5297065617743,"sensors":[14,36,17,7,24,6,16,31,47,37,12,40,35,28,13],"power":[0.8293401115108058,0.07520259701687192,0.06235631425578201,0.06642839882864561,0.18291229179635507,0.0278014735176908,0.09546267712766798,0.5827930002635925,0.2699653109279241,0.12974406876923628,0.044763694994842236,0.11505090047410045,0.4004035608744897,0.17250378242115164,0.04434988051207733]}
{"id": 13, "drone": 1, "position":(8.333333333333334,8.333333333333334,1.0), "time":701.837292236369,"sensors":[0,39,15,45,2,20,9,11,33],"power":[0.4308394057687141,0.15,0.20085719578568906,0.1894413981881523,0.07835596999154544,3.674608011443113,0.17448957092219397,0.29335263161136643,0.08022962306321096]}
{"id": 14, "drone": 1, "position":(33.333333333333336,25.0,1.0), "time":28.19060818335573,"sensors":[27,38,36,7,30,6,16,18,31,47,42,21,43,4,35,3,28,44,13],"power":[0.002320284904352197,0.010097315928213604,0.026042657405154403,0.005121971073584695,0.0023965724938268063,0.26872948170675154,0.0017798061464948142,0.0018141053162892867,0.0021252703984725053,0.002089404202384054,0.0061751123997394845,0.07751709287528846,0.004556224312594874,0.018096698793255914,0.001892526912698719,0.003312501331299334,0.003413494417124678,0.004414030028536037,0.0068822045667249615]}
{"id": 15, "drone": 1, "position":(41.666666666666664,25.0,5.0), "time":191.0377535356012,"sensors":[38,14,36,24,6,16,31,47,21,37,35,28,44,13],"power":[0.03351515737951168,0.022097753505622132,0.034249082881584854,0.012986717825126445,0.026472378990110214,0.050314897865502625,0.03849873566041117,0.014083821740446454,0.01842444540502199,0.02025593123076374,0.015116330590130685,0.06749415633119989,0.0372297196692225,0.09267493291270046]}
