LP RESULTS :
 Obj = 0.1*lambda1+0.9*lambda2 = 131.4647481875841 (lambda1 = 1278.6474818758409, lambda2 = 4.0) Resol time = 5124 ms

{"id": 0, "drone": 2, "position":(8.333333333333334,41.666666666666664,1.0), "time":135.65332603216495,"sensors":[38,3,15,39,32,29],"power":[0.02555947026550628,0.013732055279112537,0.014590091585431912,0.03319261264252101,0.010134357480635193,0.02973436555119306]}
{"id": 1, "drone": 2, "position":(33.333333333333336,41.666666666666664,1.0), "time":339.0428822666199,"sensors":[49,26,4,34,20,17,40,12,22,16,23],"power":[0.10168249785502764,0.11312873512540614,0.04183675536742837,1.7503572411998478,0.03582334232659581,0.0318467544147876,0.11426758573227469,0.041132477949549676,0.042802708439783455,0.03690570036146263,3.390428822666199]}
{"id": 2, "drone": 2, "position":(8.333333333333334,8.333333333333334,1.0), "time":564.8943080274119,"sensors":[41,48,8,19,45,5,1,37,11,21,35,46],"power":[0.32433179490813024,0.046357152001887954,0.06879905942781912,0.037019783312600966,0.2981931171853655,0.04854550250367165,0.15,0.1783001010178257,0.3155133719853686,0.1401524703395152,1.3458319186811165,0.12355621305703361]}
{"id": 3, "drone": 2, "position":(41.666666666666664,41.666666666666664,1.0), "time":33.57347507900033,"sensors":[49,26,4,34,12,16,23],"power":[0.14986890763385022,0.04332806576464983,0.05837303726408994,0.009713194553774148,0.06759152660355863,0.0571142935167253,0.007125880914664569]}
{"id": 4, "drone": 3, "position":(16.666666666666668,8.333333333333334,1.0), "time":366.1306433425699,"sensors":[41,48,19,45,5,1,37,11,35,46],"power":[0.04201223910903184,0.10442472765429231,0.07629513303432504,0.08978380903044357,0.0632050528592647,0.023128057071380305,1.5600139990902067,0.0756546991887265,0.14940428317121163,0.03486874660152971]}
{"id": 5, "drone": 3, "position":(8.333333333333334,25.0,1.0), "time":135.65332603216484,"sensors":[41,38,3,39,32,8,45,7,5,42,36,0,21],"power":[0.012530168969432235,0.026064158468136957,0.034417397085316506,0.01551528417513646,0.14919514378710125,0.046992919294384164,0.011899953024764496,0.03544531386887011,0.017607439456664264,0.011237421663181705,0.12377216720266719,0.06127796052105622,0.013469916945321644]}
{"id": 6, "drone": 3, "position":(16.666666666666668,41.666666666666664,1.0), "time":702.8690337764925,"sensors":[38,15,39,9,20,42,29,40,22],"power":[0.11132452886300358,0.34147691924049917,0.18614351828501766,0.20179778452757147,0.3620691927608701,0.08473603344516087,0.12026563444880693,0.09605493736997073,0.08978822327686108]}
{"id": 7, "drone": 3, "position":(8.333333333333334,16.666666666666668,1.0), "time":20.927248505829727,"sensors":[41,32,8,45,7,5,36,0,37,11,21,35],"power":[0.02042817018316699,0.0018564440577751873,0.03267949805780009,0.018194933278744246,0.002128621568557371,0.004944745329399646,0.0032624271110273054,0.0030133986650094464,0.002562859779394077,0.0013630877144260212,0.010419836602740519,0.00434464139856336]}
{"id": 8, "drone": 0, "position":(16.666666666666668,25.0,1.0), "time":17.147317255890243,"sensors":[38,18,15,39,9,32,8,45,7,5,42,36,0,44,2],"power":[0.0027355258809443265,0.007292674344489116,0.0016864236951988957,0.002007109096172059,0.0016247411893030306,0.0036107946325371113,0.0015285232199966023,0.0011000924640489746,0.1126357103000104,0.004739167011515096,0.005470149506861523,0.001387966630033098,0.03507794265221918,0.0034405729538399855,0.004422667694975013]}
{"id": 9, "drone": 0, "position":(8.333333333333334,33.333333333333336,1.0), "time":194.13595680057495,"sensors":[38,3,15,39,9,32,7,42,36,0],"power":[0.2756011460401239,0.10185054763557093,0.025762753622095357,0.12000409212959497,0.014303477833305388,0.1364339332518667,0.02397594268906992,0.022885595624336084,0.03823724917743819,0.030409152313027623]}
{"id": 10, "drone": 0, "position":(41.666666666666664,8.333333333333334,1.0), "time":830.837322798359,"sensors":[25,31,6,27,43,47,10,24],"power":[0.2988395443998416,0.17550642353033533,0.10053352184670457,0.09077930136944747,0.6119276566572793,0.1041202720481443,0.37284549058940075,0.15]}
{"id": 11, "drone": 0, "position":(25.0,41.666666666666664,1.0), "time":54.9472092987445,"sensors":[15,9,34,20,42,40,22,23],"power":[0.011732013902841449,0.016463943210064554,0.009017185522186317,0.09179688969140654,0.004896145218477863,0.13359058481959174,0.017409068283355485,0.011948755293459085]}
{"id": 12, "drone": 1, "position":(25.0,25.0,1.0), "time":173.89463871197415,"sensors":[18,15,9,14,7,5,42,0,17,44,2],"power":[0.1427073256555109,0.011491920534611184,0.016730751200273133,0.015756874161337392,0.03147676598524333,0.018187209019627372,0.03673969279060901,0.020221545848687617,0.026573274270628285,0.4706072626446574,0.7749580915321725]}
{"id": 13, "drone": 1, "position":(41.666666666666664,33.333333333333336,1.0), "time":317.8998018197651,"sensors":[49,26,30,14,4,33,13,34,17,12,16,28,23],"power":[0.05868401298057646,0.11448435026374737,0.0388798188417142,0.08651609228401051,0.1030821242369324,0.04899792807852865,0.04250580615918502,0.03559352808538499,0.0635113258818309,0.047453561434464574,0.05598000612181209,0.05424010447130163,0.026592718097579075]}
{"id": 14, "drone": 1, "position":(25.0,8.333333333333334,4.0), "time":326.69528200002947,"sensors":[25,48,47,19,37],"power":[0.036150615275319584,0.04747085014555991,0.07080178635691964,0.036685083653073984,0.04065178308010444]}
{"id": 15, "drone": 1, "position":(41.666666666666664,25.0,1.0), "time":447.8101590774819,"sensors":[6,27,43,30,10,14,33,13,17,28],"power":[0.09187209238588631,0.20297589768150573,0.03485797146279168,0.16225549201263537,0.05235545504796256,0.20181652341189432,0.9278208088965092,0.11065138251282386,0.08107400870894979,0.09575989552869836]}
