LP RESULTS :
 Obj = 0.1*lambda1+0.9*lambda2 = 124.79433434419587 (lambda1 = 1220.9433434419586, lambda2 = 3.0) Resol time = 1161 ms

{"id": 0, "drone": 3, "position":(16.666666666666668,16.666666666666668,1.0), "time":465.7779542988616,"sensors":[36,13,15,20,45,8,19,30,37,3,12],"power":[0.053646638012810645,0.06175762405086799,0.20237336081594937,0.3879970762432624,0.13739037200147758,0.1410018776916785,0.7199257464515517,0.09383844870542528,0.03074467668493602,0.04765381376628234,0.15541208275122875]}
{"id": 1, "drone": 3, "position":(8.333333333333334,8.333333333333334,4.0), "time":754.9341418747423,"sensors":[35,0,20,8,49,19,22],"power":[0.16200867857258358,0.15,0.06609402236464305,0.10391337069112147,0.18944617790313015,0.12843224603424216,0.15130304354169094]}
{"id": 2, "drone": 3, "position":(41.666666666666664,8.333333333333334,1.0), "time":0.23124726835474974,"sensors":[18,5,40,32,26,1,9,37,23,39,34],"power":[1.3536008142537063E-4,1.934736362798736E-5,5.678854350991359E-4,2.837691534292047E-4,6.758525604099384E-5,7.473455866375665E-5,3.6960489061763237E-4,1.5377047766690016E-5,5.730114142752644E-5,2.8395481848836718E-5,3.222917145158399E-4]}
{"id": 3, "drone": 0, "position":(8.333333333333334,41.666666666666664,1.0), "time":325.72693986579657,"sensors":[17,42,10,46,25,24,7,16,44,33,28],"power":[0.07357095723089417,0.050073748254028945,0.10401497133191406,0.042292979439492805,0.03607553416115771,0.18107139731603147,0.1729844959970566,0.02804645007388199,0.2418216811131563,0.07151741094374708,0.0724518812071209]}
{"id": 4, "drone": 0, "position":(16.666666666666668,41.666666666666664,1.0), "time":37.55445576897209,"sensors":[10,46,25,24,7,16,44,33,28],"power":[0.009378047413174608,0.0023739685364854448,0.0656904733525722,0.0024886171616054407,0.011476159671818188,0.0035827214205363007,0.005639556530699503,0.053312784283982916,0.002624945309161924]}
{"id": 5, "drone": 0, "position":(33.333333333333336,8.333333333333334,2.0), "time":750.2737451945243,"sensors":[36,18,5,15,40,32,26,9,37,14,23,12,34],"power":[0.13980915239731895,0.13221292448798355,0.32103149284762744,0.04814792027996006,0.2514583488911736,0.10750951588024053,0.13588503615939396,0.1733855701194668,0.3481928256319302,0.15899204081254725,0.9472689163012072,0.06595594543829962,0.10013624768878561]}
{"id": 6, "drone": 1, "position":(41.666666666666664,41.666666666666664,2.0), "time":599.4010545046821,"sensors":[43,4,29,48,31],"power":[0.2295957905051827,0.17656395446220485,0.15,0.0919696719466788,0.10704660489071981]}
{"id": 7, "drone": 1, "position":(41.666666666666664,33.333333333333336,2.0), "time":151.10393795819687,"sensors":[21,43,41,6,47,48,31],"power":[0.011808194677251537,0.010148228209854856,0.009846121289759447,0.009762244095923883,0.028982189611810278,0.17873092333311844,0.042953395109280174]}
{"id": 8, "drone": 1, "position":(41.666666666666664,16.666666666666668,1.0), "time":470.4383509790797,"sensors":[18,5,21,40,32,26,1,9,47,23,39,34],"power":[0.03171125619807882,0.038934509530966735,0.13871865031610786,0.12232655950369815,0.04450099963234056,0.8799838282811705,0.15981657133621527,0.05015368710027893,0.10530732062916366,0.08749918691753898,0.3167378698414507,0.049541460596698554]}
{"id": 9, "drone": 2, "position":(8.333333333333334,41.666666666666664,1.0), "time":114.63618966771122,"sensors":[17,42,10,46,25,24,7,16,44,33,28],"power":[0.025892528909738696,0.01762293197052459,0.03660698125491133,0.014884571766264924,0.012696406929578415,0.06372618443740131,0.06088008410008189,0.00987065476223798,0.08510661142512242,0.025169804772270023,0.02549868180772522]}
{"id": 10, "drone": 2, "position":(33.333333333333336,33.333333333333336,1.0), "time":363.2813956347686,"sensors":[2,21,43,41,6,47,48],"power":[0.15,0.032351251792051706,0.023432042234551823,0.18903645312422943,0.16979745648720831,0.0268335459226508,0.038511848218031865]}
{"id": 11, "drone": 2, "position":(8.333333333333334,33.333333333333336,1.0), "time":743.0257581394787,"sensors":[17,42,13,11,46,45,27,30,25,24,7,16,3,44,38,28],"power":[0.17467924951322839,0.14571113899008775,0.14605077070429853,0.2784571747767052,2.176214605072267,0.07159882155260161,0.3008456954718181,0.0681355248984282,0.04872607555687755,0.1782650244252478,0.42218754734713126,0.3218798558081427,0.18431398944551425,0.7984472417085958,0.15,2.766659454079992]}
