LP RESULTS :
 Obj = 0.1*lambda1+0.9*lambda2 = 129.27368662800959 (lambda1 = 1256.736866280096, lambda2 = 4.0) Resol time = 573302 ms

{"id": 0, "drone": 1, "position":(8.333333333333334,41.666666666666664,1.0), "time":268.65935062401354,"sensors":[41,12,3,17,29,22,26,37],"power":[0.07873343589153055,0.017000364064657717,0.05115879547167903,2.6865935062401354,0.07435123023776144,0.09463896608034165,0.04466891248965862,0.01707786855290326]}
{"id": 1, "drone": 1, "position":(41.666666666666664,25.0,1.0), "time":496.2035916789757,"sensors":[11,48,16,6,28,4,0,39,19,30,1,5,38],"power":[0.20798176913227526,0.04585357555295417,0.06630803619530037,0.04832605768516827,0.09741406050578647,0.036444942332158274,0.14990726104074448,0.11253826937077475,0.28926065710726445,0.10722760179148083,0.13094159361363866,0.1221049440512898,0.03269446711226893]}
{"id": 2, "drone": 1, "position":(41.666666666666664,8.333333333333334,1.0), "time":408.9039889169203,"sensors":[6,49,24,19,1,5,38,27],"power":[0.17636183732241564,0.02666589718777808,0.05665562225974794,0.039960101772065375,0.04304711978150874,0.06099983326313742,0.5079415125021001,0.15]}
{"id": 3, "drone": 1, "position":(33.333333333333336,41.666666666666664,1.0), "time":82.96993506012132,"sensors":[48,34,16,9,2,4,46,35,20,40,15,47,39,8,10],"power":[0.007648260488678486,0.10367582680351582,0.013250070609101616,0.022250823949745355,0.1352621822331839,0.01361056952675334,0.02734733416337968,0.03803663230945616,0.013992550083998133,0.029149346097340434,0.022938998408933653,0.02084314725814347,0.006378670384503307,0.012933278064870319,0.014953396831668127]}
{"id": 4, "drone": 0, "position":(41.666666666666664,41.666666666666664,1.0), "time":153.84882503641495,"sensors":[34,16,9,2,4,46,35,13],"power":[0.03862127889308821,0.01218120057867077,0.7045947430270064,0.017751251704207438,0.16377642571485918,0.0655198971851951,0.019976322170621286,0.039939877174559275]}
{"id": 5, "drone": 0, "position":(8.333333333333334,41.666666666666664,3.0), "time":281.386508094125,"sensors":[41,3,17,29,22,26],"power":[0.07126656410846943,0.048949805404898517,0.5278512428197878,0.06753908137286693,0.0833666280473284,0.04209856669735626]}
{"id": 6, "drone": 0, "position":(25.0,25.0,1.0), "time":281.3865080941249,"sensors":[48,16,44,28,33,0,20,15,47,39,37,18],"power":[0.07100192084168332,0.031482028884895284,0.08719437569062827,0.052778987785745586,0.6776289739842539,0.03182820940589794,0.0259318425889841,0.02468860878530244,0.029679240080693045,0.03822041949712323,0.03869197661725397,0.1081245393835812]}
{"id": 7, "drone": 0, "position":(25.0,41.666666666666664,5.0), "time":539.708021183042,"sensors":[34,12,2,35,20,40,15,47,8,10],"power":[0.05724249954352623,0.11003435230775323,0.1332753157615924,0.06792506843056537,0.163813355761519,0.13873201708874555,0.14078822361240587,0.11551150026479766,0.25151431250527756,0.23262166104221596]}
{"id": 8, "drone": 3, "position":(8.333333333333334,16.666666666666668,1.0), "time":18.60310505898141,"sensors":[31,21,25,14,43,23,36],"power":[0.029295659875279524,0.1860310505898141,0.0055597110250407335,0.007368320410344416,0.005202923354536497,0.0016640714858804403,0.007330359484050614]}
{"id": 9, "drone": 3, "position":(8.333333333333334,8.333333333333334,1.0), "time":605.2989736865158,"sensors":[31,45,21,14,43,36],"power":[0.31804225131949176,0.14999999999999994,0.13807802581943504,0.09065474488046886,1.596099234390231,0.3073365127408997]}
{"id": 10, "drone": 3, "position":(16.666666666666668,33.333333333333336,1.0), "time":6.392198706711628,"sensors":[3,44,17,25,29,20,22,15,47,8,26,10,37,18],"power":[0.0029874309606281804,0.0034852957926225893,5.801551280775359E-4,4.8381758850341624E-4,0.0036764085261565215,0.0011621690850639331,0.0020822698569708397,6.002875527491141E-4,5.971051105950189E-4,5.205602582897461E-4,0.005180511999735073,0.0010188522019650313,0.02612358562466536,0.0018633411669621975]}
{"id": 11, "drone": 3, "position":(8.333333333333334,25.0,1.0), "time":626.4425888278877,"sensors":[31,3,44,21,25,14,29,22,23,26,37,18],"power":[0.06867033481422158,0.12657344038050838,0.053873439549552204,0.13119210305455298,3.3053027379719517,0.08264791485079201,0.07477479859191356,0.07521148373171653,0.14833592851410415,0.11787237291011511,0.07166419677044245,0.07403384758691647]}
{"id": 12, "drone": 2, "position":(25.0,8.333333333333334,2.0), "time":702.670561252285,"sensors":[42,49,24,7,32],"power":[0.15000000000000002,0.1638407473913,0.2124423926826746,1.2194894777303615,0.5383613134813667]}
{"id": 13, "drone": 2, "position":(16.666666666666668,41.666666666666664,1.0), "time":73.85622002729303,"sensors":[12,3,44,17,29,20,40,22,15,47,8,26,10,37],"power":[0.022965283627589046,0.011105920823949109,0.005446888967191216,0.014127217526254777,0.017520291658485853,0.011725743533773625,0.00545011632298777,0.015164610026144793,0.0062119337900953244,0.005176084148888716,0.019780115080083642,0.011847452348570021,0.015113788800408813,0.011032437606685023]}
{"id": 14, "drone": 2, "position":(41.666666666666664,41.666666666666664,5.0), "time":237.88207859005854,"sensors":[34,9,2,4,46,35,13],"power":[0.04277762855495147,0.12819934218029885,0.021534640556590115,0.08682372948658329,0.0627495515645478,0.024061977089357228,0.04481041832282612]}
{"id": 15, "drone": 2, "position":(41.666666666666664,33.333333333333336,1.0), "time":242.32800641045924,"sensors":[11,48,34,16,9,4,46,0,47,39,13,19,30],"power":[0.02186600277745768,0.02578370205298405,0.04922149315959317,0.056754783358074525,0.03905207319869165,0.17473667638360646,0.015602190393545592,0.016358907337887623,0.01539092791833301,0.052694159542899154,0.06524970450261462,0.016868772667319905,0.04277239820851917]}
