LP RESULTS :
 Obj = 0.1*lambda1+0.9*lambda2 = 151.3198906622889 (lambda1 = 1486.1989066228891, lambda2 = 3.0) Resol time = 830 ms

{"id": 0, "drone": 3, "position":(8.333333333333334,25.0,1.0), "time":790.0978330809095,"sensors":[1,44,19,38,6,8,14,39,34,21,0,42],"power":[0.08542373713132684,0.12419103857582656,0.07330802246545136,0.10932898410748453,0.11645404603629447,0.07414512564257798,0.07208026875725686,0.08776667506012477,0.1711600502899151,0.14999999999999997,0.16598635457442018,0.07406756942833377]}
{"id": 1, "drone": 3, "position":(41.666666666666664,25.0,1.0), "time":334.34609909623185,"sensors":[11,12,27,4,48,20,40,15,36,18,30,29,37],"power":[0.023495330354861697,0.20773061395375722,0.119418125656494,0.08358153401631191,0.12779580932351928,0.090666683209161,0.10436205083351642,0.04445883273510847,0.0357546661774186,0.08853526373894002,0.0573154667024736,0.06711100679377002,0.07716012656143689]}
{"id": 2, "drone": 3, "position":(8.333333333333334,41.666666666666664,1.0), "time":361.7549744457478,"sensors":[31,7,41,49,6,14,39,13,33,42],"power":[0.13880201125109062,0.07795311374934939,0.10893099186124822,0.09942400654075549,0.0311720361484048,0.10749226144413608,0.041339274675185625,0.13075566558404114,0.061907305485253535,0.059286959158687216]}
{"id": 3, "drone": 2, "position":(16.666666666666668,41.666666666666664,1.0), "time":644.3351912892962,"sensors":[31,41,49,10,9,13,33,17],"power":[0.49815861653388877,2.111405457007471,0.05266230480847108,0.13396613728496476,0.15,0.41650907384374103,0.14766598149320842,0.15706668118404016]}
{"id": 4, "drone": 2, "position":(8.333333333333334,8.333333333333334,1.0), "time":297.02588597692994,"sensors":[26,2,1,44,38,8,34],"power":[0.49037318366849236,0.16868403132935875,0.12872633107868012,0.037635416059549336,0.09980309258037974,0.075854874357422,0.06278229334610622]}
{"id": 5, "drone": 1, "position":(41.666666666666664,8.333333333333334,1.0), "time":466.70744906406185,"sensors":[5,24,46,20,40,15,18,30,23,29,32,25],"power":[0.16453531523586268,0.11216769117352557,0.05247959316111554,0.07557289121989252,0.05277395515032716,0.09845352071783986,0.044959039396531085,0.12569897202404165,0.05761492750062789,0.08288899320622997,0.1520856594309257,0.1547207501060021]}
{"id": 6, "drone": 1, "position":(25.0,25.0,2.0), "time":696.1010735419796,"sensors":[11,45,16,27,46,4,48,19,22,10,47,37,0],"power":[0.586871785330156,0.6966051615089202,0.21994248493036156,0.0712163836956818,0.05022090398155286,0.09893757795609529,0.07261113258727908,0.21140900980361624,0.06924122612572439,0.0937187289098734,0.14076572580051777,0.08172177875387082,0.14793607576538234]}
{"id": 7, "drone": 1, "position":(33.333333333333336,41.666666666666664,1.0), "time":323.3903840168475,"sensors":[4,36,35,47,28,37,3,17],"power":[0.020650766058578487,0.026913937475337577,0.07414178771351748,0.043997745926642344,0.3787808853226519,0.02656859311612927,1.7020344418796933,0.022301475126734745]}
{"id": 8, "drone": 0, "position":(33.333333333333336,8.333333333333334,1.0), "time":323.39038401684763,"sensors":[5,24,46,15,22,18,30,23,32,25],"power":[0.18072782664208903,2.6310861504320817,0.11566734687001416,0.07342662725600345,0.08216192112629232,0.03429370774965117,0.0373590865777721,0.09238507249937211,0.020725395120069167,0.027692065671543063]}
{"id": 9, "drone": 0, "position":(41.666666666666664,41.666666666666664,1.0), "time":828.4624235098097,"sensors":[43,36,35,28,3],"power":[0.24416236939774114,0.30210946017198387,0.3494147451627471,0.3995296730681588,0.13320822225910203]}
{"id": 10, "drone": 0, "position":(8.333333333333334,41.666666666666664,1.0), "time":334.34609909623185,"sensors":[31,7,41,49,6,14,39,13,33,42],"power":[0.12828548129743328,0.0720468862506506,0.10067768177975313,0.09189100659735401,0.028810242908405097,0.0993479587998562,0.03820714628262502,0.12084877834710159,0.05721681125813355,0.05479499916305211]}
