LP RESULTS :
 Obj = 0.1*lambda1+0.9*lambda2 = 155.6215056629024 (lambda1 = 1520.215056629024, lambda2 = 4.0) Resol time = 4577 ms

{"id": 0, "drone": 2, "position":(8.333333333333334,8.333333333333334,1.0), "time":525.7446210961926,"sensors":[38,45,31,49,30,1,37,7],"power":[0.1625417271764699,0.15,0.09862080328044331,0.05194963363692644,0.050880556842629536,0.1339970328486985,0.15612003737270308,0.07637369688862686]}
{"id": 1, "drone": 2, "position":(41.666666666666664,8.333333333333334,2.0), "time":767.7622475911988,"sensors":[42,29,8,25,14,33,21,0,11,41,5,16,15,32,22],"power":[0.15,0.1131120185524936,0.06003386138033965,0.08871648532233549,0.10310923994997294,0.160755987636114,0.09927166462588666,0.3437141339471721,0.09742186636595797,0.14819300843000763,0.4037151214246375,0.22719178821424554,0.26473608814512145,0.050290537156280214,0.40273971577389606]}
{"id": 2, "drone": 2, "position":(33.333333333333336,33.333333333333336,1.0), "time":57.28783090387535,"sensors":[13,18,35,44,10],"power":[0.06540845471681918,0.008192202884299428,0.007449057129569608,0.007609411035164786,0.49347209403796055]}
{"id": 3, "drone": 2, "position":(41.666666666666664,33.333333333333336,1.0), "time":6.492523830226219,"sensors":[13,48,19,12,10],"power":[8.929825414677584E-4,6.449609315963379E-4,5.063210290697057E-4,4.600658880290589E-4,0.0013916909358318529]}
{"id": 4, "drone": 0, "position":(8.333333333333334,25.0,5.0), "time":278.99193364208077,"sensors":[17,24,31,4,30,39,1,43],"power":[0.02712668679205682,0.05080659036850507,0.04868783934074775,0.05465785977677476,0.028818828145622456,0.05223911310354544,0.03569997853243712,0.021023285606796963]}
{"id": 5, "drone": 0, "position":(8.333333333333334,16.666666666666668,1.0), "time":366.99553064036394,"sensors":[31,49,4,30,1,37,7],"power":[1.5961469793925147,0.03235592444178443,0.0322321426705776,0.09929594896051457,1.1181378970640197,0.06695868330438931,0.07362630311137314]}
{"id": 6, "drone": 0, "position":(8.333333333333334,25.0,1.0), "time":32.286224334635804,"sensors":[17,24,31,9,4,30,39,1,43],"power":[0.004023161877060564,0.008051281088782827,0.0076102642407889715,0.002579424679169502,0.0089690597681161,0.004383022158774781,0.008598294489669424,0.005561099896915925,0.0031815821189611396]}
{"id": 7, "drone": 0, "position":(16.666666666666668,41.666666666666664,1.0), "time":822.7180917638323,"sensors":[36,40,46,18,9,35,27,3,44,2,43],"power":[0.05475806557251567,0.23406767380436913,0.7297974551951398,0.08671109049049525,0.18239148286332843,0.08800640146038693,0.2027690755724947,0.07004758489151418,0.1507131214005977,0.1712058866425105,0.12703162100170606]}
{"id": 8, "drone": 3, "position":(41.666666666666664,41.666666666666664,1.0), "time":789.9857607794872,"sensors":[6,19,20,12,10],"power":[0.23809709811020083,0.38144574176712187,0.15000000000000002,0.2312106044302139,0.08670506827025105]}
{"id": 9, "drone": 3, "position":(25.0,8.333333333333334,3.0), "time":311.27815797671656,"sensors":[29,26,49,47,34,41,23,16,22],"power":[0.07018238807496466,0.022375119888048,0.08833163777754319,0.13249353238525985,0.20610892235854916,0.029625226651304022,0.026796342236587927,0.02277190779016052,0.0230235694317053]}
{"id": 10, "drone": 3, "position":(25.0,41.666666666666664,1.0), "time":35.68225202821749,"sensors":[40,46,18,35,44,10,2,43],"power":[0.005249878999434551,0.03141217322524175,0.06172576102319273,0.05454454141004344,0.18114166440529164,0.0038976454937050442,0.0073390034060868276,0.0032045636549356436]}
{"id": 11, "drone": 3, "position":(8.333333333333334,33.333333333333336,1.0), "time":350.53655486025764,"sensors":[17,24,9,4,39,27,3,43],"power":[0.21697490326540406,0.15905686438754574,0.28898327037816374,0.05414093778453015,0.0891625924067851,0.10461875958167773,0.04392114849236732,0.05664944571760792]}
{"id": 12, "drone": 1, "position":(33.333333333333336,16.666666666666668,1.0), "time":121.68611995060735,"sensors":[13,29,8,26,25,21,47,0,11,5,23,16,15,28,32,22],"power":[0.00788484108741156,0.049631609489007356,0.08380540710363231,0.05911385187052452,0.020286145902679773,0.0647008318845508,0.012599713631603946,0.011817987617270442,0.02283271511331985,0.037387302326612394,0.13655617416982715,0.008003633127883962,0.01594612113330709,0.23586053608919966,0.22228158295302702,0.01253787715365421]}
{"id": 13, "drone": 1, "position":(25.0,8.333333333333334,1.0), "time":316.19674691575096,"sensors":[29,26,49,30,47,34,41,23,16,22],"power":[0.07990941689377525,0.025887212972830503,0.10157873415864943,0.020859344249060156,0.18144878331087633,0.35690677763362255,0.032180966555901046,0.0295824777274546,0.026339792452985556,0.02462219446724329]}
{"id": 14, "drone": 1, "position":(8.333333333333334,41.666666666666664,1.0), "time":314.67418567029824,"sensors":[17,36,40,46,24,9,27,3],"power":[0.06661939877930496,0.0952419344274843,0.030536843799094937,0.026059222916005088,0.029774593521654607,0.250583422354443,1.4449547788581807,0.28093206800570736]}
{"id": 15, "drone": 1, "position":(41.666666666666664,25.0,1.0), "time":630.7666890872179,"sensors":[13,8,26,48,25,14,21,0,11,23,10,15,28,32],"power":[0.07581372165430136,0.17761057103937172,0.04262381526859654,0.14935503906840364,0.2632690024047825,0.06801515000984466,0.1624522972772723,0.05236929987517382,0.24026098585886882,0.046563309454515735,0.05214470303810228,0.07092498156142836,0.11130153705612843,0.11573316625003305]}
