LP RESULTS :
 Obj = 0.1*lambda1+0.9*lambda2 = 148.96572531428743 (lambda1 = 1453.6572531428742, lambda2 = 4.0) Resol time = 208490 ms

{"id": 0, "drone": 0, "position":(8.333333333333334,41.666666666666664,3.0), "time":570.7459452372914,"sensors":[5,11,13,1,46,47,48],"power":[0.13690478883638396,0.11596185338028248,0.9889107857328758,0.1909919734906375,0.22018468012999115,0.05121098195852043,0.05204959255220143]}
{"id": 1, "drone": 0, "position":(41.666666666666664,25.0,1.0), "time":36.87748636151467,"sensors":[16,9,18,34,12,17,14,41,10,24,4,2,20],"power":[0.014518563677906701,0.003762743746600436,0.008293195693660094,0.12954340237214776,0.006127551317051527,0.011186455427424776,0.005952166842007845,0.0071890024424717015,0.003776249289432047,0.04549351698289069,0.07448184360721517,0.006245383322230186,0.007952263305096218]}
{"id": 2, "drone": 0, "position":(16.666666666666668,41.666666666666664,1.0), "time":171.76680584573822,"sensors":[5,26,43,13,1,46,47,42,48],"power":[0.0643130684330581,0.0788568134784422,0.01389764779228968,0.0352432463826932,0.027538314208709672,0.012927083960100543,0.07603122854406763,0.01726529388003206,0.18885446945673448]}
{"id": 3, "drone": 0, "position":(33.333333333333336,8.333333333333334,3.0), "time":584.3797977511937,"sensors":[12,33,36,38,19,21,45,49],"power":[0.09405402731603102,0.1295155958275129,0.037415782353954374,0.25114371463908214,0.2249488429028134,0.053275539219107625,0.6747221320087746,0.5873083606655136]}
{"id": 4, "drone": 2, "position":(33.333333333333336,41.666666666666664,1.0), "time":570.7459452372915,"sensors":[3,32,9,39,18,26,25,23,28,10,42,20],"power":[1.1973829193554144,0.06724422402008343,0.12809841310308134,0.2187395569134012,0.06503221376887712,0.04309973385498884,0.12132221104350165,0.1411365105031996,0.1729462483584266,0.13344300610524265,0.0745074167287735,0.07808730496393015]}
{"id": 5, "drone": 2, "position":(41.666666666666664,33.333333333333336,1.0), "time":261.65402379287434,"sensors":[29,3,16,32,9,18,34,17,25,31,41,10,24,4,2,20],"power":[0.053027524069970265,0.02966976356257104,0.02744881526764505,0.01804986789601747,0.3043446302992341,1.4948749228846736,0.06526237304162835,0.01723044976510056,0.03317461842736704,0.04548756885364439,0.6224993421266567,0.2751506611998993,0.04297314791849281,0.029875058096466275,0.0857344470175349,0.1673271727208106]}
{"id": 6, "drone": 2, "position":(25.0,41.666666666666664,1.0), "time":36.87748636151487,"sensors":[5,3,32,39,26,43,25,23,28,47,42,48],"power":[0.002932499088882744,0.009331946730652161,0.0046804151884610725,0.00469748213294536,0.019238059528994277,0.0052089638461312905,0.005337075829009234,0.00886348949680037,0.0036070807523567094,0.008258016946784298,0.009927772083606125,0.018128157794367182]}
{"id": 7, "drone": 2, "position":(41.666666666666664,41.666666666666664,1.0), "time":525.8911208905968,"sensors":[29,3,9,39,18,25,31,28,41,10,2,20],"power":[0.09107138985664634,0.08453587660372404,0.24123680621865912,0.0779654160327879,0.10401489330566184,0.03450557807612623,0.09449201585363558,0.08322091200745114,0.10641595595519396,0.21105005547264355,0.052402776918447025,0.06585569977652779]}
{"id": 8, "drone": 3, "position":(41.666666666666664,41.666666666666664,2.0), "time":58.4886768605968,"sensors":[29,3,9,39,18,31,28,41,10,2,20],"power":[0.00978819144786214,0.008782538450528246,0.024254253562602655,0.008508603435268597,0.011399611836915192,0.010020415292720037,0.008766648422008081,0.011619004824777885,0.021637240031984202,0.005617392741787896,0.00711753362451597]}
{"id": 9, "drone": 3, "position":(41.666666666666664,16.666666666666668,1.0), "time":810.788778531084,"sensors":[16,34,12,17,22,19,14,24,4],"power":[0.1499255553883854,0.1443467520286069,1.3235681934077006,0.2147610801649154,0.1604865162132149,0.07485919134674959,0.26257668867875095,0.16677319814478128,0.36058829784912894]}
{"id": 10, "drone": 3, "position":(25.0,25.0,1.0), "time":58.488676860596684,"sensors":[32,17,43,25,36,19,30,37,42],"power":[0.014778191213293403,0.006161468921095236,0.018963430024252412,0.007926472767286643,0.012552813701973291,0.003710505894290821,0.17669814523900135,0.006241169712168109,0.010078197738809157]}
{"id": 11, "drone": 3, "position":(16.666666666666668,33.333333333333336,1.0), "time":525.8911208905968,"sensors":[32,26,43,13,30,42,15,48],"power":[0.04524730168214456,0.04333981310180178,0.13089967091503385,0.03875638705634684,0.04861912379157707,0.09615975488279215,0.0701859390882959,0.14753281483039132]}
{"id": 12, "drone": 1, "position":(16.666666666666668,8.333333333333334,1.0), "time":810.788778531084,"sensors":[7,35,33,36,38,21,27,6,37,40,44],"power":[0.14931440722171635,0.25979209499759226,0.15483037507711178,0.10006226931869637,0.06073625608287147,0.11614777274203851,5.178927786817214,0.9614217239076766,0.118472353456299,3.9208096336579388,0.13975519904390077]}
{"id": 13, "drone": 1, "position":(8.333333333333334,8.333333333333334,1.0), "time":312.3957618499632,"sensors":[7,35,27,8,6,37,40,44],"power":[0.0812084282820888,0.4018070154836254,0.06203887826907905,0.15,0.08536221989249271,0.025300360481154124,0.08352470740692665,0.09586303388161313]}
{"id": 14, "drone": 1, "position":(8.333333333333334,25.0,1.0), "time":182.09681795409386,"sensors":[0,37,15],"power":[0.15509069832181388,0.027938860241442303,0.38124908008315334]}
{"id": 15, "drone": 1, "position":(8.333333333333334,41.666666666666664,1.0), "time":148.37589480773318,"sensors":[5,26,11,13,1,46,47,48],"power":[0.04024363849652139,0.01027899313337068,0.03403814661971751,0.7999137950066912,0.061176450681681066,0.07575663845072168,0.014499772550627786,0.014399333312844834]}
