LP RESULTS :
 Obj = 0.1*lambda1+0.9*lambda2 = 144.2647872800756 (lambda1 = 1406.6478728007562, lambda2 = 4.0) Resol time = 8013 ms

{"id": 0, "drone": 3, "position":(41.666666666666664,8.333333333333334,1.0), "time":381.63257388732916,"sensors":[6,21,2,22,38,15,43],"power":[0.02435072669082976,0.05256852627134503,0.3776633935134479,0.10337524259869875,0.15106030415615213,0.05344641954013488,0.04714692657470658]}
{"id": 1, "drone": 3, "position":(25.0,16.666666666666668,1.0), "time":101.36107656813701,"sensors":[5,37,28,4,21,41,8,31,17,44,24,40,15,49,12,11,19,1],"power":[0.007397217077854171,0.015486058811781464,0.06178300884930798,0.06089477234767607,0.021550978522251147,0.009446777058870818,0.04019810436643094,0.02750478061912878,0.00818800379017435,0.2278551402422706,0.028325504587236053,0.007966974576815299,0.015884474299243494,0.03554303065995479,0.025870446422792254,0.014792579477282828,0.1489424850812347,0.01881898648618968]}
{"id": 2, "drone": 3, "position":(33.333333333333336,41.666666666666664,1.0), "time":519.1328793837682,"sensors":[30,25,3,27,23,35,18,7],"power":[0.3464856512411424,0.09622491391773227,1.3484844555889113,0.14475270986372682,0.047815933343712244,0.19277121737726569,0.17393661803230528,0.13912913146597974]}
{"id": 3, "drone": 3, "position":(8.333333333333334,33.333333333333336,1.0), "time":404.5213429615492,"sensors":[5,47,41,29,48,9,14,10,0,42],"power":[0.0483658704459486,0.03798485117378355,0.030583605131527837,0.8802355140346121,0.11392623386939439,0.10669515200638621,0.12296322694169141,0.12816151870632816,0.08745054195273762,0.1303739266278017]}
{"id": 4, "drone": 2, "position":(8.333333333333334,16.666666666666668,1.0), "time":63.65687630563621,"sensors":[5,37,28,36,39,41,9,40,49],"power":[0.008393947280217981,0.011120535927665853,0.0041078172510172935,0.02170792267178088,0.15012186322733473,0.0134828964305591,0.004048896500788221,0.04850069401966903,0.005027759391704205]}
{"id": 5, "drone": 2, "position":(8.333333333333334,8.333333333333334,1.0), "time":1103.1747179422089,"sensors":[37,36,39,34,20,40,11,32,1],"power":[0.21755894761182026,1.0737770221885694,0.18660145496365074,0.2088793652999171,0.15,0.13762189265401495,0.07738300807670447,0.37639373569812434,0.07291054478494531]}
{"id": 6, "drone": 2, "position":(25.0,25.0,1.0), "time":101.36107656813451,"sensors":[5,28,4,47,41,8,31,17,44,24,15,49,19,16],"power":[0.016032379340527543,0.00886744393954002,0.008478851348917281,0.030237896020328156,0.012571146175268083,0.25297418936634913,0.03882357129372942,0.02210871113816521,0.0290373573132091,0.5881889585744836,0.0065217466538797664,0.033582474026351616,0.01012810664993872,0.008628501981466495]}
{"id": 7, "drone": 2, "position":(25.0,8.333333333333334,1.0), "time":138.4552019847686,"sensors":[37,28,4,21,2,44,15,49,12,11,19,1],"power":[0.023790775900910003,0.04866747050872706,0.050753172009065615,0.03226311634353555,0.009081255392679496,0.019982076567321518,0.01180133863989536,0.009204423428563637,0.6870617261322335,0.1457935560867102,0.0775495006788891,0.20526377255629435]}
{"id": 8, "drone": 0, "position":(25.0,41.666666666666664,1.0), "time":19.559801265177608,"sensors":[30,25,3,27,14,0,35,7],"power":[0.01024220766439569,0.05377508608226669,0.0038309608785344067,0.0017299019183913353,0.0017944917597027068,0.0027447058694951513,0.04703535150548628,0.010870868534018785]}
{"id": 9, "drone": 0, "position":(8.333333333333334,25.0,3.0), "time":19.559801265177605,"sensors":[5,39,47,41,29,48,9,10,40,49],"power":[0.005513548933226443,0.0042359506339187955,0.001797254291507214,0.005285420930650267,0.0036290166863168242,0.0018885337662849153,0.005013570044640973,0.0027610017157586697,0.004088553327194795,0.0013796070467915662]}
{"id": 10, "drone": 0, "position":(41.666666666666664,41.666666666666664,1.0), "time":742.299834870402,"sensors":[30,3,45,27,23,18,33],"power":[0.06146110232839399,0.15373678828949774,0.15,0.11475686984052426,0.1848975230964817,0.4681075990569418,0.34594291746556516]}
{"id": 11, "drone": 0, "position":(41.666666666666664,16.666666666666668,1.0), "time":625.2284353999728,"sensors":[6,21,13,26,31,17,2,22,38,15,43,16],"power":[0.36174374324145886,0.07789967667862467,0.13967427295386148,0.06916920542469349,0.04878293804728349,0.049162640090309254,0.07486393795660147,0.04662475740130139,1.3763612648770727,0.18766294455176458,0.18955208958224135,0.11453978164743743]}
{"id": 12, "drone": 1, "position":(41.666666666666664,25.0,1.0), "time":47.79040634907108,"sensors":[6,13,26,31,17,38,23,15,43,16],"power":[0.07134379270164254,0.010325727046138473,0.08509511034314161,0.004705565796636357,0.009950507574000754,0.00575130551525135,0.008938410704059046,0.004832429217913987,0.006012135416171741,0.038742425910202404]}
{"id": 13, "drone": 1, "position":(8.333333333333334,25.0,1.0), "time":118.89540071959094,"sensors":[5,39,47,41,29,48,9,14,10,40,49,42],"power":[0.03698057258384897,0.028720175759370397,0.011877961563934706,0.03678964223111681,0.02453593979706045,0.012542109317318554,0.03424238144818463,0.007724060253833061,0.018502898686819123,0.027739736980358982,0.009299167159621482,0.00814479318586646]}
{"id": 14, "drone": 1, "position":(8.333333333333334,41.666666666666664,1.0), "time":863.6713278544383,"sensors":[46,29,48,14,10,0,42],"power":[0.15,0.16102170367756471,0.11164672723193768,0.2425284088024187,0.08703297368392209,0.18602834621555248,0.24072083432154742]}
{"id": 15, "drone": 1, "position":(25.0,25.0,3.0), "time":376.29073787765293,"sensors":[5,28,4,47,41,8,31,17,44,24,49,19,16],"power":[0.05244675356203019,0.029592320218224222,0.029873204294335414,0.09931136555817127,0.043242331339014395,0.42967582244744396,0.11968760213047966,0.07274911101064915,0.09502541082663607,0.6355305761808986,0.1086389571759234,0.03441526482338475,0.029131390998519833]}
