LP RESULTS :
 Obj = 0.1*lambda1+0.9*lambda2 = 117.47137614485564 (lambda1 = 1138.7137614485564, lambda2 = 4.0) Resol time = 9575 ms

{"id": 0, "drone": 0, "position":(25.0,41.666666666666664,1.0), "time":0.626769450446268,"sensors":[49,48,26,47,35,45,2,15,46],"power":[5.409646101284206E-5,8.506415053091697E-5,6.012423411676886E-5,2.162650586697962E-4,2.312619611146068E-4,0.002443652657615679,1.3577405233926976E-4,2.1867257346943152E-4,6.655378517993053E-5]}
{"id": 1, "drone": 0, "position":(8.333333333333334,41.666666666666664,1.0), "time":458.29636406106107,"sensors":[8,3,41,1,18,20,25,30,38,17,7,35,6,32],"power":[2.17243042004006,0.13676650473699317,0.09259346607057097,1.101692583094621,1.8241045607146362,0.03894002040347704,0.04957251696434563,0.48855700920285705,0.05227469743844895,0.1489966676535689,0.12691248976938263,0.06170778879235408,0.6606334980420454,0.04552431832065906]}
{"id": 2, "drone": 0, "position":(33.333333333333336,16.666666666666668,1.0), "time":46.92125748457353,"sensors":[14,9,16,27,11,39,19,36,5,4,31],"power":[0.03738485559866089,0.008927057592577656,0.0051212554647686375,0.014565235561543738,0.015944552751598607,0.006178523695320441,0.005355882218985724,0.0037317218759719373,0.08142108482881631,0.00611075769699826,0.18969207735943047]}
{"id": 3, "drone": 0, "position":(16.666666666666668,33.333333333333336,1.0), "time":520.3814950927006,"sensors":[8,41,1,18,20,25,30,38,37,44,12,17,7,35,6,43,45,15,32],"power":[0.059933767929115415,0.37108546844514545,0.03426869341457938,0.06766231709695268,0.03659373938304654,0.18540367100077812,0.05400844892523707,0.03532211504204433,0.4203959185206114,0.18250281760956633,0.04340783706597198,0.11043262432697623,0.3042551253737845,0.10530708665886615,0.10177269632804005,0.038643600238194735,0.04426134455925348,0.04545380293963628,0.11351674950155895]}
{"id": 4, "drone": 3, "position":(41.666666666666664,33.333333333333336,1.0), "time":512.5819351719232,"sensors":[42,49,9,16,48,40,26,47,4],"power":[0.03938529472471434,0.1222985565151044,0.0495789945728032,0.06083023956950275,0.04326780053720638,0.15,0.06588163244736549,0.04409121101079819,0.11758884075174206]}
{"id": 5, "drone": 3, "position":(8.333333333333334,8.333333333333334,3.0), "time":91.2757073994577,"sensors":[34,13,33,23,24,22],"power":[0.029374942879666684,0.011554711243598774,0.00940493066576435,0.024971894782736606,0.01625540567356166,0.0062859273490156005]}
{"id": 6, "drone": 3, "position":(25.0,33.333333333333336,1.0), "time":15.88769261796216,"sensors":[49,41,37,44,7,47,35,45,15],"power":[0.00311171481796464,0.001149889072511504,0.0039277871411624735,0.0033252662821849507,0.0011003815630225827,0.003365213584470488,0.0021775602133875583,0.004102522765985375,0.011866489802215661]}
{"id": 7, "drone": 3, "position":(41.666666666666664,25.0,1.0), "time":280.95316472052525,"sensors":[42,14,0,49,9,16,11,5,4,31],"power":[0.08394332689419297,0.07539991520224927,0.021543550247464776,0.029379730157444172,0.3571885311398995,0.5779482612748839,0.01783375967185671,0.029891503057874965,0.42804511863547073,0.04079116346573774]}
{"id": 8, "drone": 2, "position":(16.666666666666668,8.333333333333334,1.0), "time":191.71729560500103,"sensors":[34,13,33,39,19,24],"power":[0.03658382397579391,0.10177551525401479,0.014556422732033652,0.03857677572979896,0.04737957485199898,0.278808788942769]}
{"id": 9, "drone": 2, "position":(8.333333333333334,33.333333333333336,1.0), "time":144.1482096768327,"sensors":[8,28,3,41,1,18,20,25,30,38,37,44,12,17,7,6,43,32],"power":[0.02774873900864521,0.018661868172382284,0.01323349526300681,0.16125101487115356,0.03238946977858983,0.029263805967208796,0.07446624021347642,0.16712790148963644,0.018388270172990606,0.08423502695685633,0.017539408257430725,0.0130639477013305,0.023821289338544903,0.5729058403649302,0.13058582397977642,0.03416622189261848,0.011566140597676267,0.1984985357283149]}
{"id": 10, "drone": 2, "position":(33.333333333333336,41.666666666666664,1.0), "time":328.6641994876996,"sensors":[49,48,26,47,45,2,15,46],"power":[0.06953525963362807,0.6426624942149487,0.4087629744137679,0.47317639022702435,0.09919248001714545,0.5793650255508395,0.09246103468467864,0.14993344621482008]}
{"id": 11, "drone": 2, "position":(8.333333333333334,16.666666666666668,2.0), "time":474.1840566790231,"sensors":[34,28,13,33,12,23,24,43,22],"power":[0.6773852786707225,0.14526779011675467,0.0784470760290624,0.5220099552075305,0.1282491221708727,0.12502810521726337,0.07529028769381893,0.1641112331305171,0.1686505396396354]}
{"id": 12, "drone": 1, "position":(25.0,8.333333333333334,1.0), "time":280.953164720525,"sensors":[27,13,39,19,36,5,24],"power":[0.08339377465200921,0.048227017851716104,0.10699409676203737,0.1722231914810166,0.026723051741721418,0.02002642072660918,0.052562770546755636]}
{"id": 13, "drone": 1, "position":(41.666666666666664,8.333333333333334,1.0), "time":165.20259503038602,"sensors":[10,21,14,0,9,27,11,36,31,29],"power":[0.03967782632831263,0.042472137611978523,0.014411107801645298,0.03656159843734454,0.01103230750008434,0.023987556095654377,0.08203484931702505,0.05076918840470971,0.01351805224705229,0.04509332129721578]}
{"id": 14, "drone": 1, "position":(41.666666666666664,8.333333333333334,3.0), "time":512.581935171923,"sensors":[10,21,14,0,27,11,36,31,29],"power":[0.11032217367168737,0.11458722692475705,0.040803249675253665,0.10187710200885203,0.06800513382708008,0.19831297269565706,0.13805710418533532,0.038710795511422605,0.12473845489367186]}
{"id": 15, "drone": 1, "position":(41.666666666666664,16.666666666666668,1.0), "time":133.0548090411487,"sensors":[42,21,14,0,9,16,27,11,36,5,4,31,29],"power":[0.02667137838109268,0.008804052370763569,0.05766744129345434,0.042667769019314364,0.07787651112011225,0.05117948352503654,0.012198526257922683,0.0522126851639804,0.008400886698524743,0.01866099138669952,0.021341214065353907,0.03422684445827116,0.009338558715224321]}
