LP RESULTS :
 Obj = 0.1*lambda1+0.9*lambda2 = 175.4313961406391 (lambda1 = 1727.313961406391, lambda2 = 3.0) Resol time = 1380 ms

{"id": 0, "drone": 1, "position":(25.0,8.333333333333334,1.0), "time":607.894343649435,"sensors":[15,47,2,18,35,38,45,0],"power":[0.07219925233716806,0.18183397964798906,0.2043370354120936,1.4241956458309788,0.06887213599747048,0.3511518554391088,0.10367217896582365,0.15]}
{"id": 1, "drone": 1, "position":(8.333333333333334,16.666666666666668,5.0), "time":587.618503531883,"sensors":[15,36,12,17,31,9,37,44,1],"power":[0.07611762683362885,0.18322361247063357,0.1388527405667123,0.0786210122172501,0.12353483987328137,0.35979696991840265,0.15614560637417338,0.09978688498562382,0.2610573123396031]}
{"id": 2, "drone": 1, "position":(25.0,16.666666666666668,3.0), "time":531.801114225073,"sensors":[48,2,18,21,31,8,38,45],"power":[0.05590163005058678,0.06883642389521535,0.08637195604751406,0.06552086611248614,0.07178146480934802,0.054034898415466395,0.18217442494765373,0.33588757569986866]}
{"id": 3, "drone": 0, "position":(16.666666666666668,25.0,2.0), "time":135.4391594177464,"sensors":[10,31,9,8,37,16,45],"power":[0.01278343170196064,0.03799359359806139,0.012863101889611513,0.038688279173905306,0.009060351528885215,0.04957232103973078,0.023099204441722084]}
{"id": 4, "drone": 0, "position":(8.333333333333334,8.333333333333334,1.0), "time":275.13156015173877,"sensors":[15,36,12,17,35,31,9,37,44,1],"power":[0.11104812723006932,0.034237354993367525,0.6128291781862745,1.4320220333060032,0.06486311117810986,0.024999271665263174,0.062453293323337836,0.020180472184259942,0.08681292744668455,0.05662206925700001]}
{"id": 5, "drone": 0, "position":(16.666666666666668,41.666666666666664,1.0), "time":1316.7432418369058,"sensors":[10,11,49,19,3,33,41,29,39,16,22,30],"power":[0.683407601160266,1.1190412111583186,0.6646238962738957,0.15,0.5160630132652707,0.19380281802959362,0.2674907555299559,0.345070502087223,0.1362581030922438,0.14948286774480532,0.22756030162383414,0.4604328272704523]}
{"id": 6, "drone": 3, "position":(41.666666666666664,41.666666666666664,1.0), "time":1003.0271483977051,"sensors":[4,32,6,7,28,42,34,43,13,14,40,46],"power":[0.19758838209114207,0.24240700976226348,0.10914626852884989,0.19886264357383893,0.4174659774500655,0.1566317374188025,1.9508559722058405,0.17697176518024899,1.8778774062208008,0.15,0.20237905187047767,0.3752313035730205]}
{"id": 7, "drone": 3, "position":(41.666666666666664,16.666666666666668,5.0), "time":449.1552528569471,"sensors":[24,48,27,21,25,20],"power":[0.14601824734850102,0.04006444277387472,0.09467192178419372,0.046354866156891945,0.07855297252400273,0.10253909974501434]}
{"id": 8, "drone": 3, "position":(16.666666666666668,33.333333333333336,1.0), "time":275.13156015173877,"sensors":[10,11,49,33,8,39,16],"power":[0.319054742543484,0.034232344062293606,0.017380507770904413,0.054848085890718566,0.057276822410628286,0.03907677350242155,0.411601493870282]}
{"id": 9, "drone": 2, "position":(41.666666666666664,8.333333333333334,1.0), "time":587.618503531883,"sensors":[24,5,2,27,25,20],"power":[0.06216769146695253,0.15,0.08545592479156598,0.15900679298524245,1.2862236598484555,1.1204877177581434]}
{"id": 10, "drone": 2, "position":(16.666666666666668,8.333333333333334,1.0), "time":26.3014302807439,"sensors":[15,12,17,18,35,31,9,38,45],"power":[0.056351234566689154,0.007155119535196803,0.00698339293881962,0.01090767336121246,0.016264752824419637,0.0038685274190972574,0.00271607769658521,0.009420357975803699,0.004222752800964357]}
{"id": 11, "drone": 2, "position":(41.666666666666664,33.333333333333336,1.0), "time":724.2868130086858,"sensors":[4,32,6,7,48,28,23,42,34,43,13,21,26,40,46],"power":[0.183960912351734,0.19396150626123643,0.18094114642288825,0.046186509102364194,0.05736121743106204,0.18575019272200582,0.15,2.171768476044444,0.13702979430255888,0.07004894364723124,0.2643048377034248,0.04638996139896573,0.19692153815757296,0.2492615396169072,0.12760223154470446]}
