LP RESULTS :
 Obj = 0.1*lambda1+0.9*lambda2 = 156.09904539717883 (lambda1 = 1533.9904539717884, lambda2 = 3.0) Resol time = 183 ms

{"id": 0, "drone": 0, "position":(8.333333333333334,8.333333333333334,1.0), "time":417.5388072300335,"sensors":[47,0,15,45,17,34,26,35,29],"power":[2.863672305455663,0.1954570388062216,0.032461604123798,0.1058969712034366,0.0751553799205427,0.026958166867463516,0.03684895419011352,0.3375541082862933,0.2736433314864273]}
{"id": 1, "drone": 0, "position":(41.666666666666664,8.333333333333334,1.0), "time":165.62853942667243,"sensors":[25,30,27,42,10],"power":[0.11784061464933819,0.028196711438574107,0.10604046032057109,0.04096352207595848,0.01485254323292504]}
{"id": 2, "drone": 0, "position":(25.0,8.333333333333334,1.0), "time":700.6291800623379,"sensors":[20,12,15,45,30,34,26,28,11],"power":[1.1069721484369854,0.15100971075755432,0.09104540169524743,0.1278245743514151,0.18143013202323816,0.8243328289682623,0.4736375005608168,0.2821244120277344,0.15]}
{"id": 3, "drone": 2, "position":(8.333333333333334,41.666666666666664,2.0), "time":528.3036837323029,"sensors":[3,21,22,14,49,5,36,48,46,24,1],"power":[0.31865979859130134,0.05812348174509518,0.06534881231614709,0.03572620625749124,0.22218031311716355,0.15,0.15267934874583952,0.10066736290997247,0.6796851200510512,0.2814588455452568,0.04552802100042871]}
{"id": 4, "drone": 2, "position":(8.333333333333334,25.0,4.0), "time":765.9393648915834,"sensors":[33,9,21,22,49,48,40],"power":[0.2127486858521898,0.3890131083246288,0.22240169018139871,0.04835906368251618,0.05798412890756062,0.11172819345964768,0.1600998293362669]}
{"id": 5, "drone": 2, "position":(33.333333333333336,25.0,2.0), "time":239.74740534790192,"sensors":[7,38,12,39,6,19,8,23,10,37],"power":[0.0526902856038653,0.052665566425497384,0.024210558032889802,0.06116455499027444,0.0404229128694113,0.017745512929679453,0.09354192275929572,0.03569483001234158,0.06432471787853075,0.028999068946346396]}
{"id": 6, "drone": 3, "position":(8.333333333333334,8.333333333333334,1.0), "time":415.82246667941683,"sensors":[47,0,15,45,17,34,26,35,29],"power":[2.851900856152213,0.19465359051399672,0.03232816702398599,0.10546166971117599,0.07484644522053154,0.0268473522697214,0.03669748239101566,0.336166553898421,0.27251848958406194]}
{"id": 7, "drone": 3, "position":(25.0,41.666666666666664,1.0), "time":887.9213840659328,"sensors":[44,3,16,32,22,14,36,18,1],"power":[0.06987420872702582,0.07632570017307459,0.09563222813759777,0.13560894402989326,0.10938910604447996,0.21239328230921406,0.0914692038389182,0.14999999999999997,0.5926866808891105]}
{"id": 8, "drone": 3, "position":(41.666666666666664,25.0,1.0), "time":230.24660322643876,"sensors":[7,13,2,25,6,19,23,42,10,37],"power":[0.3937483127889318,0.050809484560946146,0.0532593962200158,0.014844247235897369,0.42162425549708904,0.18001748600194867,0.052580908754733535,0.026495373361781656,0.09388191839486577,0.04503362887228429]}
{"id": 9, "drone": 1, "position":(41.666666666666664,16.666666666666668,1.0), "time":469.9940085743407,"sensors":[7,13,25,30,27,6,19,42,10],"power":[0.2371698049795812,0.09919051543905383,0.2243855665980586,0.04713798394693824,0.043959539679428894,0.2255899058695434,0.1054478358626501,0.3257237058555713,0.3397064222055972]}
{"id": 10, "drone": 1, "position":(41.666666666666664,41.666666666666664,1.0), "time":635.6225480010131,"sensors":[41,44,16,32,2,4,31,23,43,37],"power":[1.5356002159104507,0.1127619558399969,0.08340931959522199,0.17404159653823678,0.09674060377998421,0.15226896473916485,0.5421031742356818,0.11779551257322324,0.4339376585192057,0.1390362607102256]}
{"id": 11, "drone": 1, "position":(33.333333333333336,25.0,1.0), "time":428.37389739643464,"sensors":[7,38,12,39,6,19,8,23,10,37],"power":[0.09729970098327646,0.09733443357450258,0.04586234596587827,0.11509516901917721,0.07556214269926748,0.03290242487841094,0.19203837001746685,0.06568919779230668,0.12041032490756981,0.05254308630600755]}
