LP RESULTS :
 Obj = 0.1*lambda1+0.9*lambda2 = 162.955305397603 (lambda1 = 1602.5530539760302, lambda2 = 3.0) Resol time = 4156 ms

{"id": 0, "drone": 3, "position":(25.0,41.666666666666664,1.0), "time":734.3650925741583,"sensors":[45,22,43,20,29,6,38,15,33],"power":[0.05502464313896948,0.21396680080309036,0.16657113636298002,0.20054091044039177,0.05540520610329384,0.16898819672912613,0.0784859622956197,0.5357656298856409,0.14443690229575507]}
{"id": 1, "drone": 3, "position":(25.0,8.333333333333334,1.0), "time":598.5815940472478,"sensors":[28,14,34,19,46,10,35,30,27,37,13,11],"power":[0.24080737906514416,0.25356224366586877,0.05463173803620217,0.07084063907414746,0.20849178525905207,0.15315078954018335,0.1215465095789649,0.15,0.1513157270597642,0.7254518565252015,0.09476608416459599,0.055981249855845315]}
{"id": 2, "drone": 3, "position":(41.666666666666664,41.666666666666664,1.0), "time":269.6063673546241,"sensors":[26,2,41,38,8,1],"power":[0.029069124817222968,0.02407023888763493,0.04658087522648114,0.03593144389275744,0.18652764079104053,1.562073480450711]}
{"id": 3, "drone": 2, "position":(8.333333333333334,41.666666666666664,2.0), "time":247.6164897961672,"sensors":[21,49,42,6,44,24],"power":[0.11895783704123213,0.03307000152700659,0.01975083394849871,0.019399541709133494,0.7430983230001182,0.6586706591371898]}
{"id": 4, "drone": 2, "position":(8.333333333333334,8.333333333333334,1.0), "time":458.99621442186424,"sensors":[48,40,34,19,10,5,27,7,13,11],"power":[1.0386560954099382,0.09316365627857552,0.09536826196379783,0.19698716192219515,0.04559455784686554,0.03295732762804171,0.055400025953436446,0.05839110913421736,0.08733854230352817,0.10938861360938136]}
{"id": 5, "drone": 2, "position":(41.666666666666664,25.0,1.0), "time":734.3650925741584,"sensors":[47,4,26,39,2,31,25,0,3,32],"power":[2.0660172134907415,2.4084130999347217,0.2084016443530614,0.15,0.423377764748718,0.2249220049974783,0.05337861667496529,0.13855978584664055,0.20504068045983861,0.4670735495854131]}
{"id": 6, "drone": 1, "position":(8.333333333333334,16.666666666666668,1.0), "time":544.9752455069182,"sensors":[48,40,19,23,42,10,5,12,7,13],"power":[0.2211240164670589,0.3454507542780338,0.06942682344740399,0.11170845258532434,0.03966122317026186,0.05984614417634613,0.18823343677135135,0.24390161241800606,1.406018104432249,0.10213550051926937]}
{"id": 7, "drone": 1, "position":(41.666666666666664,8.333333333333334,1.0), "time":548.5060070495833,"sensors":[28,31,25,16,35,36,9,0,18],"power":[0.06631147370580878,0.05697444789248768,0.40037094491209824,0.39141308567326116,0.08489428657450067,0.15,0.6428822421956828,0.1167515413190189,0.8669239852467483]}
{"id": 8, "drone": 0, "position":(8.333333333333334,33.333333333333336,1.0), "time":470.52533604015946,"sensors":[23,21,49,42,6,44,12,24],"power":[0.08580032222601144,0.031042162958767862,0.1169299984729934,0.3364819922804231,0.051228423228868315,0.0793699812784389,0.05454208117768017,0.10380962709048895]}
{"id": 9, "drone": 0, "position":(41.666666666666664,41.666666666666664,1.0), "time":598.5815940472478,"sensors":[26,2,41,38,8,1],"power":[0.06453943666606543,0.053440881622454944,0.10341912477351886,0.07977519660526335,0.4141297316309785,3.46812444795578]}
{"id": 10, "drone": 0, "position":(25.0,25.0,1.0), "time":116.0771479352868,"sensors":[45,20,29,6,15,5,3,33,17],"power":[0.10640430868591791,0.016837924316418767,0.09459479389670625,0.010783331625797638,0.010019181851087718,0.00959865525154066,0.013625397538736012,0.017668132409918824,0.210477992971218]}
