LP RESULTS :
 Obj = 0.1*lambda1+0.9*lambda2 = 140.4904455941478 (lambda1 = 1377.9044559414779, lambda2 = 3.0) Resol time = 605 ms

{"id": 0, "drone": 0, "position":(41.666666666666664,25.0,1.0), "time":1.1934170524755245,"sensors":[48,43,46,18,23,35,16,20],"power":[4.738603951522379E-4,2.982043343314171E-4,2.843587167361902E-4,3.9438882063022254E-4,1.7237635915126457E-4,3.4242260689075797E-4,1.733650431317869E-4,6.300197673763851E-4]}
{"id": 1, "drone": 0, "position":(25.0,25.0,4.0), "time":423.71043441615393,"sensors":[0,46,30,33,10,27,2],"power":[0.029942974581958184,0.06419648408769756,0.08533095078615947,0.1440957266755635,0.08338461945771182,0.23614526807521102,0.037479221631185895]}
{"id": 2, "drone": 0, "position":(8.333333333333334,8.333333333333334,4.0), "time":695.9666203690653,"sensors":[28,42,44,41,5,32,8,49],"power":[0.10482188252113245,0.19757381399362275,0.05302799212674457,0.20666404934809968,0.0638978127783084,0.05774911190940768,0.3794983761067362,0.06468637739784489]}
{"id": 3, "drone": 2, "position":(41.666666666666664,41.666666666666664,2.0), "time":508.61194575571943,"sensors":[39,9,48,43,36,35,13,24,16,22],"power":[0.8111137308712493,0.059038472248871474,0.03751967614903691,0.057066229899184154,0.6323748494340833,0.0654075264117069,0.8302652032508593,0.04745430267581987,0.1456321939106415,0.15]}
{"id": 4, "drone": 2, "position":(33.333333333333336,16.666666666666668,1.0), "time":161.47596087201006,"sensors":[0,46,7,23,6,10,27,2,20],"power":[0.5383168902479989,0.0497901091038166,0.016472973820782444,0.03585282850144303,0.01901328886087869,0.05372744744173935,0.020344414215912928,0.17153261970322264,0.018309642292077193]}
{"id": 5, "drone": 2, "position":(25.0,41.666666666666664,1.0), "time":681.9378355724126,"sensors":[26,29,9,15,33,17,24,25],"power":[0.24519536643742443,6.819378355724126,0.15928744472144662,0.07506380997680663,0.04957093466160625,0.13439703968252348,0.20576543901358263,0.1999668292846851]}
{"id": 6, "drone": 1, "position":(8.333333333333334,25.0,1.0), "time":681.9378355724126,"sensors":[4,28,21,31,11,37,44,14,41,5,19,30,40,32,49,1],"power":[0.9184122162436164,0.047922473941178226,0.09856434827796018,0.15,0.12208453868311574,0.419689300022809,0.3315707950502982,0.09945949762188523,0.047741767183101594,0.13177680737672448,1.1121439371382484,0.07514268466904456,0.06037915746076384,0.19395851073167003,0.18358705872110823,0.14253838438396305]}
{"id": 7, "drone": 1, "position":(16.666666666666668,41.666666666666664,1.0), "time":71.97949220515186,"sensors":[26,29,21,11,45,15,17,12,25,1],"power":[0.060211876793607184,0.01603589431330157,0.005893513498957264,0.012665010678796966,0.01584335112386463,0.021044298446231794,0.015602960317476516,0.01285601722109468,0.15077426620651702,0.009921840436469338]}
{"id": 8, "drone": 1, "position":(8.333333333333334,41.666666666666664,1.0), "time":623.9871281639134,"sensors":[26,21,11,37,14,45,40,15,12,25,1],"power":[0.06278455648632146,0.18220126532693953,0.10053450528656784,0.05768114447142832,0.10662794311678954,0.14405114171363798,0.17920747251599145,0.08277808316514795,0.13714398277890533,0.08820711756721956,0.1094750171687933]}
{"id": 9, "drone": 3, "position":(41.666666666666664,8.333333333333334,2.0), "time":630.0486827288285,"sensors":[0,47,38,34,3,23,6,20],"power":[0.06132592188761082,0.42962778153060477,0.15,0.1558393865346659,0.17864364328754817,0.19405638064086983,0.5447676037750523,0.05349924355541203]}
{"id": 10, "drone": 3, "position":(25.0,8.333333333333334,2.0), "time":162.6693779244854,"sensors":[0,7,6,10,2],"power":[0.02402161949257135,0.13352702617921747,0.010800872559131244,0.02774483555680342,0.03526669280320041]}
{"id": 11, "drone": 3, "position":(41.666666666666664,25.0,4.0), "time":585.186395288164,"sensors":[48,43,46,18,23,35,16,20],"power":[0.16889638587330302,0.11868338895861671,0.11438833156181298,0.14960561117936977,0.0711610012137374,0.13434281804202117,0.06937023317711093,0.19273634069595016]}
