LP RESULTS :
 Obj = 0.1*lambda1+0.9*lambda2 = 143.79576861737468 (lambda1 = 1410.9576861737469, lambda2 = 3.0) Resol time = 2612 ms

{"id": 0, "drone": 0, "position":(41.666666666666664,41.666666666666664,1.0), "time":442.81227975970444,"sensors":[39,13,30,38,1,33],"power":[0.2404538223063896,0.09570480881950191,0.04248263875750762,0.06761492220883289,0.17907589924572878,0.04422775103468619]}
{"id": 1, "drone": 0, "position":(33.333333333333336,41.666666666666664,3.0), "time":431.354017702555,"sensors":[39,6,22,35,38,31,21,20,33],"power":[0.10134870018649564,0.04142413586936905,0.10969731697366326,0.05158796822545366,0.20506256074997564,0.09421508282159825,0.03412842399004653,0.04668240889533036,0.10318364860720412]}
{"id": 2, "drone": 0, "position":(25.0,8.333333333333334,1.0), "time":536.7913887114875,"sensors":[40,45,25,34,37,29,49,14,27,5,32,11],"power":[0.08102012789542272,0.17190909345182753,0.04447147167298979,0.14769394896787533,1.8757540798201704,0.7782394326390354,0.15,0.11467858442089099,2.530963661571136,0.17077343979247794,0.1118849188035257,0.050040643923258285]}
{"id": 3, "drone": 3, "position":(41.666666666666664,8.333333333333334,1.0), "time":865.1649257433019,"sensors":[2,40,45,43,23,42,17,4,32,19],"power":[0.28521282669022685,0.15429764225446188,0.11783141906881088,2.0701663779251516,0.26833494268811814,0.20034468980180065,0.17819192206551007,0.22574137517050488,0.18135368478480807,2.122254557271978]}
{"id": 4, "drone": 3, "position":(41.666666666666664,33.333333333333336,1.0), "time":399.82067273248595,"sensors":[39,9,13,30,38,1,21,20],"power":[0.3064403192120539,0.027618473269144555,1.2550294687279955,0.10751736124249237,0.06801484242872106,0.06956835921055363,0.05307523035500942,0.02810635243797132]}
{"id": 5, "drone": 3, "position":(25.0,41.666666666666664,1.0), "time":20.355463164190795,"sensors":[26,6,22,35,28,24,38,31,20,33],"power":[0.002431880603837596,0.0048431054678266736,0.02891283275602509,0.007727647763875984,0.0036766778198824433,0.003033779146181233,0.003665449830813238,0.12108260273411543,0.002582637654355965,0.002588600358109684]}
{"id": 6, "drone": 2, "position":(8.333333333333334,33.333333333333336,1.0), "time":547.9500052375982,"sensors":[10,46,26,16,28,48,24,3,8,41],"power":[1.0010657340019355,0.11632269254308106,0.035046825714036486,0.3197572522482274,0.0368520886415548,0.2896638913173382,0.09225874893950542,0.20589818381420524,0.7106639614005477,0.17404243305752362]}
{"id": 7, "drone": 2, "position":(33.333333333333336,8.333333333333334,2.0), "time":9.001371718957557,"sensors":[40,45,34,37,43,29,42,27,5,4,32,19],"power":[0.005117309445482888,0.015349410124429193,0.0023060510321246566,0.0014435321394455824,0.001499291878922731,0.0016035615903691551,0.0018313813785565773,0.002298891637225198,6.3361697997498E-4,9.357082935015441E-4,0.02039280891274268,0.0011160939809847612]}
{"id": 8, "drone": 2, "position":(8.333333333333334,41.666666666666664,1.0), "time":305.8608290604703,"sensors":[10,16,48,24,3,47,8,41],"power":[0.08905358699248193,0.047691961677913994,0.05530048260005607,0.02995251388744595,0.03652569630184263,0.14999999999999997,0.029507892060991008,0.024955643401148205]}
{"id": 9, "drone": 1, "position":(25.0,25.0,5.0), "time":509.2661765985112,"sensors":[9,25,7,46,26,6,35,28,24,18,21,41,20,11],"power":[0.12550459301473424,0.15608829373029934,0.1672243887481589,0.0336773074569189,0.1079231160310108,0.07746235492485706,0.05015445422303797,0.07183894541005065,0.03542346894067259,0.14940884197014115,0.08225963925367787,0.036397738254060175,0.09115499572482606,0.11928749209659578]}
{"id": 10, "drone": 1, "position":(25.0,33.333333333333336,1.0), "time":27.52521211297629,"sensors":[9,25,7,26,6,22,35,28,24,38,18,31,21,41,20],"power":[0.0047261647649808405,0.0020114780226394647,0.003916673245815066,0.030066666571490746,0.27525212112976294,0.011389947160234259,0.07567007122459692,0.03763228812851208,0.007233466529579566,0.005466359496806485,0.0024895090001593313,0.007504256247038223,0.006379615198019865,0.003237668851704327,0.024983099770356242]}
{"id": 11, "drone": 1, "position":(8.333333333333334,8.333333333333334,1.0), "time":874.1662974622594,"sensors":[0,12,44,14,36,15],"power":[0.20568492651621903,4.436381901186195,1.535282157835941,0.08271113923899849,3.3282825839685937,0.15]}
