LP RESULTS :
 Obj = 0.1*lambda1+0.9*lambda2 = 178.55004861263882 (lambda1 = 1758.500486126388, lambda2 = 3.0) Resol time = 175 ms

{"id": 0, "drone": 2, "position":(41.666666666666664,41.666666666666664,1.0), "time":706.9721283118511,"sensors":[3,22,13,44,24,0,9,11,36],"power":[0.2964806525023911,0.12632736117372806,0.5306899794268131,0.06303653756825477,0.2066946651088728,0.18873269605766083,0.15798082320964113,0.15,0.17966557771301037]}
{"id": 1, "drone": 2, "position":(25.0,8.333333333333334,5.0), "time":742.1935231698599,"sensors":[32,16,26,42,34],"power":[0.066223396668643,0.18175619712923619,0.06677808219647231,0.057300696732676834,0.12045491783884915]}
{"id": 2, "drone": 2, "position":(16.666666666666668,41.666666666666664,1.0), "time":309.33483464467724,"sensors":[30,28,6,23,27,41,38,25,12,43,2,5],"power":[0.20549670868116984,0.07229295376778107,0.0661609059664143,0.019966380818409565,0.022527018326084027,0.07155001886432087,0.37423356709775124,0.14461636610932466,0.03947771153356878,0.10039209750288232,0.0529371561359652,0.49813204198774264]}
{"id": 3, "drone": 0, "position":(41.666666666666664,16.666666666666668,4.0), "time":31.639143610200108,"sensors":[17,32,4,1,29,33,47,35,20,45,14,21,39,31,34],"power":[0.006687103706202985,0.006168207448958266,0.005740065407942826,0.020302383373025996,0.0028205142367644428,0.015277926925364288,0.0038985457440067236,0.008616553871340358,0.005648004100138056,0.017219010240903342,0.02037743548749668,0.007005260345754885,0.002528925052572853,0.007569265458486237,0.0035641413056842933]}
{"id": 4, "drone": 0, "position":(33.333333333333336,33.333333333333336,1.0), "time":478.44794239260773,"sensors":[22,13,29,44,23,0,9,2,19],"power":[0.37902795937462,0.034635239269753676,0.103433688672585,0.07298861287450009,0.12936957353035825,0.1311297078751712,0.09693375841139723,0.07383383566206286,0.20780711159301554]}
{"id": 5, "drone": 0, "position":(8.333333333333334,8.333333333333334,4.0), "time":992.047637446407,"sensors":[7,8,46,10,18],"power":[0.2688989632187046,0.17549673491976264,0.24591584959081172,0.16737439656265163,0.0873992324854461]}
{"id": 6, "drone": 1, "position":(41.666666666666664,25.0,1.0), "time":573.0804154219293,"sensors":[17,1,29,33,44,35,45,14,0,39,31,19],"power":[0.04772011792065704,0.1004896060916087,0.7516258068993109,0.3641950871391355,0.40100818922424486,0.7628895774340959,0.2513849013982669,0.07897997680524223,0.10019886716169797,0.14747107494742714,0.050365615691270335,0.08444950017353546]}
{"id": 7, "drone": 1, "position":(16.666666666666668,16.666666666666668,1.0), "time":96.68621662902589,"sensors":[10,49,26,42,18],"power":[0.01948997247967927,0.1524368597936852,0.0832219178035277,0.09548614209876556,0.011750879941342413]}
{"id": 8, "drone": 1, "position":(8.333333333333334,41.666666666666664,1.0), "time":1088.7338540754329,"sensors":[30,28,6,38,25,43,48,37,5,40],"power":[0.07927635551731237,0.08886801200399908,0.5046388497128604,0.17316798238364822,0.1028099263485939,0.08112159184081638,0.12523467050413023,0.15,0.23271279984474613,0.08966524104755932]}
{"id": 9, "drone": 3, "position":(8.333333333333334,25.0,5.0), "time":669.7666320509552,"sensors":[15,10,49,48,18,40],"power":[0.15488010325226795,0.11219568875138097,0.10150499346566315,0.12518345078665172,0.1713767528931463,0.10105974980582344]}
{"id": 10, "drone": 3, "position":(41.666666666666664,8.333333333333334,1.0), "time":621.0747916894768,"sensors":[17,32,4,1,33,47,20,45,14,21,31,34],"power":[0.09559277837313998,0.17810641380363762,0.4963136515815305,0.133247706629448,0.05576479338911169,2.497325118643983,6.210747916894768,0.06628363388166517,0.18499324593979152,0.17317215566083818,0.1064408915522063,0.10220092887288176]}
{"id": 11, "drone": 3, "position":(25.0,41.666666666666664,1.0), "time":360.4317974062779,"sensors":[30,22,28,23,27,41,38,25,12,43,9,2,5],"power":[0.3095918851043599,0.06550980846421701,0.04572825718045648,0.06083102666833343,0.127472981673916,0.07844998113567912,0.07536202268689916,0.09529690050760395,0.1345057917115526,0.08971967559396304,0.0759152863694151,0.12485174801262652,0.06193184797803223]}
