LP RESULTS :
 Obj = 0.1*lambda1+0.9*lambda2 = 125.8824288728784 (lambda1 = 1222.824288728784, lambda2 = 4.0) Resol time = 1081256 ms

{"id": 0, "drone": 1, "position":(41.666666666666664,41.666666666666664,1.0), "time":381.1070913684928,"sensors":[39,35,2,0,36,30,6,9,20],"power":[0.1275845626478146,0.06602174649011988,0.48405670849764,0.03391644247261458,0.05675784895037998,0.07008759948997968,0.09634503669219983,0.10946526457433374,0.03928768897615192]}
{"id": 1, "drone": 1, "position":(33.333333333333336,8.333333333333334,1.0), "time":174.70908509010803,"sensors":[19,42,24,34,14,16,13,8,22],"power":[0.13723293717829468,0.12461849802481502,0.013703926212438553,0.0464049796588297,0.026309872141327403,0.015463900686666695,0.012859364945187949,0.027780996603367362,0.1684424454891066]}
{"id": 2, "drone": 1, "position":(41.666666666666664,16.666666666666668,1.0), "time":539.3557816158389,"sensors":[42,40,34,14,16,13,17,29,5,8],"power":[0.037446438487561545,0.13444322888538202,0.11927505441899472,0.057515068422112355,0.04851208077524651,0.16239435568548288,1.1648653664765318,0.14569321756865597,0.1496387852645605,0.17538622453398744]}
{"id": 3, "drone": 1, "position":(41.666666666666664,8.333333333333334,1.0), "time":127.65233065429065,"sensors":[19,42,40,34,16,13,17,29,5,8,22],"power":[0.013813672669756779,0.041993684068109105,0.012595259853227438,0.014557294898997724,0.08602401853808872,0.07016156603443903,0.021715916310196256,0.019168103257120893,0.023925474187150502,0.01304654597297753,0.011010365402311427]}
{"id": 4, "drone": 0, "position":(16.666666666666668,25.0,5.0), "time":694.1856935141323,"sensors":[7,47,44,24,10,48,46,41,26,12],"power":[0.08855839870702133,0.07564376777238697,0.1623832648050342,0.06105697567474198,0.15417610195776882,0.06728067163123601,0.13002854946238995,0.047475824044290384,0.06686730609355819,0.04806235514333376]}
{"id": 5, "drone": 0, "position":(25.0,25.0,1.0), "time":24.274112116824142,"sensors":[7,47,44,24,10,34,48,0,14,46,41,26,8],"power":[0.02036467376775911,0.009402760660160969,0.022309263585527313,0.004402346448929785,0.012667883461820831,0.0019179855109454182,0.018643454850915248,0.0021765908603706917,0.004463062883561092,0.1877988593704928,0.018198807947160778,0.002895927467609133,0.0019670796798935417]}
{"id": 6, "drone": 0, "position":(25.0,16.666666666666668,1.0), "time":260.21746847342615,"sensors":[7,47,44,24,10,34,48,4,14,46,41,28,26,8,22],"power":[0.02057636775787384,0.6887061667289105,0.025406161800940213,1.0625299759175078,0.13994092561735536,0.05585627016741074,0.21726222734193593,0.018113729238237213,0.12105935084959296,0.051893241571955975,0.08272950554046776,0.056466780645252,0.19258525060992623,0.03593434185770578,0.058201244602984106]}
{"id": 7, "drone": 0, "position":(8.333333333333334,16.666666666666668,1.0), "time":244.1470146243949,"sensors":[49,1,4,23,15,28,26],"power":[0.11106105476420906,0.021117669812732408,0.06763622302968766,0.100895661581396,0.09272756658591975,0.03327342907590946,0.01935132396890811]}
{"id": 8, "drone": 2, "position":(8.333333333333334,8.333333333333334,1.0), "time":625.2541059928878,"sensors":[49,11,1,4,23,15,28],"power":[0.11722465000955536,0.1876306669685137,0.14351437768962202,0.2792047946014346,0.7824515705568064,0.05727243341407519,0.08586728643038852]}
{"id": 9, "drone": 2, "position":(33.333333333333336,41.666666666666664,1.0), "time":234.44245172410473,"sensors":[18,2,32,38,0,36,30,6,31,9],"power":[0.025342490310702202,0.028911698164145114,0.050792680711624884,0.05143933616507767,0.0721831356634833,0.24243817180653246,0.066696756383646,0.05260497174776551,0.050600191168498884,0.14387102120216616]}
{"id": 10, "drone": 2, "position":(41.666666666666664,25.0,1.0), "time":24.274112116824142,"sensors":[35,40,34,30,6,17,29,5,41,8,20],"power":[0.001619436454764352,0.002961511261395531,0.0020871438636923204,0.002506538232562878,0.0030957456815470536,0.005605745635320639,0.002128996433730242,0.0017774434703626387,0.001595862468089341,0.0040568978340725405,0.004945545827370036]}
{"id": 11, "drone": 2, "position":(41.666666666666664,33.333333333333336,1.0), "time":338.8536188949677,"sensors":[39,35,2,0,30,6,9,20],"power":[0.02241543735218541,0.08235881705511577,0.15356602060185218,0.043456835235476395,0.1260990946406048,0.3353540522353978,0.0961912190321348,0.1373446371308521]}
{"id": 12, "drone": 3, "position":(16.666666666666668,41.666666666666664,2.0), "time":492.91869156911514,"sensors":[18,27,3,45,37,32,38,31,33,43,25],"power":[0.09279134182218346,0.058089620343446106,0.13076907518503952,0.31083957939464196,0.20519508661975586,0.031780825092784785,0.10104976878626724,0.10096992980716916,0.06403979186183886,0.4438878575936427,0.13499560321777243]}
{"id": 13, "drone": 3, "position":(25.0,41.666666666666664,1.0), "time":244.14701462439473,"sensors":[7,18,45,32,38,0,36,30,31,9,43],"power":[0.02050055976734206,0.09703163459605262,0.01846626960477705,0.06742649419559031,1.624092629990499,0.04543793056958478,0.05154616423748789,0.0189762549547805,2.4414701462439474,0.024464891273323512,0.0446583653190466]}
{"id": 14, "drone": 3, "position":(8.333333333333334,33.333333333333336,1.0), "time":3.926115691471975,"sensors":[27,3,45,37,33,43,21,12,25],"power":[0.02038433273604113,3.5632978542559247E-4,5.976182704382516E-4,5.485974228768881E-4,0.0030369379204187546,6.454531401206967E-4,6.766291397922461E-4,0.01817798630904757,0.002333548005361913]}
{"id": 15, "drone": 3, "position":(8.333333333333334,41.666666666666664,1.0), "time":481.832466843749,"sensors":[27,3,45,37,33,43,21,12,25],"power":[0.1427590030395508,0.4903130664170844,0.49661635203879284,0.6673868444806001,0.408090976933423,0.08532340048436146,0.1493233708601985,0.08375965854761007,0.32661536564682864]}
