LP RESULTS :
 Obj = 0.1*lambda1+0.9*lambda2 = 159.0423598397761 (lambda1 = 1554.423598397761, lambda2 = 4.0) Resol time = 70987 ms

{"id": 0, "drone": 1, "position":(8.333333333333334,8.333333333333334,1.0), "time":384.3018190247178,"sensors":[46,36,33,15,21,14],"power":[0.09144980253243032,0.04404199669742104,0.041056495454390315,0.0910654865103124,0.06419269259608008,0.045259276933815276]}
{"id": 1, "drone": 1, "position":(41.666666666666664,41.666666666666664,1.0), "time":551.6152726236069,"sensors":[23,48,43,7,26,49,29,42,27],"power":[0.3661640932853836,0.04645093680836272,5.516152726236069,0.11680981042275691,0.0791364545595455,0.16694465361995095,0.16991844702118006,0.042560056329825374,0.06078297748989284]}
{"id": 2, "drone": 1, "position":(8.333333333333334,16.666666666666668,1.0), "time":216.9130496835453,"sensors":[32,46,36,33,15,21,44,14,6,11,12,35],"power":[0.022771210710162106,0.04503362059085464,0.47341525785993727,0.3294551851928287,0.058934513489687604,0.08859543718342647,0.04311306783545215,0.08581367027499183,0.050449303602931796,0.03692315466046568,0.021366713342610383,0.03096747432460543]}
{"id": 3, "drone": 1, "position":(41.666666666666664,33.333333333333336,2.0), "time":85.87971935961158,"sensors":[16,23,48,43,7,26,49,29,42,27],"power":[0.01109027658646699,0.025926589205805987,0.00819231638467933,0.019289406508624523,0.283741292700808,0.05771503929533201,0.012751898414539262,0.014022759050623898,0.050635577344670286,0.008272422190900202]}
{"id": 4, "drone": 0, "position":(41.666666666666664,16.666666666666668,1.0), "time":51.470814084617814,"sensors":[16,19,31,5,45,38,9,42,39],"power":[0.007336181328693114,0.010149716917185164,0.004278192103059473,0.027906645971631786,0.04430281286560799,0.009707129985898,0.014908275752765087,0.003888257977660451,0.00523706840050603]}
{"id": 5, "drone": 0, "position":(25.0,8.333333333333334,1.0), "time":565.7414451043549,"sensors":[24,32,46,20,30,21,44,2,10,13,0,25,9,39],"power":[0.15,0.10204365656078733,0.07916657943226621,0.08416043625322207,0.10740498153651477,0.03809162955383445,0.03688515400678969,1.2527313309420363,0.262376333461871,0.22507639640977603,0.12570781160582087,0.053626837165354574,0.043494094399635544,0.053186292331833744]}
{"id": 6, "drone": 0, "position":(8.333333333333334,25.0,1.0), "time":182.63587960282476,"sensors":[36,33,17,18,21,44,14,28,6,11,12,35,40,37],"power":[0.07876025135173814,0.07831421989708359,0.055087922427281076,0.013283543153276515,0.02227120141183428,0.023491053600347176,0.03164543087423125,0.012762311397657116,0.9507671776822757,0.047880988004651445,0.14907930112308124,0.0651289048080557,0.02084995780024888,0.015116136413800363]}
{"id": 7, "drone": 0, "position":(8.333333333333334,41.666666666666664,1.0), "time":754.5754596059636,"sensors":[4,22,17,34,8,28,40,47,37],"power":[0.1272392013333644,0.048875424653854097,0.08205017559253128,0.1572509542067705,0.11565620681384411,0.14086926861558588,0.22363643083656776,0.16235716594584365,0.5959224580928858]}
{"id": 8, "drone": 2, "position":(25.0,25.0,5.0), "time":384.3018190247178,"sensors":[16,32,20,18,31,44,13,3,11],"power":[0.038654913915922136,0.03827535813707202,0.08381060543308198,0.11463833503120587,0.09162554877771442,0.04063888343545554,0.03511851245439232,0.124260493808731,0.045485190114830716]}
{"id": 9, "drone": 2, "position":(25.0,41.666666666666664,1.0), "time":299.71634722556996,"sensors":[4,23,22,48,8,29,27],"power":[0.07847781210064989,0.0207566607394259,0.10112457534614591,0.08150749728808278,0.06693767846387523,0.042870345424111465,0.08736512977760841]}
{"id": 10, "drone": 2, "position":(16.666666666666668,8.333333333333334,2.0), "time":204.83140498231833,"sensors":[32,46,20,33,30,21,44,2,10,13,0],"power":[0.045081824027240744,0.18465142742707963,0.015710923164765987,0.013909160739365828,0.04259501846348521,0.04622742924406015,0.026777347206018133,0.033062120169288084,0.058778830929538214,0.021429247813607485,0.03644578610331792]}
{"id": 11, "drone": 2, "position":(8.333333333333334,33.333333333333336,1.0), "time":424.8926545433114,"sensors":[4,17,28,6,11,12,35,40,37],"power":[0.04406243082496153,0.41439615184682055,0.10997590609342492,0.08393014758207615,0.03257324670636704,0.15440469424726241,0.053903620867338894,0.4216715420376709,0.3722468936762778]}
{"id": 12, "drone": 3, "position":(25.0,33.333333333333336,1.0), "time":75.23913702291611,"sensors":[4,18,31,48,26,3,29,27],"power":[0.01123170574885128,0.022078121815517632,0.006825568414044504,0.02619033435247209,0.006191658391994855,0.021041388496315035,0.006655574748365095,0.01935886984530216]}
{"id": 13, "drone": 3, "position":(41.666666666666664,8.333333333333334,1.0), "time":937.2113392087883,"sensors":[41,19,5,1,45,38,25,9,39],"power":[0.36094808802158856,0.19803260401118408,0.13622921511441993,0.15,0.105697187134392,4.473068191517505,0.16016717300244382,0.11572143796342381,0.4434877106836775]}
{"id": 14, "drone": 3, "position":(33.333333333333336,33.333333333333336,3.0), "time":541.9731221660566,"sensors":[16,23,31,48,43,7,26,3,29,42,27],"power":[0.10064102151503784,0.13857208991885422,0.06111921793312405,0.2837540764096923,0.049411526333319564,0.08377520584612888,0.3224442840307593,0.12228193997496332,0.1459584717236499,0.052916108347843896,0.21666418944498977]}
