LP RESULTS :
 Obj = 0.1*lambda1+0.9*lambda2 = 146.11673612634414 (lambda1 = 1434.1673612634415, lambda2 = 3.0) Resol time = 1077 ms

{"id": 0, "drone": 2, "position":(25.0,41.666666666666664,1.0), "time":407.8338009869806,"sensors":[3,24,26,45,4,20,14,40,1,32],"power":[0.4654630845874335,0.048658913521774795,0.05156476855904193,0.042017615781573134,0.0351667341306659,0.09031486052485926,0.07382642759369377,0.3691541569833752,0.5727283093196476,0.08144687300544089]}
{"id": 1, "drone": 2, "position":(25.0,8.333333333333334,1.0), "time":275.5611966361909,"sensors":[23,48,25,17,38,12,49],"power":[0.038304299689851995,0.06939933340308223,0.07963306079969809,0.10871377916059655,0.043139216567173344,0.017838504438076157,0.05243634773124713]}
{"id": 2, "drone": 2, "position":(41.666666666666664,8.333333333333334,1.0), "time":750.772363640362,"sensors":[37,31,33,39,10,18,17,7,38,9,15,13],"power":[0.71624119616457,0.08707716174419092,0.07617940070437154,0.19270186998661804,3.59689396442372,0.06523514864281184,0.0704812357077307,0.5934154521439825,0.16430979574059468,0.10536968769729506,0.6326499801360428,0.15]}
{"id": 3, "drone": 0, "position":(8.333333333333334,41.666666666666664,2.0), "time":693.7479988751056,"sensors":[3,24,22,5,0,20,41,43,28,32],"power":[0.04918451678173278,0.10821031622210307,1.235884534896723,0.15660732417092382,0.21039172893159516,0.10900940572173787,1.0047499689788726,0.6492642801451253,0.19627077586859132,0.07217935472522773]}
{"id": 4, "drone": 0, "position":(8.333333333333334,8.333333333333334,1.0), "time":500.07785401973797,"sensors":[30,36,23,46,12,47,49,44],"power":[0.08168851713032907,0.07352367744459425,0.12626387977396092,0.0961153112209588,0.30653862367699,1.2912002915216305,0.05387495726383873,0.10261089056985777]}
{"id": 5, "drone": 0, "position":(16.666666666666668,8.333333333333334,1.0), "time":240.34150836859794,"sensors":[16,23,46,48,25,12,47,49,44],"power":[0.020607590471867485,0.3036248225901226,0.03464751808991438,0.019502757006557216,0.07036693920030192,0.10944671288727746,0.08363393552397777,0.09792170730505653,0.04032377250088021]}
{"id": 6, "drone": 1, "position":(41.666666666666664,25.0,1.0), "time":252.59097404101806,"sensors":[34,29,31,26,33,45,39,19,8,18,9,11,21],"power":[0.6779197364939511,0.0479061830302437,0.06292283825580906,0.019249567847274895,0.053535785800770494,0.019870920430944218,0.0371162761701946,0.1687772652711501,0.6904110551073589,0.09775286858200485,0.08427015468009569,0.03538812333729641,0.05632015512999583]}
{"id": 7, "drone": 1, "position":(8.333333333333334,8.333333333333334,1.0), "time":418.18680223891477,"sensors":[30,36,23,46,12,47,49,44],"power":[0.06831148286967091,0.061483689614031035,0.1055873354449074,0.08037579413405575,0.25634089925753617,1.079757714965864,0.04505257714938456,0.08580767945905152]}
{"id": 8, "drone": 1, "position":(25.0,25.0,4.0), "time":763.3895849835086,"sensors":[29,26,45,16,4,14,21,27],"power":[0.11938409158771927,0.07918566359368318,0.11567206719477692,0.1257777314614672,0.2978933644446726,0.10563186386474015,0.10080323671304885,0.09346486584552789]}
{"id": 9, "drone": 3, "position":(8.333333333333334,25.0,1.0), "time":210.80527304386288,"sensors":[24,35,16,36,46,27,44],"power":[0.014616105660885934,0.5207357516660328,0.03173378845097786,0.02854962924992711,0.041396004970056265,0.0565351341545124,0.036750393007321296]}
{"id": 10, "drone": 3, "position":(41.666666666666664,41.666666666666664,5.0), "time":815.52828723269,"sensors":[42,6,11,2],"power":[0.2082902372894837,0.3723299041048021,0.13757967611256688,0.18726061064821464]}
{"id": 11, "drone": 3, "position":(33.333333333333336,8.333333333333334,1.0), "time":407.8338009868886,"sensors":[37,33,39,48,10,18,17,7,38,9,15],"power":[0.07341932832393674,0.05164856017656866,0.07734757634340594,0.06109790959036056,0.0778801126095657,0.03132336092951759,0.35350402101368145,0.0548983337609695,0.48343297342884856,0.030159923551126448,0.15347421886925305]}
