LP RESULTS :
 Obj = 0.1*lambda1+0.9*lambda2 = 126.43020198753612 (lambda1 = 1237.302019875361, lambda2 = 3.0) Resol time = 1467 ms

{"id": 0, "drone": 3, "position":(41.666666666666664,16.666666666666668,1.0), "time":538.7487531720816,"sensors":[38,20,15,27,8,35,13,3,29],"power":[0.15,1.0745184196182058,0.17291115484421074,0.07309822527794253,0.1608989765066822,0.056753478693280776,0.41494248437076464,0.05043095377159342,0.11393046310185724]}
{"id": 1, "drone": 3, "position":(25.0,25.0,1.0), "time":307.1614354796477,"sensors":[6,14,41,30,12,42,47,17,45,10,32,7],"power":[0.07064560643799543,0.07145803574934788,0.09194284819679596,0.062419114143595154,1.165542586156868,0.08895357569565672,0.049348261442879744,0.5854586789072075,0.07805791114341161,0.02535362460322421,0.05465984302595942,0.0654908979618956]}
{"id": 2, "drone": 3, "position":(8.333333333333334,25.0,1.0), "time":304.14632292830515,"sensors":[6,41,28,24,49,42,18,44,31,5,19,16,7],"power":[0.05005603403001023,0.026965553262116585,0.07181106045574322,0.07981252855653476,0.024666963768814627,0.04931806137527517,0.021605341835301637,0.08002862448554313,0.05450431169319078,0.035140172284638185,0.044972613015632754,0.07539310591957553,0.05492954412693762]}
{"id": 3, "drone": 1, "position":(41.666666666666664,33.333333333333336,1.0), "time":360.7526037034413,"sensors":[33,30,15,1,27,36,35,2,45,32,0],"power":[0.1716564669724481,0.0386305114309284,0.03968089387046199,0.07659456179199788,0.09399576098126028,0.647875003885595,0.10547166455083866,0.03280910528088349,0.04028890034096581,0.04251366949981238,0.21753232443429837]}
{"id": 4, "drone": 1, "position":(33.333333333333336,41.666666666666664,1.0), "time":247.26668259090684,"sensors":[22,30,1,46,47,25,2,45,48,21,32,0],"power":[0.08614933589956549,0.03330443762543565,0.07662753796369048,0.06266221075332405,0.033702176639825776,0.02759406423946764,0.1341071305220431,0.02203750666041051,0.04529072027074807,0.03378683113511969,0.03818426818931517,0.0728140747801661]}
{"id": 5, "drone": 1, "position":(33.333333333333336,8.333333333333334,1.0), "time":623.9839341010543,"sensors":[14,8,3,34,29,39],"power":[0.06693142300014196,0.10137198033301008,0.49410644050216,0.14377725409626207,0.22356326471605262,0.09515719479959821]}
{"id": 6, "drone": 0, "position":(8.333333333333334,16.666666666666668,1.0), "time":608.0192862943481,"sensors":[37,24,49,42,31,5,10,19,16,11,4],"power":[0.043667777963794494,0.07018747144346522,0.16059151742063285,0.048350808180941875,3.201190768914355,1.3524523789003553,0.08875309689251397,1.6545791403596244,0.4761849046978154,0.0393836051883521,0.04532577920134742]}
{"id": 7, "drone": 0, "position":(25.0,41.666666666666664,1.0), "time":322.12129810136526,"sensors":[22,41,30,9,46,47,25,2,45,48,21,32,26],"power":[0.3527340501023934,0.021334422379190025,0.03552724060789643,0.042050073168416524,0.11738464579450131,0.09623295748618807,0.16904664227367427,0.02451895247963295,0.021529811984436098,0.10470927972925194,0.9894506006791889,0.03774899836858362,0.06291196142439463]}
{"id": 8, "drone": 0, "position":(16.666666666666668,25.0,1.0), "time":17.974975173060102,"sensors":[6,14,41,12,28,42,47,17,44,31,10,16,7],"power":[0.029298359531994205,0.001473362804326621,0.009757176161897398,0.0030561009761353097,0.0020020663439449856,0.09494454883255654,0.001162484194351776,0.004091511340306402,0.0011806773028588773,0.0018588558205091432,0.002369550165075592,0.004418223352865334,0.037813906299867535]}
{"id": 9, "drone": 2, "position":(16.666666666666668,8.333333333333334,2.0), "time":208.27336401471155,"sensors":[14,37,31,5,10,34,19,16,11,4,39],"power":[0.015152101879561893,0.036194391748173266,0.02764286146127754,0.029271378800468397,0.06473104376891856,0.041100320513464204,0.01759443864430135,0.023480083779597916,0.5651483868042245,0.04728959220931745,0.05484280520040179]}
{"id": 10, "drone": 2, "position":(8.333333333333334,8.333333333333334,1.0), "time":95.8729589135936,"sensors":[37,49,31,5,10,19,16,11,4],"power":[0.07013783028803224,0.015711439406482983,0.024357006023175067,0.04276416987123698,0.009800114844066416,0.027732899026924388,0.011342052764575455,0.014829211377495871,0.06314612812127733]}
{"id": 11, "drone": 2, "position":(8.333333333333334,41.666666666666664,1.0), "time":915.1807217739959,"sensors":[43,28,9,18,44,23,40,26],"power":[0.2597013234361002,0.1768344853596289,0.3243864305091907,1.0826577821999672,0.12498117770605069,0.2500114171421615,0.15,0.1952964204934226]}
