LP RESULTS :
 Obj = 0.1*lambda1+0.9*lambda2 = 190.8845286130555 (lambda1 = 1881.845286130555, lambda2 = 3.0) Resol time = 237 ms

{"id": 0, "drone": 3, "position":(25.0,25.0,1.0), "time":170.5156543345131,"sensors":[15,25,21,19,12,7,48,27,5,10,22,11,46,13],"power":[0.03525930996773399,0.01083659559976367,0.038863269142339285,0.2811458585244118,0.10355513469656212,0.03610497096859668,0.013206655190869781,0.013871787202013704,0.01336145208679129,0.022029613109212972,0.030015901298972057,0.017926432895802327,0.013907069528047588,0.025698069621091744]}
{"id": 1, "drone": 3, "position":(8.333333333333334,8.333333333333334,1.0), "time":783.9619450913591,"sensors":[18,26,29,34,31,16,0],"power":[0.17907150361520938,0.15,0.07054779485589609,0.15759382624062943,1.2133193181980801,4.005232072469759,0.07312666522653165]}
{"id": 2, "drone": 3, "position":(25.0,8.333333333333334,1.0), "time":291.17049767417046,"sensors":[32,27,18,39,29,10,13,17,14],"power":[0.025079667347961035,0.21956933126004172,0.03705559520655914,0.06514264685870803,0.0452002127167191,0.10761643470114501,0.03504090860532477,0.08800633026072735,0.2865124556867866]}
{"id": 3, "drone": 1, "position":(25.0,33.333333333333336,1.0), "time":344.73079145290137,"sensors":[9,36,15,25,1,19,12,7,48,38,22,11,8,46],"power":[0.0752957516150891,0.13398262487929974,0.06621723445668855,0.06870460090241297,0.07782212824188438,0.06736749869272023,0.04639606744961148,0.08444720749388603,0.07783851813953387,0.032643613010735976,0.09867100498573501,0.14989975809493022,0.02628360407004599,0.17092513086133831]}
{"id": 4, "drone": 1, "position":(16.666666666666668,8.333333333333334,1.0), "time":806.7128433650255,"sensors":[27,18,29,10,31,16,13,17,14],"power":[0.16860275817778497,0.6176584708731461,0.2284359690356889,0.13193427631871796,0.10208455166003569,0.1316734217539636,0.14664996862692445,0.06199366973927266,0.17047080276103052]}
{"id": 5, "drone": 1, "position":(8.333333333333334,25.0,1.0), "time":479.1430224805181,"sensors":[15,25,7,40,47,24,0,22,13],"power":[0.07562735825769444,0.03246286836070481,0.05715369643831866,0.08636537058896657,1.0450046974104739,0.15,0.11538440826571703,0.0486661245722104,0.03614371455072627]}
{"id": 6, "drone": 0, "position":(33.333333333333336,33.333333333333336,1.0), "time":595.8085820110435,"sensors":[4,9,36,49,21,12,48,44,38,45,42,11,46],"power":[0.10171729165674571,0.527077670232453,0.07523328735826096,0.09418794765256848,0.04748674520384782,0.09212283190966723,2.8348860285679005,0.2016186212507217,0.08926496093085987,0.17734660283998985,0.08606379574915318,0.8383160495892771,0.3034259742882393]}
{"id": 7, "drone": 0, "position":(41.666666666666664,16.666666666666668,1.0), "time":641.4174880899452,"sensors":[43,49,21,32,42,39,5,35,2],"power":[0.3038687513222467,0.07423293912914354,0.08353299800580975,0.20553324128012634,0.12996848493787047,0.07853856821807885,0.2423042272942731,0.15000000000000002,0.223368076859942]}
{"id": 8, "drone": 0, "position":(41.666666666666664,41.666666666666664,1.0), "time":644.6192160295662,"sensors":[4,9,33,48,44,38,45,3,11,46],"power":[1.728764945857257,0.09146457811508743,0.15,0.07645700953927069,0.29614139304454673,0.09221543497469888,0.27525943850451123,0.9805219676714085,0.04518436856073035,0.041998433626638645]}
{"id": 9, "drone": 2, "position":(8.333333333333334,41.666666666666664,1.0), "time":887.4558178626224,"sensors":[25,1,6,40,30,41,23,8],"power":[0.12282545495533402,0.07217787175811562,3.3481563861193333,0.2317744371194432,0.15,0.3321081629539773,1.4919795599492265,0.34982536339274617]}
{"id": 10, "drone": 2, "position":(41.666666666666664,8.333333333333334,1.0), "time":949.2573003664393,"sensors":[43,32,39,37,5,20,2,28],"power":[0.10361900175561715,0.1775953332415244,0.1764908306590406,0.15,0.06811795334668816,0.2589466769281365,2.6412944372058935,0.21117721848665644]}
