LP RESULTS :
 Obj = 0.1*lambda1+0.9*lambda2 = 119.7824684326038 (lambda1 = 1161.824684326038, lambda2 = 4.0) Resol time = 4026 ms

{"id": 0, "drone": 1, "position":(16.666666666666668,41.666666666666664,1.0), "time":480.68478229548964,"sensors":[29,30,34,41,9,8,43,22,48],"power":[0.11810534456436979,0.05537873446414267,0.052459264870246776,0.2516458111669498,0.03663583290975029,0.6925095930410365,0.05481421179269867,0.1522245177949025,0.8120517836502935]}
{"id": 1, "drone": 1, "position":(33.333333333333336,25.0,1.0), "time":32.26755205457781,"sensors":[1,15,35,46,4,36,45,6,12,7,24,3,16],"power":[0.003740143380840007,0.045068367918611914,0.005839766509622845,0.0036025525650749384,0.02606139033125352,0.003502054028342057,0.008464956060778855,0.013047518717521765,0.0551999786487157,0.005073989948249428,0.0029264386526803915,0.01739021132604489,0.002099668499620313]}
{"id": 2, "drone": 1, "position":(41.666666666666664,16.666666666666668,1.0), "time":177.05893622475983,"sensors":[15,44,36,13,11,17,12,7,3,16],"power":[0.023057630965688143,0.03721043107272923,0.2726411750681215,0.04548549215054232,0.09997783826210142,0.04102428879717988,0.030490078219043593,0.02737331256321144,0.05653642319097885,0.029879427511020237]}
{"id": 3, "drone": 1, "position":(41.666666666666664,25.0,1.0), "time":59.63299984229654,"sensors":[1,15,35,46,4,36,45,10,11,6,12,24,3],"power":[0.02047858516937999,0.03280108108213163,0.008898179959106965,0.007036651573107992,0.004661195966391496,0.02584215856393402,0.004751781258557094,0.008203809489830403,0.0038861577629394775,0.004549822451977596,0.013319513313543349,0.014530976180894944,0.021134325870409195]}
{"id": 4, "drone": 0, "position":(8.333333333333334,41.666666666666664,1.0), "time":368.06889089776433,"sensors":[30,33,9,8,27,43,22,48],"power":[0.06275052178760511,0.13820475798205828,0.05304303482662049,0.06416283155251615,0.16263511733713487,0.04856095831375767,0.49399769711105046,0.03840507144487094]}
{"id": 5, "drone": 0, "position":(41.666666666666664,41.666666666666664,1.0), "time":641.7805129640077,"sensors":[26,1,42,35,46,10,39,49,28,24,0,47],"power":[1.1446107397220449,0.08678140903180329,0.14796893377593587,0.11031987129183496,0.1639070010355476,0.04851099964723386,0.15000000000000002,0.2005107367806538,0.08051135493465748,0.12626338681326915,0.22703712117908262,0.17799226363701945]}
{"id": 6, "drone": 0, "position":(33.333333333333336,16.666666666666668,1.0), "time":8.527498994859172,"sensors":[15,4,36,13,11,12,7,3,16],"power":[0.0013293065482922878,0.0011838443506334932,0.0011690200222785902,6.10600573161694E-4,0.001520114702711888,0.00415382788780721,0.030470367615144846,0.0039042125844859863,0.005069060308518988]}
{"id": 7, "drone": 0, "position":(8.333333333333334,25.0,1.0), "time":98.99779084332005,"sensors":[30,34,40,31,9,2,43,14,19],"power":[0.024362161415500055,0.01560486374869958,0.012938663884781933,0.19901414495142014,0.0312849336269582,0.05221371968896483,0.02636022962048946,0.006508584561743925,0.14201077234509116]}
{"id": 8, "drone": 2, "position":(33.333333333333336,33.333333333333336,1.0), "time":17.41117571618918,"sensors":[26,1,15,42,35,46,4,45,41,6,12,28,24,0,3],"power":[0.003400440015553579,0.003043415437919906,0.003950682454203946,0.0022856650281490695,0.024316954283868045,0.011960338315930373,0.003578937987783788,0.0548694923504177,0.0011006271833391094,0.011078873223970791,0.0018661169190650566,0.006078739211961786,0.0032004906740326243,0.00727502732956251,0.0013209746057631767]}
{"id": 9, "drone": 2, "position":(16.666666666666668,16.666666666666668,1.0), "time":15.211450145465166,"sensors":[40,31,18,2,25,14,21],"power":[0.06330475690130082,0.0026017900493250606,0.0010165641139860343,0.0011870569424339028,0.001971682842752334,0.06131581367358493,0.0018047369286938904]}
{"id": 10, "drone": 2, "position":(41.666666666666664,8.333333333333334,1.0), "time":679.4553747628255,"sensors":[44,32,36,13,11,17,7,37,16],"power":[0.11278956892727078,0.24674632060540994,0.07317959833473804,1.4932258124834579,0.9871905191513871,0.13983089360315423,0.06225392607675379,0.15,0.13340726024492278]}
{"id": 11, "drone": 2, "position":(41.666666666666664,33.333333333333336,1.0), "time":410.73244374896694,"sensors":[26,1,15,42,35,46,45,10,6,49,28,24,0,3,47],"power":[0.14460050183470757,1.2576435023430468,0.07706127987653018,0.02893892837995257,0.2463219189716184,0.3020149818616427,0.0586093178043144,0.09328519086293575,0.03558976542461882,0.09885608863323765,0.036362880531586414,3.2883400603841904,0.11667534991173091,0.028120957140098563,0.028303786024072266]}
{"id": 12, "drone": 3, "position":(25.0,41.666666666666664,1.0), "time":91.90055189687428,"sensors":[29,42,45,41,6,8,28,48,0],"power":[0.031894655435630206,0.016323080798777916,0.00961624572463057,0.12129861894280967,0.006701847762152007,0.018966227028054283,0.029629678720590243,0.04657901106133614,0.00893564014531924]}
{"id": 13, "drone": 3, "position":(8.333333333333334,8.333333333333334,1.0), "time":591.3355898506838,"sensors":[5,40,20,18,23,38,25,14,21],"power":[0.6248112725180494,0.04034498755353069,0.15385948334165844,1.3709534174594642,0.15,0.16799891769086653,2.67261300150668,0.06620675737983041,0.18838106423990653]}
{"id": 14, "drone": 3, "position":(25.0,25.0,1.0), "time":264.5153222890159,"sensors":[34,15,4,40,45,6,2,12,7,14,3],"power":[0.037849183866402375,0.02586770974896936,0.23373291448784878,0.033411591660386555,0.04139556736501497,0.07903217241975902,0.01760917608323139,0.04497048501182511,0.024828403796640506,0.02052160690945467,0.021592895282219356]}
{"id": 15, "drone": 3, "position":(8.333333333333334,33.333333333333336,1.0), "time":214.07322028946407,"sensors":[30,34,33,31,9,2,27,43,22,19],"power":[0.5909336148163401,0.04408668751465126,0.048962621286329465,0.024639025473774858,0.829171734544077,0.07990474991206084,0.02523702004863578,0.24108796221359588,0.024291820438173677,0.03273999448935124]}
