LP RESULTS :
 Obj = 0.1*lambda1+0.9*lambda2 = 164.6459494644144 (lambda1 = 1619.459494644144, lambda2 = 3.0) Resol time = 2506 ms

{"id": 0, "drone": 0, "position":(8.333333333333334,25.0,1.0), "time":465.92026525940946,"sensors":[47,3,18,22,28,5,2,29],"power":[0.032520715450035986,0.11470084300592123,4.659202652594095,0.27198163908565237,0.06615890285323599,0.05695473218190539,0.03405279814756007,0.2227644123486287]}
{"id": 1, "drone": 0, "position":(25.0,16.666666666666668,1.0), "time":56.16956722638696,"sensors":[34,38,45,41,49,28,21,26,5],"power":[0.027488620115385963,0.00541124732331913,0.01212098359228373,0.022391654554253487,0.008158764448204528,0.01004950489496378,0.01825740471811808,0.020395032116861746,0.004375258168838809]}
{"id": 2, "drone": 0, "position":(41.666666666666664,41.666666666666664,1.0), "time":827.6937273927547,"sensors":[20,46,1,8,14,31,12,32,33,27,36,6],"power":[2.0287699591157615,0.3368261364908175,0.208373692875963,0.10169441182548455,0.16005392659656703,0.10011075004413052,0.18424392993035799,0.27490823311906476,0.05877329092251125,0.31919746533928306,0.15,0.6988499243059313]}
{"id": 3, "drone": 3, "position":(25.0,25.0,1.0), "time":361.77346213334533,"sensors":[47,34,41,28,10,33,30,21,26,11],"power":[0.05953428526777977,0.028718147127880518,0.029195873813340087,0.1058029344222804,0.09617754797441366,0.04392438784525643,0.13323457956902593,0.3102082039714731,0.12566413445270438,0.07805282900995789]}
{"id": 4, "drone": 3, "position":(25.0,41.666666666666664,1.0), "time":791.7657672513891,"sensors":[47,44,42,8,17,12,15,19,10,30,11,2,6],"power":[0.09679971289241592,0.391985435059232,0.15000000000000002,0.16596038779941785,0.27067989269012876,0.1220250062330162,0.22867831634335262,0.19001762954958132,0.08191652476867763,0.10110423755110629,0.12019665235854379,0.08191568849924223,0.06004227809867625]}
{"id": 5, "drone": 2, "position":(8.333333333333334,8.333333333333334,1.0), "time":919.8605006438731,"sensors":[38,23,37,39,41,35,5,7],"power":[0.09557879322076339,3.610790303756491,0.16663194645392856,0.18374064360699394,0.06951945360344777,1.391434867548864,0.21864934260436245,0.5337954065390083]}
{"id": 6, "drone": 2, "position":(41.666666666666664,25.0,5.0), "time":429.9923051180439,"sensors":[24,31,25,33,27],"power":[0.04517023336387717,0.057667929780339355,0.050627876233668524,0.049301962593859196,0.03951866968362447]}
{"id": 7, "drone": 2, "position":(8.333333333333334,25.0,4.0), "time":177.50916151447439,"sensors":[3,18,22,28,5,29],"power":[0.035299156994078755,0.1850536558858822,0.061040933423038755,0.02121126877934364,0.018697144527108724,0.0555967731019124]}
{"id": 8, "drone": 1, "position":(41.666666666666664,8.333333333333334,1.0), "time":990.9688793616228,"sensors":[0,24,45,25,4,49,43,13],"power":[0.21281633441077985,0.2839104904606301,0.12299372665557538,0.11113578737266357,5.045942824070429,0.18544439689628056,0.9165964570427858,0.15]}
{"id": 9, "drone": 1, "position":(25.0,8.333333333333334,1.0), "time":266.71715314917583,"sensors":[34,38,45,37,41,49,26],"power":[0.09379323275673351,0.11237150555567876,0.07617923325762833,0.021134593059917425,0.07575145306662294,0.0272606509247798,0.017874053521720636]}
{"id": 10, "drone": 1, "position":(8.333333333333334,41.666666666666664,1.0), "time":361.77346213334533,"sensors":[3,17,15,48,22,9,16,40,2],"power":[0.022837726332978644,0.04461571799009576,0.056118691473098385,1.2898310790051644,0.029527996546049595,0.6177587435210679,3.468619641693525,0.15,0.06953695231811328]}
