LP RESULTS :
 Obj = 0.1*lambda1+0.9*lambda2 = 156.22035477694922 (lambda1 = 1526.2035477694922, lambda2 = 4.0) Resol time = 97957 ms

{"id": 0, "drone": 1, "position":(8.333333333333334,8.333333333333334,1.0), "time":612.0910799803992,"sensors":[16,26,42,36,2,39,49,47],"power":[0.943374395189979,0.04679367355348683,0.08223184690299493,0.06426393447397515,0.15258563138380185,0.12597618522088863,0.49583342640996125,0.08280662257210282]}
{"id": 1, "drone": 1, "position":(16.666666666666668,8.333333333333334,1.0), "time":375.03716556971915,"sensors":[4,16,26,42,36,2,25,49,8,47],"power":[0.028434644254201523,0.12819437613797421,0.24878805415871177,0.04067791287361025,0.08573606552602481,0.3952781111902033,0.07082887887779477,0.28483802030769423,0.040439278213348744,1.0674163788529902]}
{"id": 2, "drone": 1, "position":(8.333333333333334,41.666666666666664,1.0), "time":524.86816092118,"sensors":[7,28,27,48,0,32,1,44],"power":[0.11319613104769308,0.15060498449897927,0.09954498261347472,0.587881112733133,0.03672809319219003,0.09520232623848461,0.1027706988224611,0.3400567136583912]}
{"id": 3, "drone": 1, "position":(41.666666666666664,16.666666666666668,1.0), "time":14.207141298192589,"sensors":[23,30,33,34,40,24,14,19,45,38,43,37,11,13],"power":[0.0035528325399512757,0.00949353696301156,0.0018621466884346512,0.0010872980674621062,0.0020364161227720283,9.83654908834872E-4,0.0022845253017027417,0.0016724932479360982,0.008634268646829665,0.008525028454172074,0.0010582303926671111,9.284754127595595E-4,0.0017785570547830766,0.0027774586140921105]}
{"id": 4, "drone": 2, "position":(33.333333333333336,8.333333333333334,1.0), "time":387.848118278423,"sensors":[23,30,33,4,26,24,14,25,31,43,8,35,37,11],"power":[0.04144203878697621,0.029015109172324013,0.07866275432718839,0.1564318139602473,0.032346049330214094,0.03712504224658618,0.0790904623359325,0.09032741323320523,0.03212721163831499,0.34577153082276263,0.20245527200423394,0.11534704012654676,0.03500403267460066,0.24498089584975927]}
{"id": 5, "drone": 2, "position":(41.666666666666664,41.666666666666664,4.0), "time":617.2457558579829,"sensors":[41,12,21,3],"power":[0.08961442935078669,0.14674406458210398,0.1600945224987131,0.05507645221204432]}
{"id": 6, "drone": 2, "position":(41.666666666666664,8.333333333333334,1.0), "time":161.76032529358986,"sensors":[23,30,4,24,14,45,31,38,43,35,37,11],"power":[0.2648110583120743,0.014361403288643824,0.01044904621949353,0.0900061780127644,0.011955841911155687,0.010617024636338505,0.06584940403441668,0.028956033924088385,0.05682108826542854,0.017637664435018845,0.08328183828535494,0.019165996017641993]}
{"id": 7, "drone": 2, "position":(8.333333333333334,25.0,1.0), "time":359.3493483394959,"sensors":[42,27,39,0,1],"power":[0.09943281158225295,0.08942573980675914,0.02402381477911136,0.11327190680780994,0.06787840503670348]}
{"id": 8, "drone": 3, "position":(41.666666666666664,25.0,2.0), "time":409.19990985349324,"sensors":[30,34,40,14,17,19,45,29,38,13],"power":[0.14868579266102525,0.21137455330569851,0.8538972072185251,0.031253199114902444,0.05221178901168814,0.10064961169368025,0.4472069193805887,0.04796339866543057,0.05678008274106227,0.7299789143908736]}
{"id": 9, "drone": 3, "position":(33.333333333333336,16.666666666666668,3.0), "time":22.668974771302885,"sensors":[30,33,4,14,17,25,45,29,9,43,8,11],"power":[0.007348827841312038,0.0284790978310826,0.006600972589500986,0.036841620486949715,0.0018712129903581624,0.0027928482229960384,0.0032778189207146686,0.003864143266891277,0.0014359891790386712,0.001990164522320011,0.0035319803575674974,0.013378479154494872]}
{"id": 10, "drone": 3, "position":(41.666666666666664,8.333333333333334,4.0), "time":185.37687123318756,"sensors":[23,30,24,31,38,43,35,37,11],"power":[0.10767497570666913,0.014559545690367947,0.06286428062124406,0.05420537526217827,0.028842031527063744,0.048834402680169885,0.01701529543843425,0.05903725141773994,0.0186459356497499]}
{"id": 11, "drone": 3, "position":(41.666666666666664,41.666666666666664,1.0), "time":908.957791911509,"sensors":[41,10,34,12,6,21,3],"power":[0.15500677446826444,0.06265199057258979,0.061697765684394244,0.26441005879784335,0.06382882594936189,0.30208931154970664,0.09492354778795567]}
{"id": 12, "drone": 0, "position":(25.0,41.666666666666664,5.0), "time":617.2457558579817,"sensors":[18,10,7,6,22,5,15,32,20],"power":[0.12086300733983703,0.15949527701167024,0.1031305131645219,0.1542157936684609,0.29170360384386385,0.2083127651657514,0.06473503198496781,0.05468190568431436,0.11542280404484669]}
{"id": 13, "drone": 0, "position":(41.666666666666664,25.0,2.0), "time":193.8387047062986,"sensors":[30,34,40,14,17,19,45,29,38,13],"power":[0.07043271702567404,0.10012849131691787,0.4044925832432995,0.014804694450029854,0.024732814716522562,0.047677895058383664,0.21184269082430593,0.02272034486505033,0.02689682335361349,0.34579227370577353]}
{"id": 14, "drone": 0, "position":(25.0,25.0,3.0), "time":334.46114201258604,"sensors":[33,14,17,46,29,15,9],"power":[0.04099600115328772,0.038931043870936106,0.07118418328143007,0.22313668859832797,0.10993097414724629,0.09787725921095965,0.28532589166318134]}
{"id": 15, "drone": 0, "position":(16.666666666666668,41.666666666666664,3.0), "time":380.6579451926257,"sensors":[18,7,27,22,5,48,15,32,1,44,20],"power":[0.04138118046888877,0.7295393985026802,0.030953463396466076,0.04640241536347221,0.03863065132493869,0.06446281663589506,0.02655264332403885,0.12842747246315925,0.0539197021867177,0.07657418390216993,0.03457719595515331]}
