LP RESULTS :
 Obj = 0.1*lambda1+0.9*lambda2 = 143.84324916682854 (lambda1 = 1411.4324916682856, lambda2 = 3.0) Resol time = 933 ms

{"id": 0, "drone": 0, "position":(8.333333333333334,33.333333333333336,2.0), "time":52.53553245135413,"sensors":[1,40,6,8,17,42,2,18,49,26,31,20],"power":[0.004442285473699156,0.005428083483774186,0.009826434702457485,0.015999417279792,0.004812463009780523,0.014327650821702946,0.11756313223054327,0.010108671599997584,0.0449964398504315,0.023037704351135634,0.005701117744957578,0.008068152527055188]}
{"id": 1, "drone": 0, "position":(8.333333333333334,25.0,1.0), "time":649.2290362940422,"sensors":[1,40,3,17,2,18,49,9,19,26,48],"power":[0.06757411937549915,0.1445719165162258,0.14999999999999997,0.10489554390975071,0.10105328706707437,0.11023040075158393,0.09988064756295978,0.18867454317903057,0.09150959638149883,0.07680238056338203,0.10177677304659234]}
{"id": 2, "drone": 0, "position":(8.333333333333334,41.666666666666664,2.0), "time":570.4116599714331,"sensors":[0,6,8,42,2,49,23,36,26,39,31,20],"power":[0.18458073776018422,0.4367488622459897,0.1709466212214206,0.13567234917829704,0.1549660766963879,0.11336952701805897,0.049029298056431914,0.09089601762064001,0.10771660774334896,0.06188141786601662,0.5227470090609462,0.2402769043601706]}
{"id": 3, "drone": 2, "position":(33.333333333333336,41.666666666666664,1.0), "time":295.5553274623356,"sensors":[7,29,32,38,30,23,10,13],"power":[0.04952085435831325,0.22024404915130016,0.039865408935321894,0.1161179664013788,0.08422883740517034,0.019451251073143463,0.02915512793023538,0.08935204707557544]}
{"id": 4, "drone": 2, "position":(25.0,41.666666666666664,1.0), "time":353.6737088317066,"sensors":[29,32,38,30,23,10,36,13,39],"power":[0.19490237217964101,0.6697723116683757,0.040856302076275317,0.02306887381454627,0.1860187029159362,0.5135715447362049,0.02808821181964816,0.028667342513849007,0.13346856963081186]}
{"id": 5, "drone": 2, "position":(8.333333333333334,8.333333333333334,1.0), "time":762.2034553742434,"sensors":[33,4,28,9,44,35,19,5,46,48,47],"power":[0.08006622189264682,0.08544239880546503,0.1791470350304353,0.10108106336190899,0.1993361444297298,0.05010695163393733,0.14025417644662264,0.10262707848070189,0.15,0.226653874492351,0.060450091058720685]}
{"id": 6, "drone": 3, "position":(41.666666666666664,25.0,1.0), "time":584.0038283637954,"sensors":[38,14,24,21,37,25],"power":[0.04019336234530664,2.8800525852064096,0.06356187485770502,0.29074018213540076,0.1648604286368339,0.28388960065852786]}
{"id": 7, "drone": 3, "position":(25.0,8.333333333333334,1.0), "time":584.0038283637953,"sensors":[12,33,4,45,41,16,35,5,47,22],"power":[0.1530425167492864,0.2639242344841379,0.19548199312941208,0.21457496561222386,0.19535793854323896,0.09728692813510022,0.23359176316619654,0.2069981653408925,0.37023498574557334,0.1387123894657604]}
{"id": 8, "drone": 3, "position":(16.666666666666668,41.666666666666664,2.0), "time":121.02142411940878,"sensors":[29,0,6,32,2,18,23,10,36,26,39,31],"power":[0.008327744504672718,0.018192371682921194,0.00995726514645882,0.03452327442846055,0.018496631645946737,0.011394868763734222,0.08510212427815983,0.05881843639926195,0.03101577055971183,0.02895612078255212,0.12958381211903972,0.04505927007157071]}
{"id": 9, "drone": 1, "position":(41.666666666666664,41.666666666666664,1.0), "time":178.1996270104479,"sensors":[7,29,38,30,13],"power":[0.5428153975693696,0.014705151651494877,0.029201315131901093,0.042702288780283384,0.03593221343128253]}
{"id": 10, "drone": 1, "position":(41.666666666666664,8.333333333333334,1.0), "time":827.4286633044902,"sensors":[12,45,34,24,15,16,21,43,27],"power":[0.14350379868474866,0.10891042955096733,0.14999999999999997,0.375987944797474,0.1773586104864682,0.23755834620887004,0.08721861601498741,0.2397017307655824,0.29431340697388114]}
{"id": 11, "drone": 1, "position":(25.0,25.0,5.0), "time":405.8042013533475,"sensors":[1,11,17,18,41,22],"power":[0.09354402820249033,0.19502132477868608,0.07851060834832159,0.047860080036351636,0.02980725251508274,0.046351867823293945]}
