LP RESULTS :
 Obj = 0.1*lambda1+0.9*lambda2 = 144.84120288114443 (lambda1 = 1421.4120288114443, lambda2 = 3.0) Resol time = 155575 ms

{"id": 0, "drone": 2, "position":(8.333333333333334,33.333333333333336,1.0), "time":783.4969094455214,"sensors":[40,44,18,12,27,35,5,38,49,24,30,47],"power":[0.07863275748989931,0.11155765718123353,0.11795988526859755,0.09255622240306563,0.15000000000000002,0.1490647669873901,0.3427282640235471,0.08889281888460024,0.7474033802503942,0.1777612997280531,1.9660541389400654,4.407288236512615]}
{"id": 1, "drone": 2, "position":(8.333333333333334,41.666666666666664,1.0), "time":46.40267463857968,"sensors":[15,12,38,16,49,24,30,47],"power":[0.005532899338668039,0.015659768798256844,0.06110718111539977,0.00632066776076727,0.031027003789273627,0.1929021297084907,0.010890206408631434,0.012545238325396562]}
{"id": 2, "drone": 2, "position":(16.666666666666668,16.666666666666668,2.0), "time":399.6921820188812,"sensors":[37,45,20,44,18,17,35,23,10,29,1,32],"power":[0.07286844259155108,0.11815051477322486,0.03611729773989689,0.06976176910546428,0.03670939273014074,0.3629188112379801,0.05972345289516354,0.06146889050026968,0.0391703470421132,0.054218442482310766,0.03314797038655425,0.14898712292971575]}
{"id": 3, "drone": 0, "position":(16.666666666666668,33.333333333333336,1.0), "time":9.840946137049144,"sensors":[15,40,45,20,44,18,25,12,35,5,16,49,24,30,47,43],"power":[0.001956438736077457,0.0075456057318088795,0.0013763282774741168,0.0022437518182590248,9.220604039333727E-4,0.006698955884668454,0.0013903069488668542,0.0018736011205800363,0.002214260033404885,0.0013219601495273008,0.0018945977748414948,0.0012834719422115622,0.001372300835096995,0.0012211237474435992,0.0024493681855773143,0.0011355820968341989]}
{"id": 4, "drone": 0, "position":(8.333333333333334,8.333333333333334,1.0), "time":861.6803583964573,"sensors":[37,11,3,17,23,10,29,1],"power":[1.6229337716555776,1.5972974060929361,0.15,0.10682601703752119,0.198508902863578,2.2697775648865104,0.5892389942229765,0.12945947388966256]}
{"id": 5, "drone": 0, "position":(25.0,41.666666666666664,1.0), "time":526.1008898840045,"sensors":[15,40,39,2,25,12,8,16,31,4,43],"power":[0.22157010159224727,0.03642545025982567,0.06594171675704717,0.17450038172122967,0.21219897602358634,0.07161259711251827,0.09720520017861498,0.18350236358678076,0.10969061143595554,0.25711921872220095,0.6829548928583185]}
{"id": 6, "drone": 1, "position":(25.0,8.333333333333334,1.0), "time":160.03948839610578,"sensors":[7,48,19,29,1,32],"power":[0.15000000000000002,0.06821210239271608,0.028584137863973864,0.013627372268484084,0.034748741479367726,0.015064914886766735]}
{"id": 7, "drone": 1, "position":(41.666666666666664,25.0,1.0), "time":673.9744219045848,"sensors":[21,33,6,14,36,41],"power":[0.1278758525430997,0.39779737034857027,0.19469545425252713,0.07920416619838964,0.38948970247240683,2.0857201085866843]}
{"id": 8, "drone": 1, "position":(41.666666666666664,41.666666666666664,1.0), "time":587.3981185107538,"sensors":[39,2,14,36,26,9,31,4,42],"power":[0.153666936463918,0.08351066174551891,0.0985984882392157,0.056585944973290794,0.6927011130413879,0.8214692356228223,0.12518050478615575,0.047271123701759024,0.15]}
{"id": 9, "drone": 3, "position":(41.666666666666664,8.333333333333334,1.0), "time":812.9744520107043,"sensors":[0,46,34,48,22,13,19,28],"power":[0.23992227428518442,0.6012768665041118,0.4865811966524027,0.10118531516712977,0.7576306430495348,0.35086811616033475,0.21102635016759663,0.15]}
{"id": 10, "drone": 3, "position":(25.0,25.0,1.0), "time":101.973283344836,"sensors":[21,40,45,20,18,25,35,32],"power":[0.024443711635750754,0.027396186518463126,0.030473156949296292,0.11900213657531758,0.020110934239810585,0.011668960790844203,0.009663429819795606,0.03657421652819558]}
{"id": 11, "drone": 3, "position":(33.333333333333336,41.666666666666664,1.0), "time":307.9130204166861,"sensors":[39,2,25,8,26,9,31,4,43],"power":[0.2900284408338297,1.1358795086379665,0.06102999813557946,0.05279479982138504,0.05832979321804524,0.03558549427417342,1.177536971976428,0.1909478092444016,0.031091049812234595]}
