LP RESULTS :
 Obj = 0.1*lambda1+0.9*lambda2 = 119.39929302430372 (lambda1 = 1148.992930243037, lambda2 = 5.0) Resol time = 194001 ms

{"id": 0, "drone": 3, "position":(16.666666666666668,41.666666666666664,1.0), "time":669.3509136738668,"sensors":[10,4,8,38,33,30,49,24,16,21,17,0],"power":[0.17836876614077324,0.08164532661926707,0.06354242227061435,0.06982244273328031,0.10459492947042964,0.07658206017130052,0.0822242516858022,0.09750972598336921,0.26000709069575906,0.06059907064623312,0.14705809780950202,0.1135730421744096]}
{"id": 1, "drone": 3, "position":(41.666666666666664,41.666666666666664,4.0), "time":212.02536267100345,"sensors":[19,36,5,46,1,35],"power":[0.018857563043454362,0.022366691804886235,0.05471326431082606,0.07313555989401237,0.035488620536065406,0.054533030368123805]}
{"id": 2, "drone": 3, "position":(25.0,33.333333333333336,1.0), "time":7.917539776669734,"sensors":[10,36,4,33,49,20,48,24,16,18,21],"power":[7.602646842143041E-4,0.00114449344726297,0.003008023375425257,0.026148715648824754,0.014050169469233872,7.30218086741709E-4,0.0026562420167186894,0.002711246287379456,0.0011299187947822094,0.001368737043434488,5.770220969189429E-4]}
{"id": 3, "drone": 3, "position":(8.333333333333334,41.666666666666664,1.0), "time":141.12950613505544,"sensors":[10,38,30,16,17,0],"power":[0.03259721753069454,0.14196009545622656,0.023399688517020772,0.026311938947179602,0.020935030122934184,0.03642695783309398]}
{"id": 4, "drone": 3, "position":(41.666666666666664,25.0,2.0), "time":118.56960802093295,"sensors":[19,37,36,9,46,20,18,27,42,22,26],"power":[0.034306045406213244,0.09607044163240253,0.014917402011408077,0.19775374676980187,0.008261955761480425,0.03395728392610471,0.019896835245720366,0.012214267824085615,0.025206409035203128,0.033193383389417346,0.024257787919083434]}
{"id": 5, "drone": 0, "position":(25.0,16.666666666666668,1.0), "time":62.61436447255077,"sensors":[23,29,47,6,12,31,7,22,3,45],"power":[0.0812820760419184,0.013056584544345114,0.007922908405969572,0.08350744816726098,0.15801900032976937,0.20944747327162733,0.3730054832784446,0.006283271210056173,0.008143714689588273,0.013680572980575472]}
{"id": 6, "drone": 0, "position":(8.333333333333334,8.333333333333334,1.0), "time":107.27268566002382,"sensors":[32,40,47,25,28,3,13,39,34],"power":[0.015377835150302237,0.06873210699403279,0.011887956376735852,0.1613730053430673,0.020600220928354503,0.013206848396157307,0.08020153970880269,0.02491493627891369,0.016409418841208286]}
{"id": 7, "drone": 0, "position":(16.666666666666668,8.333333333333334,1.0), "time":120.80759478631087,"sensors":[23,40,29,47,6,25,31,7,28,3,13,45,34],"power":[0.010929667960584831,0.00867369311724116,0.01079252243286359,0.019078304053306943,0.025855661434686147,0.023212781574580246,0.008174220018820124,0.01153333022879215,0.01756164628880964,0.28159876736305306,0.009267893213489952,0.019211433334343338,0.06647766261338746]}
{"id": 8, "drone": 0, "position":(8.333333333333334,16.666666666666668,1.0), "time":579.1154115941958,"sensors":[32,40,41,47,11,25,15,14,28,2,13,39],"power":[0.2605113432139372,0.07259419988984984,0.11465292064498635,0.20937287094982418,0.14007251597486767,0.05995243138272759,0.15218556162215985,0.22839923474634252,1.1767235875619433,0.1411128613457553,0.07183585495914227,0.16832521906144685]}
{"id": 9, "drone": 0, "position":(8.333333333333334,25.0,5.0), "time":279.18287374213503,"sensors":[32,10,41,30,47,11,15,14,28,2],"power":[0.03243162650219062,0.023747791912409204,0.03534707935599091,0.05001825131610322,0.03586461722538983,0.11094197834855184,0.16436730431675717,0.09619356580916248,0.04092895982609895,0.0887338014484572]}
{"id": 10, "drone": 1, "position":(41.666666666666664,33.333333333333336,1.0), "time":36.50165079703818,"sensors":[19,37,36,9,5,46,20,48,18,22,35],"power":[0.03153909950961441,0.00902710855337132,0.011979590024364658,0.011338472181795747,0.005498034388316133,0.02028777469358223,0.006235684375215919,0.005259155197931048,0.005171158481573198,0.0027009067774364805,0.003057752279606728]}
{"id": 11, "drone": 1, "position":(33.333333333333336,41.666666666666664,1.0), "time":130.5663763595639,"sensors":[36,4,8,33,46,48,24,18,21],"power":[0.026593391099986752,0.04029687518885321,0.01543905874091407,0.010345160391701065,0.012025489602883082,0.029009176294040172,0.03694018841383246,0.008537707794067323,0.039306156105743936]}
{"id": 12, "drone": 1, "position":(25.0,8.333333333333334,1.0), "time":421.4997998549863,"sensors":[23,29,6,12,31,7,3,45,34],"power":[0.051705464990062164,0.4320096018879351,0.17961303203873905,0.06222579706342088,0.058670298825852396,0.07438095493747898,0.17709780334024597,2.2230878323477317,0.06711291854663923]}
{"id": 13, "drone": 1, "position":(33.333333333333336,33.333333333333336,1.0), "time":4.49730851668678,"sensors":[19,36,4,9,33,49,46,20,48,24,18,22],"power":[4.040776132746226E-4,0.018391989504177024,9.625762083964872E-4,4.094440876531964E-4,6.216877239149733E-4,5.070312214303786E-4,4.1266297667762685E-4,0.0013783495840480793,0.015804033548925185,7.887142873398167E-4,0.002552310626222004,4.989842504472837E-4]}
{"id": 14, "drone": 1, "position":(41.666666666666664,41.666666666666664,1.0), "time":555.9277947134844,"sensors":[19,36,5,46,48,1,35],"power":[0.05976226004705117,0.0681224529900238,0.1814092912254424,0.3170296031871914,0.03948116836446296,0.11451137946404479,0.18061240562812336]}
{"id": 15, "drone": 2, "position":(33.333333333333336,25.0,1.0), "time":76.92146815853555,"sensors":[19,23,37,36,9,49,20,48,12,31,7,18,22,26],"power":[0.005130954381788414,0.006082791011858416,0.0069340087994239925,0.01626027392494841,0.010649952787119046,0.0051428683308584995,0.20187751866274425,0.014429624012451627,0.013128649150510851,0.009767518258070838,0.007601688016625789,0.11207660803900166,0.11624639646159134,0.00959434883580454]}
{"id": 16, "drone": 2, "position":(41.666666666666664,8.333333333333334,1.0), "time":448.0321355128848,"sensors":[29,27,43,42,44,26],"power":[0.03262879173866251,0.06945052687428155,0.1242588762023887,0.06304153603450578,0.2832326863269751,0.09416331675898724]}
{"id": 17, "drone": 2, "position":(33.333333333333336,41.666666666666664,1.0), "time":6.065821233918489,"sensors":[36,4,8,33,46,48,24,18,21],"power":[0.0012354693521704886,0.001872102512119724,7.172640686944483E-4,4.806129673037855E-4,5.586772966767036E-4,0.0013477013182803589,0.001716158367208615,3.966427702919971E-4,0.001826075923814761]}
{"id": 18, "drone": 2, "position":(25.0,41.666666666666664,3.0), "time":330.59497068761016,"sensors":[36,4,8,33,49,48,24,16,21],"power":[0.020863577752598072,0.26722606523871223,0.07030125492027825,0.07710980840237369,0.04807567929330578,0.042012899247230326,0.36144850175077414,0.03214286246589761,0.13776268388449517]}
{"id": 19, "drone": 2, "position":(41.666666666666664,16.666666666666668,1.0), "time":287.3785346554131,"sensors":[37,9,20,27,43,42,22,44,26],"power":[0.03796844101382464,0.040394234850846825,0.02514228743622932,0.08919627192098271,0.0257411238035608,0.27858908576766467,0.05857259324361298,0.022752402345191342,1.4599301526338841]}
