LP RESULTS :
 Obj = 0.1*lambda1+0.9*lambda2 = 140.84470341482708 (lambda1 = 1372.4470341482709, lambda2 = 4.0) Resol time = 59079 ms

{"id": 0, "drone": 2, "position":(33.333333333333336,41.666666666666664,1.0), "time":313.0133750644354,"sensors":[22,48,15,46,2,11,42,49,0,21],"power":[0.11017076845865982,0.19409466741744333,0.030040546774257215,0.03835380953834297,0.1306254938856929,0.023957451114720404,0.3434095913033174,0.1176384409067482,0.0274399508168781,0.48903894524476993]}
{"id": 1, "drone": 2, "position":(16.666666666666668,8.333333333333334,3.0), "time":69.04257770289439,"sensors":[25,5,31,47,1,43,9,26,37,17],"power":[0.03132603669939372,0.01829080260310861,0.005947892333595136,0.009873200179785052,0.0068932236169616115,0.011688140263538127,0.007230523895591371,0.014006021453227522,0.015327821951996425,0.008925099935033124]}
{"id": 2, "drone": 2, "position":(41.666666666666664,41.666666666666664,1.0), "time":65.37176893238887,"sensors":[4,30,48,46,11,42,49,16,20,21],"power":[0.009171071635550986,0.015261491494331687,0.005508094005852417,0.01001106168387032,0.05203360891098483,0.010020314322755195,0.006284311781276849,0.0052075462732204016,0.011581296623652895,0.01856612738191791]}
{"id": 3, "drone": 2, "position":(8.333333333333334,8.333333333333334,1.0), "time":703.0993992488419,"sensors":[25,5,38,47,43,9,29,8,37],"power":[0.09723639425299697,0.050973475363797996,0.09199638005296432,1.5363370747207235,0.15749572523177344,0.23463196079118184,0.15000000000000013,0.04994914620567616,0.0558123347663781]}
{"id": 4, "drone": 0, "position":(41.666666666666664,16.666666666666668,1.0), "time":475.1507444050511,"sensors":[28,44,27,3,6,35,10,36],"power":[0.19547298787637465,0.11086734759368679,0.10681124308630119,0.46927735763210565,0.16691483441750882,0.03608461307007073,0.032310959126050046,0.13634563693169818]}
{"id": 5, "drone": 0, "position":(25.0,33.333333333333336,1.0), "time":475.1507444050511,"sensors":[19,22,48,15,2,0,39,21,24],"power":[0.18680177803752082,0.04393005232531438,0.1434292164208579,0.7344630964187376,0.12544672539561133,0.04019519361900024,0.032327111873156275,0.04855983077010893,0.060821767154173784]}
{"id": 6, "drone": 0, "position":(33.333333333333336,16.666666666666668,1.0), "time":180.6934494126964,"sensors":[28,3,6,13,1,35,26,39,17,36],"power":[0.4391064448452991,0.020289972144447516,0.020161852445615382,0.049431456339391,0.024377388390758706,0.1421474769203841,0.01579487671007718,0.05611816396588552,0.026323447792581396,0.16519227916055154]}
{"id": 7, "drone": 0, "position":(8.333333333333334,16.666666666666668,1.0), "time":214.14421803956998,"sensors":[32,38,14,47,40,8,37,33,41,23,24],"power":[0.05054309814196681,0.6581191697965489,0.03621806411695238,0.08380866830809798,0.03892871003395921,0.11666484333665543,0.03267735239323918,0.07515270120201528,0.03064311616158642,0.05276735290464552,0.015471750340266962]}
{"id": 8, "drone": 3, "position":(8.333333333333334,41.666666666666664,3.0), "time":642.1643852932478,"sensors":[18,34,45,7],"power":[0.2981699635083903,0.18730130716830956,0.10396777160503347,0.21165666770970706]}
{"id": 9, "drone": 3, "position":(41.666666666666664,8.333333333333334,1.0), "time":367.21277465026077,"sensors":[28,44,27,3,6,13,12,10,36],"power":[0.05582748802717018,0.04200054668567811,0.04318875691369881,0.035741164765533594,0.9973667169279682,0.03291361648290393,0.028235622246771713,0.13008718200568015,0.023719372228648714]}
{"id": 10, "drone": 3, "position":(25.0,16.666666666666668,1.0), "time":18.948064506702725,"sensors":[28,40,13,1,35,26,39,37,17,36,24],"power":[0.002350992987440093,0.0013823913503120215,0.004459325710748833,0.05655330640679126,0.019404965659347136,0.0037664607801590954,0.01184549613245974,0.0058975246820820925,0.0046579023996621656,0.002163153155200611,0.0016850175311579558]}
{"id": 11, "drone": 3, "position":(33.333333333333336,8.333333333333334,1.0), "time":330.4420011735748,"sensors":[31,28,6,13,35,12,26,39,17,36],"power":[0.045291126120542105,0.0721946622308459,0.056326192476863275,0.3022134164623015,0.05897132758595816,0.0780867470646525,0.06915699530897441,0.021183208500979663,0.10805235081381367,0.03001025011932893]}
{"id": 12, "drone": 1, "position":(25.0,41.666666666666664,1.0), "time":132.72049302321315,"sensors":[19,22,48,15,2,42,49,0,21],"power":[0.010545289513088904,0.10471131348497137,0.0566080334001992,0.05056506821571852,0.22567824943115664,0.027711962762485165,0.026077247311974947,0.08236485556412165,0.017464558649070063]}
{"id": 13, "drone": 1, "position":(41.666666666666664,33.333333333333336,1.0), "time":386.1906527231822,"sensors":[4,30,48,46,11,16,20,21],"power":[0.16359635995500948,0.4150365587294129,0.0279481261685608,0.6193196303432204,0.07400893997429477,0.15282093495454288,0.21061061829705366,0.08105571777485943]}
{"id": 14, "drone": 1, "position":(25.0,8.333333333333334,1.0), "time":367.21277465026094,"sensors":[25,5,31,13,1,35,12,26,39,37,17],"power":[0.06846425564635773,0.08073572203309339,0.09876098154586274,0.20995855521922877,0.06217608158548441,0.0707019325403765,0.04870565667056805,3.6721277465026096,0.028526019527522845,0.052132036518147955,1.3564332692020054]}
{"id": 15, "drone": 1, "position":(8.333333333333334,25.0,1.0), "time":455.2034168598599,"sensors":[32,38,14,19,40,8,45,33,41,7,23,24],"power":[0.20965311454918,0.16964436590313864,0.6531219580466997,0.03581764318446077,0.174695401827192,0.2695499304416109,0.04603222839496654,0.7762537889789881,0.2407623025346341,0.04732419677244354,0.09723264709535448,0.08522700011130473]}
