LP RESULTS :
 Obj = 0.1*lambda1+0.9*lambda2 = 131.66957515753953 (lambda1 = 1280.6957515753952, lambda2 = 4.0) Resol time = 939952 ms

{"id": 0, "drone": 1, "position":(8.333333333333334,8.333333333333334,1.0), "time":695.8845454057353,"sensors":[8,9,29,38,6,18],"power":[0.15,0.24010304140292274,0.13112898920158506,0.13047234357995896,0.2936280488245967,0.15970691745014556]}
{"id": 1, "drone": 1, "position":(8.333333333333334,41.666666666666664,1.0), "time":338.4490129040677,"sensors":[14,34,44,25,28,36,17,41,20,23,49,24,35,43],"power":[0.025453258812602176,0.05962780595549378,0.10042742356554325,0.03395209786170585,0.025432306597263456,0.03454687839302291,0.2404740087712341,0.03460621187836455,0.316908239802865,0.04774195834397463,0.09900574010007585,0.14189362377786308,0.8007795525427338,0.04970506908205639]}
{"id": 2, "drone": 1, "position":(25.0,16.666666666666668,1.0), "time":90.41745217132663,"sensors":[33,0,29,10,46,15,4,11,39],"power":[0.10333815993526602,0.017401938777537256,0.00589305869134781,0.008077827089391637,0.026025800934499178,0.010343093832195584,0.006395301612367378,0.01143776172783529,0.013847959771899926]}
{"id": 3, "drone": 1, "position":(8.333333333333334,33.333333333333336,1.0), "time":92.122138773607,"sensors":[34,48,36,17,41,26,20,23,49,24,35,43],"power":[0.07821793332519374,0.020278653632722243,0.01390410897855882,0.019379852806506007,0.12768066785006157,0.018413597932690966,0.016527452479627537,0.037165874663330614,0.030129029448473715,0.008106376222136901,0.01893615001113065,0.08111813244727926]}
{"id": 4, "drone": 2, "position":(33.333333333333336,41.666666666666664,1.0), "time":64.29024729931257,"sensors":[40,25,7,2,31,47,30,42,1,22,12,27],"power":[0.004434011194015394,0.004181495768107088,0.010934920481251678,0.006455393469269084,0.007469939837417994,0.016085350072572564,0.004219516718224086,0.005419564016074349,0.005633405071178973,0.014521659746741534,0.010827106342655414,0.01795952909793191]}
{"id": 5, "drone": 2, "position":(16.666666666666668,41.666666666666664,1.0), "time":265.31339372806053,"sensors":[14,44,25,7,28,31,47,36,17,20,23,49,35,12,27],"power":[0.06263899788037869,0.05919544319146908,0.3380183644565674,0.018125565215518957,0.0870260745743886,0.10993320972223761,0.04699118556545299,0.08851033566540323,0.019340048041632495,0.021957439559492375,0.054866422768486654,0.1367824922695856,0.031941828660370354,0.022427428625947796,0.02629305968593216]}
{"id": 6, "drone": 2, "position":(41.666666666666664,41.666666666666664,4.0), "time":519.7393471653429,"sensors":[40,32,30,1,22,45],"power":[0.036299331775241056,0.14948029467425025,0.04298931570813467,0.03904217559322755,0.29442916626888066,0.046937498842947435]}
{"id": 7, "drone": 2, "position":(25.0,41.666666666666664,1.0), "time":431.3527633826792,"sensors":[14,25,7,28,31,47,36,49,12,27],"power":[0.061907743307019134,0.22686835039692796,0.10320006673709575,0.10273728060032793,0.9150658779111475,1.8558405064111085,0.0722197883414003,0.039074566750023056,0.11674546503139677,0.2351786048995156]}
{"id": 8, "drone": 0, "position":(41.666666666666664,16.666666666666668,1.0), "time":32.99205965187262,"sensors":[37,33,40,16,0,21,30,46,3,19,39],"power":[0.05293570622762942,0.0021058621949636893,0.0021123528782975233,0.03878803822292647,0.007977418125372886,0.002551076691230087,0.0021321449461967,0.002177336606730985,0.003112937292233068,0.039599741217435376,0.003735387012268137]}
{"id": 9, "drone": 0, "position":(25.0,8.333333333333334,1.0), "time":251.07696745989045,"sensors":[33,0,29,46,4],"power":[0.03188807816546096,0.025882015791706788,0.054869176576107945,0.12533113561955175,0.14360469838763268]}
{"id": 10, "drone": 0, "position":(41.666666666666664,33.333333333333336,1.0), "time":258.13124838535055,"sensors":[40,2,32,21,30,42,1,22,45],"power":[0.16001870758882972,0.06434038321893543,0.023555027271500488,0.0747676803544907,0.28090982376457674,0.05376627341768346,0.13538005675947581,0.13458936089340437,0.19911353432365148]}
{"id": 11, "drone": 0, "position":(41.666666666666664,8.333333333333334,1.0), "time":738.4954760782816,"sensors":[37,16,13,0,46,5,3,19],"power":[0.09416019642857783,0.24741445306186224,0.15,0.09126774858322613,0.06071539114138454,0.23815701744630619,0.6916361594826855,0.14426929509838268]}
{"id": 12, "drone": 3, "position":(25.0,25.0,1.0), "time":153.45844278698073,"sensors":[33,7,2,36,0,21,42,10,15,27,11,39],"power":[0.04131093745937487,0.025842970873992812,0.018467696789120636,0.012869523229171542,0.011797393574642122,0.01426106232475909,0.022065614019723838,0.11287680013615989,0.2871195878846139,0.01242366817966898,0.022201022210508733,0.037119555334891745]}
{"id": 13, "drone": 3, "position":(8.333333333333334,25.0,2.0), "time":584.81120616966,"sensors":[34,48,41,26,38,6,23,11,43],"power":[0.09560500049345796,0.12972134636727775,0.27856017538959993,0.13531331781064682,0.14462617383609983,0.043775617464448226,0.07722925570338564,0.13003879288820935,0.12067314759253474]}
{"id": 14, "drone": 3, "position":(33.333333333333336,25.0,1.0), "time":14.255353427043163,"sensors":[37,33,40,7,16,2,0,21,30,42,10,1,15,45,39],"power":[0.0029040973437927373,0.003126319622750755,0.004216678432305759,0.0017173057353248521,0.00124317728833554,0.007516688858537817,0.0025510004021726193,0.00941797509507844,0.003143988215006157,0.011623051927754903,0.0013546658253941074,0.004566384418939967,0.003579852958006354,9.028739884067993E-4,0.046961709302393996]}
{"id": 15, "drone": 3, "position":(33.333333333333336,33.333333333333336,1.0), "time":352.025550951319,"sensors":[40,7,2,31,47,21,30,42,10,1,22,15,45,27,39],"power":[0.12036940830183054,0.13867715487727447,0.4712275451967094,0.023041662369283983,0.05064544037375223,0.14342526721037066,0.09553655637123672,0.321497325262876,0.027690706949054334,0.18973772927699786,0.06466078602153541,0.06461899254514487,0.029812981837635,0.10692760099316209,0.048335388578546176]}
