LP RESULTS :
 Obj = 0.1*lambda1+0.9*lambda2 = 145.7061344968833 (lambda1 = 1430.061344968833, lambda2 = 3.0) Resol time = 139427 ms

{"id": 0, "drone": 3, "position":(33.333333333333336,25.0,1.0), "time":1.9793862148369499,"sensors":[36,46,40,19,45,15,47,14,5,29,49,9,17],"power":[1.344905697340676E-4,3.0566266591536436E-4,3.177863228232818E-4,0.010215989155606241,3.474428620689685E-4,2.7548511359987724E-4,4.837977979778897E-4,2.370812432394206E-4,2.1785694575946802E-4,5.197807384371594E-4,3.867878897398785E-4,0.001134220847419299,1.700248114742256E-4]}
{"id": 1, "drone": 3, "position":(41.666666666666664,25.0,1.0), "time":50.959880895523156,"sensors":[40,19,15,47,14,5,28,49,9,22,31],"power":[0.021350704779089506,0.010085875535480222,0.009828156653223633,0.04534748048339036,0.004231527280152259,0.0654708947242586,0.00437591996042477,0.11446597603724935,0.00338559204280879,0.004690924313773279,0.011202031057514987]}
{"id": 2, "drone": 3, "position":(41.666666666666664,8.333333333333334,1.0), "time":1377.122077858473,"sensors":[24,14,12,28,32,0,13,22],"power":[0.7198643487029657,0.27460032751516594,0.27633752172514703,1.0677242366520265,0.15,0.15381574085381286,3.152613821267051,0.4502305107879472]}
{"id": 3, "drone": 2, "position":(41.666666666666664,33.333333333333336,1.0), "time":744.3405170998004,"sensors":[46,42,40,19,20,15,47,35,5,49,31],"power":[0.11406757782638959,0.13729843603727968,1.7125418144369933,0.08419346881232498,0.054263890987661406,1.9453852651094359,0.4936440744146128,0.1547552496039395,0.08431124833000295,0.3134642020182984,0.3160267641158894]}
{"id": 4, "drone": 2, "position":(8.333333333333334,33.333333333333336,1.0), "time":311.8684625751309,"sensors":[4,30,33,23,7,39,25,6,43],"power":[0.03797018035347903,0.3340316998288891,0.10243555863495728,0.11103035979986836,0.49898020767384565,0.03831310317526765,0.03253361288285065,0.046533306120906996,0.5098740143214913]}
{"id": 5, "drone": 2, "position":(33.333333333333336,41.666666666666664,1.0), "time":357.0228388405203,"sensors":[36,46,42,20,15,37,8,26,38],"power":[0.05872680502191141,0.10121409247040859,0.2064073520230534,0.09573610901233856,0.052380981285934554,0.08883588560743805,0.024549556700636417,0.15163751763238834,0.062100362104712495]}
{"id": 6, "drone": 1, "position":(16.666666666666668,41.666666666666664,1.0), "time":596.0120710404361,"sensors":[34,36,37,23,7,8,39,26,38],"power":[0.050410202231003884,0.07249007341115896,0.05590263540910803,0.064398314888572,0.05006661661537732,0.11509724704614671,0.5034167402157749,0.07153612728080419,0.052071860047941315]}
{"id": 7, "drone": 1, "position":(25.0,41.666666666666664,1.0), "time":121.23357448022983,"sensors":[36,46,42,37,8,39,26,38],"power":[0.04850058108441684,0.018992888794512535,0.007877950699036265,0.05792587652765127,0.031325367429710975,0.009953125689493839,0.2593745390426963,0.035827777847346164]}
{"id": 8, "drone": 1, "position":(8.333333333333334,8.333333333333334,1.0), "time":668.759134022818,"sensors":[41,44,27,21,10,1,3,16,2,18,11,48],"power":[0.15,0.0785436285425318,0.2973930624831071,0.302057328388601,0.6711205967423811,0.09785206032095567,0.6821436058791733,0.15156954706440093,0.8600797317195802,0.32224728532679375,1.0131569924661012,1.0961323116383688]}
{"id": 9, "drone": 0, "position":(25.0,25.0,1.0), "time":205.48502833344546,"sensors":[36,46,4,19,45,29,8,9,6,17],"power":[0.024566240783958436,0.01910431350001241,0.033475991130209666,0.045504666496588644,0.41438470570832325,0.07587114690492139,0.03013991545426775,0.1995303809583824,0.02099518440563877,0.03386441489467777]}
{"id": 10, "drone": 0, "position":(8.333333333333334,41.666666666666664,1.0), "time":400.94723687303645,"sensors":[34,30,33,23,7,39,25,43],"power":[0.11659113964150228,0.0785437469542934,0.04756444136504287,0.47658635761224016,0.13392406748830793,0.27738021198846213,0.11746638711714939,0.04316123041602469]}
{"id": 11, "drone": 0, "position":(16.666666666666668,16.666666666666668,1.0), "time":761.3022109460151,"sensors":[44,4,21,10,1,29,6,17,48],"power":[0.6486319676061103,0.15875402471506547,0.07052546414402484,0.1622402573364849,0.39032615762091694,0.07360907235664146,0.1502243492629784,0.14707836739600003,0.08409124866214188]}
