LP RESULTS :
 Obj = 0.1*lambda1+0.9*lambda2 = 126.73867232752335 (lambda1 = 1222.3867232752334, lambda2 = 5.0) Resol time = 39955 ms

{"id": 0, "drone": 0, "position":(16.666666666666668,41.666666666666664,1.0), "time":17.734012365925878,"sensors":[0,6,21,45,39,44,28,35,14,1,47],"power":[0.022293630372623427,0.002073831011174143,0.0023531120082922216,0.0032160126530809395,0.0056337546697368054,0.0013935752142555198,0.004047730233894031,0.0023626166285018926,0.017646397304305006,0.001922206480841602,0.001876657752603104]}
{"id": 1, "drone": 0, "position":(41.666666666666664,33.333333333333336,1.0), "time":452.35061981401446,"sensors":[16,25,26,23,32,30,46,22,12,38,7,40],"power":[1.1158733960712865,0.4101633562188601,0.04361804669653078,0.2905990711238277,0.23273810061881486,0.10052778432869151,0.12501175912143372,0.17965330702896945,0.2670905595274663,1.2640315518395961,0.06115621849153874,0.10213003703195274]}
{"id": 2, "drone": 0, "position":(25.0,41.666666666666664,1.0), "time":149.80886747190542,"sensors":[0,6,21,45,46,35,14,47],"power":[0.014344886023597273,0.20994890396732369,0.30171572865982255,0.14632488214614994,0.0157953139395524,0.015581879135827387,0.012940953943389365,0.03443039645438869]}
{"id": 3, "drone": 0, "position":(41.666666666666664,16.666666666666668,3.0), "time":470.0815044725738,"sensors":[29,33,43,4,26,32,5,18,8,48,2,49,41,40],"power":[0.12645780579188395,0.08905398023390165,0.08460312955840218,0.06349886164194632,0.0512986337621193,0.044332580961620856,0.04512648703956197,0.09422423610591654,0.029885043939592095,0.08387829129377117,0.10529981566995865,0.5419178205503027,0.42331842928573954,0.08785226683250418]}
{"id": 4, "drone": 0, "position":(41.666666666666664,16.666666666666668,1.0), "time":80.4711006577991,"sensors":[29,33,43,4,26,32,5,18,9,8,12,48,2,49,41,40],"power":[0.02344959239301245,0.016763958238587173,0.01615709816751522,0.012078426541250012,0.009470083855865483,0.008057692307106961,0.00821902074236414,0.018018558423215456,0.005136820452252705,0.005443908199189071,0.005447866068987022,0.015333897219283283,0.020531325662252704,0.205703518922057,0.13864769624776535,0.016807221108061505]}
{"id": 5, "drone": 2, "position":(41.666666666666664,41.666666666666664,1.0), "time":470.0815044725741,"sensors":[37,16,25,23,30,46,22,12,38],"power":[0.15,0.16777500783571855,0.2755906074015469,0.5197791729801339,0.06743649556202128,0.08285291626056053,0.0589129513079905,0.0367901791683036,0.06655757367140569]}
{"id": 6, "drone": 2, "position":(25.0,16.666666666666668,1.0), "time":49.70235184301434,"sensors":[29,11,4,34,10,36,20,27,3,9,8,19],"power":[0.007387704934091526,0.019358439747051995,0.01312080025543406,0.003967107832968493,0.04554993886287287,0.01473942463282364,0.0059757475787087354,0.030630970243472735,0.01626224760572816,0.07294485152346639,0.007272710787233484,0.008480129504639227]}
{"id": 7, "drone": 2, "position":(33.333333333333336,8.333333333333334,1.0), "time":146.67792651994472,"sensors":[29,43,4,34,10,36,18,9,49,41],"power":[0.04478206009488716,0.029164848875739256,0.017594100550276687,0.07354836002467192,0.03520809381108534,0.08040939460721734,0.01096570891498815,0.02165844945268591,0.01767486492377308,0.023344516871028086]}
{"id": 8, "drone": 2, "position":(8.333333333333334,41.666666666666664,1.0), "time":513.7313174871389,"sensors":[0,17,31,39,28,14,1],"power":[0.32468195649636494,0.14999999999995275,0.051873457190737306,0.22860106877391786,0.3399073525042547,0.33667252589450236,0.19769674499995668]}
{"id": 9, "drone": 2, "position":(16.666666666666668,33.333333333333336,1.0), "time":26.765081599212156,"sensors":[0,24,6,21,44,3,35,14,19,1,47],"power":[0.004525043730315456,0.007741455265742528,0.002412137933301507,0.0021630276686649477,0.018609199161138307,0.0017839150891493397,0.03657464427728157,0.0036462332185131434,0.004551492284317391,0.00405574023207249,0.005879478577726461]}
{"id": 10, "drone": 3, "position":(8.333333333333334,16.666666666666668,1.0), "time":146.6779265199442,"sensors":[24,11,20,15],"power":[0.014584876760738606,0.019030660202741984,0.03782561676689756,0.027594057866107833]}
{"id": 11, "drone": 3, "position":(33.333333333333336,33.333333333333336,1.0), "time":8.93005525006933,"sensors":[6,21,16,25,23,32,46,3,22,8,12,38,7,47,40],"power":[0.0019269252636466298,0.0016585201583461896,0.001434252135694293,0.0024108424336139267,0.0011580902963842308,0.001048908995870321,0.019354577880231164,6.209435472494759E-4,0.02322858331344438,0.001713001297589842,7.905215717104739E-4,0.0026172732007579435,0.007080692348479098,0.0018850928766913737,7.946144392293812E-4]}
{"id": 12, "drone": 3, "position":(8.333333333333334,25.0,3.0), "time":664.1563118227535,"sensors":[24,31,44,35,15,1],"power":[0.25722007902561383,0.10090011179557379,0.06899646052802619,0.04238739816811984,0.12240594213389216,0.07148535922171496]}
{"id": 13, "drone": 3, "position":(41.666666666666664,25.0,5.0), "time":74.8966675038269,"sensors":[29,33,4,16,25,26,32,22,8,12,38,2,7,49,41,40],"power":[0.005215803775813271,0.00810210723054596,0.006704550050210011,0.007391685434717545,0.0050148436042168395,0.013042364524390044,0.02939181290493454,0.008832674253820172,0.007523572092137453,0.019876738888980075,0.016188136115371156,0.008734396203876824,0.007772411008293386,0.013277517508042031,0.010746528990978057,0.04528720331816012]}
{"id": 14, "drone": 3, "position":(41.666666666666664,8.333333333333334,1.0), "time":264.9003967011247,"sensors":[29,33,43,34,36,5,18,48,2,49,41],"power":[0.04360744019977236,0.01699497244522718,2.649003967011247,0.019017069065068434,0.01825440665693965,0.09665449221807389,0.18641911846176487,0.08531217949345625,0.02047013314575012,0.04642945112746989,0.053277923305887515]}
{"id": 15, "drone": 1, "position":(41.666666666666664,25.0,1.0), "time":135.6567755769497,"sensors":[29,33,4,16,25,26,23,32,30,46,22,8,12,38,2,7,49,41,40],"power":[0.01226205428635609,0.019084981851737536,0.015549117519853746,0.017439315297691875,0.01179896516674617,0.03257087116109428,0.009669444244109643,0.18639371711733582,0.009687111461625,0.010403576641357515,0.02086223219882513,0.01823740674335201,0.061565013095961345,0.04302056275786338,0.02108173597373459,0.01924248215908056,0.03281873367833634,0.025009638399738788,1.2011272185805304]}
{"id": 16, "drone": 1, "position":(25.0,25.0,1.0), "time":74.91219996807857,"sensors":[24,11,4,10,27,44,3,35,9,22,8,19,7,47],"power":[0.006834529034847856,0.012250446672867508,0.01382070072134915,0.007140085098372576,0.07593076761750539,0.019225982599965295,0.29221109145617347,0.015415410833003565,0.015402163738278518,0.004869003690997869,0.026680398367799736,0.1181093861998673,0.016278590138974435,0.015581235917243598]}
{"id": 17, "drone": 1, "position":(25.0,25.0,3.0), "time":189.98819673304658,"sensors":[24,11,4,10,27,44,3,35,9,8,19,7,47],"power":[0.015290083401837018,0.027894210571450324,0.030983119405194378,0.01566858214411133,0.11712123406048369,0.04340011353462558,0.2785373153210431,0.03530018870846402,0.03485771483331646,0.05827974702646909,0.16048206556403885,0.037254327686051567,0.034758131524141735]}
{"id": 18, "drone": 1, "position":(16.666666666666668,8.333333333333334,2.0), "time":761.1060482111499,"sensors":[11,34,10,36,20,42,13],"power":[0.12600055334579574,0.05346746307729117,0.07792813286237187,0.06040593208980712,0.4064608392714212,0.2984260097387565,0.39743361241993075]}
{"id": 19, "drone": 1, "position":(25.0,33.333333333333336,1.0), "time":5.558900689720502,"sensors":[24,6,21,27,45,44,46,3,35,22,8,19,7,47],"power":[3.5272984214495596E-4,0.0019943115320914416,0.001572084514157336,5.07687744608067E-4,4.591052007691256E-4,0.0014444520349533464,8.604909800787833E-4,7.949875833512357E-4,0.002377862248778875,6.959599767125466E-4,6.880646298111824E-4,0.001168228504807779,0.0012152781675822601,0.05558900689720503]}
