LP RESULTS :
 Obj = 0.1*lambda1+0.9*lambda2 = 127.14036203473492 (lambda1 = 1235.4036203473493, lambda2 = 4.0) Resol time = 2958 ms

{"id": 0, "drone": 3, "position":(8.333333333333334,25.0,1.0), "time":473.29373413153183,"sensors":[30,1,45,15,24,19,0,17,6,41,46,39],"power":[0.044774103862964085,0.09484714002935105,0.16405136461645772,0.06852586055445933,0.25381380516873076,0.039909336077177844,0.11107608998703616,0.10998400075447319,0.19457135873208353,0.9633412122683,0.09941657850906879,0.07284729412190666]}
{"id": 1, "drone": 3, "position":(16.666666666666668,41.666666666666664,1.0), "time":273.8638904526606,"sensors":[34,44,36,22,35,17],"power":[0.03940493898490943,0.021315287026702025,0.49825756598449744,0.04997080218518876,0.5131528445567475,0.03345674943056341]}
{"id": 2, "drone": 3, "position":(33.333333333333336,8.333333333333334,1.0), "time":88.72541352558825,"sensors":[40,29,48,20,27],"power":[0.023007638214944986,0.07614631944649808,0.025544972928492993,0.005913626991042299,0.013418198284523349]}
{"id": 3, "drone": 3, "position":(25.0,25.0,4.0), "time":398.7141683264052,"sensors":[25,45,21,15,2,4,46,39,42],"power":[0.03351866037872961,0.04495191292911911,0.4002662128849701,0.10258950570552913,0.1473368617362909,0.031338202014403634,0.056285120329977595,0.09746761859059504,0.06130628731419321]}
{"id": 4, "drone": 1, "position":(8.333333333333334,41.666666666666664,1.0), "time":238.47630015030148,"sensors":[44,1,36,22,35,17],"power":[0.18954443240337693,0.04767497819597747,0.11541896604100431,0.10002919781481123,0.027410681792633347,0.040505485480936396]}
{"id": 5, "drone": 1, "position":(41.666666666666664,16.666666666666668,1.0), "time":740.7161831645604,"sensors":[49,25,40,32,48,20,8,16,4,12],"power":[0.20190943903378872,0.20104421455294813,0.11363366492743732,0.14155064395721562,0.1664873715328722,2.4979015232445216,0.3110208310030958,0.0773399333023245,0.12011710204465902,0.2717200842195896]}
{"id": 6, "drone": 1, "position":(41.666666666666664,25.0,1.0), "time":39.567084291695664,"sensors":[25,32,48,20,8,2,47,4,26,12],"power":[0.013573143862693716,0.008449356042784366,0.003170890114052944,0.007634556407365419,0.009772488676702466,0.0026631382637090756,0.011216980474348137,0.027283036639120933,0.0094898766001416,0.06797532367404427]}
{"id": 7, "drone": 1, "position":(41.666666666666664,8.333333333333334,1.0), "time":216.64405274079235,"sensors":[49,40,29,48,20,8,16],"power":[0.08509570979546614,0.8822506758895644,0.05607483612193279,0.027005732915915685,0.04601382276832665,0.019158472782176694,0.07266006669767551]}
{"id": 8, "drone": 0, "position":(8.333333333333334,8.333333333333334,1.0), "time":232.1079669007471,"sensors":[13,30,14,23,11,19,9,33],"power":[0.12482277776438011,0.15382920186070756,0.1817899474931875,0.2870095036659637,0.032105619000310434,0.17899109464065457,0.04836629926472018,0.06587633724883375]}
{"id": 9, "drone": 0, "position":(41.666666666666664,41.666666666666664,1.0), "time":797.9259621153863,"sensors":[18,7,10,5,31,28,47,43,38,37,26,3],"power":[0.2875834417408078,0.34017545764863805,0.15002846059793576,0.14004725665265452,0.09168955515282057,3.134314636741104,0.13241376724012277,0.13950007667057585,0.07126183456217243,0.7140592724335684,0.15589431135969084,3.6964912120579023]}
{"id": 10, "drone": 0, "position":(41.666666666666664,33.333333333333336,3.0), "time":56.40618456468803,"sensors":[18,7,25,5,28,47,4,37,26,3,12],"power":[0.004877660011395377,0.005465210246508274,0.003810069026969423,0.009952743347345453,0.009054857324069677,0.08897750662101342,0.008606968280526718,0.020431727427041888,0.10769542006604102,0.015128067369683307,0.00605385884361228]}
{"id": 11, "drone": 0, "position":(25.0,8.333333333333334,1.0), "time":148.9635067665259,"sensors":[29,48,27,11,9,33,42],"power":[0.017778844431569133,0.01676144549880302,0.500361694095503,0.009999967273254036,0.018681401898760965,0.02450846019960057,0.018064411855797834]}
{"id": 12, "drone": 2, "position":(16.666666666666668,8.333333333333334,1.0), "time":363.3957178894122,"sensors":[13,30,14,23,27,11,19,9,33,46,42],"power":[0.025177222235619863,0.06291101988111289,0.04002014864974818,0.1254468788338867,0.10923547313097173,0.07634914792639558,0.04768342190966149,0.23732834912827622,2.117697808464213,0.02412854377166623,0.05562746372336483]}
{"id": 13, "drone": 2, "position":(25.0,41.666666666666664,1.0), "time":437.477658231963,"sensors":[34,36,31,43,38,35],"power":[0.11059506101509055,0.0499679508001494,0.18390127147828803,0.11351141602721126,0.10076991147561595,0.17543790117722427]}
{"id": 14, "drone": 2, "position":(8.333333333333334,33.333333333333336,1.0), "time":249.76969561285557,"sensors":[44,1,36,45,24,0,35,17,6,41,39],"power":[0.047517222754473544,0.6013304432162934,0.03247710831178071,0.037816848095046575,0.09246891569731416,0.03892391001296382,0.017807348720098176,0.5810846673725124,0.04247059268380509,0.027802206182373272,0.022289229132257775]}
{"id": 15, "drone": 2, "position":(16.666666666666668,8.333333333333334,3.0), "time":166.60620142565804,"sensors":[30,14,23,27,11,19,9,33,42],"power":[0.02589152454673641,0.01693566798543268,0.046964338096737744,0.04367992117517852,0.03154526580003994,0.020276298289405695,0.07487402617613036,0.28553457990736386,0.02355848872537089]}
