LP RESULTS :
 Obj = 0.1*lambda1+0.9*lambda2 = 135.88200057245786 (lambda1 = 1331.8200057245786, lambda2 = 3.0) Resol time = 5818 ms

{"id": 0, "drone": 2, "position":(8.333333333333334,25.0,1.0), "time":249.98235423156598,"sensors":[30,34,15,17,36,3,4,12,45,27,48,9],"power":[0.025711842630207406,0.04366274466990279,0.0594834190540072,0.047948423446882604,0.4780191980544875,0.03751091611580411,0.040472960183236095,0.023881002990570655,0.08143514118646959,0.04910858949533035,0.9486090442029199,0.8342746053474542]}
{"id": 1, "drone": 2, "position":(41.666666666666664,16.666666666666668,1.0), "time":346.0907446448988,"sensors":[24,29,38,31,19,43,47,5,14,0],"power":[0.037507548415526754,0.21316023585428986,0.07459687573307613,0.13371471327057227,0.12562589907878627,0.07169301517371918,0.04328593540178618,0.9495690502874975,0.06352739672331086,0.2574553214939148]}
{"id": 2, "drone": 2, "position":(25.0,25.0,5.0), "time":418.2635585306803,"sensors":[24,30,34,46,10,17,44,12,47,45,14],"power":[0.07905902042160179,0.07963434876292752,0.030048425195906253,0.10294833490601893,0.07032580405585805,0.05363280439244349,0.06386401918235543,0.10812241024092685,0.06463909629565717,0.03245249715987689,0.03157991773571875]}
{"id": 3, "drone": 3, "position":(41.666666666666664,25.0,1.0), "time":15.696915674855006,"sensors":[24,33,29,38,31,18,19,37,47,5,21,14,20,0],"power":[0.00239320047537867,0.0030363193423841306,0.018605899793354603,0.0019074260170091665,0.016285286729427743,0.0023352755294604433,0.041042998255895316,0.0011943815231040148,0.00345712312856604,0.0048071622829428335,0.00139290581893308,0.009329121226137653,0.0015368767478412936,0.0029500178680376323]}
{"id": 4, "drone": 3, "position":(16.666666666666668,41.666666666666664,2.0), "time":589.2962952080608,"sensors":[42,28,46,10,17,4,22,41,2,6],"power":[0.35670675806891106,0.14541996384024633,0.04510704797039958,0.04402109726783373,0.04190720724944153,0.07953237651005843,0.5736479968278431,0.10747947537165584,0.2433207313088476,0.15]}
{"id": 5, "drone": 3, "position":(8.333333333333334,8.333333333333334,1.0), "time":589.2962952080609,"sensors":[34,15,25,32,3,40,35,27,49],"power":[0.05334621497866672,0.06698772436237176,0.7710092290364565,0.16084970813644034,0.11925633933208835,1.317012478155639,0.05067841548554521,0.1030338489819151,0.5229981729407767]}
{"id": 6, "drone": 0, "position":(33.333333333333336,33.333333333333336,1.0), "time":324.2601519858375,"sensors":[24,33,46,10,18,19,8,44,37,47,23,21,14,20],"power":[0.03944346253122111,0.6121239392601747,0.034623860948056404,0.089303931963906,0.0833611402681966,0.022767354668929114,0.030951339994939774,0.18739245168877788,0.16756542608016808,0.04949230224419791,0.06442268089791084,0.04950532984093592,0.05176483329806367,0.37474847558896207]}
{"id": 7, "drone": 0, "position":(41.666666666666664,41.666666666666664,1.0), "time":889.2764163386163,"sensors":[33,11,18,39,8,37,23,21,20],"power":[0.08762478990667548,0.15,0.2778321598372841,0.23063157094957482,0.16545287127297745,0.29058695831587206,1.1526306423335868,0.616912264203014,0.198095260601332]}
{"id": 8, "drone": 0, "position":(8.333333333333334,41.666666666666664,3.0), "time":118.28343740012474,"sensors":[42,28,4,22,41,2],"power":[0.008261311101203253,0.03304288276224359,0.030426963711398785,0.011191387062680148,0.22698855671474308,0.007638555998631567]}
{"id": 9, "drone": 1, "position":(41.666666666666664,8.333333333333334,1.0), "time":970.0323454048248,"sensors":[29,7,1,38,43,16,5,26,0],"power":[0.06545272242733552,0.37187219774869273,0.34839122710518944,0.07349569824991468,0.9986958356413177,0.14999999999999997,0.13937299966295133,0.30629381315876003,0.14508155210852672]}
{"id": 10, "drone": 1, "position":(16.666666666666668,16.666666666666668,1.0), "time":74.27779775427143,"sensors":[30,34,15,17,25,32,36,3,40,35,12,45,27,13,48,9,49],"power":[0.05237486339574352,0.1833418783000218,0.06746037449624796,0.006511564911232294,0.011408877675469385,0.03571198468876464,0.010621545823697788,0.005947987663137184,0.005487930074537329,0.02004759435224233,0.023161063120870243,0.036112361653653495,0.04713269842011405,0.020040903729281148,0.005949458395026256,0.0049527094360594,0.007368425310265455]}
{"id": 11, "drone": 1, "position":(25.0,8.333333333333334,2.0), "time":287.5098625654823,"sensors":[25,32,35,13,49],"power":[0.018801706710524512,0.03596664865295127,0.15260367088267704,0.19455370943783137,0.018573826551522822]}
