LP RESULTS :
 Obj = 0.1*lambda1+0.9*lambda2 = 175.47794766693437 (lambda1 = 1727.7794766693437, lambda2 = 3.0) Resol time = 132 ms

{"id": 0, "drone": 1, "position":(25.0,25.0,2.0), "time":136.13335497185386,"sensors":[3,47,32,14,19,16,48,44],"power":[0.010319458780567142,0.15,0.008701462070240343,0.008849396123631236,0.011843338898263332,0.18590801167068002,0.010091697847309981,0.02298716662810413]}
{"id": 1, "drone": 1, "position":(8.333333333333334,25.0,1.0), "time":675.1016714655814,"sensors":[43,9,46,30,7,14,41,0,20,8],"power":[0.13341906933460018,0.1921570472160445,0.14608072387458065,0.06343914131364756,0.04771750581086407,0.17119700511611388,0.1453345621499696,0.4024774238658325,0.12139627196778617,0.09409996085719066]}
{"id": 2, "drone": 1, "position":(41.666666666666664,41.666666666666664,2.0), "time":916.5444502319085,"sensors":[26,36,11,33,17,24,4],"power":[0.605554660705814,0.2523777762060442,0.2731496135246438,0.2721720539934188,0.095630442551246,0.09770619890762129,0.10208222435455727]}
{"id": 3, "drone": 3, "position":(8.333333333333334,8.333333333333334,1.0), "time":840.1241724002035,"sensors":[2,28,42,30,1,7,14,5,41,21],"power":[0.4397293917339564,0.2559577948203159,0.5035562622693124,0.1516766879306041,2.93525162741558,0.6402153668423578,0.08079355541856277,0.19987186644128682,0.08146202269658413,0.27212612149857257]}
{"id": 4, "drone": 3, "position":(16.666666666666668,41.666666666666664,1.0), "time":178.43729049183094,"sensors":[38,25,29,9,46,39,18,20,27],"power":[0.08932559068553014,0.03736970517317475,0.06136920090593015,0.0182748338288446,0.02486461452497158,0.02136842406736406,0.32696908359746374,0.026984252585154068,0.3443849197056943]}
{"id": 5, "drone": 3, "position":(33.333333333333336,8.333333333333334,1.0), "time":146.56853600607664,"sensors":[37,49,13,22,40,48],"power":[0.037707333375008215,0.017081152430522533,0.24428706953144944,0.013247126148119777,0.06671231282128608,0.056155714081894494]}
{"id": 6, "drone": 0, "position":(41.666666666666664,8.333333333333334,1.0), "time":830.8797107515599,"sensors":[37,13,12,6,22,10,40,48,23],"power":[6.8047685685098855,0.1271320414081427,0.08892618857443857,0.15478664295294808,0.18469911830385727,0.16815721759291263,0.05916360018424395,0.06783680969784778,0.1731057625868614]}
{"id": 7, "drone": 0, "position":(8.333333333333334,16.666666666666668,2.0), "time":76.420277831705,"sensors":[2,42,43,30,1,7,14,41,0],"power":[0.005532503908703547,0.006328941115959106,0.016580930665399812,0.02361357026274056,0.01828297477897942,0.039810474684767755,0.03228616784949942,0.02804542636042341,0.004888966852888511]}
{"id": 8, "drone": 0, "position":(41.666666666666664,25.0,1.0), "time":750.3312299117072,"sensors":[3,26,12,32,33,17,24,35,19,22,10,34,44],"power":[0.6369828761776171,0.05781326704577061,0.08708749244720702,0.9490763493729628,0.08252019781727081,0.34740221303329405,0.08216104169062284,0.15,0.32209697488768735,0.15581616078129348,0.05273905886143505,0.6157067657856183,0.14271070761367244]}
{"id": 9, "drone": 2, "position":(25.0,8.333333333333334,1.0), "time":60.74448650328393,"sensors":[49,13,40,48],"power":[0.13291884756947744,0.014538804132326532,0.025685863107277315,0.01591577837294775]}
{"id": 10, "drone": 2, "position":(25.0,41.666666666666664,1.0), "time":675.1016714655814,"sensors":[38,25,36,29,4,15,18,27],"power":[0.14358042138651714,0.11263029482682524,0.046133973870242914,0.3957734892287959,0.20863783170822436,0.1958740936382539,0.16316059164149432,0.07978430871588729]}
{"id": 11, "drone": 2, "position":(8.333333333333334,41.666666666666664,1.0), "time":874.2405147119314,"sensors":[38,31,9,46,39,18,0,20,45,27,8],"power":[0.10051568391146742,0.15611534598441423,0.12247753429933693,0.1456881196688657,0.9896160522310735,0.13937102711319974,0.08486858364582038,0.20267017890682404,0.15,0.35294306638628425,0.05590003914280933]}
