LP RESULTS :
 Obj = 0.1*lambda1+0.9*lambda2 = 138.79115479355056 (lambda1 = 1360.9115479355057, lambda2 = 3.0) Resol time = 21207 ms

{"id": 0, "drone": 2, "position":(25.0,41.666666666666664,1.0), "time":463.48852258496726,"sensors":[18,10,19,30,29,37,3,27],"power":[0.15937969795507384,0.25359174359299114,0.37034887514946696,0.04844630028460186,0.09266277595502771,0.08575375300619051,0.03322385084980294,0.10927119913717304]}
{"id": 1, "drone": 2, "position":(41.666666666666664,41.666666666666664,1.0), "time":856.5153182189995,"sensors":[18,16,4,21,41,44,38,2,45,3],"power":[0.09169187913508348,0.897841487652908,0.3065859736713649,0.19830023441948036,0.457019933942525,0.15,0.4812145911179107,0.8237183694081793,0.2360059596355696,0.1265308580908307]}
{"id": 2, "drone": 2, "position":(25.0,41.666666666666664,4.0), "time":40.90770713153893,"sensors":[18,10,19,30,29,37,27],"power":[0.010743469038931757,0.013692328235635647,0.016948164438634835,0.0038092792649229634,0.00674299001482404,0.006104616359165473,0.0076422410356882875]}
{"id": 3, "drone": 0, "position":(16.666666666666668,41.666666666666664,1.0), "time":213.63602016431537,"sensors":[10,19,7,30,29,37,27],"power":[0.03317984243371161,0.04751922469753953,0.018525273042666157,0.32550685236064797,2.1363602016431535,0.06113506041822552,0.03308655982713863]}
{"id": 4, "drone": 0, "position":(41.666666666666664,8.333333333333334,1.0), "time":209.61129538048084,"sensors":[40,9,6,33],"power":[0.03240972928629011,0.10190034918018648,0.06444780814872958,0.11388226312788155]}
{"id": 5, "drone": 0, "position":(8.333333333333334,25.0,4.0), "time":660.053160513075,"sensors":[12,0,39,1,34,48,17,15,20,24,13,43,49,42],"power":[0.3926144135796389,0.0963139353812433,0.06078521889113379,0.12751809895585797,0.14041760268630007,0.15295473354116976,0.10794048603597164,0.5158556749629108,0.12322229139836273,0.17433948133678198,0.16635709248901062,0.37418539553288105,0.12487068273274858,0.11519519982278048]}
{"id": 6, "drone": 3, "position":(41.666666666666664,16.666666666666668,1.0), "time":659.6284785824361,"sensors":[40,8,23,9,6,33],"power":[0.2661177796617601,0.13493294056804397,0.07392835003850136,0.04809965081981353,0.05586541438106946,1.0116466109072086]}
{"id": 7, "drone": 3, "position":(25.0,16.666666666666668,1.0), "time":205.9783370621526,"sensors":[22,40,20,25,46,35,49,42,5,32],"power":[0.050814607351548025,0.025163351687515222,0.022323571766851565,0.04694581663569741,0.04016607244216473,0.2599437349992956,0.0251293172672514,0.021355291832073475,0.06423484083351065,0.038042336693618055]}
{"id": 8, "drone": 3, "position":(8.333333333333334,8.333333333333334,1.0), "time":494.8800503602781,"sensors":[22,0,39,47,20,14,26,24,25,13,42,28,31,32],"power":[0.052590782383460724,0.12921352172082903,0.2477317566394038,0.1843829049456471,0.04437956458233583,0.37797135682323363,2.989154638884476,0.04849622321594961,0.06412332165373841,0.053939843089010585,0.05125287556604098,0.7485238397927483,0.15,0.037542901719711495]}
{"id": 9, "drone": 1, "position":(41.666666666666664,25.0,1.0), "time":40.90770713153907,"sensors":[40,8,23,4,38,2,3,33],"power":[0.005644957050265969,0.025489719115175103,0.07607164996149864,0.005307861223030196,0.0036581349450935134,0.002960607692152752,0.004872588346997832,0.004119359686237908]}
{"id": 10, "drone": 1, "position":(25.0,8.333333333333334,1.0), "time":491.67177397258877,"sensors":[22,6,25,46,35,5,11,32],"power":[0.06440707736193463,0.06468240469015546,0.10637685790744116,2.927871386613883,0.05536791375783171,1.7187872499697257,0.15,0.49661246988140734]}
{"id": 11, "drone": 1, "position":(8.333333333333334,41.666666666666664,1.0), "time":642.8792980546842,"sensors":[1,34,48,7,17,30,29,37,36],"power":[0.06231460008169792,0.04589922011714253,0.07825653238765064,0.16558224666444687,0.1155771504593467,0.32041346174247975,0.1504337559254264,0.05046542440164487,0.15]}
