LP RESULTS :
 Obj = 0.1*lambda1+0.9*lambda2 = 124.93461025989579 (lambda1 = 1231.346102598958, lambda2 = 2.0) Resol time = 3560 ms

{"id": 0, "drone": 4, "position":(33.333333333333336,8.333333333333334,1.0), "time":295.8003151820726,"sensors":[27,31,43,14,29,15,0,48,37,9,44,45,23,46],"power":[0.022852920547959964,0.020371821137361912,0.041913939561269896,0.04486837430152308,0.47567679087791215,0.019358783434257596,0.03384503169603309,0.09551515162217797,0.06579603743195338,0.0264035840240361,0.02207143027655215,0.028562219557419798,0.04195273411347877,0.08064827438280965]}
{"id": 1, "drone": 4, "position":(33.333333333333336,25.0,1.0), "time":72.94656367233519,"sensors":[30,27,31,7,12,14,0,16,48,1,40,44,42,13,23,6],"power":[0.02695997445293718,0.006055462554173917,0.007862523329950927,0.3066291178044808,0.005343423971305681,0.006415896828929757,0.005039054613155722,0.007613408618937511,0.008910646257410542,0.007497979220671613,0.005689686150893067,0.05006432087283329,0.008605856272701,0.008883142767998554,0.006076176819354185,0.006123670783464227]}
{"id": 2, "drone": 5, "position":(8.333333333333334,16.666666666666668,1.0), "time":94.97830147974338,"sensors":[8,4,5,47,41,17],"power":[0.01039944030370281,0.025365451010991684,0.11051726107906067,0.006763974125564651,0.016473771721174504,0.041582365610110736]}
{"id": 3, "drone": 5, "position":(25.0,41.666666666666664,1.0), "time":478.565660299736,"sensors":[21,36,49,19,40,38,34,24,13,6],"power":[2.5268933633562876,0.8642765725926209,0.2127860965144284,4.045138632586827,0.06856511477489519,0.3478146476160463,0.08594151700067529,0.15810118843339552,0.1055985643721487,0.050682098208825105]}
{"id": 4, "drone": 8, "position":(16.666666666666668,25.0,4.0), "time":247.8120705046282,"sensors":[25,8,31,12,4,28,1,32,40,41,42,17,6],"power":[0.05034249806582832,0.24026450167148017,0.027762501843241992,0.10366643750628864,0.019252320470942337,0.08708338825279564,0.08017486894974192,0.030363178627319114,0.03734062118540904,0.10347007865491704,0.07003911681925604,0.06793953414050004,0.0467280463456467]}
{"id": 5, "drone": 8, "position":(41.666666666666664,8.333333333333334,1.0), "time":674.1389991578505,"sensors":[27,14,22,29,15,0,48,37,9,46],"power":[0.13941879721798559,0.20025854420814473,0.15,0.09159521568447451,0.2280503902193481,0.1964403057845477,0.05657836974208979,0.06896762636935148,0.2981295254100846,4.875837843890194]}
{"id": 6, "drone": 0, "position":(41.666666666666664,41.666666666666664,5.0), "time":879.3915405154289,"sensors":[39,26,33,18],"power":[0.16386677736372998,0.3640713479448678,0.29966745754510377,0.15]}
{"id": 7, "drone": 0, "position":(25.0,8.333333333333334,1.0), "time":163.4994046538652,"sensors":[31,43,29,4,35,48,37,47,20,45,23],"power":[0.026998502222782758,0.06077315968439011,0.048124505421842365,0.017942079862832885,0.018686477636613717,0.033810891256778275,0.01523633619869514,0.06851009036138929,0.019561075702118992,0.05924690882252498,0.049547629502966324]}
{"id": 8, "drone": 2, "position":(25.0,25.0,1.0), "time":20.787998136536764,"sensors":[8,31,7,12,28,48,1,49,40,41,44,42,13,17,23,6],"power":[0.003558461304636828,0.005902014853302749,0.0052837129686059735,0.014247913222437089,0.008214322345188216,0.0018807971327431665,0.032088008880647584,0.0019941513069232984,0.005859433693848957,0.0036618233051093486,0.0021869328514612257,0.04125853076184163,0.00395834337855862,0.0013373101879876896,0.0031831356859147934,0.007410397854240931]}
{"id": 9, "drone": 2, "position":(33.333333333333336,41.666666666666664,2.0), "time":351.954562083529,"sensors":[21,26,33,36,49,19,38,34,24,13],"power":[0.09781358911608382,0.035956403952935014,0.028267922728217126,0.1051523284273986,0.03209467548216674,0.08719382323158607,0.08252382310519835,0.0640584829993247,0.1466191951765716,0.04665538826265381]}
{"id": 10, "drone": 1, "position":(41.666666666666664,25.0,1.0), "time":188.4602245866996,"sensors":[39,30,27,7,14,0,16,44],"power":[0.016167793748832857,0.1643692761948554,0.041074251397002846,0.03244977442470677,0.02948163104064775,0.030825790771888552,0.16091609796908507,0.05210367411821148]}
{"id": 11, "drone": 1, "position":(8.333333333333334,41.666666666666664,1.0), "time":761.2330516396231,"sensors":[25,32,2,10,11,3],"power":[0.08443538068170439,0.139428370844056,0.15,1.1594617588503204,0.06747525001663275,0.16615520226780167]}
{"id": 12, "drone": 6, "position":(8.333333333333334,33.333333333333336,1.0), "time":149.35441678237152,"sensors":[25,8,28,32,10,11,17,3],"power":[0.14056611291838825,0.018854067405311238,0.010835011874158071,0.5483981914469737,0.015751589624099734,0.08252474998336724,0.009744264947595732,0.035451763425306]}
{"id": 13, "drone": 6, "position":(16.666666666666668,8.333333333333334,1.0), "time":353.3803649808869,"sensors":[31,43,4,35,5,47,41,20,17,45,23],"power":[0.029762711812012784,0.04731290075434027,0.2052812204266015,0.19763821219033878,0.039482738920939335,0.22009091427248048,0.029168247845886418,0.2546025041110891,0.024577026892232918,0.06902962603399206,0.03750748959987441]}
{"id": 14, "drone": 3, "position":(33.333333333333336,33.333333333333336,1.0), "time":289.06624083782486,"sensors":[21,30,7,36,16,49,19,40,44,24,13,6],"power":[0.035718732685542064,0.023709138471232283,0.04447361441344306,0.057371193646935596,0.024866271212129084,0.03339980356842581,0.02958570069645946,0.0365650060519438,0.023146617001271807,0.019900000417400768,0.09986395466344307,0.03200582031894395]}
{"id": 15, "drone": 3, "position":(16.666666666666668,25.0,2.0), "time":72.9465636723352,"sensors":[25,8,31,12,4,28,1,49,32,40,41,42,17,6],"power":[0.017263034647829835,0.24036738113663486,0.009419517844297707,0.04953316313046706,0.006338264164923773,0.038089703047888376,0.03328293657091969,0.005207716282092066,0.010018930771271852,0.012832088724629447,0.052640041352945095,0.02627738182496849,0.02477141120397684,0.01609144148669745]}
{"id": 16, "drone": 7, "position":(25.0,16.666666666666668,1.0), "time":4.17282179629787,"sensors":[8,31,7,12,29,4,28,48,1,47,41,44,42,17,23],"power":[3.0737961126598893E-4,0.021920406957049318,5.957285778876677E-4,0.0010027543115122208,3.0420247343867655E-4,5.061651317119426E-4,3.2908775643512183E-4,0.0014099075687169051,6.590848664407843E-4,0.0012621079410681173,7.249807781518947E-4,4.2702487967010734E-4,0.0011195142725108837,2.6882929718653964E-4,0.01835175465807433]}
{"id": 17, "drone": 7, "position":(25.0,33.333333333333336,1.0), "time":18.025077568996096,"sensors":[21,8,7,12,28,36,1,49,19,40,38,42,13,6],"power":[0.003960249625868479,0.0014944554713505222,0.0015204889214472856,0.002090393706589212,0.005448486723534563,0.0061135691546136935,0.004197438469483881,0.018220831752155282,0.0036079390440089997,0.03769526747599571,0.0013697578252227357,0.002699600048722032,0.06644409498440744,0.02065917669768834]}
