LP RESULTS :
 Obj = 0.1*lambda1+0.9*lambda2 = 136.22393981050678 (lambda1 = 1344.2393981050677, lambda2 = 2.0) Resol time = 616 ms

{"id": 0, "drone": 0, "position":(25.0,25.0,1.0), "time":54.22311177079547,"sensors":[2,14,6,25,1,30,27,40,42,0,36,26,44,4],"power":[0.004006555410464196,0.004859175341333975,0.0035011003723492053,0.052067276514924585,0.0036417191373093313,0.007622334612379902,0.010438874184973305,0.0057165545668466,0.0038750756375397926,0.01593302625727846,0.005226438328965081,0.11005205017877472,0.08072709522813491,0.0036166151639350354]}
{"id": 1, "drone": 0, "position":(41.666666666666664,33.333333333333336,1.0), "time":583.2854392370091,"sensors":[6,46,28,1,27,18,16,13],"power":[0.1990699658891914,0.30366707220405476,0.06266604077790514,0.2446239561400201,0.08798983304222685,0.042346350168064775,0.4454931110398626,0.15458443867698485]}
{"id": 2, "drone": 8, "position":(33.333333333333336,16.666666666666668,1.0), "time":3.367648239893333,"sensors":[2,6,38,27,40,45,32,31,7,41,21,36,26,4],"power":[3.297176976869263E-4,2.8607153940348997E-4,0.0010538849076115033,2.7800174787730533E-4,0.031170604915248586,4.25057551753467E-4,0.0011068408334223919,6.31355550458024E-4,4.114935795344315E-4,0.004356656730363837,4.347941209642517E-4,0.001012472324500455,4.4008405096428545E-4,3.372285518792386E-4]}
{"id": 3, "drone": 8, "position":(41.666666666666664,25.0,1.0), "time":319.51505778847314,"sensors":[6,46,38,1,27,40,45,32,18,7,16],"power":[0.2128660851853553,0.11287351008575564,0.11988722078604612,0.11547415883120445,0.04809518270373578,0.026042546862060766,0.024158995237257806,0.06008712834522218,0.10765364983193519,0.10921439867132404,0.34549465983885286]}
{"id": 4, "drone": 3, "position":(25.0,41.666666666666664,5.0), "time":254.93543404675637,"sensors":[34,23,30,42],"power":[0.04204629559933883,0.07506744381214366,0.041991554761132165,0.09292586389061785]}
{"id": 5, "drone": 3, "position":(25.0,8.333333333333334,3.0), "time":261.46072616871675,"sensors":[2,49,8,39,40,31,35,41,36,4],"power":[0.12447887023225944,0.11512702137814057,0.08531960993481205,0.0626966361056672,0.026630954013594266,0.2523447909020704,0.042914121360957125,0.03899799145289662,0.09251403415124333,0.14473156030235462]}
{"id": 6, "drone": 4, "position":(41.666666666666664,8.333333333333334,1.0), "time":705.6728541371893,"sensors":[43,38,29,40,45,12,32,7,41,21,15],"power":[0.18803541939616678,0.07868283287412893,0.15,0.06043933964224977,0.5640918926441549,0.15321107408256968,0.16110851699435808,0.08281587975695945,0.11310239983100696,2.9006797851327195,0.2875078451240516]}
{"id": 7, "drone": 4, "position":(25.0,33.333333333333336,4.0), "time":64.33308328042348,"sensors":[25,23,30,27,42,0,26,44],"power":[0.012305480066924676,0.014286005675247529,0.029806243238615925,0.010529591830031272,0.025108661928103085,0.011906737562547919,0.006397429207295644,0.011808327028325526]}
{"id": 8, "drone": 5, "position":(33.333333333333336,41.666666666666664,5.0), "time":319.51505778847286,"sensors":[23,28,27,47,42,13],"power":[0.10086242983496582,0.09881791475883604,0.020559617173794512,0.040433958990993384,0.040718182267480946,0.04218641749399074]}
{"id": 9, "drone": 5, "position":(8.333333333333334,16.666666666666668,4.0), "time":261.4607261687173,"sensors":[14,17,48,37,3,22,24,9],"power":[0.029039494732543268,0.062224179761913814,0.15921196000680032,0.05355134849599219,0.1211344302598098,0.029163892164868005,0.04970659907409174,0.053620022998247883]}
{"id": 10, "drone": 2, "position":(41.666666666666664,41.666666666666664,4.0), "time":54.22311177079496,"sensors":[46,23,28,47,16,13],"power":[0.0038370539515191655,0.0037274857526193713,0.019643283638337578,0.011257949749057828,0.0035830111488186025,0.05171845634384048]}
{"id": 11, "drone": 2, "position":(8.333333333333334,41.666666666666664,1.0), "time":693.0066868864491,"sensors":[34,10,33,20,11,19,5],"power":[0.058350931684747455,1.2789592727118109,0.1161944277748229,0.32978318054173095,0.1629343863166897,3.4326608195932544,0.15000000000000002]}
{"id": 12, "drone": 1, "position":(41.666666666666664,41.666666666666664,1.0), "time":387.21578930879036,"sensors":[46,23,28,1,47,16,13],"power":[0.031064870157286834,0.03176349169838244,0.24343225332117546,0.02795118875900663,0.09830809125994874,0.027756031150358632,2.0436351763527654]}
{"id": 13, "drone": 1, "position":(16.666666666666668,33.333333333333336,1.0), "time":511.4464656862976,"sensors":[14,33,25,17,30,20,42,0,19,9,26,44],"power":[0.11407371095893447,0.10042763157124127,0.11285113787120842,0.05051524184152181,0.37030233761918685,0.07791809769256179,0.0940900278179309,0.21930716787168042,0.07063241572274567,0.037646904890166796,0.033110436562965355,0.09452510048262186]}
{"id": 14, "drone": 7, "position":(16.666666666666668,8.333333333333334,1.0), "time":638.5669161191532,"sensors":[2,49,8,39,48,37,31,22,35,36,4],"power":[0.188164371218227,0.6156114281361749,0.2987447292177031,0.43400226269761116,0.06656501292615509,0.36477363445976846,0.07777238156840185,0.06335100350459681,0.10708587863904287,0.0633632111016682,0.19325924555586066]}
{"id": 15, "drone": 6, "position":(16.666666666666668,41.666666666666664,1.0), "time":139.78624553232117,"sensors":[34,10,33,23,30,20,42,11,19],"power":[0.0496027727159137,0.024327925684670314,0.009863223977020998,0.00988868925941567,0.02911968458375129,0.016695221912813404,0.02807605421380827,0.03364514932123922,0.04103152424224352]}
{"id": 16, "drone": 6, "position":(8.333333333333334,16.666666666666668,1.0), "time":444.21175581719774,"sensors":[14,17,8,48,37,3,22,24,9],"power":[0.06037722890978145,0.1309706345953783,0.03193282624500561,0.7700233797887786,0.11305984412964815,0.4333606618513697,0.05878862505646311,0.10029340092590826,0.11261304082398081]}
