LP RESULTS :
 Obj = 0.1*lambda1+0.9*lambda2 = 144.41847739955003 (lambda1 = 1426.1847739955, lambda2 = 2.0) Resol time = 6381 ms

{"id": 0, "drone": 1, "position":(8.333333333333334,8.333333333333334,1.0), "time":581.63075623228,"sensors":[25,27,44,2,14,46,3,17,42,9,39,21,38,26],"power":[0.35010458132642364,0.33111909224096653,1.4796143560564075,0.062106039362372,0.36608125067378283,0.03797274982919804,0.09672471794808195,0.06812665402433007,0.3428701944060055,0.09157390011867793,0.14975791865788463,0.16059867095367855,0.391383251952806,0.27236945359163095]}
{"id": 1, "drone": 1, "position":(16.666666666666668,8.333333333333334,4.0), "time":1.7065072966904609,"sensors":[4,44,2,3,17,49,9,39,26],"power":[2.262341823470201E-4,1.920805742780677E-4,8.671637069513054E-4,1.832993207108831E-4,7.899475666775616E-4,1.8409526146202313E-4,6.28126019187069E-4,2.4208134211536016E-4,2.0135037339717257E-4]}
{"id": 2, "drone": 6, "position":(41.666666666666664,16.666666666666668,1.0), "time":83.81369546872418,"sensors":[10,45,0,22,29,16,41,31,1,32],"power":[0.0090243437122171,0.01906567277042179,0.006541147778553139,0.006313734861180173,0.020185965409680394,0.03521890127904362,0.192437097410051,0.029650526440392542,0.19607014967580075,0.008910250366919349]}
{"id": 3, "drone": 6, "position":(8.333333333333334,25.0,1.0), "time":360.8287291248203,"sensors":[24,46,3,18,26],"power":[1.0921235838424803,0.11202725017080195,0.08447414623973225,0.22435298217592975,0.04279079009605343]}
{"id": 4, "drone": 3, "position":(41.666666666666664,8.333333333333334,1.0), "time":780.2000363836222,"sensors":[45,34,47,6,16,41,31,1,32],"power":[0.07680146301358848,0.07895374223407366,0.15,0.06254881340617133,0.11169034471277463,0.1208453665855957,0.116149204777533,0.13148804705276834,1.2612139163848977]}
{"id": 5, "drone": 2, "position":(25.0,8.333333333333334,1.0), "time":645.984737611878,"sensors":[4,2,34,17,37,49,6,9,15],"power":[2.454340408578745,0.25788781458723264,0.3682633580300365,0.18452629979181018,0.15,0.14981590473853798,0.34373326453867203,0.10850275966136665,0.15862106793589772]}
{"id": 6, "drone": 4, "position":(25.0,41.666666666666664,1.0), "time":994.1779080693269,"sensors":[5,36,19,12,11,20,48,23],"power":[0.1956251491617123,0.15272618048594197,0.07215955831445131,0.721195810729508,0.18482976809625695,0.12724497244924513,0.9214787982361642,0.5657267030521242]}
{"id": 7, "drone": 5, "position":(41.666666666666664,41.666666666666664,1.0), "time":432.0068659261732,"sensors":[5,43,30,0,13],"power":[0.0510793449020061,0.712554552111788,0.04065335881444134,0.036251444202550824,0.339670956474013]}
{"id": 8, "drone": 5, "position":(25.0,25.0,1.0), "time":265.54150457613633,"sensors":[30,28,36,8,19,29,11,20],"power":[0.019877798333801208,0.06243654789855573,0.08247183813032256,0.15,0.2903160938060953,0.028701112023499713,0.06076558031532301,0.06641137597755231]}
{"id": 9, "drone": 8, "position":(41.666666666666664,33.333333333333336,1.0), "time":166.46536135003691,"sensors":[43,10,30,28,0,22,13,29,20],"power":[0.017787952355887055,0.07484727729444292,0.06601033808871763,0.020682480277081784,0.15586679436656833,0.06743819820568935,0.026314589315372942,0.013098554047324436,0.011533624002886603]}
{"id": 10, "drone": 8, "position":(41.666666666666664,25.0,2.0), "time":562.1710421431537,"sensors":[10,30,28,45,0,22,29,16,41,31,1],"power":[0.6533757922282408,0.11628413906227505,0.08127124042454781,0.05413286421598971,0.41233478802784274,0.24066879132784522,0.180787893166168,0.07920997205291189,0.14024985746812843,0.06631240923369887,0.13069331325485928]}
{"id": 11, "drone": 0, "position":(8.333333333333334,41.666666666666664,4.0), "time":1231.3884303431958,"sensors":[33,35,7,40],"power":[0.12632810384799098,0.20675934791861134,0.2701406178103055,0.2241805443721695]}
{"id": 12, "drone": 7, "position":(8.333333333333334,41.666666666666664,1.0), "time":194.79634365230436,"sensors":[33,35,7,40,23],"power":[0.023671896152008997,0.038814433258993405,0.053163816376853065,0.042972935958181656,0.0138427170050136]}
