LP RESULTS :
 Obj = 0.1*lambda1+0.9*lambda2 = 135.01525478579194 (lambda1 = 1332.1525478579192, lambda2 = 2.0) Resol time = 562 ms

{"id": 0, "drone": 1, "position":(16.666666666666668,41.666666666666664,1.0), "time":519.3555139826585,"sensors":[49,7,32,27,6,40,41,30,1,22,25,2,43,46],"power":[0.6523650801656866,0.05485731268816706,0.8927687533691818,0.04231342812631819,0.07135578923434177,0.19681374650570782,0.11541282318793863,0.05447136127574452,0.06898620806940915,0.0740354578238196,0.1021706222602391,0.1161476027454726,0.2959817771323257,0.5498784425712876]}
{"id": 1, "drone": 1, "position":(8.333333333333334,41.666666666666664,1.0), "time":503.6183450654528,"sensors":[49,48,32,6,41,10,22,25,2,43,46],"power":[0.13035547054555613,0.14156064854009356,0.23252715003792848,1.13788751852125,0.03441791689647512,0.15,0.0631177706576711,0.04940444129797932,0.0478232479007816,0.07768521956996072,0.12891517696583957]}
{"id": 2, "drone": 4, "position":(25.0,8.333333333333334,1.0), "time":595.0763913539483,"sensors":[11,3,29,23,24,20,37,39,36,31,9,18],"power":[0.7109765211260212,0.15,0.4058534719330747,0.4563390070310283,2.1083649362413013,0.5428687012156758,0.04530627452760695,0.08619633006026646,0.07482174106908528,3.0437355795656567,0.23214020129352628,0.22117624616156661]}
{"id": 3, "drone": 4, "position":(8.333333333333334,25.0,1.0), "time":185.18360221154245,"sensors":[27,47,4,44,13,22,25,0,5],"power":[0.03442004148795589,0.03551943453683386,0.04140620363138619,0.027165217697131084,0.28972899632686455,0.0387752529227855,0.021155854072611648,0.047848868513602684,0.22400759400723172]}
{"id": 4, "drone": 5, "position":(8.333333333333334,16.666666666666668,1.0), "time":1092.5330847973742,"sensors":[47,4,44,13,0,5],"power":[0.298702559591428,7.012865645144775,4.633030750272469,0.23478543749203046,0.097002696009348,0.6365198958474005]}
{"id": 5, "drone": 5, "position":(41.666666666666664,25.0,2.0), "time":106.04417602296365,"sensors":[26,38,42,12],"power":[0.010786183433897202,0.01123942886652499,0.011002640450261931,0.01226432759273827]}
{"id": 6, "drone": 6, "position":(33.333333333333336,41.666666666666664,1.0), "time":206.81765673382324,"sensors":[7,40,21,34,26,8,30,16,1,42],"power":[0.09356565286106194,0.023700783757676612,0.04745205620523651,0.013340432739845556,0.04917311436610495,0.05243779461743468,0.11012795221215413,0.017767071034699346,0.07241779753589296,0.025665607920646906]}
{"id": 7, "drone": 6, "position":(41.666666666666664,8.333333333333334,2.0), "time":695.5861196230766,"sensors":[35,29,38,45,14,15,28,36,12,9,18],"power":[1.4758009872066506,0.06548239380495015,0.06877083528449625,0.1621568105787714,0.391453280237109,0.7334110259229707,1.021071860014072,0.12000047015879226,0.17539870722737771,0.07928796675891137,0.06501276190160396]}
{"id": 8, "drone": 7, "position":(25.0,25.0,1.0), "time":12.945823968108243,"sensors":[17,27,47,20,37,42,39,25],"power":[0.07904602595213718,0.0020729572431855145,0.0013563094399500506,9.235004685152061E-4,0.012675431594543152,0.0023393153275568413,0.0017173669259485358,0.0011985063141029017]}
{"id": 9, "drone": 7, "position":(33.333333333333336,25.0,1.0), "time":289.0267707599592,"sensors":[17,26,37,42,39],"power":[0.05354578471602847,0.023778917261913817,0.061224682469917774,0.11226018906496227,0.05492292965548946]}
{"id": 10, "drone": 2, "position":(8.333333333333334,33.333333333333336,1.0), "time":36.93465122368993,"sensors":[49,48,32,27,6,13,22,25,0,43,5],"power":[0.007670242916246403,0.00843935145990643,0.006809884961845633,0.00696311118382408,0.010517678957857338,0.006391822350184736,0.02288969148215119,0.008849767404964435,0.005148435477049313,0.006868879868063885,0.0034826160136869886]}
{"id": 11, "drone": 8, "position":(25.0,16.666666666666668,1.0), "time":41.49003688089434,"sensors":[11,29,17,47,23,24,20,37,39,31,9,18],"power":[0.0038010449376843867,0.006049423969085019,0.010990834608132943,0.0058607344605564795,0.008930465165806058,0.005696138024310201,0.02774667935433761,0.030793611407932093,0.01510857913863054,0.007488481514437181,0.004495917538519601,0.010865739618259056]}
{"id": 12, "drone": 0, "position":(25.0,41.666666666666664,1.0), "time":1.1141750000186903,"sensors":[49,7,32,40,41,30,1,42,25,2,43,46],"power":[1.4987072316621227E-4,0.0015770344507711283,1.1954732309153006E-4,0.0016853906448785557,1.6925991558622904E-4,0.0017460405229442642,0.0031908178188228423,8.433712713026288E-5,9.023148293668494E-5,1.1713915689558969E-4,1.8644681770285478E-4,1.4508978241190967E-4]}
{"id": 13, "drone": 0, "position":(41.666666666666664,16.666666666666668,5.0), "time":393.6135248950091,"sensors":[35,38,14,39,15,28,12],"power":[0.04120574345384683,0.0699897358489787,0.09926087574498023,0.039698403363280683,0.08647144304132494,0.04897947355110458,0.13085474480335701]}
{"id": 14, "drone": 3, "position":(16.666666666666668,33.333333333333336,1.0), "time":73.0004364064481,"sensors":[49,32,17,27,6,40,1,22,25,43,46],"power":[0.03631606082410621,0.018002754690727204,0.006417354723699891,0.06423046195871633,0.005972804215818799,0.014844548691715389,0.005405176575874525,0.08178363731679901,0.730004364064481,0.10869136831587235,0.0068308016061570465]}
{"id": 15, "drone": 3, "position":(41.666666666666664,41.666666666666664,1.0), "time":730.2639443411731,"sensors":[33,21,34,26,8,19,16],"power":[0.25533800488014197,1.0712391264952539,0.22435927097018207,0.2621840622735933,1.017862035090273,0.15,0.3226343907620333]}
