LP RESULTS :
 Obj = 0.1*lambda1+0.9*lambda2 = 161.51715167638022 (lambda1 = 1597.171516763802, lambda2 = 2.0) Resol time = 5518 ms

{"id": 0, "drone": 7, "position":(41.666666666666664,25.0,1.0), "time":419.58756598705486,"sensors":[47,9,22,8,40,2,31,26,37,0,28],"power":[0.09072394623281556,0.1715887739213836,0.42550535793119243,0.114423625216234,0.04634829869200502,0.10241982789390103,0.09034937003852138,0.10802937465281344,0.03897211685184885,1.1211217011342964,0.11302392030288723]}
{"id": 1, "drone": 7, "position":(25.0,25.0,2.0), "time":1022.958921544752,"sensors":[6,47,33,24,20,32,14,37],"power":[0.1362826519093021,0.13990396850743764,0.24864279290998048,0.15038561695953065,0.07794624318648173,1.7703816237354801,0.24976253187519804,0.3126694900224867]}
{"id": 2, "drone": 1, "position":(8.333333333333334,8.333333333333334,1.0), "time":1251.64126394311,"sensors":[41,5,3,42,39,12,10,44,23,13,46,7],"power":[0.4572771443275553,0.25263192972978593,0.24032256967210838,0.19208226360716898,0.19603334904587966,0.28435364760994747,0.6211033852606967,0.10353862880014587,0.1591627260071504,0.08637091641366285,0.22641518918091796,0.3850530273803179]}
{"id": 3, "drone": 4, "position":(16.666666666666668,25.0,1.0), "time":336.5441512835473,"sensors":[41,5,3,33,39,19,12,24,44,20,32,14,7],"power":[0.02638096439297418,0.04529342862402952,0.053347160641500364,0.23223856002010246,0.030589117424698456,0.0687709738998626,0.03570104128670709,1.1960700826356598,0.03852061025523565,0.23091134120637885,0.10875139434663536,0.03903693945625726,0.026814117394042873]}
{"id": 4, "drone": 5, "position":(41.666666666666664,8.333333333333334,1.0), "time":1177.583950776747,"sensors":[36,2,18,43,1,28,15,16],"power":[0.3366895173352286,0.08605487493718163,0.14999999999999997,0.4592288621273175,0.2296200982882992,0.19911741817216588,6.677031102464932,0.2855646889726849]}
{"id": 5, "drone": 5, "position":(25.0,41.666666666666664,1.0), "time":217.95386058095625,"sensors":[48,6,34,14,27,17,11],"power":[0.6062290801747305,0.07458002848036639,0.024570974497541066,0.039590319204803506,0.5558791722339682,0.19998754406544644,0.15]}
{"id": 6, "drone": 8, "position":(8.333333333333334,41.666666666666664,1.0), "time":1260.6273654802546,"sensors":[35,21,49,30,25,19,45,38],"power":[0.25417229149286596,2.3164532009157184,0.4257956179699746,0.6750937958216403,0.15,0.17467605125267324,0.30224868705828134,0.8328866831560847]}
{"id": 7, "drone": 8, "position":(41.666666666666664,33.333333333333336,1.0), "time":154.6250292319951,"sensors":[9,22,8,40,31,26,34,37,0,29],"power":[0.07741053440422853,0.019188753649070033,0.035576374783766,0.06325499725421387,1.5462502923199508,1.0282762259539917,0.04150967520029941,0.013968738674823204,0.05506014317811732,0.02168004261667097]}
{"id": 8, "drone": 3, "position":(41.666666666666664,41.666666666666664,1.0), "time":1022.9589215447519,"sensors":[9,40,31,26,34,4,29],"power":[0.07790845476498275,0.1888112709957632,0.2192120102562523,0.18310426992275697,0.26188114986511407,0.15,2.6316031903866977]}
{"id": 9, "drone": 3, "position":(25.0,8.333333333333334,5.0), "time":336.5441512835473,"sensors":[23,13,1],"power":[0.08174285301645139,0.0809194966580178,0.033542210453977095]}
{"id": 10, "drone": 6, "position":(8.333333333333334,16.666666666666668,1.0), "time":8.986101537144577,"sensors":[41,5,3,39,12,10,24,44,20,23,46,7],"power":[0.012446514200226681,0.0034753559564290387,0.007246364286039399,0.030223530371636335,0.07042206565952414,6.354352813840176E-4,8.35782200080848E-4,0.007940760944618487,0.0024952861425575966,6.253736567430248E-4,0.01118285099458471,0.0032266627908049184]}
