LP RESULTS :
 Obj = 0.1*lambda1+0.9*lambda2 = 143.24690322237294 (lambda1 = 1414.469032223729, lambda2 = 2.0) Resol time = 634 ms

{"id": 0, "drone": 6, "position":(41.666666666666664,25.0,1.0), "time":407.2116705388941,"sensors":[8,21,4,7,46,35,38,11,40,34,47,12,2,31],"power":[0.17560779833568324,0.3167705312864568,0.10250224253248313,0.03144194174449843,0.13859206436336913,0.05300597847662708,0.03933320267669136,1.7912023553261613,0.2808358564154223,0.052530966530462984,0.06268259500554939,0.037198768596879456,0.1515087037304687,0.08114813244791558]}
{"id": 1, "drone": 6, "position":(8.333333333333334,8.333333333333334,1.0), "time":466.7595734549984,"sensors":[45,24,14,15,1,36,39,28,9,42],"power":[0.0923533247679036,0.1294471985783472,0.12517248488888752,0.03450663092755321,0.08666548216790047,0.10769357074876608,0.07193230024595558,0.30725696986313455,0.034147497390151,0.05109865847921859]}
{"id": 2, "drone": 0, "position":(8.333333333333334,25.0,4.0), "time":447.5745185356708,"sensors":[44,48,18,15,16,30,42],"power":[0.1084350508744287,0.05526867279152208,0.12799099889861698,0.12599393168217848,0.04828109685978424,0.06636951916774696,0.07044452428768247]}
{"id": 3, "drone": 0, "position":(41.666666666666664,16.666666666666668,1.0), "time":286.508187976342,"sensors":[8,21,4,46,35,38,11,40,34,22,10,43,31,27],"power":[0.02664578256381351,0.03431714832858973,0.047497757467516874,0.04189675559231947,0.018430910312689123,0.12713496630881582,0.046754844189723234,0.17024131069909756,0.03367936040042457,0.018506959482851977,0.048476884926738704,0.07020591302498075,0.08052018637047825,0.05148827385691441]}
{"id": 4, "drone": 7, "position":(41.666666666666664,8.333333333333334,4.0), "time":309.4639744503442,"sensors":[23,6,38,17,22,33,10,43,27],"power":[0.057516884523755356,0.03126402832157852,0.05862648156778781,0.05734165509142324,0.02379008554303847,0.031151169366638413,0.08824609780921927,0.058693450984627145,0.04655144029838943]}
{"id": 5, "drone": 7, "position":(41.666666666666664,8.333333333333334,1.0), "time":410.14342689223537,"sensors":[23,6,38,40,17,22,33,10,43,31,27],"power":[0.09346658588590938,0.04894455887554082,0.09645966691630746,0.029538267259709802,0.09265834490857676,0.03847313493961389,0.04921362964799107,0.15773339349871382,0.09618673903599653,0.02847359342581332,0.07380205970011951]}
{"id": 6, "drone": 3, "position":(41.666666666666664,41.666666666666664,1.0), "time":973.0038317006138,"sensors":[7,41,49,29,37,12,2],"power":[0.7503214018487689,0.10496809447749204,0.14791771157776576,0.17459728664505436,0.15,0.3507858609104738,0.11497146172139919]}
{"id": 7, "drone": 3, "position":(8.333333333333334,16.666666666666668,2.0), "time":158.02307984314243,"sensors":[45,24,14,18,15,1,39,28,42],"power":[0.03254168119951591,0.013714459687663392,0.03712747069697038,0.013999124204441727,0.06789312807951911,0.03870009169217401,0.03636308415277879,0.052111465823942535,0.060207201231479324]}
{"id": 8, "drone": 4, "position":(16.666666666666668,41.666666666666664,1.0), "time":95.56333573062014,"sensors":[20,26,16,3,5,0,25],"power":[0.010978936651120869,0.021973392512166352,0.010845952577810033,0.027769852781845617,0.14283859185953982,0.015281971691992484,0.016157575901119707]}
{"id": 9, "drone": 5, "position":(16.666666666666668,25.0,1.0), "time":32.647885939573484,"sensors":[13,48,18,15,1,16,5,0,30],"power":[0.007957255025112742,0.08197639237698658,0.044338708796457106,0.011460327219627824,0.0038593498391230486,0.014352486607208144,0.002063122059635713,0.004043064282129179,0.16232016410492306]}
{"id": 10, "drone": 5, "position":(8.333333333333334,41.666666666666664,1.0), "time":966.8945136880583,"sensors":[19,44,26,32,3,5],"power":[0.3602233137408247,0.0635727825910266,0.08748754282535012,0.15,0.7690894369184025,0.17601772311785416]}
{"id": 11, "drone": 1, "position":(33.333333333333336,8.333333333333334,1.0), "time":1.14177236591361,"sensors":[6,38,34,22,33,10,9,43,31,27],"power":[5.99000165347105E-4,3.44847634354842E-4,7.646770265691884E-5,0.001062822239051843,0.0011989270316370528,0.0026736325667169555,8.733442478192064E-5,7.221211218159593E-4,1.2309183228985588E-4,0.0010407199432659363]}
{"id": 12, "drone": 1, "position":(8.333333333333334,8.333333333333334,5.0), "time":342.1118603899173,"sensors":[45,24,14,1,36,39,28,42],"power":[0.050228772836877565,0.06692828219885924,0.06491176293672231,0.048979379573336125,0.0564315567957986,0.04170461560126564,0.10166954709421863,0.029444840955707274]}
{"id": 13, "drone": 8, "position":(25.0,8.333333333333334,4.0), "time":407.2116705388939,"sensors":[24,6,1,22,33,10,9,43,27],"power":[0.054928956619273876,0.06919241263753347,0.03893833108319125,0.13717865370205456,0.09190161479470246,0.04491972366316334,0.14492465483277542,0.04095382042452114,0.057230939081038455]}
{"id": 14, "drone": 8, "position":(25.0,41.666666666666664,1.0), "time":352.0111828050504,"sensors":[20,41,26,49,29,16,5,0,25],"power":[0.14768833072129198,0.17680812024717454,0.04053906466248351,0.07046553098194087,0.06361557889835634,0.02265973081308165,0.06933622586058898,0.08118297897998672,0.1299221747409379]}
{"id": 15, "drone": 2, "position":(25.0,25.0,1.0), "time":309.4639744503439,"sensors":[8,21,13,35,48,18,15,16,34,47,0,30,31],"power":[0.02897669670128969,0.023847902144847836,1.2856851198926313,0.11787194211536195,0.09230029846686938,0.03372077795177603,0.020097710433167448,0.05386073314211592,0.07878538759129558,0.0873174049944506,0.054492419562882484,0.08110661612590912,0.034290668717127055]}
{"id": 16, "drone": 2, "position":(33.333333333333336,41.666666666666664,2.0), "time":34.25352998422119,"sensors":[20,7,41,49,29,12,0,2,25],"power":[0.006113622009983066,0.007889323797863642,0.048254427555309606,0.02459270134053747,0.03150206463575955,0.009323695725970802,0.0022495361462058845,0.0025255911870627167,0.003920249357942341]}
