LP RESULTS :
 Obj = 0.1*lambda1+0.9*lambda2 = 122.11914633939999 (lambda1 = 1203.1914633939998, lambda2 = 2.0) Resol time = 565 ms

{"id": 0, "drone": 1, "position":(16.666666666666668,41.666666666666664,1.0), "time":264.03467877728446,"sensors":[3,0,19,31,22,7,29,46],"power":[0.023516872648149646,0.0862717402641007,0.06023350896864339,0.019043795647694952,0.10687721135248786,0.0853550141022002,0.016783617939846986,0.03683877582850205]}
{"id": 1, "drone": 1, "position":(33.333333333333336,25.0,1.0), "time":486.48939643391645,"sensors":[12,13,27,31,16,25,32,6],"power":[0.032196174722271154,0.0901814906150883,0.2513581517798334,0.060025474870820855,0.1486190632756303,0.07974003260929341,0.20262753019007018,0.06924061557613077]}
{"id": 2, "drone": 2, "position":(8.333333333333334,8.333333333333334,1.0), "time":715.9169259983751,"sensors":[2,9,44,26,34,28,39,21,4],"power":[0.07222930304319672,0.4025748224900034,0.0848775534122247,0.3225577685085523,7.15916925998375,0.09885451310020513,0.15,0.21820496908869624,0.1075383381857709]}
{"id": 3, "drone": 2, "position":(8.333333333333334,16.666666666666668,1.0), "time":152.64052901953096,"sensors":[47,9,23,44,34,28,21,29,4],"power":[0.016936721993352652,0.029459340686412185,0.053197844933125536,0.30495149741840527,0.029758741623581587,0.01901026180089877,0.026683058784985392,0.01100144244618891,0.6254708566102396]}
{"id": 4, "drone": 4, "position":(41.666666666666664,16.666666666666668,4.0), "time":334.6340083760938,"sensors":[24,13,30,15,41,49,11,27,5,18,1],"power":[0.07865773738484351,0.06541483445609746,0.07810215144899395,0.08314726054912287,0.12571522067492522,0.024948025951678204,0.15829450903297254,0.07683104781980118,0.1784660301895918,0.026160357513160724,0.07005349913663725]}
{"id": 5, "drone": 4, "position":(25.0,33.333333333333336,1.0), "time":15.825189842918709,"sensors":[3,0,19,31,16,25,37,7,32,6,46],"power":[0.005206591994071687,0.004660963990186777,0.0032780372749835547,0.07183628807745587,0.002108201706604431,0.00689158074295005,0.001086987539859774,0.001132029066715499,0.0034227310105857892,0.04714064053856422,0.0011042545172879194]}
{"id": 6, "drone": 6, "position":(41.666666666666664,41.666666666666664,1.0), "time":667.099429145252,"sensors":[42,17,10,20,16,37,40,43,8],"power":[0.19479365075914332,0.2760587860719034,2.9637465777364804,0.29583990030794377,0.06317495812683575,0.19587888249734697,0.15,0.19417664248299263,0.37608431206056275]}
{"id": 7, "drone": 6, "position":(25.0,16.666666666666668,1.0), "time":10.32423480605826,"sensors":[38,2,12,28,25,48,32],"power":[6.614278178220589E-4,0.0014145736582736566,0.03822104167227687,0.0022818806262445636,0.0011551829300364275,0.0010315633690411912,0.0018572674908633395]}
{"id": 8, "drone": 5, "position":(8.333333333333334,25.0,1.0), "time":209.44604672543596,"sensors":[47,23,44,19,36,29,4],"power":[0.06293477619945945,0.31552029949175875,0.08534466682685442,0.021778124582819833,0.04041159225243384,0.11067604543656459,0.06397115685986442]}
{"id": 9, "drone": 8, "position":(8.333333333333334,33.333333333333336,1.0), "time":518.527296596366,"sensors":[47,0,23,19,36,29],"power":[0.07012850180718788,0.0743131713256443,0.061128738895953896,0.11684098801753581,0.10958840774756615,0.40346104177073416]}
{"id": 10, "drone": 7, "position":(41.666666666666664,8.333333333333334,1.0), "time":844.5840813275738,"sensors":[24,30,15,41,49,11,5,33,14,48,18,35,1],"power":[0.20472108017789295,0.10468197885651875,0.6739120680653499,0.09465507164247407,0.7864505503835018,0.12975435218021625,0.5134725103590397,0.2730257240415078,0.38020698188098756,0.13827514783580727,0.40427071042182283,0.15,0.1823759991796944]}
{"id": 11, "drone": 3, "position":(25.0,41.666666666666664,1.0), "time":161.5808034800818,"sensors":[3,0,19,31,22,37,7,6,8,46],"power":[0.123722328544788,0.02876385542953672,0.015827691830598397,0.024393445718572004,0.04312278864751213,0.026541615389253717,0.08079619691320851,0.021116387351317736,0.014032284315797242,0.11205696965421001]}
{"id": 12, "drone": 3, "position":(25.0,8.333333333333334,1.0), "time":324.30977357003553,"sensors":[38,2,12,28,33,48,45],"power":[0.18647030556729594,0.1858973047544106,0.07138248822355285,0.07687449306435692,0.021123864730045273,0.09124899222200175,0.14699514292395746]}
{"id": 13, "drone": 0, "position":(25.0,25.0,1.0), "time":33.77744797191263,"sensors":[0,12,19,27,31,16,25,32,6],"power":[0.0029667423337212486,0.006478659769453511,0.0029786329072124377,0.0021417194120386526,0.010373737576031473,0.0029801797575151863,0.06221320371772002,0.07628192039131103,0.012502356533986276]}
{"id": 14, "drone": 0, "position":(33.333333333333336,8.333333333333334,1.0), "time":23.97337369033221,"sensors":[38,2,12,15,49,5,33,14,48,18,45],"power":[0.003078050348655553,0.0015160746773182356,0.0017216356124456088,0.011213432166968226,0.0031619048369380624,0.003774707553790619,0.008471166753249404,0.00198908194938694,0.12110309973869703,0.0015462550384525361,0.0030048570760425287]}
