LP RESULTS :
 Obj = 0.1*lambda1+0.9*lambda2 = 220.19280585550956 (lambda1 = 2183.9280585550955, lambda2 = 2.0) Resol time = 201 ms

{"id": 0, "drone": 1, "position":(25.0,8.333333333333334,1.0), "time":728.3322110922403,"sensors":[30,0,27,5,20,31,36,2,7],"power":[0.7602217831221354,0.973899579657418,0.07436748345111166,0.08065874603254088,0.07416258310897704,0.1654063774277927,0.0739795813341873,0.12351402803076986,0.13890597183158274]}
{"id": 1, "drone": 2, "position":(8.333333333333334,33.333333333333336,1.0), "time":369.3331950218795,"sensors":[34,25,3,6,47,45,13,28,42,26],"power":[0.09390302997586888,0.08963962669251961,0.3525894255248005,0.6150319997068618,0.029574550721276408,0.09986220185345455,0.05171587176731189,0.15305396738057148,0.05462913713843068,0.057763750362636195]}
{"id": 2, "drone": 2, "position":(16.666666666666668,25.0,1.0), "time":1.0717762869360208,"sensors":[32,25,3,46,45,13,11,20,42,22,18,49],"power":[3.708636197715278E-4,3.4237090665153585E-4,7.779997794531154E-5,2.45423183802993E-4,1.1528939207820373E-4,3.0020459101001213E-4,3.288412574508513E-4,2.4290291159619306E-4,2.042641522759044E-4,3.2232039171110584E-4,1.7691169642413483E-4,0.0021976014296880087]}
{"id": 3, "drone": 0, "position":(41.666666666666664,41.666666666666664,1.0), "time":621.1955370803004,"sensors":[24,8,39,40,10,48,21],"power":[0.2557323176266292,3.2487757332041594,6.211955370803004,0.7104395137585766,0.15,0.4643557338980181,0.06494138484528801]}
{"id": 4, "drone": 3, "position":(41.666666666666664,33.333333333333336,1.0), "time":667.3031001153828,"sensors":[41,14,24,8,39,40,48,21],"power":[0.13959464685702425,0.1371619815442085,0.20373888369253745,0.11231785445581577,0.14184312011790554,0.07179559667889203,0.16918359272500394,0.6233757062172722]}
{"id": 5, "drone": 7, "position":(41.666666666666664,25.0,1.0), "time":621.8507571112,"sensors":[41,43,14,9,5,21],"power":[0.17486996344430983,0.15,0.10083268348448794,0.09176761385631416,0.05156368221208459,0.2309070236852835]}
{"id": 6, "drone": 8, "position":(8.333333333333334,16.666666666666668,1.0), "time":787.228732693749,"sensors":[25,16,46,47,23,45,13,11,20,22,49,44],"power":[0.14480097320093288,0.2965587642143702,0.9112499326570186,0.12042544927872359,0.26092176124276073,0.10965617449675677,0.24598642738828488,0.39148107284603545,0.14845177214079291,0.27498738007433204,0.10192053572512523,0.28197409059372813]}
{"id": 7, "drone": 6, "position":(25.0,25.0,5.0), "time":281.4043648994027,"sensors":[32,19,20,31,42,22,18,49,2],"power":[0.09078438225358598,0.01859571884610763,0.023955689628003197,0.03218899699552177,0.026115066479335175,0.01795446963511397,0.15613796924978135,0.04588186284518677,0.029278463264685146]}
{"id": 8, "drone": 6, "position":(8.333333333333334,41.666666666666664,1.0), "time":636.689300987465,"sensors":[34,3,35,33,6,15,28,42,26],"power":[0.0560969700241311,0.2592880304097976,0.21856308139839165,0.22266270387869086,0.24748179789111097,0.15,1.0246439926322992,0.04775333480680551,0.14415976756608895]}
{"id": 9, "drone": 4, "position":(25.0,33.333333333333336,1.0), "time":895.4294213594123,"sensors":[32,17,24,19,42,18,26],"power":[0.3771070909207017,0.37397306240943745,0.06571811150438238,0.886014057896604,0.28658914229379695,0.2245401880157117,0.11704170789722022]}
{"id": 10, "drone": 4, "position":(8.333333333333334,8.333333333333334,1.0), "time":385.8909735827674,"sensors":[16,46,27,23,11,20,22,44,4],"power":[0.04673043194119564,0.04147866601053886,0.07563251654888835,0.09164140675578121,0.0370615333261723,0.033893234367995684,0.03683810499153708,0.9252500492336779,0.17849136524532383]}
{"id": 11, "drone": 5, "position":(41.666666666666664,8.333333333333334,1.0), "time":769.5681226753635,"sensors":[1,30,29,9,12,38,5,37,36],"power":[0.15,0.04871441823483314,2.0620647512512487,0.10766917899062599,0.34549494409355397,0.13538288558711856,0.08936744531599879,3.4022284706233834,0.14538882200544892]}
{"id": 12, "drone": 5, "position":(33.333333333333336,8.333333333333334,1.0), "time":64.17696767629174,"sensors":[30,0,29,12,38,5,37,31,36,2,7],"power":[0.03288543971369453,0.006897997827992593,0.02438990269579998,0.004750609812260778,0.014617114412881438,0.017721005640130443,0.014399825483749207,0.012099457725803866,0.024706988526644404,0.014395919054341936,0.01109402816841726]}
