LP RESULTS :
 Obj = 0.1*lambda1+0.9*lambda2 = 126.60598983667613 (lambda1 = 1248.0598983667612, lambda2 = 2.0) Resol time = 8751 ms

{"id": 0, "drone": 2, "position":(33.333333333333336,41.666666666666664,1.0), "time":447.1737084858836,"sensors":[29,23,33,0,24,49,12,6,5,40,47,46,39],"power":[0.07784005855166176,0.15410026821364686,0.10116535105736003,0.08474608039339779,0.09273499775543348,0.03040878578048495,0.04823216754570746,0.04402389751742182,0.031497963547193246,0.09908757038213248,0.06457908422128504,0.041229511918606,0.1274641640001841]}
{"id": 1, "drone": 2, "position":(16.666666666666668,16.666666666666668,1.0), "time":0.3835662269092659,"sensors":[30,32,14,22,17,4,36],"power":[0.0021709735456243856,5.092680892423616E-5,4.132579997575426E-5,1.3223347187467295E-4,1.172115977460603E-4,8.394644662870692E-5,3.575550897395927E-4]}
{"id": 2, "drone": 3, "position":(8.333333333333334,16.666666666666668,1.0), "time":59.16385613330546,"sensors":[30,32,4,36,31],"power":[0.01680612608652912,0.01192558888176637,0.5916385613330546,0.05048585511943039,0.0038831187149339806]}
{"id": 3, "drone": 3, "position":(41.666666666666664,41.666666666666664,1.0), "time":769.0186732733022,"sensors":[29,23,28,13,0,8,16,24,37,49,12,5],"power":[0.1683720868904472,0.08358736925598816,0.15,0.06528391838143478,0.12492859299246009,0.0827825269587786,0.14700807906155816,1.1864530639315272,0.10409565860992237,0.3145083617210001,0.29345853263125343,0.3585581886714481]}
{"id": 4, "drone": 6, "position":(16.666666666666668,41.666666666666664,1.0), "time":670.3840343802253,"sensors":[33,6,40,19,2,47,39],"power":[0.13884674487508766,0.14289344329328385,0.04580415218289078,1.8132521973487212,0.05026282433323267,0.1674290859859686,0.10907088598004176]}
{"id": 5, "drone": 6, "position":(25.0,41.666666666666664,1.0), "time":17.883595769270507,"sensors":[23,33,6,40,19,47,39],"power":[0.002975337083116499,0.17883595769270508,0.007178773127831009,0.005108277434976758,0.003638777407754156,0.026343529090616127,0.07941757052998606]}
{"id": 6, "drone": 7, "position":(41.666666666666664,8.333333333333334,1.0), "time":914.0941085549437,"sensors":[27,42,48,44,11,45,41],"power":[0.08044107923780824,0.23319652325852988,0.3133978240525479,0.2175850790081144,0.5493161876926566,0.13071774988568077,0.3580570085704808]}
{"id": 7, "drone": 7, "position":(41.666666666666664,33.333333333333336,1.0), "time":13.983920838304943,"sensors":[3,23,15,21,26,18,13,8,16,10,24,37,49,5,7,38,46,34,1],"power":[0.0014964645672104757,0.00220965302350622,0.004860429286362535,0.0013794960120306987,0.0021948390514611193,0.0041587707226438675,0.009660511929244579,0.02397297912020036,0.002991920938441861,0.0015606122913206925,0.007724658362769985,0.02074005888975875,9.921229322921662E-4,0.004871385634133682,0.005614940809759436,0.0028793548010544678,0.0024783362830830486,0.001805657768878671,0.001942377341518188]}
{"id": 8, "drone": 8, "position":(8.333333333333334,33.333333333333336,1.0), "time":17.88359576927047,"sensors":[2],"power":[0.03386082506976168]}
{"id": 9, "drone": 4, "position":(16.666666666666668,8.333333333333334,1.0), "time":617.6461717934947,"sensors":[30,32,35,14,22,43,17,4,36,31],"power":[0.13102290036784653,0.22478103876841932,0.1640206820810476,0.2512447541278182,0.1368511468859627,0.16499805811123455,0.32975062575268765,0.062147249878966734,0.09915658979083,0.1704817759452358]}
{"id": 10, "drone": 4, "position":(33.333333333333336,8.333333333333334,1.0), "time":55.17493519611733,"sensors":[27,42,48,11,45,35,14,22,17,41],"power":[0.030565841131255735,0.11220565088386387,0.02316067378061435,0.04360709708992333,0.03826686278685336,0.004553745653941733,0.006040190451607885,0.004715590808144648,0.004138130731755846,0.01507681234244641]}
{"id": 11, "drone": 0, "position":(41.666666666666664,25.0,3.0), "time":333.9657898118176,"sensors":[3,15,25,21,26,44,18,13,8,10,37,7,38,46,34,1],"power":[0.048869898614429655,0.19453001977056048,0.07593625974176633,0.24816455825535877,0.1896524346472871,0.02706971275073495,0.31507057393446103,0.12459227975118023,0.11989592481877323,0.10635128264203246,0.08160079423313682,0.36088579494841555,0.1640866541980668,0.04724568351219182,0.24364570090445342,0.08629099462571978]}
{"id": 12, "drone": 5, "position":(25.0,25.0,5.0), "time":452.9364792307549,"sensors":[3,25,10,22,38,46,1],"power":[0.08605105856684084,0.04928124474948337,0.04092496348007745,0.04016319457372235,0.0307970256657951,0.05904646828611912,0.05395522427171694]}
{"id": 13, "drone": 1, "position":(33.333333333333336,16.666666666666668,4.0), "time":121.91874591948499,"sensors":[27,42,48,3,15,25,21,11,45,10,22,38,34,1],"power":[0.038993079630936005,0.03456877406207919,0.04014418367730754,0.013582578251519014,0.008648527888206983,0.04041093276955832,0.011648869528351763,0.02680711395040965,0.05941554200754735,0.026383093701006274,0.011749815755011038,0.014437596964300942,0.007776676273319257,0.017782491396367166]}
{"id": 14, "drone": 1, "position":(8.333333333333334,41.666666666666664,1.0), "time":559.7922682172655,"sensors":[20,9,19,2],"power":[0.1564456942685052,0.15000000000000002,0.11278393874707127,0.06587635059700565]}
