LP RESULTS :
 Obj = 0.1*lambda1+0.9*lambda2 = 131.1980391182332 (lambda1 = 1293.9803911823317, lambda2 = 2.0) Resol time = 1575 ms

{"id": 0, "drone": 4, "position":(41.666666666666664,16.666666666666668,1.0), "time":262.3647129647461,"sensors":[25,2,32,23,35,0,27,20,15,13,5,36,29],"power":[0.017958796933515597,0.1909612546222896,0.06958886300675773,0.046569672712861485,0.3690058306168089,0.01970387009312858,0.060738333009263464,0.06793742771485312,0.03719296552959274,0.22405804290868322,0.06454068735120243,0.05704611091511249,0.043548611034218775]}
{"id": 1, "drone": 4, "position":(25.0,25.0,1.0), "time":318.5476814688968,"sensors":[39,0,21,46,19,20,34,45,17,6],"power":[0.03925707102100015,0.05094118838893894,0.07754174864060678,0.08209966519130055,0.16170031039938393,0.03657611737447762,0.04360139625553901,0.03665274864637095,1.4413823572116402,0.0377468173130118]}
{"id": 2, "drone": 2, "position":(25.0,41.666666666666664,5.0), "time":443.17168021702395,"sensors":[41,40,10,9,45,37,33,18,6,30],"power":[0.17896537769905227,0.029000668354348728,0.0344050716461521,0.12640896691416378,0.06767330431920304,0.046452217568114726,0.04115616087697744,0.0404542910171047,0.117565486145613,0.06899678862591431]}
{"id": 3, "drone": 2, "position":(16.666666666666668,25.0,1.0), "time":480.72548216953635,"sensors":[39,21,34,48,17,24],"power":[0.4587593042017911,4.807254821695364,0.5547300417235871,0.1456622249923972,0.1468199138176563,0.08569231606843726]}
{"id": 4, "drone": 1, "position":(33.333333333333336,41.666666666666664,1.0), "time":39.80089500848917,"sensors":[7,16,41,10,28,9,4,45,33,18,6,30],"power":[0.005321791915502689,0.013157510819253433,0.008413576899494174,0.021659259921929973,0.01027051802344709,0.002794310277854143,0.0039086290319373645,0.01068132758059033,0.05872574749728135,0.012962337099955182,0.00718584696587276,0.013651075223533187]}
{"id": 5, "drone": 1, "position":(41.666666666666664,25.0,1.0), "time":443.171680217024,"sensors":[2,32,35,0,46,28,27,19,20,1,13,29],"power":[0.04129033923395955,2.098838533300369,0.1012526319700529,0.11327502061336991,0.0670370314634605,0.04923585980046356,0.06552599021160152,0.04724215985052768,0.10982772174785833,0.16611654082672928,0.03422146638822383,2.376848050529079]}
{"id": 6, "drone": 7, "position":(33.333333333333336,33.333333333333336,1.0), "time":2.103124803499025,"sensors":[16,32,0,46,10,28,19,20,45,33,17,1,6,29],"power":[4.1110227582088235E-4,2.0978531530615883E-4,7.416028052579245E-4,8.633033452388945E-4,1.4571686034718938E-4,0.005493659013202046,4.505829651298758E-4,1.5600479063533209E-4,0.0030024630100415227,7.47101948101799E-4,1.7458710254394382E-4,2.750508203216205E-4,5.23664615560781E-4,2.3770069467104297E-4]}
{"id": 7, "drone": 7, "position":(8.333333333333334,8.333333333333334,3.0), "time":756.0847328276836,"sensors":[12,44,49,31,24,26,3],"power":[0.6450679060977649,0.3038495204167068,0.6481326826100173,0.0668387542644743,0.11608740296634722,0.503442171910695,0.5535498008954638]}
{"id": 8, "drone": 3, "position":(41.666666666666664,8.333333333333334,1.0), "time":338.62160972834556,"sensors":[25,2,23,35,27,15,13,5,36],"power":[0.069341625699675,0.12340606873851584,0.16549010627208335,0.05248934123979755,0.023735676779135004,0.07805668479257233,0.3175761669135448,0.3545784218095033,0.0929538890848875]}
{"id": 9, "drone": 3, "position":(41.666666666666664,41.666666666666664,2.0), "time":318.5476814688968,"sensors":[7,16,10,28,11,4,33,18,1,30],"power":[0.1735275477407754,0.41429669780964434,0.07828172603860833,0.05194595873136244,0.05735096458960947,0.09197984617723198,0.09528513923069293,0.04308869448588388,0.03628712142065128,0.02608431630474499]}
{"id": 10, "drone": 0, "position":(25.0,8.333333333333334,1.0), "time":443.1716802170239,"sensors":[25,42,23,44,15,31,38,5],"power":[0.09238516299049844,0.4968734795209032,0.04693251210348148,0.04504260283531534,0.0834915077804784,0.06633518651475276,0.09539225564887475,0.029353753618469206]}
{"id": 11, "drone": 0, "position":(8.333333333333334,33.333333333333336,1.0), "time":49.7082576625196,"sensors":[43,21,40,22,37,48,8],"power":[0.049086862888871194,0.004499094565746204,0.012575647234253159,0.006119306398152824,0.007604882292976258,0.0043377750076028215,0.040492686439369964]}
{"id": 12, "drone": 6, "position":(16.666666666666668,8.333333333333334,1.0), "time":57.17017618511187,"sensors":[12,42,39,44,49,31,24,26,3],"power":[0.010192116156572643,0.029445209715438105,0.003838779328250135,0.09222419403994057,0.01930784389837106,0.01682605922077293,0.009363082658186644,0.00738611378765108,0.01946369239937599]}
{"id": 13, "drone": 6, "position":(33.333333333333336,8.333333333333334,1.0), "time":249.82238827221602,"sensors":[25,2,42,23,35,20,15,13,38,5],"power":[1.0321160887845426,0.06897984399783871,0.023762242592123808,0.4177825385341879,0.0321594749542367,0.019578812074852348,0.8969022526914584,0.045440142801115455,0.05460774435112524,0.147808650009299]}
{"id": 14, "drone": 5, "position":(8.333333333333334,41.666666666666664,1.0), "time":801.1004533027879,"sensors":[47,43,40,22,14,9,37,8],"power":[0.2090590289860115,0.1009131371111288,0.49325968194159153,0.6289469682503696,0.4157699124163254,0.06356366298332221,0.28368358495922913,0.21082718564414235]}
{"id": 15, "drone": 8, "position":(41.666666666666664,41.666666666666664,1.0), "time":490.3570096844227,"sensors":[7,16,10,28,11,4,45,33,18,1,30],"power":[0.31349311321044004,0.8303027188998242,0.12521904265717507,0.08230788911425008,0.09264903541039053,0.14743533569326514,0.031990156443794146,0.15627474445383868,0.06828803794548201,0.056837088085227076,0.04126781984580749]}
