LP RESULTS :
 Obj = 0.1*lambda1+0.9*lambda2 = 181.276809906344 (lambda1 = 1794.7680990634399, lambda2 = 2.0) Resol time = 3985 ms

{"id": 0, "drone": 0, "position":(8.333333333333334,25.0,1.0), "time":776.3064429223666,"sensors":[18,37,20,11,0,31,49,10,36],"power":[0.06112482206732779,0.3208716160930388,0.18272521783855966,0.2231325703860615,0.11958589035087508,0.17552724096243857,0.24786155924010045,0.07923307656725093,0.09663039256085439]}
{"id": 1, "drone": 2, "position":(41.666666666666664,25.0,3.0), "time":945.6337254535501,"sensors":[29,26,35,45,15,7,13,46,22,23],"power":[0.25767063238511884,0.10232559306813026,0.1602083860878046,0.0712064088750661,1.2436434185833027,0.18428970371144227,0.3874551653526165,0.5661908119848469,0.20576387153028403,0.9399881973235577]}
{"id": 2, "drone": 4, "position":(25.0,8.333333333333334,1.0), "time":780.5898548122245,"sensors":[24,16,47,30,3,8,42,5],"power":[0.09053755383307723,0.21968885582076933,0.5069071643558177,0.09789848576136376,0.16752782416213297,0.15,0.4431933037135931,0.08596559802391106]}
{"id": 3, "drone": 4, "position":(25.0,33.333333333333336,1.0), "time":6.062500694321329,"sensors":[29,26,32,44,37,21,35,7,9,4,31,49],"power":[5.067883509496881E-4,0.00121814318895747,5.058977118593245E-4,0.013135427246277245,4.4965798475379067E-4,0.001489838577746585,4.531874768212143E-4,6.127104858975401E-4,0.00173338110217092,0.005798919485679972,7.264536452749504E-4,4.993244603575639E-4]}
{"id": 4, "drone": 7, "position":(41.666666666666664,41.666666666666664,1.0), "time":689.7548363559089,"sensors":[35,45,9,41,25],"power":[0.11944287971527366,0.1854383102643494,0.06793840612299565,0.15,0.28711629630882185]}
{"id": 5, "drone": 1, "position":(8.333333333333334,8.333333333333334,1.0), "time":609.5338337413076,"sensors":[18,34,27,3,28,14,10,1],"power":[0.09544581676787348,0.39647974931373664,0.17163033219637136,0.1344532847346081,0.15340319600432628,0.15,0.3356396090566192,0.20673963019305738]}
{"id": 6, "drone": 5, "position":(25.0,41.666666666666664,1.0), "time":945.6337254535501,"sensors":[32,44,21,48,9,4,38],"power":[0.38978833998343093,0.10980043086231184,0.47240519711311607,0.10913411667572152,0.16398896906162755,0.08380989927208342,0.07752492291755635]}
{"id": 7, "drone": 6, "position":(41.666666666666664,8.333333333333334,1.0), "time":1014.1782442512153,"sensors":[24,19,30,6,17,2,40,33],"power":[0.24754203271022293,0.6075238776877485,0.06510654502541349,0.15269148093874485,0.18009764640888162,0.15,0.1640670063965675,3.875928510824546]}
{"id": 8, "drone": 6, "position":(33.333333333333336,33.333333333333336,1.0), "time":153.31703655965924,"sensors":[29,26,44,35,15,7,9,13,46,4,23],"power":[0.04257207519330551,0.046456263742912215,0.027347147916783658,0.12139411964619104,0.011789058713517712,0.03498114555961578,0.3676140212686982,0.014160171345490156,0.010559188128426456,0.040226206183692936,0.01007853254310544]}
{"id": 9, "drone": 3, "position":(16.666666666666668,16.666666666666668,1.0), "time":404.64441050990763,"sensors":[37,47,3,42,49,10,5],"power":[0.044568002421787524,0.07166410424227734,0.09610556895604819,0.030258041827176875,0.06463186607645326,0.0890352547657479,0.04737848152860413]}
{"id": 10, "drone": 8, "position":(16.666666666666668,25.0,3.0), "time":192.68776077078223,"sensors":[44,37,0,4,31,49,5,36],"power":[0.02858969042091633,0.11899177457197473,0.018780452413008738,0.020164975058543658,0.07150154776418817,0.24230324810119405,0.01665592044748482,0.014001788065983258]}
{"id": 11, "drone": 8, "position":(8.333333333333334,41.666666666666664,5.0), "time":825.773895370291,"sensors":[32,12,21,48,0,39,38,43,36],"power":[0.057646883931733,0.18007022899445793,0.05781896056594636,0.06237983054824118,0.16393820098111767,0.3480257781407095,0.27016653326523565,0.15,0.1955701622164703]}
