LP RESULTS :
 Obj = 0.1*lambda1+0.9*lambda2 = 164.93554193740312 (lambda1 = 1631.3554193740308, lambda2 = 2.0) Resol time = 1224 ms

{"id": 0, "drone": 4, "position":(33.333333333333336,25.0,1.0), "time":161.2588108215657,"sensors":[42,43,7,30,46,26,35,13,40,1,47,15],"power":[0.020375170824939004,0.01889988720574944,0.484606570708256,0.03619089591932409,0.026892960486326008,0.026226992912295948,0.010807153273893696,0.021159874615747348,0.03754379626952258,0.05191891791706953,0.07743869328251092,0.012000681942757307]}
{"id": 1, "drone": 4, "position":(41.666666666666664,16.666666666666668,1.0), "time":531.0219036274905,"sensors":[9,45,41,26,38,13,31,47,3,17,22],"power":[0.1641181199671809,1.4124297313351666,0.05332957654692419,0.05939711881846694,0.15225778073489035,0.09755977352228927,0.05505409627501306,0.04458513064742796,0.9469278776997299,0.13144700085694308,0.06313643775380473]}
{"id": 2, "drone": 8, "position":(41.666666666666664,25.0,1.0), "time":6.970753306422979,"sensors":[9,16,7,30,45,26,13,40,47,3],"power":[0.0018657758924791141,6.662345319600143E-4,9.297034514013078E-4,9.489764876734943E-4,0.0010164483843130333,0.013161020856940637,0.020025515183122584,0.0011772972349184836,5.65405025951701E-4,7.75391340910713E-4]}
{"id": 3, "drone": 8, "position":(8.333333333333334,41.666666666666664,1.0), "time":1256.9437421498717,"sensors":[44,32,0,12,11,18,36,25,14,2,19,10],"power":[0.09706910631785884,0.2693433872037324,0.17597214672430075,0.15,0.6625068826799481,1.5759995613039992,0.3204850875119895,0.16075314968820922,0.1762862121147258,0.4117175370197098,0.37789928568274544,0.140273426401551]}
{"id": 4, "drone": 5, "position":(41.666666666666664,8.333333333333334,1.0), "time":486.6382265569024,"sensors":[4,9,45,41,38,31,3,17,22],"power":[0.06100756096251026,0.03377345412348006,0.14852915611007445,0.7158110480786322,0.16579638660756046,0.3001018414012348,0.2393869618127813,0.09645114330716062,1.073027216397279]}
{"id": 5, "drone": 5, "position":(33.333333333333336,41.666666666666664,1.0), "time":351.20048826330793,"sensors":[24,30,48,46,35,40,27,39],"power":[0.03686234578527747,0.06894102318330023,0.10485011507193948,0.08034549801933195,0.06696875519740209,0.05817202022619643,0.026113286987360176,0.03923378663055699]}
{"id": 6, "drone": 3, "position":(16.666666666666668,33.333333333333336,1.0), "time":155.85530988004035,"sensors":[44,5,0,48,11,18,35,25,14,27,2,39,29,10,15],"power":[0.010393629838223792,0.01285347707434681,0.02775746074979507,0.010201378688075196,0.025468332689929436,0.0276785822207235,0.022702202914140716,0.025515608178384306,0.6589661075907723,0.06252683912688865,0.08346356774255068,0.011738439570567577,0.12484537395792551,1.1343593814037163,0.05106365714855463]}
{"id": 7, "drone": 3, "position":(41.666666666666664,41.666666666666664,1.0), "time":668.6171786484516,"sensors":[24,16,30,6,34,23,40],"power":[0.18702795638218617,0.16642454661694225,0.07679094281419296,0.15,0.19035121354766554,0.14568050762197254,0.08519727272731312]}
{"id": 8, "drone": 7, "position":(8.333333333333334,8.333333333333334,1.0), "time":751.4456591261052,"sensors":[8,20,21,28],"power":[0.09429414830715815,0.14999999999999997,0.17722366842996629,1.0125991299761234]}
{"id": 9, "drone": 7, "position":(25.0,41.666666666666664,1.0), "time":88.9513667281687,"sensors":[0,30,48,11,46,36,35,25,14,27,2,39,10],"power":[0.03018120991445704,0.00661082237867469,0.41905001529734676,0.009165599773965622,0.015407528402375489,0.006661158158893582,0.038453344896650705,0.03169805647286914,0.009924807016903821,0.032741504434107276,0.005879168732398465,0.09902777379887555,0.007065493472587903]}
{"id": 10, "drone": 1, "position":(8.333333333333334,16.666666666666668,1.0), "time":682.9493801571344,"sensors":[5,8,33,28],"power":[0.19506875602127224,0.8305124333567944,0.09788148827955674,0.11381637268088653]}
{"id": 11, "drone": 1, "position":(16.666666666666668,16.666666666666668,1.0), "time":67.3553794748409,"sensors":[49,5,42,43,8,1,37,29,15],"power":[0.010891925805907608,0.03236474484816995,0.01550223847719593,0.016094969753733545,0.006842642046416873,0.005594606321073108,0.007972094426720146,0.005664629463209007,0.005252150331489153]}
{"id": 12, "drone": 2, "position":(41.666666666666664,33.333333333333336,1.0), "time":17.843219233627476,"sensors":[16,7,30,46,26,34,13,23,40],"power":[0.008199558551752554,0.0013402528015829488,0.005246260871984005,0.0019578732676171365,0.007924493256414413,0.00541674320306799,0.004189194084970218,0.004319492378027422,0.007684585626279106]}
{"id": 13, "drone": 2, "position":(33.333333333333336,8.333333333333334,4.0), "time":18.10493994357317,"sensors":[49,4,45,41,38,31,3,37,22],"power":[0.002712313754966842,0.0124620957610625,0.001416369808769047,0.002801868613668359,0.006897810376136149,0.001197944326377984,0.0024308173873972575,0.0037218230343645463,0.0033526980427894316]}
{"id": 14, "drone": 6, "position":(33.333333333333336,33.333333333333336,1.0), "time":336.5136023724867,"sensors":[7,30,48,46,26,35,13,40,1,27,47,15],"power":[0.07826245890565875,1.6952236089168045,0.03586321642596347,0.6036040774983842,0.04329037415588206,0.08720502115425566,0.022869222551820667,0.7127784616635937,0.03437476966628796,0.028618369451643883,0.02452962444973181,0.02292834815098098]}
{"id": 15, "drone": 0, "position":(8.333333333333334,25.0,1.0), "time":129.60500061595036,"sensors":[44,5,8,18,33,14,2,29,10,15],"power":[0.04253726384391735,0.04200580352546623,0.03809873610882045,0.008771257070200896,0.05211851172044327,0.010420386345386574,0.010569638826668252,0.01948999657886545,0.01527056483435893,0.009473390641017833]}
{"id": 16, "drone": 0, "position":(25.0,16.666666666666668,2.0), "time":595.5903492460649,"sensors":[49,5,42,43,4,7,38,1,47,37,15],"power":[0.6085778252210509,0.05221066574090576,0.4392907743738348,1.1640537725139255,0.07653034327642723,0.06849870255199325,0.048543656251554254,0.15566516110898707,0.18569048113414263,0.2741530665907871,0.04928177178520006]}
