LP RESULTS :
 Obj = 0.1*lambda1+0.9*lambda2 = 143.8682381001228 (lambda1 = 1429.682381001228, lambda2 = 1.0) Resol time = 141 ms

{"id": 0, "drone": 2, "position":(25.0,41.666666666666664,1.0), "time":603.4041447425662,"sensors":[36,48,12,33,49,1,44,21,35],"power":[1.6582988420252243,0.15,0.10720836933540093,0.32222674709386184,0.06238415347406558,0.0620290107228981,0.12811239655138684,0.198775316683493,0.11864136603259869]}
{"id": 1, "drone": 3, "position":(41.666666666666664,8.333333333333334,1.0), "time":615.7153202051784,"sensors":[25,29,11,22,26,28,3,42],"power":[0.15,0.17805699801844374,0.05657306187302926,0.427327832126337,0.04923061218996897,0.9631297771911315,0.4823777318742257,0.0513150715302448]}
{"id": 2, "drone": 1, "position":(41.666666666666664,41.666666666666664,1.0), "time":826.2782362586618,"sensors":[15,12,23,0,19,37,2,5,21,14],"power":[1.9466376037525255,0.0714614046211327,0.30560376249303645,0.8232275285903851,0.12324148679603575,0.19977268158095868,0.1256291533350314,0.19743900466950184,0.1009520099863718,0.15]}
{"id": 3, "drone": 0, "position":(16.666666666666668,25.0,1.0), "time":316.3642594665814,"sensors":[45,30,47,40,17,49,7,8],"power":[0.034277924836967094,0.15,0.03211782569826951,0.02400235133981294,0.05135199052867359,0.09129637143003208,0.09762004217734246,0.20583923688702266]}
{"id": 4, "drone": 6, "position":(8.333333333333334,8.333333333333334,1.0), "time":833.870956896286,"sensors":[41,16,20,4,10,32,39],"power":[0.21242610182004734,0.15334989291109066,0.2094797874185811,0.5054490696956544,0.3689596647728506,0.15,0.23654900031861056]}
{"id": 5, "drone": 7, "position":(8.333333333333334,41.666666666666664,1.0), "time":776.5743592293401,"sensors":[24,13,47,44],"power":[0.15,0.1750911196667538,0.2041562427960919,0.15579488897278562]}
{"id": 6, "drone": 4, "position":(25.0,8.333333333333334,2.0), "time":304.0530840039693,"sensors":[45,18,34,29,16,38,43,40,11,17,46,3,7,10,39],"power":[0.07335255744560924,0.3196013428092399,1.1271802137675166,0.030064465594681986,0.06782410808293225,0.2802630743094478,0.03351687942533506,0.08209930900552329,0.04967347855677843,0.05376553496209911,0.03307401912620089,0.024515777586628578,0.026474945132312775,0.033346244671192994,0.03853918671031949]}
{"id": 7, "drone": 8, "position":(41.666666666666664,25.0,2.0), "time":402.4959766765837,"sensors":[23,0,43,19,22,26,2,6,9,27,42,31],"power":[0.047680041451005836,0.027660898582486375,0.02750452009590427,0.07581679713126357,0.030968841135155512,0.10076938781003103,0.12136488319019384,0.1951538021756331,0.0595742416913551,0.04063890215304054,0.26837532938462366,0.48780987832759615]}
{"id": 8, "drone": 5, "position":(25.0,25.0,1.0), "time":509.91397679208023,"sensors":[45,18,43,33,40,11,17,46,49,1,6,9,27,35,7,8],"power":[0.08683699190785014,0.03381465709394586,0.09768654052356333,0.05063458560464775,0.08683872664489005,0.04572457183693293,0.08779320299613962,0.131461785557021,0.11644721067804845,0.14849654421436176,0.0330288760093201,0.14958435380560053,0.20131256922537324,0.07884799115873836,0.08420600567562583,0.061107240805147504]}
