LP RESULTS :
 Obj = 0.1*lambda1+0.9*lambda2 = 184.10391448753631 (lambda1 = 1832.039144875363, lambda2 = 1.0) Resol time = 148 ms

{"id": 0, "drone": 1, "position":(41.666666666666664,41.666666666666664,1.0), "time":962.1360040702996,"sensors":[12,27,2,48,9,44,21,24,41,4,6],"power":[0.2608698548641193,0.15917223450886003,2.9457383655295715,0.4866962189720372,0.11194354624603149,0.07546696895616666,0.08321088007019957,0.07621449610120473,0.32637003955791954,0.2578001897678339,0.07583981692775951]}
{"id": 1, "drone": 7, "position":(25.0,41.666666666666664,1.0), "time":603.1454812727276,"sensors":[7,0,18,38,15,44,33,13,34,24,4,6],"power":[1.4431878357489696,0.07987905481462293,0.1313402231039402,0.29769506058566636,0.40826076565803276,0.5676624864133433,0.15,4.635648583969507,0.14214850332220513,0.07579089466074863,0.08178293492341826,0.20166211092406197]}
{"id": 2, "drone": 6, "position":(8.333333333333334,41.666666666666664,1.0), "time":1228.8936636026356,"sensors":[45,5,14,23,0,18,38,15,20,34,25],"power":[2.1810642939813287,0.15,1.5600854720892492,0.3001534311708059,0.25461416156835365,0.12119724144670924,0.09396896659262802,0.11507697643068493,0.4546253599101869,0.19739750851646046,0.7358743539150614]}
{"id": 3, "drone": 8, "position":(16.666666666666668,8.333333333333334,1.0), "time":1071.7555975987057,"sensors":[3,28,46,31,47,29,26,1,37,42],"power":[0.11357481607616807,0.09843257994011198,0.2418539035425232,0.15,0.16388202250969508,0.8406049346225671,0.25198536637132374,0.5729473515188543,1.1334258209967938,0.1311342070006205]}
{"id": 4, "drone": 5, "position":(41.666666666666664,25.0,1.0), "time":152.11891005452662,"sensors":[27,40,17,30,43,11,39,22,19,9,21,8,35],"power":[0.03951582002680891,0.04301365066833334,0.03163120571884651,0.05583558155652663,0.02312918064856034,0.05606914501859794,0.01199482856408858,0.013174632332324998,0.015157728010976328,0.034392418504815,0.02348104275707379,0.012864840369972699,0.2789329064590958]}
{"id": 5, "drone": 0, "position":(33.333333333333336,33.333333333333336,1.0), "time":42.91677560069799,"sensors":[7,27,17,49,2,39,9,44,21,13,35,4,6],"power":[0.007470554850725904,0.006031362343708228,0.042542076953378166,0.007972799758612939,0.0034457840972142387,0.008917122141739968,0.04589974962062518,0.00686816483052129,0.15055925322640906,0.003373908316954966,0.008185325716182095,0.01971769071538629,0.022832782328608733]}
{"id": 6, "drone": 3, "position":(25.0,25.0,4.0), "time":674.867455149839,"sensors":[3,46,17,49,47,39,22,21],"power":[0.05555464739436783,0.054092455965682455,0.0758267173277753,0.47028509316519834,0.09681833114512599,0.2813270548557529,0.136825367667675,0.05615975386720132]}
{"id": 7, "drone": 4, "position":(8.333333333333334,8.333333333333334,1.0), "time":85.41609212681843,"sensors":[3,28,29,26,1,37,42],"power":[0.006306544801366103,0.051567420059888014,0.006462317889976078,0.006455615131983311,0.11009917875530315,0.007640421796007872,0.02588740819362575]}
{"id": 8, "drone": 2, "position":(41.666666666666664,8.333333333333334,1.0), "time":1359.200622904054,"sensors":[40,30,43,11,16,19,10,32,36,8],"power":[0.22346032329215748,0.16088665763172008,0.23776553873745662,0.17375295481039243,0.1781776724119113,0.3673384815791322,1.65712282708821,0.15,3.380248156470196,0.21397682167587886]}
