LP RESULTS :
 Obj = 0.1*lambda1+0.9*lambda2 = 135.0616329358696 (lambda1 = 1332.6163293586958, lambda2 = 2.0) Resol time = 689 ms

{"id": 0, "drone": 5, "position":(8.333333333333334,8.333333333333334,1.0), "time":251.6373199688053,"sensors":[15,44,37,20,36,41,11,48,1,10,19,2,12],"power":[0.09375469360408983,0.08451832864171874,0.01661190759654501,0.5028086871674337,0.017856597643939164,0.08830699437298505,0.0328354792992683,0.048190096354567884,0.03573823122811199,0.028088716393793428,0.044997266799474585,0.017994133749559063,0.04790969645934043]}
{"id": 1, "drone": 5, "position":(41.666666666666664,25.0,1.0), "time":477.0648791180075,"sensors":[3,40,5,49,22,6,4,18,21],"power":[1.8712012710319268,0.45994040632958155,0.03986306469440155,0.03900674326258967,0.18876219224392307,0.03297053400593357,0.242128829020468,0.11909638184350135,0.07068090465261431]}
{"id": 2, "drone": 2, "position":(8.333333333333334,33.333333333333336,1.0), "time":470.53644552781486,"sensors":[14,13,29,32,38,25,46,34,28,24],"power":[0.14716482829815902,0.7142548609479297,0.07625663609519899,0.07942580089689262,0.04545295274320542,0.055740378501586745,0.04644932372138706,0.15215157997129636,0.17074036094395076,0.07880404684765935]}
{"id": 3, "drone": 2, "position":(33.333333333333336,41.666666666666664,2.0), "time":174.87879139424314,"sensors":[45,5,43,49,17],"power":[0.022490591314635083,0.059353453904387565,0.01916168105778927,0.032035482352753206,0.04400789096798698]}
{"id": 4, "drone": 1, "position":(16.666666666666668,33.333333333333336,1.0), "time":62.872032415556646,"sensors":[14,13,43,29,31,46,34],"power":[0.007880379488642513,0.006606693208598278,0.01644461610613991,0.015049933058603422,0.004285257448323523,0.03148456121391517,0.058117872236163486]}
{"id": 5, "drone": 1, "position":(41.666666666666664,8.333333333333334,1.0), "time":855.5514502406883,"sensors":[16,30,47,33,39,21,7],"power":[0.15,0.13697277998816731,1.3430691915104778,3.812044849284349,0.31701002296436337,0.10106255735444812,1.4595536668941953]}
{"id": 6, "drone": 7, "position":(16.666666666666668,8.333333333333334,1.0), "time":467.86488078301744,"sensors":[15,0,44,37,9,42,20,36,31,23,8,35,41,11,1,10,26,19,12],"power":[0.9915316392449596,0.05250438257210464,0.13950810711224007,0.09324849394658212,0.10235292155646224,0.06049591454249374,0.1328717533741934,0.12918608568221826,0.04353259181084801,0.034303637225376354,0.07275089783227368,0.1076221062281238,0.0692110273241645,0.9228704492296875,0.12056369336293256,0.9536903753276459,0.11350861154850884,0.16342754006617366,0.6125047119308207]}
{"id": 7, "drone": 7, "position":(25.0,25.0,3.0), "time":200.47586038978903,"sensors":[37,9,40,43,49,29,22,31,8,46,18],"power":[0.02444947939644348,0.019289665427889544,0.014112530241883131,0.01919976546112159,0.023524727970190368,0.023866876388477367,0.02274767730128325,0.027307035364186383,0.017598833604689824,0.05226852828378832,0.025663518708999914]}
{"id": 8, "drone": 4, "position":(33.333333333333336,8.333333333333334,1.0), "time":462.68274153666994,"sensors":[0,9,30,42,47,33,23,8,35,39,26,7],"power":[0.18986334677669728,0.048046697239905616,1.943419280458185,0.08264891518475212,0.06343515086708677,0.07312803128468655,0.11778919858703672,0.07727787825905424,0.08685637579862568,0.3667245974316513,0.08217724834960259,0.11329700734651546]}
{"id": 9, "drone": 4, "position":(25.0,8.333333333333334,1.0), "time":14.382137581337645,"sensors":[15,0,37,9,30,42,36,23,8,35,39,11,1,10,26,19,12],"power":[0.0017729024018237568,0.02391084857061263,0.0018271768652881528,0.006576395371238462,0.004181975445716537,0.006855170272754156,0.0029573166738425362,0.004741555190856979,0.009031920769705605,0.05396956368676335,0.00136721825500667,0.00463168075629361,0.0013341687999401338,0.006482345643383312,0.05373390890063427,0.0014621544947521017,0.0025370145496149007]}
{"id": 10, "drone": 8, "position":(16.666666666666668,41.666666666666664,1.0), "time":502.22359034386915,"sensors":[14,43,46,34,27],"power":[0.10210600551135467,0.10074606883804281,0.03173754968072692,0.22270503372872102,0.12432018279635093]}
{"id": 11, "drone": 8, "position":(33.333333333333336,33.333333333333336,1.0), "time":10.486033750574038,"sensors":[3,40,5,43,49,22,4,17,18],"power":[0.0015162816074590576,0.002088377444028362,0.007322232344045473,0.0014668067219440455,0.05543304641446675,0.001710429510917721,7.873800188766903E-4,8.24362278772229E-4,0.00555289972030686]}
{"id": 12, "drone": 3, "position":(41.666666666666664,41.666666666666664,4.0), "time":670.1866250958709,"sensors":[45,5,6,17],"power":[0.34014468341983334,0.1507168083468318,0.11702946599406643,0.5140633503777706]}
{"id": 13, "drone": 0, "position":(8.333333333333334,41.666666666666664,1.0), "time":296.9842610714552,"sensors":[14,13,32,25,34,27,28],"power":[1.2718103214121381,0.06627914578497633,0.1481971384101074,0.09425962149841326,0.0732623730351855,0.02567981720364906,0.10303919686879094]}
{"id": 14, "drone": 6, "position":(8.333333333333334,25.0,4.0), "time":200.4758603897892,"sensors":[13,29,31,38,46,1,2,24],"power":[0.027584063515096607,0.05604296443744105,0.03066482939337893,0.07331985816396472,0.019797586780909468,0.01723270609941042,0.03571622167105989,0.04174447379069735]}
{"id": 15, "drone": 6, "position":(8.333333333333334,16.666666666666668,1.0), "time":398.25613063574605,"sensors":[15,37,20,29,31,38,11,48,1,2,12,24],"power":[0.04355399340484964,0.05587435200236313,0.048324163357913466,0.04761750669737191,0.08297654644090925,0.12028954342667446,0.03547198558529939,0.10180990364543209,0.11291200262129414,0.1135636550825376,0.06790507985803854,0.02945147936164328]}
