LP RESULTS :
 Obj = 0.1*lambda1+0.9*lambda2 = 132.6608833941764 (lambda1 = 1308.6088339417638, lambda2 = 2.0) Resol time = 561 ms

{"id": 0, "drone": 2, "position":(33.333333333333336,8.333333333333334,3.0), "time":86.6974522097405,"sensors":[22,5,8,36,23,15,35,3,31,18],"power":[0.008865554762261623,0.041082615824008746,0.012207708092867073,0.03775954181447019,0.016301594283590213,0.15935769079513276,0.0091544249306976,0.12997522190472324,0.00909476056280328,0.011291550344059969]}
{"id": 1, "drone": 2, "position":(16.666666666666668,33.333333333333336,1.0), "time":78.42402307907318,"sensors":[40,12,38,13,6,4,20,21,33,28],"power":[0.005241436129143939,0.019184888739865735,0.00628884642517797,0.02513058106451171,0.007305407216176156,0.014244281886528558,0.024956228867811476,0.02279332290299517,0.012675956625254699,0.009826723406218756]}
{"id": 2, "drone": 3, "position":(25.0,8.333333333333334,1.0), "time":289.1095464123641,"sensors":[49,22,5,36,34,23,14,15,3,27,18,0,37],"power":[0.1379329522820336,0.12207795668636648,0.23382382449484657,0.15747657998842102,0.04155909491354351,0.060968527463014004,0.024863037683538973,0.06059496590166823,0.06763599524349843,0.04327202810234085,0.07620913160592503,0.06436955844549758,0.03132789238375395]}
{"id": 3, "drone": 3, "position":(41.666666666666664,16.666666666666668,1.0), "time":551.9076788767657,"sensors":[8,17,30,23,15,35,2,39,3,31],"power":[0.04322039355915736,0.04889937016608847,0.07447929874395796,0.0437753431719573,0.061258183997404056,0.2843089483762256,0.08141707768504906,0.049532821179718065,0.06188433735123606,0.3464999831235318]}
{"id": 4, "drone": 4, "position":(16.666666666666668,41.666666666666664,1.0), "time":434.7687658644269,"sensors":[32,38,13,6,46,19,20,21,7,11],"power":[0.06901361904189802,0.0538260794843663,0.8372651266752115,0.0925594969886079,0.11295757131961322,0.030205957174491583,0.10307034117361093,0.824928475591894,0.09846441901574883,0.03159928854444495]}
{"id": 5, "drone": 4, "position":(41.666666666666664,8.333333333333334,1.0), "time":74.61410396675181,"sensors":[5,8,36,15,35,3,31],"power":[0.005737894876209387,0.06301065252669064,0.005978873428749525,0.016215943729152724,0.007549226436866468,0.013782887188005064,0.008137423495368019]}
{"id": 6, "drone": 5, "position":(16.666666666666668,8.333333333333334,1.0), "time":374.26730940967775,"sensors":[49,44,22,5,40,36,47,34,14,16,27,18,0,37],"power":[0.3675216298414313,0.1412681280675445,0.07043476665902935,0.031391842933173986,0.0364952487565826,0.026733804402411045,0.06461045818702268,0.03419080132268097,0.1344541575040796,0.05653484046263763,0.18332479142811686,0.03261251803246656,0.7621588130689197,0.11599037392986225]}
{"id": 7, "drone": 5, "position":(8.333333333333334,41.666666666666664,1.0), "time":363.2498667928018,"sensors":[48,38,13,19,20,21,11],"power":[0.04409424370565102,0.6414499672627998,0.11618681071993715,0.19251741257158078,0.14918270853357,0.133617220077838,0.11840071145555504]}
{"id": 8, "drone": 0, "position":(41.666666666666664,33.333333333333336,1.0), "time":189.60139588597906,"sensors":[1,43,26,25,17,30,10,24,29,39,9],"power":[0.020275930639266755,1.0092179200187137,0.1268006383005969,0.15564584993823544,0.11608982201132174,0.01784972740532056,0.07794103786822076,0.04264865907717994,0.09581340607662661,0.019727302057129838,0.03527808549483423]}
{"id": 9, "drone": 0, "position":(33.333333333333336,41.666666666666664,1.0), "time":581.8888832571877,"sensors":[1,43,32,26,25,6,46,24,41,7,9],"power":[5.5089635023048,0.07655351469785504,0.08565709781256255,0.15863978664778552,0.0954757201842422,0.13660118772884045,0.03704242868038675,0.12343754670683667,0.15,0.05360150342476433,0.11984005852064353]}
{"id": 10, "drone": 7, "position":(8.333333333333334,25.0,1.0), "time":241.44038580304567,"sensors":[40,48,4,14,45,20,42,28],"power":[0.02984111793069495,0.03686361279901735,0.4966786066138667,0.019336168756659906,0.06605682811166122,0.02410132718186288,0.04813250200479519,0.017346322666866146]}
{"id": 11, "drone": 7, "position":(8.333333333333334,33.333333333333336,1.0), "time":190.72579240241635,"sensors":[48,38,13,4,19,20,21],"power":[0.06904214349533164,0.057528070444040194,0.036520535227172427,0.06840930132040013,0.05226253602557569,0.20307654589147933,0.03560354515143742]}
{"id": 12, "drone": 1, "position":(41.666666666666664,25.0,1.0), "time":375.8069986221046,"sensors":[43,26,25,17,30,10,35,29,2,39,31,9],"power":[0.06851802373011964,0.0284053740386951,0.02908923453825618,0.32972846244296034,0.10056115453143617,0.07205896213177924,0.09280674997138731,0.11933627203754443,0.06295187190493177,0.08073987676315211,0.09267804748215691,0.03262059279252084]}
{"id": 13, "drone": 1, "position":(25.0,16.666666666666668,1.0), "time":10.56914029602223,"sensors":[49,22,5,40,12,36,34,23,14,15,35,33,2,3,27,31,28],"power":[0.0025137014942571367,0.017730659803232397,0.0013247356071241247,0.002528555383013854,0.0010617914816084286,9.972003631851369E-4,0.02802201570114018,0.008889460082112423,0.0012084179707483281,0.0011110785823348888,9.430779386294821E-4,0.0015187754207871649,0.0018625667668746458,0.0014356577665579867,0.0020915160106758095,8.90402382077657E-4,0.0025303948197543287]}
{"id": 14, "drone": 8, "position":(8.333333333333334,8.333333333333334,1.0), "time":19.12983704604858,"sensors":[49,44,47,14,42,16,27,0,37],"power":[0.0018341160018209102,0.009904274491058138,0.04098695998508707,0.004253755277577004,0.0016889971417161334,0.08225495993581615,0.0029050977814048043,0.003365187457674138,0.0026817336863838143]}
{"id": 15, "drone": 8, "position":(8.333333333333334,16.666666666666668,1.0), "time":374.09261497460534,"sensors":[49,44,40,47,4,14,45,42,16,27],"power":[0.02477216496761034,0.028544739554256404,0.05185361643997839,0.04440258182789024,0.046048001468875645,0.12566861194208934,0.08394317188833877,0.1269560477739629,0.07991833944333708,0.075749032950252]}
{"id": 16, "drone": 6, "position":(25.0,25.0,2.0), "time":161.31155617649267,"sensors":[22,40,12,34,23,33,2,28,9],"power":[0.01750916302474676,0.03266230758889981,0.12975331977852592,0.04622808806263539,0.022868598052512012,0.3206967660003362,0.03105298788996916,0.1226836184894026,0.01726726742488466]}
{"id": 17, "drone": 6, "position":(33.333333333333336,8.333333333333334,1.0), "time":209.0134599703787,"sensors":[49,22,5,8,36,23,15,35,2,3,31,18],"power":[0.01364605596679458,0.023438555116678757,0.14412144737203525,0.031561245821284924,0.12952785965846125,0.0435632283917235,1.9373259019873035,0.023406400140065696,0.013861474541481766,0.9239125598155136,0.02407614723982258,0.029886800017548443]}
