LP RESULTS :
 Obj = 0.1*lambda1+0.9*lambda2 = 128.21219418204902 (lambda1 = 1264.12194182049, lambda2 = 2.0) Resol time = 10345 ms

{"id": 0, "drone": 0, "position":(33.333333333333336,16.666666666666668,1.0), "time":90.46467018232956,"sensors":[1,28,47,20,14,9,10],"power":[0.010696100296844483,0.05332818583406093,0.10911645418492676,0.0612745741970234,0.006992675027889703,0.006918742585216336,0.006932686166044303]}
{"id": 1, "drone": 0, "position":(33.333333333333336,41.666666666666664,1.0), "time":415.23572643978065,"sensors":[43,6,38,46,4,33,7,35,45,27,32,22],"power":[0.05773688516040295,0.05003656861420807,0.25589997346969406,4.152357264397806,0.11521221647261297,0.09184838667710625,0.0556127379435883,0.026228039543598973,0.09247987905314695,0.08529564853269965,0.04917130560043787,0.04645955003763576]}
{"id": 2, "drone": 3, "position":(16.666666666666668,16.666666666666668,1.0), "time":46.67175477687785,"sensors":[21,18,47,20,14,19,13,29,49,39,17],"power":[0.07585314032915078,0.022952140535745565,0.0032186801110489927,0.00349571602209874,0.02808351539845456,0.0068258723798953185,0.005966145437854447,0.03210815576548243,0.003474235352297654,0.029365932693051853,0.015265870050420724]}
{"id": 3, "drone": 3, "position":(41.666666666666664,41.666666666666664,1.0), "time":559.3330054020087,"sensors":[6,38,46,4,33,24,7,35,45,27,30,32,48],"power":[0.14540754337355724,0.06168445183586867,0.11167532202032107,0.060187950290879304,0.05815161332289374,0.06996535947065544,0.27741873045563786,0.09734386073555376,0.09486441833935211,0.4004071949889671,0.15,0.2179234790956277,0.20725051311680612]}
{"id": 4, "drone": 5, "position":(25.0,25.0,1.0), "time":295.65772262752944,"sensors":[43,21,28,47,20,14,5,29,9,39,17],"power":[0.03542155065292003,0.06099589552925965,0.056828214642944457,0.044263020298816756,0.08288328347975027,0.08509889530852079,0.04532370932531586,0.07222466598911384,0.3986086245944158,0.02000174066821804,0.03526767238017435]}
{"id": 5, "drone": 5, "position":(41.666666666666664,16.666666666666668,1.0), "time":260.52096242104295,"sensors":[31,28,47,20,44,0,40,10,8,15],"power":[0.03071415933736191,0.03984359952299459,0.02447137709461172,0.020329393359152518,0.036147547555886055,0.08356904874244002,0.08584998407519247,0.11434016930736014,0.10534947271563172,0.02207748900048078]}
{"id": 6, "drone": 7, "position":(8.333333333333334,8.333333333333334,1.0), "time":570.8068318127102,"sensors":[18,25,13,34,49,39,2],"power":[0.06212301147618281,0.14993977223855878,0.26583430749317055,0.14933497156492087,0.116883783856489,0.04733431969341525,0.042510967716519944]}
{"id": 7, "drone": 2, "position":(16.666666666666668,41.666666666666664,1.0), "time":553.22849275318,"sensors":[16,43,12,23,26,42,5,11,41,22],"power":[0.1500639300146305,0.07936515736507035,0.04025113628917863,0.16911234693598864,0.29361323580122783,0.34276365452148927,0.09564817509878266,0.12783318933248805,0.0363735894496711,0.10354044996236424]}
{"id": 8, "drone": 4, "position":(41.666666666666664,8.333333333333334,1.0), "time":693.3151100077798,"sensors":[31,44,0,40,10,8,15,37],"power":[1.1573217209515096,0.6423387988031645,0.15414581501819405,0.12084407734939244,0.3515930351914646,0.12870024687428214,0.21672825261494616,0.044398502130185556]}
{"id": 9, "drone": 6, "position":(25.0,8.333333333333334,1.0), "time":570.8068318127102,"sensors":[1,21,47,20,14,19,2,37],"power":[0.919373591036379,0.04510431877817407,0.10407596213866703,0.0579065402111785,0.05660090839665214,1.1761522254449404,0.15827509731048667,0.1059046911774254]}
{"id": 10, "drone": 8, "position":(8.333333333333334,41.666666666666664,1.0), "time":359.9078164639375,"sensors":[16,36,12,23,26,42,11,41],"power":[0.28274155730900297,0.02562949850281748,0.10974886371082138,0.05618048887684954,0.22075391548627027,0.04607908262235327,0.4053334574601933,0.179006193512786]}
{"id": 11, "drone": 1, "position":(41.666666666666664,33.333333333333336,1.0), "time":289.5532099787007,"sensors":[6,46,24,7,35,45,27,48],"power":[2.192274739699095,0.028109620582715704,0.08003464052934456,0.4893311311849332,1.3151791194704947,0.14184535504006007,0.021412969045880158,0.046921402988582876]}
{"id": 12, "drone": 1, "position":(8.333333333333334,25.0,1.0), "time":350.98563260337255,"sensors":[21,18,36,3,25,23,13,34,5,29,49,39,17],"power":[0.033073996956889645,0.10503361347418601,0.4020182703962851,0.15120518397597824,0.031542023992554305,0.029650797443076995,0.036025399772755165,0.02687250341925171,0.02744549421769678,0.04566717824540374,0.049783932858338466,0.10243817474697958,0.1204679671122087]}
