LP RESULTS :
 Obj = 0.1*lambda1+0.9*lambda2 = 131.5791999244672 (lambda1 = 1297.7919992446716, lambda2 = 2.0) Resol time = 681 ms

{"id": 0, "drone": 0, "position":(16.666666666666668,41.666666666666664,1.0), "time":34.221188959652594,"sensors":[40,22,27,33,30,39,2,26,36,15,1,41,37,29,9,18,20,6],"power":[0.0047909765705086765,0.005768682967549961,0.006425303881343012,0.010211919151968691,0.008626475077208737,0.006433109579355594,0.00217705118495797,0.0031021864645964844,0.008444195781877656,0.023990109748591986,0.005942519573148798,0.0028376991065077657,0.0047210564546153345,0.05452648024122079,0.007797111981108988,0.011180891810239978,0.261102437014093,0.003751947715442663]}
{"id": 1, "drone": 0, "position":(41.666666666666664,16.666666666666668,1.0), "time":473.780759027233,"sensors":[49,10,48,28,14,17,47,12,3,7,21,4],"power":[0.22227620865036604,0.14465498933001836,0.0399163008023517,0.2668782992437561,0.2046504608760186,0.16973709954325436,0.031115676439960327,0.2420998689565244,0.045266235326512604,0.05790765827709269,0.040138541054272475,0.10165229263180416]}
{"id": 2, "drone": 1, "position":(8.333333333333334,41.666666666666664,1.0), "time":466.386606435413,"sensors":[40,38,22,27,26,36,15,34,29,9,18,20,6],"power":[0.060964733641883484,0.03560317172000473,0.0595559585940208,2.4908688393198095,0.5236036903828968,0.03322001083141075,0.03995648878466174,0.15,0.13369666822628393,0.22163031511787107,0.09162288439109227,0.11256222458527174,0.05949499992564086]}
{"id": 3, "drone": 1, "position":(8.333333333333334,16.666666666666668,1.0), "time":657.0106569379735,"sensors":[38,16,44,24,13,5,45,0,19],"power":[0.04787094209564748,0.04983958985951381,0.12353741816291723,0.15456894672414534,0.21087039118180995,0.5073941695844202,0.043785154565330386,0.06978926767061433,0.10714962624719598]}
{"id": 4, "drone": 2, "position":(8.333333333333334,16.666666666666668,3.0), "time":11.019018803655854,"sensors":[38,16,44,24,13,5,0,19],"power":[7.473775875533521E-4,7.619402391332594E-4,0.0019050164887157788,0.002341290313391311,0.003050196352903081,0.00579184710710584,0.0010514110166180844,0.0016275724093203787]}
{"id": 5, "drone": 2, "position":(25.0,41.666666666666664,1.0), "time":633.8084867819769,"sensors":[33,30,39,2,36,15,1,37,29,18,20],"power":[2.071299013500274,4.896136072213341,0.1435668904206444,0.2124904605488923,0.10833579338671159,0.29131799127841956,0.7875455691676044,0.23746726029458015,0.08346519404273173,0.05633979938560545,0.12082486925679421]}
{"id": 6, "drone": 3, "position":(33.333333333333336,8.333333333333334,1.0), "time":207.67929581502264,"sensors":[49,11,48,28,42,17,12,3,7,43,31],"power":[0.07420443620161205,0.0185631960311674,0.09735766722017421,0.059711446603928825,0.043517244499841755,0.0249860123276465,0.03566118125003463,0.04915110986730991,1.3576398460488992,0.3856132224668628,0.07579908200048886]}
{"id": 7, "drone": 3, "position":(8.333333333333334,25.0,1.0), "time":77.73137422558466,"sensors":[40,38,44,25,22,13,5,41,9,18,6,19],"power":[0.016012441230665427,0.04655161683982695,0.1339354850970907,0.009423553823196682,0.01320793482931846,0.1674998192567303,0.015224529447151754,0.01560016988551721,0.0073944025580759375,0.006780053442921751,0.021246453022114954,0.03244180534486234]}
{"id": 8, "drone": 7, "position":(16.666666666666668,8.333333333333334,1.0), "time":24.44939790428191,"sensors":[16,11,24,42,5,45,23],"power":[0.006859889545393872,0.01605870252716309,0.0219946932439686,0.004164306585335992,0.0037547830030417893,0.003681603855332391,0.005898727881140866]}
{"id": 9, "drone": 7, "position":(41.666666666666664,8.333333333333334,1.0), "time":366.35809362518836,"sensors":[49,10,48,28,14,17,47,12,7,43,31],"power":[0.20165872551287164,0.032681895880475854,0.202048503619397,0.09102263324967136,0.048718124967399766,0.5183480455692042,0.11888432356003968,0.04917640640665006,0.09918198654913925,0.04761406993031162,0.06598113788949601]}
{"id": 10, "drone": 6, "position":(25.0,8.333333333333334,1.0), "time":77.73137422558479,"sensors":[11,24,48,42,45,3,7,43,31],"power":[0.07998682822056528,0.006830566256056553,0.0052721965531055456,0.11289382749086721,0.013543224756767865,0.015534000408560079,0.013562843663245451,0.025993899506057207,0.00821978011001513]}
{"id": 11, "drone": 6, "position":(25.0,25.0,1.0), "time":538.6005701768322,"sensors":[25,22,46,45,1,3,41,37],"power":[0.21450039547220365,0.0342953353296696,0.31988853406158524,0.10506158506020548,0.03753152233958076,0.07069722366029828,0.07967214231843286,0.06874477062843916]}
{"id": 12, "drone": 5, "position":(41.666666666666664,25.0,1.0), "time":249.97385077722765,"sensors":[49,10,28,14,46,8,12,21,4],"power":[0.0166555274382256,0.04202624773658893,0.025771595464859808,0.0397175979587267,0.019531931239716728,0.056333729920067334,0.04418185934548645,0.2571041186518825,0.04834770736819583]}
{"id": 13, "drone": 5, "position":(8.333333333333334,33.333333333333336,1.0), "time":33.094607700953574,"sensors":[40,38,44,22,27,13,26,41,29,9,18,20,6,19],"power":[0.023421430746751796,0.021293749865221027,0.00638144846080507,0.014412615250290636,0.0054511035961894915,0.004737574961751434,0.007341576547016421,0.006684722455196109,0.0024388052502169674,0.03696114221382166,0.010913262000049733,0.004090459708845229,0.03847876379693312,0.004150554767949258]}
{"id": 14, "drone": 8, "position":(8.333333333333334,16.666666666666668,4.0), "time":34.208334734052556,"sensors":[16,44,24,13,5,0,19],"power":[0.0022093805867024227,0.00538042404033139,0.00649953218191712,0.008447132433018954,0.014288454382311303,0.0030562168138296188,0.0046304412306721445]}
{"id": 15, "drone": 8, "position":(8.333333333333334,8.333333333333334,1.0), "time":493.373216639123,"sensors":[16,11,24,5,23,0],"power":[0.3086911023921103,0.035391273221104365,0.2926396070659352,0.07445599176762667,0.14410127211885912,0.18071980525056291]}
{"id": 16, "drone": 4, "position":(16.666666666666668,33.333333333333336,1.0), "time":52.549735141091006,"sensors":[40,38,25,22,27,33,30,15,1,41,37,29,9,18,20,6],"power":[0.051961292094082207,0.015066624324229217,0.010793490250130553,0.1024543042205291,0.0038095795475108917,0.004858167223569196,0.005168419833505511,0.005004853130891864,0.008059197582044372,0.04520526623434603,0.010363958017952708,0.006015247538405501,0.014931588086193845,0.0904748819626039,0.013380399304975327,0.027027835539868525]}
{"id": 17, "drone": 4, "position":(41.666666666666664,41.666666666666664,5.0), "time":996.325883038734,"sensors":[35,32,8],"power":[0.175594144233896,0.2607142466796394,0.15]}
