LP RESULTS :
 Obj = 0.1*lambda1+0.9*lambda2 = 154.92777657803472 (lambda1 = 1531.277765780347, lambda2 = 2.0) Resol time = 987 ms

{"id": 0, "drone": 1, "position":(8.333333333333334,16.666666666666668,1.0), "time":836.703645900134,"sensors":[20,47,3,45,37,41,9,26,27,18],"power":[0.28584398456407595,0.4042364926964468,4.309240780169694,0.14243926022215733,0.08813159680720256,0.14509064144223052,0.06059244955163553,0.3696506705920695,2.187572202555017,0.3515818040822206]}
{"id": 1, "drone": 1, "position":(8.333333333333334,25.0,1.0), "time":26.441227073654773,"sensors":[47,13,3,45,41,26,27,18],"power":[0.023291008148494267,0.003372744093083186,0.0067951225214676865,0.007560739777842675,0.0032122052617611853,0.021299437752449968,0.01053542618643945,0.007840937610226823]}
{"id": 2, "drone": 4, "position":(33.333333333333336,33.333333333333336,1.0), "time":76.88315499643886,"sensors":[43,0,29,19,7,33,25,10,4,17,8],"power":[0.006489068759263582,0.016433145435554925,0.039763934301978485,0.00840496885669482,0.042017735881616794,0.007312376116336899,0.008376761670929695,0.01238183228756423,0.009028235278649158,0.01755685385582263,0.0053224849797896346]}
{"id": 3, "drone": 4, "position":(41.666666666666664,25.0,1.0), "time":631.4480888733927,"sensors":[0,29,35,7,12,23,32,33,5,40,1,22,10,16,17],"power":[0.061434086965552144,0.1774525961249189,0.09175219439673898,0.06174389687621271,0.08715122141095416,0.0608562666329988,0.143176192845043,0.170881180022577,0.17999007985021087,0.1287044058335165,0.19079444094624892,0.04242257017675659,1.2610944477905899,0.09266042794414031,0.38885974163645537]}
{"id": 4, "drone": 5, "position":(25.0,8.333333333333334,4.0), "time":421.98306998540454,"sensors":[24,21,28,49,36,42,9,15],"power":[0.1094056410803373,0.06949017527744973,0.029855025800344537,0.3187793678852295,0.13125925618482673,0.10832648304499254,0.04827316048119277,0.027713202571974137]}
{"id": 5, "drone": 5, "position":(16.666666666666668,41.666666666666664,1.0), "time":108.17957392341768,"sensors":[44,19,46,13,14,11,25,4],"power":[0.024813596406909756,0.01790983572788131,0.030955447966214845,0.01576459716664991,0.5813088873743877,0.04778440291200167,0.01478154603600046,0.014334951651244498]}
{"id": 6, "drone": 8, "position":(25.0,41.666666666666664,1.0), "time":26.441227073654744,"sensors":[19,46,14,11,25,4,39],"power":[0.005588947812641531,0.004638212787063903,0.005950611599477843,0.0022629118808517494,0.004685120411701411,0.07754031513647522,0.002237059448440119]}
{"id": 7, "drone": 8, "position":(8.333333333333334,41.666666666666664,2.0), "time":1396.6569647832746,"sensors":[44,31,46,13,14,11],"power":[2.570947793726908,0.15000000000000002,0.11440633924672126,0.4824649360345852,0.26784767588073116,0.3775895552011528]}
{"id": 8, "drone": 3, "position":(8.333333333333334,8.333333333333334,2.0), "time":272.5910498948084,"sensors":[20,47,3,37,9,27,18],"power":[0.4078714134572575,0.017212023874175614,0.0466064003080559,0.06452258434327963,0.0727045322993216,0.03280223620877496,0.021344336389378153]}
{"id": 9, "drone": 2, "position":(41.666666666666664,33.333333333333336,1.0), "time":117.22890247948179,"sensors":[29,7,38,12,6,40,10,16,17],"power":[0.10625095180979227,0.07728242100412726,0.026556143091315307,0.03243252357707547,0.018186260480435756,0.021295594166483515,0.02536423954097323,0.0248698086965517,0.13645198489626223]}
{"id": 10, "drone": 6, "position":(41.666666666666664,8.333333333333334,2.0), "time":218.130269512308,"sensors":[30,35,28,2,23,32,5,1,42,22],"power":[0.0914284294745402,0.03783286308471554,0.10703904926756296,0.15562029544144027,0.052146396525746305,0.04065441000771279,0.03452634373904119,0.031260868518049066,0.03005396329389667,0.08043511543495922]}
{"id": 11, "drone": 6, "position":(25.0,25.0,1.0), "time":668.1328928065582,"sensors":[43,0,19,21,48,36,33,25,41,15,8],"power":[2.9207450987049928,0.3894239576345992,0.11809624760278227,0.15933593335084648,0.9646591542861521,0.07174378165129867,0.08503979401026684,0.14596858844341437,0.10346655984483788,0.6335512977952876,1.437185850827397]}
{"id": 12, "drone": 0, "position":(41.666666666666664,41.666666666666664,1.0), "time":567.9609219962291,"sensors":[29,34,7,38,12,6,16,39,17],"power":[0.06543576095005932,0.15,0.17405347953578096,0.5494888229415671,0.055564465189092895,0.13181373951956424,0.03630954221341477,0.13486889546582587,0.05205505503683983]}
{"id": 13, "drone": 7, "position":(33.333333333333336,41.666666666666664,1.0), "time":137.75669743480444,"sensors":[29,7,38,4,39],"power":[0.014228767067164118,0.03890099438978601,0.011521083795931676,0.04909649793363109,0.04849096526454952]}
{"id": 14, "drone": 7, "position":(33.333333333333336,8.333333333333334,2.0), "time":441.1618029883841,"sensors":[24,30,35,21,28,49,2,23,36,32,5,1,42,22],"power":[0.0405943589196627,0.05857157052545978,0.08818951303281035,0.037547366617768585,0.2703158998888268,0.15589370376332123,0.0334087393910672,0.12683155342441021,0.05749140961449469,0.02889075767063329,0.03639370459111893,0.03939624676722684,1.0283788639998486,0.1579404346028687]}
