LP RESULTS :
 Obj = 0.1*lambda1+0.9*lambda2 = 155.06837454971944 (lambda1 = 1532.6837454971942, lambda2 = 2.0) Resol time = 4422 ms

{"id": 0, "drone": 5, "position":(25.0,33.333333333333336,1.0), "time":148.77137804754258,"sensors":[35,30,15,8,3,32,13,29],"power":[0.03906257967586796,0.05592339333934608,0.02128320715881891,0.060697495149777896,0.04414482246193958,0.00965391515915497,0.03219290072756395,0.020942727724893678]}
{"id": 1, "drone": 5, "position":(25.0,16.666666666666668,1.0), "time":341.3830708744944,"sensors":[48,32,17,16,27,0,33],"power":[0.05869586726594218,0.026672809393604374,0.15789157269367518,0.0726282884614178,0.030690701313261983,0.037590466506466885,0.047346194080458544]}
{"id": 2, "drone": 0, "position":(41.666666666666664,33.333333333333336,1.0), "time":260.709010266472,"sensors":[35,30,15,3,32,46,5,38,21,37],"power":[0.03616306583550447,0.03128678834681937,0.05365519270607307,0.04021770920550256,0.029860736949989322,0.048043808143673365,0.0877321507885004,0.051383106479606776,0.03334841626830614,0.027632598042658604]}
{"id": 3, "drone": 0, "position":(8.333333333333334,8.333333333333334,1.0), "time":780.8807899395379,"sensors":[48,41,17,16,4,2,31,44,0],"power":[0.10184788810409524,0.20732465624455268,0.053926684899383584,0.0520639753468662,0.1065653495577909,0.9815695169811951,2.68101737344274,0.29465608878421146,0.05018708910677194]}
{"id": 4, "drone": 7, "position":(41.666666666666664,41.666666666666664,4.0), "time":878.3991042062844,"sensors":[49,35,24,39,7,12,19,37],"power":[0.09997159186081832,0.08640410107615035,0.1715948707890024,0.2807872973155804,0.17981923909604303,0.22652219696809275,0.15,0.24118332689071956]}
{"id": 5, "drone": 7, "position":(8.333333333333334,25.0,1.0), "time":393.5756310244374,"sensors":[6,1,36,47,13,16,43,29,40,45,44,33,42],"power":[1.0075741635079134,0.15990803524909364,0.36625651314370716,0.9162206419353763,0.05413560365033774,0.04930152941559738,0.14529439606138855,0.08303012146601656,0.09712513711185065,0.07708497064943431,0.03937119536261087,0.0842699549135212,0.1274480861400683]}
{"id": 6, "drone": 1, "position":(41.666666666666664,8.333333333333334,1.0), "time":409.4803883140146,"sensors":[18,22,25,34,28,10,27],"power":[0.07336843932128141,1.0300076542602672,0.0502654366563239,0.16206919054228602,2.5324614450797323,0.3306344262890556,0.11686758019756302]}
{"id": 7, "drone": 1, "position":(25.0,8.333333333333334,3.0), "time":52.19256014994279,"sensors":[48,34,17,27,0],"power":[0.01583665642309891,0.004408562985377707,0.010460418167866206,0.007440791384583778,0.02966470711409467]}
{"id": 8, "drone": 8, "position":(41.666666666666664,16.666666666666668,1.0), "time":205.83860600708385,"sensors":[18,22,25,34,32,28,10,27,21],"power":[0.8912491125534436,0.08143536567483957,0.049396442059757614,0.016350489104516416,0.02778938457444229,0.0549657789815861,0.03567620770793173,0.03021829516235852,0.0171737889893362]}
{"id": 9, "drone": 8, "position":(25.0,41.666666666666664,1.0), "time":244.80425297689524,"sensors":[49,35,30,8,3,26,20,37],"power":[0.05565782985666966,0.04963206040330942,0.024358313998622268,0.05706325988687642,0.028039327743921833,0.040474014147210226,0.02411584264527412,0.029654719857387022]}
{"id": 10, "drone": 2, "position":(41.666666666666664,25.0,1.0), "time":575.9816803016013,"sensors":[18,30,25,15,3,32,46,5,38,21],"power":[0.1455238806090317,0.04319021782583795,0.05233756233998755,0.11875271373616746,0.04817949678171413,0.1789226822090265,0.10195619185632664,0.1630190249300647,0.10535270881980928,0.13399432565810807]}
{"id": 11, "drone": 2, "position":(8.333333333333334,8.333333333333334,3.0), "time":341.3830708744946,"sensors":[48,41,17,4,2,31,44],"power":[0.041108152101732694,0.0809207206218753,0.021652437078516114,0.04343465044220908,0.2522157860491102,0.46348529729969523,0.10881315780488816]}
{"id": 12, "drone": 3, "position":(8.333333333333334,41.666666666666664,1.0), "time":905.1271308975937,"sensors":[14,9,8,36,11,23,26,45,20],"power":[0.15000000000000002,0.19654770011051415,0.06945089402997831,0.06637674302256931,0.2165547716080765,1.927679236541468,0.20309071213810584,0.2210693277581601,0.12588415735472588]}
{"id": 13, "drone": 4, "position":(33.333333333333336,8.333333333333334,1.0), "time":341.3830708744946,"sensors":[18,22,34,28,10,27,0],"power":[0.022277170903625052,0.060874130676180534,0.23688136568683008,0.08404021068228336,0.026061110657876065,1.4213156546671197,0.030913481173502524]}
{"id": 14, "drone": 4, "position":(16.666666666666668,16.666666666666668,1.0), "time":16.844253658724483,"sensors":[6,48,47,17,13,16,29,2,44,0,33],"power":[0.002122991209088073,0.004557023441981528,0.0027533378587552343,0.01868481516958782,0.001175906066524115,0.05930619917592158,0.001757671688631766,0.0020983830051270066,0.001759761666429474,0.00164425609916394,0.016530932514611043]}
{"id": 15, "drone": 6, "position":(8.333333333333334,33.333333333333336,1.0), "time":208.4340870640192,"sensors":[6,1,8,36,47,23,13,43,29,40,45,42],"power":[0.025910283707818674,0.026172094980720838,0.021161414891207198,0.15227586233716298,0.03521714137767674,0.031108098949861794,0.03303049288589709,0.03208452690677843,0.035248063456185676,0.05287486288814934,2.084340870640192,0.05777792927064449]}
{"id": 16, "drone": 6, "position":(16.666666666666668,33.333333333333336,1.0), "time":25.546896511143913,"sensors":[8,36,47,23,13,26,29,45,33],"power":[0.027236973020996143,0.005420426836481483,0.003014661977244191,0.0026714921070446532,0.02946509666967711,0.002825615119714766,0.013414473242988868,0.00618365438360958,0.001852918491409384]}
