LP RESULTS :
 Obj = 0.1*lambda1+0.9*lambda2 = 123.65611223163516 (lambda1 = 1218.5611223163517, lambda2 = 2.0) Resol time = 794 ms

{"id": 0, "drone": 8, "position":(8.333333333333334,8.333333333333334,5.0), "time":158.89564527738065,"sensors":[17,47,3,14,38,8],"power":[0.06292212444693634,0.012259525129817747,0.0962978233840674,0.026594452349802084,0.06810651721587713,0.03189397709002362]}
{"id": 1, "drone": 8, "position":(33.333333333333336,8.333333333333334,1.0), "time":484.6253207897114,"sensors":[16,11,42,2,37,40,28,6,9,12,18,35,46,34],"power":[0.09757507433189515,0.05081710118344274,0.2564567258522734,0.09763924974100603,0.10073873425979335,0.11224093561593344,0.0384136934998641,0.13889465585768687,0.05944221112824821,0.10955061423894137,0.04084383957745093,0.49290827488027295,0.20769868154084614,0.07598592194925262]}
{"id": 2, "drone": 1, "position":(8.333333333333334,16.666666666666668,1.0), "time":471.2226488348455,"sensors":[17,21,32,25,26,3,4,30,14,38],"power":[0.16633725494725582,0.059719051685273014,0.06400000484895395,0.07157803180931155,0.29000304412343497,0.1027034820896891,0.09000115341036934,0.08284608402425442,4.1010518219804135,0.1758783967279009]}
{"id": 3, "drone": 1, "position":(8.333333333333334,25.0,1.0), "time":238.00960671438665,"sensors":[29,21,32,39,45,22,25,26,4,30,14,1],"power":[0.025219203835528604,0.18083899265577277,0.06487502759590334,0.01700549208561302,0.0820675857202859,0.021243569179804803,0.12683673333108972,0.2974343386784237,0.025237518697040672,0.6095322406012714,0.048415474214990525,0.051148244512503]}
{"id": 4, "drone": 7, "position":(8.333333333333334,41.666666666666664,1.0), "time":759.287679806882,"sensors":[33,39,20,45,22,43,7,19,1,10],"power":[0.08390187219992576,0.3769654543820079,0.15000000000000002,0.05950271839026821,0.08027954625071823,1.2927869071647882,0.844390293485187,1.095091227460298,0.07805156058358499,0.9609531592122679]}
{"id": 5, "drone": 7, "position":(25.0,8.333333333333334,1.0), "time":49.359610734868255,"sensors":[42,47,2,37,40,28,6,9,4,12,18,35,46,34,8],"power":[0.0845256716152802,0.02768494796877014,0.023382468959068942,0.009015069918989678,0.014571229990381608,0.00611329950273678,0.013316267428300636,0.007769404943020383,0.004105241657409107,0.026730782500969642,0.030680597339939174,0.013449657625183284,0.06232472573214795,0.008861727974260297,0.003429892826236793]}
{"id": 6, "drone": 0, "position":(16.666666666666668,25.0,5.0), "time":109.53603454251234,"sensors":[29,21,28,26,4,30,36],"power":[0.03230768930077688,0.03597332959769063,0.008161250991322817,0.01274359938784226,0.021629137316501203,0.0264916506986334,0.018978369532443584]}
{"id": 7, "drone": 0, "position":(16.666666666666668,8.333333333333334,1.0), "time":350.4332214897389,"sensors":[17,42,47,2,40,3,4,12,18,46,14,38,8],"power":[0.1164911848082476,0.03631271913047709,0.5199281668678251,0.03861962450310052,0.02318783439368492,0.08677876886630634,0.05981890797599971,0.04011641151620145,0.13381642879023653,0.03619699577471564,0.031221828531702647,0.10264988848179865,0.11467613008373959]}
{"id": 8, "drone": 3, "position":(41.666666666666664,16.666666666666668,2.0), "time":102.72298395193282,"sensors":[16,31,37,44,27],"power":[0.042843724749357874,0.07398433671299785,0.009527780042444834,0.022529629683711916,0.028488841683619533]}
{"id": 9, "drone": 3, "position":(41.666666666666664,41.666666666666664,1.0), "time":484.8416067770403,"sensors":[5,41,13,48,24,23],"power":[0.5078045278066698,0.16162730787508264,1.150660409480129,0.6171085630860169,0.14834808856648152,0.051648976155559925]}
{"id": 10, "drone": 2, "position":(41.666666666666664,25.0,1.0), "time":18.234605032049483,"sensors":[41,31,24,0,27],"power":[0.0026005356672278864,0.0028255644973131295,0.0016519114335184853,0.0021874625747476976,0.04730902150974553]}
{"id": 11, "drone": 2, "position":(25.0,33.333333333333336,1.0), "time":238.00960671438668,"sensors":[29,33,15,0,36],"power":[0.06672137405698506,0.06303521072315998,0.18251104148488254,0.05482136640714555,0.04692326646420359]}
{"id": 12, "drone": 5, "position":(8.333333333333334,33.333333333333336,1.0), "time":221.26383579508297,"sensors":[29,33,21,32,39,45,22,25,26,43,30,7,19,1,10],"power":[0.02575173280670962,0.025469825438481097,0.05142917713153086,0.021124967555142673,0.11153262684547952,0.10189667033697668,0.04847688456947698,0.03578471392894152,0.02183256561739039,0.10871828394527923,0.05175608896311993,0.06190825149899464,0.06261569516377766,0.09671555745984575,0.03296825380659371]}
{"id": 13, "drone": 5, "position":(33.333333333333336,41.666666666666664,1.0), "time":328.9781559837437,"sensors":[5,15,41,13,48,23],"power":[0.24302488305430592,0.03914613636054266,0.0423790672734624,0.040963484020191385,0.07577253437688314,0.09835102384444007]}
{"id": 14, "drone": 4, "position":(33.333333333333336,25.0,2.0), "time":386.50675452351805,"sensors":[15,41,37,28,9,0,34,27,36],"power":[0.0909827239686189,0.025309020660745626,0.06034880806808046,0.07286739853396307,0.06703525154201484,0.34526448981948593,0.06121545204610237,0.05158108299939927,0.07254713977021282]}
{"id": 15, "drone": 4, "position":(41.666666666666664,8.333333333333334,1.0), "time":631.2128175747074,"sensors":[16,11,31,44,49,35],"power":[1.2233387311641502,0.17576012627031937,0.11847939446868548,0.12747037031628805,0.15,0.07745545002304445]}
{"id": 16, "drone": 6, "position":(33.333333333333336,25.0,4.0), "time":188.5334017257415,"sensors":[15,37,28,9,0,34,27,36],"power":[0.037824713349963256,0.026255480742838892,0.029633704643209274,0.02833024884026469,0.08928773094768218,0.02644902925783799,0.02262105380723567,0.030451329774045827]}
