LP RESULTS :
 Obj = 0.1*lambda1+0.9*lambda2 = 132.55814647892205 (lambda1 = 1307.5814647892203, lambda2 = 2.0) Resol time = 676 ms

{"id": 0, "drone": 1, "position":(8.333333333333334,8.333333333333334,1.0), "time":618.0659779445607,"sensors":[32,20,27,43,8,24,2,45,6,30],"power":[0.14668114601932977,0.1393442742217235,0.5525563996572767,0.17213503880200265,0.15,0.062407468038163244,0.04708272653448579,0.05288693395813868,0.9785602114197414,0.09329444999643452]}
{"id": 1, "drone": 1, "position":(8.333333333333334,33.333333333333336,1.0), "time":63.630156388738,"sensors":[16,12,44,13,10,14,2,9,33,7,36,25],"power":[0.020513516620759998,0.008020633453758768,0.1408982825308649,0.009502641579798578,0.010571239185589878,0.010566647693608237,0.0050667420777980214,0.0044866461856889975,0.018185634295322786,0.014148949913794697,0.013188121625526636,0.013889573803084875]}
{"id": 2, "drone": 5, "position":(8.333333333333334,25.0,1.0), "time":435.5741375498169,"sensors":[16,12,44,13,14,2,9,45,33,7,30,36],"power":[0.3933265001837995,0.030762835744424788,0.15734242979426755,1.7700364022404516,0.12240780518700502,0.3648912533610736,0.11043922048371647,0.10040707070913765,1.0807889510367223,0.13259051161467622,0.02769015450284177,0.037913855214514465]}
{"id": 3, "drone": 5, "position":(41.666666666666664,25.0,1.0), "time":335.4425406296309,"sensors":[48,0,40,28,5,41,31,23,38,47,29,49,46],"power":[0.061056947870959825,0.06150968643704038,0.1823427747055775,0.024726182120318546,0.02148976458716936,0.032123189199499885,0.1365934227318646,0.09709018026079923,0.08820219076951975,0.029462927739584435,0.09360784144966229,0.6878166780293273,0.12012955061821635]}
{"id": 4, "drone": 0, "position":(41.666666666666664,41.666666666666664,1.0), "time":421.097783153621,"sensors":[0,22,28,4,41,21,31,47,35,1],"power":[0.0285957913523213,0.2151321670948344,0.10157034215921609,0.05868954563223041,0.26440004583454285,0.8268047473829542,0.045912580611918614,0.06548691567529352,0.035860204788412654,0.13541376027135904]}
{"id": 5, "drone": 0, "position":(25.0,41.666666666666664,1.0), "time":237.01364406643268,"sensors":[12,3,4,11,35,37,34,36,25],"power":[0.029600066083602283,0.02185519293092638,0.07791256722089308,0.02471410306036881,0.07623139495501115,0.06192112541493884,0.4114910109087654,0.025476942098492675,0.015086687291788956]}
{"id": 6, "drone": 2, "position":(33.333333333333336,41.666666666666664,1.0), "time":324.82921598283735,"sensors":[22,4,41,21,31,35,37,34],"power":[0.025079774395454203,1.079475386777357,0.05871656669145908,0.04246784493666751,0.023665848808655406,0.16152109952448143,0.0659665838346977,0.07521655836515419]}
{"id": 7, "drone": 2, "position":(41.666666666666664,33.333333333333336,1.0), "time":226.21192502313104,"sensors":[0,22,28,41,21,31,47,1,49,46],"power":[0.05989452221063831,0.08045728058792152,0.07307916969606698,0.28463189475400946,0.07191195255270307,0.2985559339637018,0.06291792141896557,0.014586239728640869,0.05024567531192611,0.02987044938178364]}
{"id": 8, "drone": 6, "position":(25.0,8.333333333333334,1.0), "time":335.4425406296308,"sensors":[26,24,17,39,15,42],"power":[0.03144927501998137,0.11138820103191696,0.0469170408674408,0.04191213221313056,0.04493998240147593,0.09901595938601751]}
{"id": 9, "drone": 6, "position":(16.666666666666668,33.333333333333336,1.0), "time":8.287412721228115,"sensors":[16,12,44,13,3,14,33,7,34,36,25],"power":[0.00212706264832679,0.021571344083360318,0.0012629061940865553,5.596713236336857E-4,5.688525274981374E-4,0.002658016359897471,6.775698605616454E-4,0.0033862511980862755,0.001022832833300805,0.08287412721228116,0.0015388225683323773]}
{"id": 10, "drone": 7, "position":(8.333333333333334,41.666666666666664,1.0), "time":219.88625280681197,"sensors":[44,3,10,11,36,25],"power":[0.027608771860516867,0.0604756870847053,0.11752783481604806,0.028795986323309333,0.02201186146163072,0.30012159649621]}
{"id": 11, "drone": 8, "position":(16.666666666666668,41.666666666666664,1.0), "time":343.1898612561925,"sensors":[12,3,10,11,37,34,36,25],"power":[0.06004512063485381,0.16769970750280708,0.021900925998362037,0.09648991061632185,0.022112290750363518,0.054966285762593804,0.08104566455266128,0.19467121759098208]}
{"id": 12, "drone": 4, "position":(33.333333333333336,16.666666666666668,1.0), "time":194.70159048440718,"sensors":[48,40,26,5,23,38,29,17,39,15,42],"power":[0.021706876033180198,0.029919194237851478,0.05076492189470319,0.030638541288005337,0.04166751551276977,0.018969455857310958,0.1186099425899871,0.7197726505068384,0.11595363400968883,0.06894467875010483,0.05672700420257624]}
{"id": 13, "drone": 4, "position":(8.333333333333334,16.666666666666668,1.0), "time":190.31119290610468,"sensors":[16,32,13,20,27,14,24,2,9,45,33,6,7,30],"power":[0.01989034516904391,0.014740386606370328,0.06186269171800652,0.045703099082516276,0.0339166239953079,0.015798168759542798,0.016686036952115478,0.14550936342279264,0.03507413333059452,0.07197247730932967,0.027751129338927732,0.09673014563643163,0.01457850458804543,0.04209688218570392]}
{"id": 14, "drone": 3, "position":(41.666666666666664,8.333333333333334,1.0), "time":713.8071772864442,"sensors":[48,40,18,5,23,38,29,19,17],"power":[0.14385791938409215,0.07384323613755785,0.15,1.0812783906559535,0.11802705066301221,0.0983521760244727,0.07324181541654422,0.26604781911143227,0.08640301186340316]}
{"id": 15, "drone": 3, "position":(25.0,16.666666666666668,1.0), "time":63.63015638873797,"sensors":[26,24,45,29,17,39,15,42],"power":[0.06778580308531545,0.016371094782389253,0.006716242694864566,0.004789035259612864,0.015131146111267835,0.06127021900175762,0.11773874352995697,0.18891511643395684]}
