LP RESULTS :
 Obj = 0.1*lambda1+0.9*lambda2 = 127.02847807341247 (lambda1 = 1252.2847807341248, lambda2 = 2.0) Resol time = 2118 ms

{"id": 0, "drone": 2, "position":(25.0,25.0,1.0), "time":592.4011362411522,"sensors":[11,39,4,6,28,9,19,25,35,31,27,43,38],"power":[0.07067147787548393,0.15078465582860112,1.3622369723445489,0.09333175394178658,0.038816927212294454,0.04436359199553934,0.09712256672125569,0.13625294668260515,0.07942750964479706,0.07178283653914273,0.25998709989554125,0.09925916369018367,0.12109964067530199]}
{"id": 1, "drone": 2, "position":(8.333333333333334,25.0,1.0), "time":191.9380136097974,"sensors":[14,0,33,10,28,17,18,44,43],"power":[0.23175850457835764,0.33691417278624197,0.013763674630831273,0.051147064099385284,0.2871535722455318,0.014781571805779756,0.9689228694842944,0.01749503517307354,0.03864246571617695]}
{"id": 2, "drone": 3, "position":(41.666666666666664,25.0,1.0), "time":484.05081599259734,"sensors":[21,13,32,49,46,26,48,42,15,35,38],"power":[0.5434199425715849,0.030756540434222948,0.0958769110855388,0.09019397032664217,0.05702268969900657,0.03357620149794711,0.07895817461836462,0.7741651396211608,0.0790770955013632,0.15689429469750676,0.10815738852158376]}
{"id": 3, "drone": 3, "position":(25.0,8.333333333333334,1.0), "time":484.05081599259734,"sensors":[40,22,39,2,34,16,7,20,31,27,24,45,3],"power":[0.11776649604815174,0.03791379665268451,0.09025757154879042,0.1869685119599155,0.10229225863365503,0.05607959885337596,0.044477740810597605,0.08492399114770395,0.14708487924990787,0.05567355561928565,0.2334297714745284,0.050729669112546574,0.03746511204195177]}
{"id": 4, "drone": 1, "position":(41.666666666666664,8.333333333333334,1.0), "time":592.4011362411522,"sensors":[13,49,46,34,12,48,7,20,24,45,3],"power":[0.27378382673847323,0.05294377483323669,0.182699036858394,0.0656846654809201,0.12101843634541971,0.1278953530249542,0.3854285540743683,0.15615669440819618,0.04399111896708108,0.2835814804075324,0.43329132729127917]}
{"id": 5, "drone": 7, "position":(8.333333333333334,41.666666666666664,3.0), "time":824.3212296842246,"sensors":[5,29,37,1,33,17,30,44],"power":[0.190578715306944,0.09338402996731412,0.2509374729085828,0.4459885788819181,0.13623632536916871,0.3679340838766966,0.2115290283729396,0.38272914854555634]}
{"id": 6, "drone": 8, "position":(25.0,41.666666666666664,1.0), "time":427.96355104990016,"sensors":[5,29,11,6,9,19,25],"power":[0.07027445694359225,0.08845600735795338,0.09343456470656607,0.10972215222455585,0.23598800499664044,0.10941832946747013,0.07391518505085516]}
{"id": 7, "drone": 4, "position":(8.333333333333334,8.333333333333334,1.0), "time":592.4011362411522,"sensors":[22,2,10,8,16,41],"power":[0.2523628496872505,0.05201186539959489,0.10286153554784903,1.0317871448822575,0.13357979751874446,0.15]}
{"id": 8, "drone": 6, "position":(16.666666666666668,8.333333333333334,1.0), "time":175.83282850037517,"sensors":[40,22,39,2,10,8,16,31,24,43],"power":[0.032233503951848194,0.09370268432183003,0.0123542320219878,0.10968722174272402,0.015313693022341951,0.08474233104800674,0.10800276187287287,0.037172139879289745,0.012153805646868137,0.012098370593639362]}
{"id": 9, "drone": 6, "position":(41.666666666666664,8.333333333333334,4.0), "time":175.83282850037517,"sensors":[13,49,46,34,12,48,7,20,45,3],"power":[0.05435601210900446,0.013937479539943114,0.04321843731857099,0.01647076130582672,0.02898156365458024,0.03172383364675215,0.06304966149361277,0.037932296637331504,0.05626808853077179,0.06880092691599968]}
{"id": 10, "drone": 5, "position":(41.666666666666664,41.666666666666664,1.0), "time":524.1654784729451,"sensors":[23,32,26,47,36,15],"power":[0.15000000000000002,0.09315179727666587,0.27538550583659355,1.5100382474846006,0.20009610593069765,0.12753880602263018]}
