LP RESULTS :
 Obj = 0.1*lambda1+0.9*lambda2 = 156.62185735534854 (lambda1 = 1548.2185735534852, lambda2 = 2.0) Resol time = 837 ms

{"id": 0, "drone": 4, "position":(33.333333333333336,33.333333333333336,1.0), "time":839.2249806754689,"sensors":[17,28,33,15,6,10,0,47,39],"power":[3.6634544718959825,0.5020049540195267,0.06411424508521918,0.1239648466606652,0.13882043922123327,0.18179062122981088,0.13248205832040433,0.06361578505411887,3.891630237225219]}
{"id": 1, "drone": 6, "position":(41.666666666666664,8.333333333333334,1.0), "time":1462.0619037410052,"sensors":[35,8,32,3,27,42,38,46,43,4,5,14,29],"power":[0.2870990783197984,0.107013661526424,0.3418973523794624,0.15000000000000002,1.0616278472000205,0.1540504512027365,0.38587262582595017,0.13776879115661594,0.7415406481946382,0.2559041234852891,0.3416629742331626,0.35352656129110577,0.5783778513489641]}
{"id": 2, "drone": 8, "position":(16.666666666666668,25.0,3.0), "time":508.69051086036563,"sensors":[6,31,11,34,49],"power":[0.08047521583862999,0.20026008974475637,0.05697779945789531,0.2998333913446422,0.07853282135838087]}
{"id": 3, "drone": 1, "position":(16.666666666666668,8.333333333333334,1.0), "time":911.124183143879,"sensors":[48,45,18,2,40,7,13,36],"power":[1.3563214984259309,0.1673725676755389,0.09322483165244529,0.2638695310462591,0.08379964426837967,0.19409951636826764,2.625156013001023,0.23506827609499473]}
{"id": 4, "drone": 2, "position":(16.666666666666668,41.666666666666664,1.0), "time":715.3470160863309,"sensors":[24,9,16,26,11,37,44,49],"power":[2.84171892057883,0.15748646753585124,0.06749670534799201,0.12724511753530404,0.2714528445259753,0.15,0.5120186269883131,0.20160294300133483]}
{"id": 5, "drone": 7, "position":(41.666666666666664,33.333333333333336,1.0), "time":563.5127933465105,"sensors":[17,28,41,21,15,10,20,0,39],"power":[0.1679517825583166,0.7692796754748398,0.1534216474696703,0.2899421476570841,0.17606817968418528,0.06816021005729962,0.15,0.15375840051157072,0.12025130104845316]}
{"id": 6, "drone": 7, "position":(33.333333333333336,16.666666666666668,1.0), "time":86.15666981248006,"sensors":[35,8,33,15,6,27,1,42,38,46,43,4,0,14],"power":[0.022358653558418484,0.23859859533642389,0.08588575491478076,0.0072259822429683335,0.006070617809138823,0.006878268359585271,0.24217724530510326,0.011107774128578739,0.06455327454654702,0.7502187729048422,0.02523159409722586,0.029031742153038904,0.008330333959853702,0.020666689429249777]}
{"id": 7, "drone": 0, "position":(8.333333333333334,33.333333333333336,1.0), "time":289.56794442512995,"sensors":[24,9,16,12,22,26,11,49,25],"power":[0.03949017570030874,0.1099905317421534,0.04393576283668842,0.09686627412244563,0.03271814264209938,0.5697379735932988,0.07668949155366557,0.06069230937515313,0.02472425713374132]}
{"id": 8, "drone": 0, "position":(8.333333333333334,25.0,5.0), "time":508.69051086036575,"sensors":[12,22,26,25,19],"power":[0.04851134649774193,0.09079032278068451,0.04527244061101599,0.11563031179567514,0.10855350821090515]}
{"id": 9, "drone": 5, "position":(8.333333333333334,41.666666666666664,1.0), "time":34.61310218165862,"sensors":[24,9,16,12,26,11,44,49],"power":[0.011296013785373203,0.09522177992598714,0.03856753181531956,0.004622379379812427,0.015123290991663934,0.006452824811214944,0.005306195192001672,0.003922692129418133]}
{"id": 10, "drone": 5, "position":(33.333333333333336,41.666666666666664,1.0), "time":145.48079953150565,"sensors":[17,28,10,47,39],"power":[0.025907670241347804,0.02219708661868644,0.8016801513652737,0.08638421494588111,0.04436783386328261]}
{"id": 11, "drone": 3, "position":(8.333333333333334,16.666666666666668,1.0), "time":269.14313529638434,"sensors":[22,30,23,18,2,40,7,25,13,19,36],"power":[0.026491534577216102,0.025378180971668527,0.059162172026263976,0.04668586699929242,0.14731177396110023,0.05779160664257707,0.020367784758361266,0.05514961047615865,0.029663604929358052,0.07700278040269085,0.09602398731243138]}
{"id": 12, "drone": 3, "position":(8.333333333333334,8.333333333333334,1.0), "time":367.95125511322175,"sensors":[48,30,23,18,2,40,7,13,36],"power":[0.035922477296941195,0.12462181902833148,0.1240019584102979,0.5788112364466624,0.2878364613409987,0.4295821890851108,0.2633163233622196,0.060681429703442924,0.9077821609961895]}
