LP RESULTS :
 Obj = 0.1*lambda1+0.9*lambda2 = 152.9840371403558 (lambda1 = 1511.8403714035578, lambda2 = 2.0) Resol time = 4311 ms

{"id": 0, "drone": 5, "position":(25.0,8.333333333333334,1.0), "time":435.151042742439,"sensors":[38,2,25,16,13,8,23,7,5,46,22,28,48,33,29,30,15,39,0],"power":[0.05783380405860854,0.2818517474630191,0.1416087755645543,0.5822234024077058,0.047978273567554595,0.7112941433497596,1.232933736731929,0.033626250362720156,0.05491632092221789,0.17714100951369735,0.06725671008383023,0.03306629738553995,0.12092785368057518,0.07395616699916534,0.11489661024641197,1.2760255478498577,0.032269042143227136,0.1877619510723897,0.0317772598771448]}
{"id": 1, "drone": 5, "position":(25.0,25.0,5.0), "time":666.6013805509747,"sensors":[36,34,24,13,3,5,43,33,44,0],"power":[0.19441379032342485,0.35995599326436867,0.12834742812056854,0.18055661881316748,0.14696292829174226,0.1495520330670119,0.08991577390718473,0.13333286803373423,0.13039309691212353,0.22336908963502106]}
{"id": 2, "drone": 7, "position":(41.666666666666664,8.333333333333334,3.0), "time":181.511710302584,"sensors":[38,9,40,29,15],"power":[0.01246466395627287,0.02520511678532257,0.028520412536328175,0.015509919623049283,0.09510278943621873]}
{"id": 3, "drone": 7, "position":(8.333333333333334,8.333333333333334,1.0), "time":811.01208063423,"sensors":[2,14,7,20,27,22,19,28,39,17],"power":[0.05800364432763544,0.17201807470338057,0.15884091925287308,2.581302323055826,0.7076428859267748,0.24491788617776392,0.14154081050816686,0.3126354554613299,0.07287399368134434,0.2154453928173036]}
{"id": 4, "drone": 1, "position":(8.333333333333334,41.666666666666664,2.0), "time":218.18008884836541,"sensors":[37,11,21,42,10,1],"power":[0.3429881376157535,0.027991786971370718,0.15485629865635717,0.1009328385885937,0.024182610483926566,0.10962069330873124]}
{"id": 5, "drone": 1, "position":(8.333333333333334,8.333333333333334,4.0), "time":57.71901794310884,"sensors":[14,7,20,27,22,19,28,39,17],"power":[0.010227943492764466,0.009425478849846567,0.0452456591002904,0.024494087681864462,0.013719621452672116,0.008459189491833153,0.016455547061322923,0.004289406775493356,0.012334101872180977]}
{"id": 6, "drone": 8, "position":(33.333333333333336,8.333333333333334,1.0), "time":84.16553772430473,"sensors":[38,2,25,16,13,8,23,46,48,33,29,30,15],"power":[0.019310437187202364,0.006754838184790404,0.01394519992704702,0.048506551249658816,0.005669700866022006,0.020883299219706292,0.023647898862159192,0.007686876028448188,0.013905370491307342,0.006608735419265419,0.040161380873435945,0.011860549540264817,0.05751015534903096]}
{"id": 7, "drone": 8, "position":(41.666666666666664,8.333333333333334,1.0), "time":811.0120806342301,"sensors":[38,16,9,40,29,15],"power":[0.06039109479791624,0.053496074888218656,0.12479488321467742,0.13469632558618386,0.07438491823530732,0.6357213808082982]}
{"id": 8, "drone": 0, "position":(41.666666666666664,41.666666666666664,1.0), "time":77.01575024839597,"sensors":[18,4,49,6,47],"power":[0.005187005696894994,0.10200351637855264,0.1511466096511593,0.011349685475952392,0.009248345590874184]}
{"id": 9, "drone": 0, "position":(8.333333333333334,33.333333333333336,1.0), "time":632.0168550074263,"sensors":[35,37,11,24,31,21,42,10,1,44,41],"power":[0.09646676114490862,0.09848097151621972,1.0455922471989354,0.06126678579978623,0.13498346492213262,0.08818913509221667,0.04906716141140632,0.2904394862547272,0.17062439480700478,0.07154287408158264,0.3409986015894746]}
{"id": 10, "drone": 3, "position":(41.666666666666664,33.333333333333336,1.0), "time":56.00656332507495,"sensors":[18,4,3,45,49,6,26,47],"power":[0.03472880454678234,0.008229839563547404,0.004735170077399291,0.004676822494534633,0.006218130811829459,0.08796547599923923,0.009435447780448749,0.012770693726584702]}
{"id": 11, "drone": 3, "position":(25.0,25.0,3.0), "time":67.95291008134222,"sensors":[36,34,24,13,3,5,43,33,47,44,0],"power":[0.028789187338974922,0.09666825305261069,0.016469612364270587,0.024491273460079194,0.01889616790852084,0.0192998422674991,0.01144089141012593,0.01730498858664404,0.004815289899371763,0.0161282136092802,0.038083932034645315]}
{"id": 12, "drone": 4, "position":(41.666666666666664,25.0,1.0), "time":721.2795174461659,"sensors":[18,36,3,45,6,26,47],"power":[0.9312207908452914,0.07037296102394455,0.0966705279031063,0.30763517837865884,0.18172471883200753,0.14056455221955125,0.05911108041250653]}
{"id": 13, "drone": 4, "position":(25.0,41.666666666666664,1.0), "time":589.5856303025787,"sensors":[12,4,32,47],"power":[0.15,0.03976664405789995,2.029634401395284,0.06405459037066749]}
{"id": 14, "drone": 2, "position":(16.666666666666668,33.333333333333336,1.0), "time":118.82270598261857,"sensors":[35,37,11,24,32,43,10,44,41],"power":[0.007609712237825638,0.013446576834352119,0.04514121925884379,0.03468504936310468,0.008913307033520465,0.011874353057980269,0.19229358942283736,0.05713693341727437,0.012557024122908735]}
{"id": 15, "drone": 2, "position":(16.666666666666668,8.333333333333334,1.0), "time":181.5117103025841,"sensors":[2,25,16,8,23,7,5,20,43,46,27,22,28,48,33,30,39],"power":[0.092704043135035,0.018551101766971934,0.018317273537721893,0.027911846919887396,0.028222996440959363,0.05417749652302411,0.01591157253088555,0.043573806360900344,0.011794597271746662,0.04268289983549248,0.014831280192955916,0.7350218499065794,0.07922640253848116,0.015166775828117426,0.014362222195286796,0.061649186797709664,0.13281618888495972]}
{"id": 16, "drone": 6, "position":(8.333333333333334,25.0,1.0), "time":10.399466927332343,"sensors":[35,14,11,24,31,7,43,28,10,44,17,41],"power":[0.04309517106678692,0.001865955274208648,0.0030838893390624737,0.0016984062630303381,0.013485496415501013,0.0010355765463764953,0.0020067399930616017,6.915707120288962E-4,0.0019572762197630086,0.001358483806676658,7.704294388164589E-4,0.009627459634783404]}
{"id": 17, "drone": 6, "position":(16.666666666666668,25.0,1.0), "time":16.04705285386349,"sensors":[35,36,34,11,24,13,31,7,5,43,28,10,33,44,0,41],"power":[0.002828355550478794,0.0010518487503528514,0.0024683311396564065,0.003238667995256508,0.06194655475524936,0.0019612442796527224,0.00153103866236635,0.002097760034053234,0.0032323428168615025,0.02296764435990072,0.0010704941667121774,0.004139294188761801,0.0019597405105729626,0.020251565470136432,0.0020506157927985863,0.0019401204114339154]}
