LP RESULTS :
 Obj = 0.1*lambda1+0.9*lambda2 = 144.6538259977896 (lambda1 = 1428.538259977896, lambda2 = 2.0) Resol time = 1328 ms

{"id": 0, "drone": 6, "position":(33.333333333333336,41.666666666666664,1.0), "time":479.94844481103314,"sensors":[9,24,10,27,26,39,38,32,21,19,15,41,45,46,34,48],"power":[0.1439886288388035,0.12405327230611582,1.8549333149645517,0.11419155473191615,0.6517509710109718,0.11913089864893635,0.05788422188863677,0.04476263420892364,0.13737107526780565,0.08113650397872806,0.08235503304522462,0.11609519502188234,0.1752988764509293,1.6103877330589356,0.15888284077983203,0.07378264957129003]}
{"id": 1, "drone": 6, "position":(25.0,8.333333333333334,5.0), "time":249.9911821925993,"sensors":[25,42,40,16,35,20,5,12,0,47],"power":[0.0780741451116818,0.028233718626127068,0.03505643619050195,0.11759452017446555,0.040609283069958105,0.03831671219363096,0.06753385517699496,0.016298596167076837,0.02231120154621582,0.14927883528493002]}
{"id": 2, "drone": 0, "position":(41.666666666666664,33.333333333333336,1.0), "time":504.4836160086338,"sensors":[23,10,27,32,21,28,19,15,41,7,46,34,48],"power":[0.15188379323029655,0.03668823321279049,0.24697044170728924,0.03369455073229576,0.0648371517371185,0.09266910096561126,0.2413397787911501,0.08247651465013646,0.04362578920443727,0.10611866792845451,0.036590639374725044,0.2186598604118126,1.2505622264885086]}
{"id": 3, "drone": 0, "position":(16.666666666666668,25.0,4.0), "time":720.7781270438493,"sensors":[42,6,35,1,29,13,4,49,12],"power":[0.11736446618578583,0.07070087686240682,0.07386030255829304,0.10631845870772956,0.20201386388431683,0.07270074286845364,0.15911262248348632,0.2769285713672747,0.14849991188787987]}
{"id": 4, "drone": 3, "position":(25.0,41.666666666666664,4.0), "time":151.17507585051857,"sensors":[9,24,10,44,26,39,38,21,1,15,45,46],"power":[0.015209857897042236,0.13284825587792687,0.024266949644055312,0.025361299898107367,0.05293253051473924,0.019630412070768564,0.08316987677999892,0.022656967968409835,0.019700184360809288,0.01273023188506737,0.04877007605060957,0.024042553635537298]}
{"id": 5, "drone": 3, "position":(16.666666666666668,16.666666666666668,1.0), "time":164.34845458921927,"sensors":[30,25,42,40,6,35,29,4,31,49,20,12,47],"power":[0.02855698446780502,0.012909997775181573,0.2865124927890839,0.10806123048905182,0.015398485565525663,0.05252321835024062,0.2854410047051043,0.03958810594963788,0.013833055189094261,0.03267001986628845,0.02449737811307754,0.045132083498748435,0.013852268238063212]}
{"id": 6, "drone": 1, "position":(41.666666666666664,8.333333333333334,1.0), "time":842.1866405179576,"sensors":[18,11,3,5,33,0,2],"power":[0.0878682063374869,0.2593693532674066,0.14562148793148175,0.09394257505672074,0.15,0.09887621283666449,0.2608457820214456]}
{"id": 7, "drone": 1, "position":(8.333333333333334,25.0,1.0), "time":65.13542129078843,"sensors":[6,29,13,49],"power":[0.0639006375720675,0.00673271632303332,0.008239868042697612,0.06586367663119008]}
{"id": 8, "drone": 2, "position":(16.666666666666668,33.333333333333336,1.0), "time":101.17837177564434,"sensors":[24,44,38,1,13,49,45],"power":[0.006466081674633885,0.031908427448136496,0.008945901331364301,0.04072929899661518,0.06633451563904036,0.014099636136017411,0.007685937056792199]}
{"id": 9, "drone": 2, "position":(8.333333333333334,8.333333333333334,1.0), "time":35.32182424360491,"sensors":[30,22,17,36,40,37,43,31,20],"power":[0.035954332741513016,0.011521383643238965,0.008480388402027507,0.007662907024791307,0.006340806652491525,0.005412605184033976,0.006998438221448144,0.03343999159410942,0.0073679066482950995]}
{"id": 10, "drone": 4, "position":(33.333333333333336,8.333333333333334,2.0), "time":104.5020590439558,"sensors":[25,18,16,35,11,8,3,5,0,47,2],"power":[0.03620475863264454,0.01988519365661103,0.020762147663800277,0.007708854956505601,0.028497610104376927,0.008212508626968148,0.010285714266543896,0.1516437666873668,0.02881258561711968,0.02291775424243096,0.010394712620180668]}
{"id": 11, "drone": 4, "position":(33.333333333333336,16.666666666666668,1.0), "time":188.91843710827223,"sensors":[25,18,16,35,11,4,8,3,5,12,47],"power":[0.05230346546090663,1.1900064068892335,0.011978093507595313,0.027398077993537415,0.09887427651927207,0.0208314125505629,0.11732821739082167,0.05555803248473609,0.038756115109237765,0.021465817041667733,0.018478409647670512]}
{"id": 12, "drone": 5, "position":(41.666666666666664,41.666666666666664,2.0), "time":151.17507585051897,"sensors":[9,23,10,27,26,39,32,21,19,41,46,34,48],"power":[0.017844639989811947,0.013985913188643425,0.033002860328853814,0.17992600930490413,0.014313618594462708,0.011238689280295094,0.07154281505878056,0.012108429527228366,0.20492765106729133,0.11763783709745768,0.031995179879653064,0.03777476606535621,0.032755969042558834]}
{"id": 13, "drone": 5, "position":(8.333333333333334,8.333333333333334,1.0), "time":978.8767989524724,"sensors":[30,22,17,36,40,37,43,31,20],"power":[0.9964055621746783,0.3192931107525977,0.23501774414591053,0.21236281137025953,0.1757233283298275,0.15,0.19394832941331194,0.9267254064479953,0.20418744018210058]}
{"id": 14, "drone": 8, "position":(41.666666666666664,25.0,1.0), "time":292.93112330771015,"sensors":[23,18,11,28,8,3,15,7,34,48],"power":[0.045032202828582966,0.03637479202186239,0.027571381726851567,0.057330899034388746,0.024459273982210178,0.07619254998454998,0.026649096238065453,0.0438813320715455,0.026341745503212565,0.053967657403435024]}
{"id": 15, "drone": 7, "position":(8.333333333333334,41.666666666666664,1.0), "time":541.4463398676139,"sensors":[44,14,13],"power":[0.11618410537644128,0.15,0.13449376060899856]}
