LP RESULTS :
 Obj = 0.1*lambda1+0.9*lambda2 = 137.84533358204843 (lambda1 = 1360.4533358204842, lambda2 = 2.0) Resol time = 5686 ms

{"id": 0, "drone": 6, "position":(33.333333333333336,8.333333333333334,1.0), "time":481.7014015744866,"sensors":[49,23,22,20,18,13,6,12,43,30,42],"power":[0.10770904643116617,0.10417838657246532,0.14222721369186228,2.1392668732173896,0.04529763665035225,0.0741242516645098,0.22232642302865852,0.043075231953500215,0.0972828955995036,0.046498104248430885,0.07901872561275892]}
{"id": 1, "drone": 6, "position":(25.0,25.0,1.0), "time":104.38196254691198,"sensors":[27,44,36,21,8,47,13,1,9,10,28,32],"power":[0.008583459926073737,0.1325570522485532,0.009173228301694696,0.29950862809897216,0.006756753784095876,0.01821062239636557,0.006781112651684376,0.1697112429872159,0.010669315144120103,0.02527523578055519,0.010496646011902255,0.016589757343324206]}
{"id": 2, "drone": 8, "position":(25.0,8.333333333333334,1.0), "time":283.1682216403203,"sensors":[49,23,20,8,28,43,42],"power":[1.1136921480005988,0.020116397924008805,0.08707052292320339,0.08576534114463913,0.03254134567182325,0.06859660847876957,1.4853855623988172]}
{"id": 3, "drone": 8, "position":(25.0,41.666666666666664,1.0), "time":582.0179593967968,"sensors":[27,39,25,37,24,47,11,46,41,29,32,2,45,15,40],"power":[0.3805624533656375,1.2963237636760436,0.15,0.14539743112001877,0.11498349907240911,0.047730813440275785,0.055199530761306924,0.6729550551736497,0.04399247656003049,5.6591636995495875,0.1516374864941392,0.1425509840021448,0.10858252570848735,0.05315138370837631,0.05699328688565411]}
{"id": 4, "drone": 1, "position":(41.666666666666664,41.666666666666664,1.0), "time":662.1121287108245,"sensors":[26,33,4,24,5,31,2,15,38,40],"power":[0.24052109103178124,0.3810379144955383,0.2877317128975869,0.044245894365211244,0.1442055019368687,0.21787119001381916,0.0454086187496892,0.26107259321881426,0.0710093230469914,0.20418486916080064]}
{"id": 5, "drone": 1, "position":(33.333333333333336,41.666666666666664,1.0), "time":54.38285543638593,"sensors":[27,26,39,33,37,4,24,47,46,5,29,32,2,15,40],"power":[0.013393808684173052,0.004187376430335234,0.017019515196139232,0.004121383017367253,0.013763794214946175,0.010445545693566372,0.014267835795531722,0.00688039335751638,0.005554800590441357,0.0057944980631312515,0.01188511831919964,0.00404698566190412,0.01638678828515877,0.042690775283995834,0.03608692837679601]}
{"id": 6, "drone": 3, "position":(41.666666666666664,25.0,1.0), "time":574.0899224108665,"sensors":[18,4,47,13,38],"power":[0.11067260580757442,0.06253977972466018,0.05967253937302636,0.10439012094665927,0.0680028940731422]}
{"id": 7, "drone": 3, "position":(33.333333333333336,33.333333333333336,1.0), "time":4.923925919984935,"sensors":[27,44,39,21,33,4,47,46,1,29,32,15,40],"power":[0.001273554465154857,3.3348504846049035E-4,4.862833275359712E-4,6.48240605551184E-4,3.319531775651607E-4,0.0012850047927833283,0.011278628128335974,3.5716300205621313E-4,9.354416659858657E-4,4.363636567956799E-4,6.520910014789701E-4,4.7903066562942606E-4,0.0025424803400445695]}
{"id": 8, "drone": 7, "position":(16.666666666666668,16.666666666666668,1.0), "time":0.15539347686973848,"sensors":[49,44,0,21,8,9,10,28,14,42],"power":[1.9464671216612187E-5,1.6362646960778827E-5,1.0999735608522213E-5,1.0260820828416388E-5,9.024255045082519E-5,8.68188811163616E-5,6.803279365365643E-5,0.0014662511706691837,4.1085540854620514E-5,1.6127085040567527E-5]}
{"id": 9, "drone": 7, "position":(8.333333333333334,41.666666666666664,2.0), "time":640.9404261593063,"sensors":[7,19,35,36,34,11,48,17,41,16,45],"power":[0.24684526308999158,0.18037108643722463,0.1229799068808864,0.05492924543742619,0.05235461372639052,0.35345981147554917,0.13256272863315635,0.31117979856328143,0.4903918709482486,0.05598601778350494,0.04141747429151264]}
{"id": 10, "drone": 5, "position":(16.666666666666668,25.0,3.0), "time":141.27262536414918,"sensors":[19,44,36,21,34,8,1,16,9,10,28,32],"power":[0.01296225730296937,0.017093100056025573,0.03882253496318412,0.02688627383320301,0.0188266320332929,0.010330828694279542,0.01816252826562093,0.011863183653680547,0.06845708303593483,0.13857473529872932,0.025102659375813113,0.01418626717661974]}
{"id": 11, "drone": 4, "position":(8.333333333333334,25.0,5.0), "time":336.36337148573574,"sensors":[19,36,34,16,9,10,14],"power":[0.03428374742765112,0.04706114864385185,0.11016764418372278,0.09076200785526599,0.07078678293882883,0.04220893982955262,0.026826672078300112]}
{"id": 12, "drone": 0, "position":(8.333333333333334,41.666666666666664,1.0), "time":137.49495026438103,"sensors":[7,19,35,36,34,11,48,17,41,16],"power":[0.05722378343489139,0.041343605964690854,0.027020093119113603,0.012316646218832668,0.011318700426711606,0.08938757383476313,0.02865610184087543,0.07605936701553555,0.12747389778708307,0.012246392424781496]}
{"id": 13, "drone": 0, "position":(41.666666666666664,33.333333333333336,1.0), "time":40.65671010953812,"sensors":[33,4,47,31,15,38,40],"power":[0.013515269207534798,0.06671129782457509,0.006227003304479912,0.00993398571697073,0.003347230640591293,0.010987782879866386,0.011453031502963451]}
{"id": 14, "drone": 2, "position":(41.666666666666664,8.333333333333334,3.0), "time":200.28004928821912,"sensors":[23,22,20,18,13,6,12,30],"power":[0.02570521550352588,0.16396575223540266,0.027218142320999127,0.042800202665001626,0.021962731076638754,0.16002932124322253,0.10692476804649978,0.12280164922079377]}
{"id": 15, "drone": 2, "position":(8.333333333333334,8.333333333333334,1.0), "time":831.4751327922332,"sensors":[0,8,3,28,14],"power":[3.06516281985895,0.06891712978211641,0.15,0.08039309776979227,0.4084188794968609]}
