LP RESULTS :
 Obj = 0.1*lambda1+0.9*lambda2 = 118.19027000092379 (lambda1 = 1163.9027000092378, lambda2 = 2.0) Resol time = 697 ms

{"id": 0, "drone": 0, "position":(8.333333333333334,25.0,1.0), "time":300.03961562509267,"sensors":[32,3,34,44,4,6,15,41,12,25],"power":[0.09328742167199877,0.050423353279629254,0.065925704061878,0.09158649822191924,0.10346070844111493,0.03106824283069731,0.030798314406794175,0.048477417445653224,0.03591017351519035,0.081649416445968]}
{"id": 1, "drone": 2, "position":(8.333333333333334,16.666666666666668,1.0), "time":299.4190208422105,"sensors":[32,3,14,34,37,44,15,25],"power":[0.020845127798910918,0.9651220587114232,0.06871002214479681,0.13381266922111873,0.11560716734578673,0.06824113493775025,0.12353190432090123,0.068350583554032]}
{"id": 2, "drone": 5, "position":(41.666666666666664,25.0,5.0), "time":330.8852091892428,"sensors":[22,24,31,48,40,43,2,10,26,47,0],"power":[0.022402091546778167,0.15681299835674603,0.027344538532867113,0.14279029769887147,0.04899593412023175,0.06260212026129208,0.10542312604162801,0.12124459540586781,0.060548182104841836,0.06292187898734135,0.07580699635185091]}
{"id": 3, "drone": 5, "position":(41.666666666666664,8.333333333333334,1.0), "time":555.0772392601126,"sensors":[31,28,18,13,26,11,0],"power":[0.24664429829460463,0.11330436758718028,0.08121710996681127,0.18694705272011597,0.0944979217149797,0.13436199016377315,0.0828356863221128]}
{"id": 4, "drone": 7, "position":(25.0,41.666666666666664,1.0), "time":300.0396156250926,"sensors":[49,27,33,21,23,38,42],"power":[0.03562133983790512,0.06644698984517189,0.11520752029527544,0.10195677934029156,0.03460420749081159,0.05577256202983588,0.10971798508574833]}
{"id": 5, "drone": 3, "position":(25.0,8.333333333333334,1.0), "time":330.8852091892427,"sensors":[1,29,18,5,36,45,13,11,30],"power":[0.12139629301584735,0.07064306667149123,0.0801600692024241,0.2597859394668712,0.5971663449755241,0.04037721763981685,0.024340812464669362,0.06523163798393558,0.08796530564065709]}
{"id": 6, "drone": 3, "position":(33.333333333333336,8.333333333333334,1.0), "time":277.9402515598824,"sensors":[29,31,28,18,5,36,13,11,30,0],"power":[0.05694523628952645,0.03228780315747095,0.03669563241281973,0.3824614079370876,0.03170340087376195,0.03046663643242286,0.11541141693839202,2.7794025155988242,0.04114147849178142,0.017818962697706837]}
{"id": 7, "drone": 4, "position":(8.333333333333334,8.333333333333334,1.0), "time":323.3764059539536,"sensors":[1,3,14,34,37,8,15,45],"power":[0.04101035333483414,0.08328180556442,0.08198577852069479,0.03346249877458633,0.8391324131399188,0.11291598371542153,0.06527487694653758,0.039142595193553294]}
{"id": 8, "drone": 4, "position":(16.666666666666668,8.333333333333334,1.0), "time":241.06765758798088,"sensors":[1,3,37,8,5,36,45,30],"power":[0.5983646000352657,0.03699387615636282,0.04290054210780828,0.037084016284578455,0.06410677898597088,0.1079135679622101,0.07048018716662983,0.020893215867561488]}
{"id": 9, "drone": 8, "position":(41.666666666666664,41.666666666666664,1.0), "time":461.7815553868264,"sensors":[22,23,16,39,47],"power":[0.24536040025451403,0.06453045587067578,0.4666974015008871,0.15,0.03884089645506589]}
{"id": 10, "drone": 1, "position":(16.666666666666668,41.666666666666664,1.0), "time":320.48470242852676,"sensors":[35,20,49,27,33,21,41,7,9,12,38,42],"power":[0.042263288192671986,0.06911289700815197,0.0737987359895803,0.08355301015482808,0.04494432585297203,0.7130251444846224,0.049205900959819124,0.0222894599018928,0.06443484747462878,0.020677457560934448,0.6789834874567964,0.49219014188267424]}
{"id": 11, "drone": 1, "position":(25.0,25.0,5.0), "time":495.4804381512529,"sensors":[32,29,40,43,46,6,12],"power":[0.04424239574196573,0.054232080415089534,0.08118285043939308,0.06171932896719052,0.19060515812502557,0.1398255319772746,0.09730451431236833]}
{"id": 12, "drone": 6, "position":(41.666666666666664,33.333333333333336,1.0), "time":337.53705266874215,"sensors":[22,24,48,40,43,23,2,16,10,47],"power":[0.27941246178854706,0.07051622116536992,0.12889477901065724,0.03862652354751416,0.049994608279351885,0.07864138259693283,0.04457687395837198,0.028666909849252933,0.05499490225243812,0.15070421411099294]}
{"id": 13, "drone": 6, "position":(8.333333333333334,41.666666666666664,1.0), "time":543.3783819556185,"sensors":[35,20,49,21,17,4,41,7,9,19,38,42],"power":[0.7560150746881957,0.11429368877410193,0.04538413214214672,0.07235033840777745,0.205610684079012,0.0757979958674747,0.14614295352420942,0.1277105400981072,0.12816062781932605,0.24807443413888183,0.11706536893238895,0.06264033838058343]}
