LP RESULTS :
 Obj = 0.1*lambda1+0.9*lambda2 = 129.20278990311667 (lambda1 = 1274.0278990311665, lambda2 = 2.0) Resol time = 508 ms

{"id": 0, "drone": 2, "position":(25.0,25.0,1.0), "time":86.08570766727132,"sensors":[1,3,46,44,34,40,6],"power":[0.1746808929184202,0.006173180091814149,0.024873575724059505,0.43668797937196013,0.006812797064336886,0.03875110684495629,0.10244629749641573]}
{"id": 1, "drone": 2, "position":(8.333333333333334,41.666666666666664,1.0), "time":974.2956757409072,"sensors":[41,49,33,16,7,34,35,28,20,24,47,21],"power":[1.8578457181164671,0.11228822249811633,0.40186581992508713,1.614153624043443,0.30752169834716436,0.11303462782422571,0.64665300544982,0.08387144676376773,0.14004611698000777,0.1973028959542557,0.2597972174661797,0.15]}
{"id": 2, "drone": 5, "position":(41.666666666666664,8.333333333333334,1.0), "time":685.8697032852311,"sensors":[17,42,3,4,10,0,15,11,5,29,36,30],"power":[1.788238988478776,0.5171399331108102,0.08035825297106444,0.22987545389930902,0.1447915651622335,0.1635973300146579,0.051762219618127964,0.2060924824591802,0.15816220589103672,0.06039290666159999,0.07508956659091982,0.15]}
{"id": 3, "drone": 5, "position":(16.666666666666668,33.333333333333336,1.0), "time":0.35533603233914457,"sensors":[1,41,44,49,33,16,2,34,39,28,20,24,40,6],"power":[2.4173754797387706E-5,4.1480532293036426E-5,4.66894939156326E-5,2.523972762721451E-4,9.095810421079741E-5,4.1500137051357065E-5,5.483090529604209E-5,0.0030186961725750003,2.5794097747432036E-5,4.7804319520391765E-5,5.744220208372145E-5,2.6506641716441043E-5,3.342794079327436E-5,6.305472028373563E-5]}
{"id": 4, "drone": 8, "position":(41.666666666666664,25.0,1.0), "time":502.07248807866404,"sensors":[3,46,4,10,23,48,26,8,43,0,13,5,29,27],"power":[0.07072299257838527,0.05328892543686829,0.03969875798204613,0.05927294878947371,0.06489907118064796,0.2481838024555698,0.1288886753785313,0.033646627414077916,0.15063559389547887,0.040884429992294566,2.5689450566611542,0.09591670784948815,0.375619662450476,0.04292234476126012]}
{"id": 5, "drone": 8, "position":(33.333333333333336,33.333333333333336,1.0), "time":73.52746710538554,"sensors":[1,46,44,23,48,8,13,31,2,38,6],"power":[0.012682830347512412,0.04136259034739738,0.008530154247997851,0.028001354920901205,0.00645531355229161,0.012826508425643628,0.00495316095417843,0.006896726677948086,0.011345060713618803,0.006560986039308782,0.011122372849486107]}
{"id": 6, "drone": 4, "position":(8.333333333333334,16.666666666666668,1.0), "time":902.7781401807313,"sensors":[19,45,9,25,32,22,39,40],"power":[0.30855649903343946,0.765001154244517,0.10811446561853479,0.05881682050866667,9.027781401807314,0.22561297687630052,0.08865847509859927,0.0614021058681163]}
{"id": 7, "drone": 4, "position":(25.0,41.666666666666664,1.0), "time":74.22041563436937,"sensors":[49,31,2,34,38,28,20,24,6],"power":[0.01865128343700215,0.01151996923198533,0.11931373105581598,0.00780862919940108,0.1291520647739246,0.04809673954107385,0.023532326764448802,0.010168927480776467,0.005111403170303359]}
{"id": 8, "drone": 0, "position":(41.666666666666664,41.666666666666664,1.0), "time":488.78479369200767,"sensors":[23,48,8,31,14,27,12],"power":[0.14946869490876252,0.03682161282114182,0.6164924313152014,0.10562138428468695,0.1483442129764494,0.09678306463444329,0.16076601811760946]}
{"id": 9, "drone": 0, "position":(16.666666666666668,41.666666666666664,1.0), "time":10.343096819764902,"sensors":[41,49,33,16,2,34,38,35,28,20,24,47],"power":[0.00156493023006348,0.0075532269288709295,0.0019071566474581942,0.00479476330627584,0.0019540692134398237,0.002743482754786938,0.0013211965664383575,0.0011994083961466004,0.010578141738678297,0.03290351754040552,0.007317584900312368,0.0025071308650395007]}
{"id": 10, "drone": 3, "position":(25.0,8.333333333333334,5.0), "time":465.2623680635774,"sensors":[37,18,15,11,36],"power":[0.15,0.16746542292129454,0.16690413999624465,0.03545996128620407,0.11200764193162162]}
{"id": 11, "drone": 3, "position":(25.0,33.333333333333336,1.0), "time":46.652099265455895,"sensors":[1,46,44,49,2,34,38,28,20,40,6],"power":[0.011594632940528541,0.012355681249136025,0.013795887041538743,0.011804380470885707,0.025080364643510863,0.009401014141984554,0.005929569184677896,0.005957836221784017,0.004822951726182027,0.004048997264172684,0.031256871763511045]}
{"id": 12, "drone": 6, "position":(8.333333333333334,8.333333333333334,1.0), "time":175.93918353122044,"sensors":[19,45,9,18,25,32,22],"power":[0.027972659492131964,0.1430884769926045,0.13203466774024977,0.01265295516147581,0.09118317949133332,0.034922921542349813,1.3007488677283252]}
{"id": 13, "drone": 6, "position":(8.333333333333334,25.0,1.0), "time":82.07556787105824,"sensors":[19,45,32,33,7,34,39,40],"power":[0.008959824594319012,0.00660037181680413,0.019747604562934385,0.009259723604648445,0.005992554359103291,0.007180752842689826,0.06131573080365331,0.0071994334834901245]}
{"id": 14, "drone": 1, "position":(16.666666666666668,16.666666666666668,1.0), "time":113.23500744815647,"sensors":[19,45,9,44,18,32,22,40],"power":[0.33196176893413937,0.02390827000762614,0.013755376708681539,0.008775429125934585,0.015545649265450606,0.025914647390674013,0.014273997564894834,0.038564928598471285]}
{"id": 15, "drone": 1, "position":(41.666666666666664,33.333333333333336,5.0), "time":102.7725441570862,"sensors":[46,23,48,26,8,43,13,27,12],"power":[0.0077991622212454734,0.041884353638349615,0.029425853576729163,0.009966577311092802,0.030811207087645363,0.018696103255085667,0.012408106598472487,0.023052285393947526,0.014567802553273924]}
{"id": 16, "drone": 7, "position":(33.333333333333336,41.666666666666664,1.0), "time":20.78489833075103,"sensors":[46,23,8,31,2,38,14,28],"power":[0.0014307372787363609,0.004155625953530142,0.004204930751470604,0.025961919805379614,0.0038825371159115604,0.007036183435650354,0.0016557870235505982,0.001448031415175719]}
{"id": 17, "drone": 7, "position":(41.666666666666664,33.333333333333336,1.0), "time":86.08570766727132,"sensors":[46,23,48,26,8,43,13,29,27,12],"power":[0.008889327742556907,0.13399174403637518,0.04754445658188823,0.011144747310375874,0.05420789258692703,0.021094704670210778,0.0138999314851438,0.006314503842335704,0.028219779730796927,0.015910556996529303]}
