LP RESULTS :
 Obj = 0.1*lambda1+0.9*lambda2 = 145.46750978048695 (lambda1 = 1436.6750978048694, lambda2 = 2.0) Resol time = 1193 ms

{"id": 0, "drone": 8, "position":(41.666666666666664,8.333333333333334,1.0), "time":609.624778479467,"sensors":[31,3,13,9,30,42,22,19,11,4,10,46,5,2],"power":[0.3489546988270882,0.24270213679374142,0.1166990599598541,0.6693765175467804,0.13421790812788564,1.0923198265306238,0.07744124938762839,1.5944272674341546,0.17279297104621824,0.26600589554600396,0.11897026606490833,0.15,0.04813532022283481,0.7973395985164394]}
{"id": 1, "drone": 1, "position":(25.0,8.333333333333334,1.0), "time":412.9630288883084,"sensors":[13,9,7,0,15,17,22,23,10,5],"power":[0.10160446141485172,0.028484751747677933,0.10384906036817138,0.08637835086056594,0.10780404024906497,0.044729656816546594,0.15013723853045383,0.055872002570308395,0.09686319171364888,0.15352552653503146]}
{"id": 2, "drone": 5, "position":(33.333333333333336,8.333333333333334,1.0), "time":414.0872904370941,"sensors":[31,13,9,0,30,42,22,19,11,4,10,5,2],"power":[0.04057200873826048,4.140872904370942,0.24961778919849964,0.05307381495729017,0.06410818639772874,0.05043184492651628,0.9747676003322912,0.06424693702443067,0.07397415368926075,0.05134790559395509,2.3170587939376843,0.19859813344548377,0.11415634398704556]}
{"id": 3, "drone": 4, "position":(8.333333333333334,33.333333333333336,3.0), "time":142.407467792219,"sensors":[24,45,18,49,27,14,8,38,47,48,1],"power":[0.010900791102869291,0.028699745106125222,0.020173200594531603,0.024373632477949315,0.027535307759683953,0.0431524092906029,0.013372441223182057,0.07539064569108601,0.009025738500229608,0.13119113511056177,0.020831873354289758]}
{"id": 4, "drone": 4, "position":(8.333333333333334,25.0,2.0), "time":412.9630288883085,"sensors":[24,45,39,33,35,18,14,38,47,48],"power":[0.1390992088971307,0.8793061415734168,0.03384504158900913,0.04297427767514594,0.05312888934353527,1.1040866572905064,0.037600892006986804,0.036439238612721546,0.09430012017853849,0.13983303725251606]}
{"id": 5, "drone": 3, "position":(8.333333333333334,8.333333333333334,1.0), "time":271.11931961760513,"sensors":[41,7,21,39,35,6,29,17],"power":[0.055401109607401605,0.04881568363503184,0.046540120589122595,0.046776525891874206,0.05561128086864602,0.05930863386326257,2.711193196176051,0.07393773110253463]}
{"id": 6, "drone": 3, "position":(25.0,25.0,1.0), "time":320.6221483903416,"sensors":[20,28,32,33,8,23,47],"power":[3.2062214839034158,0.0506239676131963,0.02570209484133477,0.16987827181052026,0.06052178419863354,0.07516436850416824,0.055874117294196925]}
{"id": 7, "drone": 6, "position":(33.333333333333336,41.666666666666664,2.0), "time":320.62214839034175,"sensors":[37,44,40,26,12],"power":[0.03583875643824024,0.07736209275087509,0.0379751808280259,0.08178134412327136,0.09120322171963341]}
{"id": 8, "drone": 7, "position":(41.666666666666664,25.0,1.0), "time":129.9614157914116,"sensors":[43,28,32,26,11,4,16],"power":[0.057752235923309435,0.03063643020554363,0.1217920693387707,0.014369383602262803,0.019289805683770797,0.014736293281658356,0.0366881347978013]}
{"id": 9, "drone": 7, "position":(25.0,41.666666666666664,1.0), "time":602.7051876645207,"sensors":[44,40,25,8],"power":[0.6375794444538664,0.1485262990244041,0.05130871075528148,0.07610577457818435]}
{"id": 10, "drone": 0, "position":(8.333333333333334,41.666666666666664,2.0), "time":833.9699101403487,"sensors":[49,27,14,25,38,48,34,1],"power":[1.1308852058692473,0.2503137302996428,0.16277485951976664,0.16819150559035292,0.3498891016860044,0.09490254921080116,0.2568492173694525,2.045256913162748]}
{"id": 11, "drone": 0, "position":(8.333333333333334,8.333333333333334,1.0), "time":602.7051876645207,"sensors":[41,7,21,39,35,6,29,17],"power":[0.1231580848234891,0.10851851431215105,0.1034598794108774,0.10398541445043402,0.12362530091723214,0.13184461126968275,6.027051876645207,0.1643654689104949]}
{"id": 12, "drone": 2, "position":(16.666666666666668,8.333333333333334,1.0), "time":149.88756163443503,"sensors":[41,7,0,15,35,6,29,17,23],"power":[0.021790034243189406,0.6450125937528208,0.010547834182143912,0.042195959750935035,0.03338871740768043,0.018380057144131216,0.0332878354771747,0.10723992572004436,0.018963628925523366]}
{"id": 13, "drone": 2, "position":(41.666666666666664,33.333333333333336,2.0), "time":986.0915336231161,"sensors":[37,43,36,28,32,26,12,16],"power":[0.25191210058864855,0.09224776407669055,0.18950717060725983,0.17756497604015672,0.16061113957292714,0.4814429841496,0.11507204904095247,0.21153900098156894]}
