LP RESULTS :
 Obj = 0.1*lambda1+0.9*lambda2 = 163.65733676088269 (lambda1 = 1618.5733676088266, lambda2 = 2.0) Resol time = 393 ms

{"id": 0, "drone": 6, "position":(16.666666666666668,33.333333333333336,1.0), "time":418.57601119562577,"sensors":[9,23,3,14,44,45,47,20,4,36,37,43],"power":[0.2940431159874922,0.02938451218244675,0.07967215320933067,0.032908258674498356,0.028337242937146505,0.0635917225752599,0.373561750435163,0.05021397932223515,0.11405581580983316,0.7865065034719719,0.033416260844439896,0.029971645170334075]}
{"id": 1, "drone": 6, "position":(25.0,16.666666666666668,1.0), "time":1.4840285876196637,"sensors":[27,23,49,10,20,21,22,32,8,7,34,39,41],"power":[6.137039379485052E-4,3.3444450258784524E-4,3.602885633582916E-4,5.806431381419747E-4,1.5579800723070718E-4,9.868068153569432E-4,3.2141273150560515E-4,0.0011778970136013208,2.2202265146138632E-4,1.1020846834016542E-4,1.0040579269984965E-4,1.9303767014598503E-4,0.013236153142388457]}
{"id": 2, "drone": 2, "position":(16.666666666666668,25.0,1.0), "time":373.2208809394831,"sensors":[9,23,3,1,47,10,20,21,36,7,41],"power":[0.11954949530403747,0.05704856585656129,0.023781924861705977,0.07071598958588184,0.07066691634490688,0.08598545753577805,0.05582497574804093,0.1040583778454981,0.06607135820178905,0.03188958379851534,0.03639586908814716]}
{"id": 3, "drone": 2, "position":(16.666666666666668,8.333333333333334,1.0), "time":838.7427092491697,"sensors":[1,10,26,21,22,32,11,7,34,39,41],"power":[0.10161170621438907,0.14649330154705292,0.16693028432647256,0.08339844175702818,0.13373735341116466,0.08266027931199343,0.11734417952157128,0.2859801308372202,0.11666293756473993,3.00342218691436,0.06507571844831336]}
{"id": 4, "drone": 4, "position":(41.666666666666664,16.666666666666668,1.0), "time":844.7530172910549,"sensors":[12,17,25,18,27,19,6,33,49,48,8,5,2,31,30],"power":[0.0984076725119512,0.25378267746801514,0.18139068862846996,0.23801773920664912,0.08282540526146341,0.2485757809491047,0.11945766058312135,0.1833740541505101,0.1610585418074724,0.8437817927536271,0.1650282859920234,0.06459626089448046,0.3498932916623524,5.997649281768747,0.05469415147057517]}
{"id": 5, "drone": 1, "position":(41.666666666666664,41.666666666666664,1.0), "time":1074.1377294171277,"sensors":[13,16,28,24,46,35],"power":[0.15963840108818794,1.4030267867235917,0.15000000000000002,0.10245167118472247,0.26627992000430095,0.08801308147874652]}
{"id": 6, "drone": 7, "position":(41.666666666666664,25.0,1.0), "time":367.2105728975978,"sensors":[12,13,17,18,27,19,46,33,49,48,2,31,30],"power":[0.1766641442939654,0.11914182812170925,0.06048926400215973,0.8769065606283216,0.028158583174649934,0.0686763538447099,0.030450398616967786,0.04049532277666304,0.03677228996757496,0.1444809876333216,0.048500428030163384,0.09932503397580114,0.07733457550222943]}
{"id": 7, "drone": 0, "position":(41.666666666666664,8.333333333333334,5.0), "time":406.6097774201743,"sensors":[17,25,6,33,0,48,8,5,2,31],"power":[0.02853266311603152,0.08658959684976524,0.1707757725875132,0.027995236165896557,0.09629377366891664,0.03194459622177132,0.062157533451494884,0.08768616007199753,0.04825113239622586,0.054249048057839394]}
{"id": 8, "drone": 5, "position":(33.333333333333336,8.333333333333334,5.0), "time":363.33307250634874,"sensors":[27,6,49,0,22,32,8,11,34,41],"power":[0.02963249328804873,0.03132941101952755,0.04955791414298117,0.053706226331083344,0.07639530762670031,0.06742211158682514,0.1316588641135482,0.03265582047842871,0.05024784907037873,0.02597927591914401]}
{"id": 9, "drone": 5, "position":(41.666666666666664,33.333333333333336,1.0), "time":124.6509707166316,"sensors":[12,13,18,16,44,46,35,40,30],"power":[0.0245151010230198,0.5183009578361323,0.018342199901092288,0.04166815361046916,0.012752026023948584,0.047704553035431245,0.010614057982073547,0.013597908040373217,0.017971273027195395]}
{"id": 10, "drone": 3, "position":(25.0,41.666666666666664,5.0), "time":367.21057289759665,"sensors":[9,3,14,24,44,45,47,35,4,36,37,40],"power":[0.026039431785115308,0.08762407133418962,0.17807364024726371,0.1028964917013388,0.03569845817256795,0.18257099846052766,0.04423955337287549,0.08117419149026252,0.08589232400135859,0.04463495978827151,0.09437122362076525,0.03896084754042898]}
{"id": 11, "drone": 3, "position":(33.333333333333336,33.333333333333336,1.0), "time":52.57409457747062,"sensors":[12,13,9,23,3,16,14,24,44,46,45,47,35,20,37,40],"power":[0.013623986657636212,0.010348327673564925,0.0034849819945919807,0.006102159610296194,0.011572124135238152,0.004210709546491256,0.00872049070802574,0.0072438922865263496,0.06566166286439862,0.04967234308684344,0.00690858334061959,0.004168959063710886,0.028287993738887265,0.010012584253557213,0.019271650007259774,0.10053576228082196]}
{"id": 12, "drone": 8, "position":(25.0,25.0,3.0), "time":41.79267632620556,"sensors":[12,9,27,23,3,44,49,47,10,20,21,32,36,37,40,41],"power":[0.004055439717341607,0.010318477876499053,0.00921084567563037,0.06733184766031708,0.005013511299310509,0.007550610001938348,0.004508244120706232,0.00711723259485685,0.005960786464422156,0.03379266266893603,0.010709028494853591,0.003324869618468423,0.005180255818859328,0.002940865527535082,0.006068641419305615,0.00931298340200699]}
{"id": 13, "drone": 8, "position":(8.333333333333334,41.666666666666664,1.0), "time":832.7867835156043,"sensors":[42,29,15,4,38,43],"power":[0.19236878448817413,0.34084914951357104,0.3273055309937145,0.11148336217610243,0.15,1.2325082917349106]}
