LP RESULTS :
 Obj = 0.1*lambda1+0.9*lambda2 = 131.03537541483303 (lambda1 = 1292.3537541483302, lambda2 = 2.0) Resol time = 2951 ms

{"id": 0, "drone": 2, "position":(33.333333333333336,41.666666666666664,1.0), "time":23.783751404227207,"sensors":[28,33,25,34,37,9,31,15,35,14,7],"power":[0.0017059727460004314,0.002348507353454238,0.006365953895320147,0.0038070802679038224,0.004727431683449622,0.003082061767887344,0.0025120259117514324,0.004985872676858814,0.005375107407628283,0.002237080404716494,0.004762902374982673]}
{"id": 1, "drone": 2, "position":(8.333333333333334,41.666666666666664,1.0), "time":985.0023264425165,"sensors":[12,36,2,47,3,48,21,13,5],"power":[0.20195127546179614,4.420993597121328,4.970328868927513,0.0746488664440934,0.18831262598949866,1.1301672507521232,0.13053417207632834,0.15275723606041983,0.15]}
{"id": 2, "drone": 7, "position":(41.666666666666664,16.666666666666668,1.0), "time":63.81272802801044,"sensors":[24,20,16,0,44,46,8],"power":[0.03946170230827009,0.04251772261339905,0.006046655146545911,0.004572105787402224,0.019562813315507736,0.021207871354869075,0.010198756244243122]}
{"id": 3, "drone": 7, "position":(25.0,25.0,1.0), "time":961.2185750382891,"sensors":[28,25,16,49,37,32,9,1,30,27,8,4,42,35],"power":[0.0813669691207743,0.08166128498865403,0.06551161872396254,0.061675486584598774,0.13475888370197256,0.6339318966072117,0.13253845260606803,0.4329012308480976,0.22700091875786943,0.1736906249148497,0.08449419123808001,1.2768793016570041,0.43874030060637814,0.11972914309724811]}
{"id": 4, "drone": 8, "position":(25.0,8.333333333333334,1.0), "time":163.10579846397482,"sensors":[39,38,10,46,19,11,41],"power":[0.1188318955068005,0.021771662271721493,1.1132896918097244,0.013776362906008411,0.05069862651226493,0.663882889635022,0.03196382230939085]}
{"id": 5, "drone": 6, "position":(41.666666666666664,8.333333333333334,1.0), "time":928.4061775583623,"sensors":[24,20,0,44,46,17],"power":[0.06741032595785479,0.28942674655863765,0.2868676824231097,0.11325097156485456,0.18389024804597318,0.17148731826687721]}
{"id": 6, "drone": 6, "position":(16.666666666666668,8.333333333333334,3.0), "time":246.17192049073594,"sensors":[39,45,23,38,26,10,40,19,6,11,41],"power":[0.031168104493199483,0.061460689495532246,0.058409028849161604,0.1299685245837919,0.07801449884863457,0.04140033909369576,0.02841913179934132,0.07142999098805321,0.02018369516520064,0.061448926573446944,0.11568045175516498]}
{"id": 7, "drone": 1, "position":(8.333333333333334,8.333333333333334,1.0), "time":875.859456049763,"sensors":[22,43,45,23,38,26,40,19,6,29,41],"power":[0.22640376181656896,0.15,1.013320638074291,0.3383443242546999,0.19311932872439197,1.5111192371101079,0.47242565230922423,0.05633167602007107,0.6898280187861882,0.1302635655787383,0.11791459538797017]}
{"id": 8, "drone": 1, "position":(41.666666666666664,41.666666666666664,5.0), "time":416.4942980985671,"sensors":[34,31,15,14],"power":[0.14981259078098938,0.17326839604232558,0.14843910045049402,0.14406082879642965]}
{"id": 9, "drone": 4, "position":(41.666666666666664,41.666666666666664,3.0), "time":137.02905009798255,"sensors":[34,31,15,35,14],"power":[0.08962977160682306,0.11917531986531937,0.09243305367361751,0.008702520429705131,0.07867400880270557]}
{"id": 10, "drone": 4, "position":(8.333333333333334,33.333333333333336,1.0), "time":137.02905009798246,"sensors":[28,12,36,49,2,47,3,48,27,13,18],"power":[0.008928216539226956,0.039065796867595745,0.0293690417547285,0.04620904073221893,0.03257960824421717,0.04050424900438515,0.022977422461992962,0.0349207520846088,0.010868452467246208,0.1639185058715996,0.01924156102280469]}
{"id": 11, "drone": 0, "position":(25.0,41.666666666666664,1.0), "time":170.32237760783127,"sensors":[28,33,25,37,9,3,21,42,35,7],"power":[0.06453024945293105,0.14765149264654576,0.0812356397690202,0.02375032805768506,0.010787087166557564,0.03094653997471438,0.019465827923671686,0.018299041176601322,0.026174424577248147,1.7032237760783127]}
{"id": 12, "drone": 0, "position":(41.666666666666664,25.0,1.0), "time":137.02905009798246,"sensors":[24,20,16,9,44,1,15,46,8],"power":[0.09371205206393511,0.013158270331755045,0.09342238630151711,0.018973955547563735,0.017186215119637697,0.013982872084791965,0.010196736362234815,0.012115799914280249,0.1055631302402477]}
{"id": 13, "drone": 3, "position":(8.333333333333334,25.0,1.0), "time":170.32237760783119,"sensors":[12,49,23,47,30,27,29,13,18],"power":[0.012537624225739195,0.10585544583457228,0.01646057387757596,0.03484688455152146,0.02849497964149186,0.04142470390848064,0.037371407152834844,0.03677297006634157,0.1967075630827092]}
