LP RESULTS :
 Obj = 0.1*lambda1+0.9*lambda2 = 144.04885014792845 (lambda1 = 1422.4885014792842, lambda2 = 2.0) Resol time = 524 ms

{"id": 0, "drone": 4, "position":(33.333333333333336,8.333333333333334,1.0), "time":439.256304063362,"sensors":[2,31,5,35,16,30,4,25,20,36,6,37,23,46],"power":[0.1011580198167148,0.2326410998616256,0.0516267185203649,0.054859962888144854,0.028462984067906448,1.042096635024397,0.06181952620996606,0.43209583347186425,0.18394187033349987,0.08578703053609163,0.03484827665619281,0.28910338179929645,0.11833166049542587,0.14235132041270993]}
{"id": 1, "drone": 4, "position":(33.333333333333336,25.0,1.0), "time":104.37929279988333,"sensors":[33,41,13,2,31,16,43,0,36,6,37,23,27,26],"power":[0.09048589643064055,0.029122559777027008,0.008504979804150834,0.021404289885826183,0.009282039444883872,0.05620416791537022,0.06567422066616378,0.042080954157212046,0.020523613478533147,0.031737345869266784,0.00812563678472046,0.010173187225740898,0.007376421362415681,0.2396106047782507]}
{"id": 2, "drone": 7, "position":(41.666666666666664,41.666666666666664,1.0), "time":732.0434115951463,"sensors":[38,3,11,41,13,45,21,44,12,39,17,42],"power":[0.22405430418743008,0.5546079787886616,0.05757753020164143,0.07204994355675731,0.11459373122986188,0.39290645951238984,0.9204315667688016,0.4690376845037229,0.17881985301216957,0.15,0.050877408478145196,0.11092509348964637]}
{"id": 3, "drone": 6, "position":(8.333333333333334,8.333333333333334,1.0), "time":766.6802887656058,"sensors":[24,22,8,29,14,32,48,34,19],"power":[0.15,0.1947684758099941,0.6625202652405914,0.2022273397070026,0.06967428141513246,0.08335075489115434,0.07403579003167803,0.07463591728958263,1.1839595806474887]}
{"id": 4, "drone": 6, "position":(25.0,25.0,1.0), "time":31.831005068949725,"sensors":[15,33,2,16,43,48,49,0,1,23,27,26],"power":[0.010462626093471017,0.019670332075269917,0.003074132097481771,0.01199937512210974,0.006482823855976144,0.0030772604663290445,0.0040552041749855675,0.03853100378169898,0.005183615901796628,0.003359617324391105,0.002731907389966574,0.007310549158581071]}
{"id": 5, "drone": 8, "position":(41.666666666666664,16.666666666666668,1.0), "time":520.4941926073949,"sensors":[10,18,2,31,16,30,25,36,6,37,23],"power":[0.20221055042660863,0.15,0.10373107745514247,0.15017020294588512,0.04096021286022629,0.09048687027023974,0.03352409577861416,0.24065005271389875,0.30260135450649384,0.13886344710083054,0.03726825287677168]}
{"id": 6, "drone": 8, "position":(16.666666666666668,8.333333333333334,1.0), "time":53.30485811918922,"sensors":[8,29,5,35,14,32,48,4,19,46],"power":[0.04602636247312429,0.0036795885651709497,0.006454133559822216,0.018824842222339593,0.024416755960811578,0.01732474350049806,0.011664500302015615,0.00534085287416938,0.00628697183281962,0.005553965033066296]}
{"id": 7, "drone": 3, "position":(16.666666666666668,33.333333333333336,1.0), "time":433.0471996537856,"sensors":[15,28,9,40,49,0,1,27],"power":[0.1738559826639392,0.06768711085099995,0.20933436584538775,0.038935037716896326,0.13789954901733967,0.0332828388863692,0.7075099787418404,0.040625745051569205]}
{"id": 8, "drone": 5, "position":(25.0,41.666666666666664,1.0), "time":328.5652151278276,"sensors":[38,7,11,13,45,21,9,17,49,1,27,42],"power":[0.036466634386515644,0.13825441566630983,0.30066746680821355,0.06512913735003152,0.03342722896070713,0.020950990841256165,0.10054247691168976,0.07145412795154173,0.10549069590773487,0.04837330809626836,0.14759824807486774,0.07819147434330087]}
{"id": 9, "drone": 5, "position":(8.333333333333334,16.666666666666668,1.0), "time":244.14464258584493,"sensors":[8,40,48,34,19],"power":[0.05053076749951372,0.02533758361657311,0.054309823415544196,0.07536408271041736,0.07938312830789263]}
{"id": 10, "drone": 0, "position":(8.333333333333334,33.333333333333336,1.0), "time":206.97816292624861,"sensors":[15,28,47,9,40,1],"power":[0.01850055100542588,0.777930702413468,0.022285213534643522,0.019970391095198207,0.08572737866653056,0.021446786418773615]}
{"id": 11, "drone": 0, "position":(25.0,8.333333333333334,1.0), "time":326.5277069396944,"sensors":[8,2,31,5,35,14,32,48,30,4,25,20,37,23,46],"power":[0.02572455149876059,0.033952763532876275,0.03302166405984235,0.09191914791981293,0.6945270588692846,0.08766591482658657,0.049324501608347594,0.030908039857841463,0.05232743343743284,0.09119772971049175,0.16514641923183437,0.02566001070688135,0.03473276427096608,0.09382205449314898,0.27699338735233037]}
{"id": 12, "drone": 2, "position":(8.333333333333334,41.666666666666664,1.0), "time":453.89792377142237,"sensors":[28,47,9],"power":[0.07209023827882319,0.12771478646535647,0.04982628157890114]}
{"id": 13, "drone": 1, "position":(33.333333333333336,33.333333333333336,1.0), "time":161.23999831198512,"sensors":[38,33,11,41,13,45,21,44,16,43,49,0,27,26,42],"power":[0.01563200977309301,0.04137612898094887,0.025193908117975894,0.07304453428807979,0.143339930488248,0.04053990181715893,0.019656947662376297,0.02629266937749985,0.012373260034387275,0.17716760642012297,0.021042175558271474,0.03610520317471978,0.05484207789690529,0.06538474290254641,0.08043121639438894]}
{"id": 14, "drone": 1, "position":(33.333333333333336,41.666666666666664,1.0), "time":96.26058364444177,"sensors":[38,3,7,11,41,13,45,21,44,43,17,49,27,42],"power":[0.09668285731540392,0.02395176559244725,0.011745584333690176,0.08429354906792975,0.008652937812737706,0.08353928952060825,0.12551597284401494,0.05234996531930125,0.01399692961054972,0.00869965294724298,0.02766846357031305,0.008680852266330774,0.027788579767331918,0.15647073163541703]}
