LP RESULTS :
 Obj = 0.1*lambda1+0.9*lambda2 = 165.52618247459125 (lambda1 = 1637.2618247459122, lambda2 = 2.0) Resol time = 675 ms

{"id": 0, "drone": 8, "position":(25.0,41.666666666666664,1.0), "time":493.3736458985624,"sensors":[16,39,31,33,15,46,44,2,12,6,9,26,21,41,10],"power":[0.0759791966282838,0.18906344755046664,0.127398438138407,0.09920928847438673,0.14667176813333402,0.08889997374179262,2.8319002328869853,0.05535829949445281,0.07827739494226822,0.04289255923442559,0.05500148208542156,0.058664591245701544,0.09837958129407445,0.26423596590669574,0.10124245958259578]}
{"id": 1, "drone": 8, "position":(33.333333333333336,41.666666666666664,3.0), "time":266.8030645233091,"sensors":[45,39,31,15,22,44,9,26,21,4,7,10],"power":[0.09400064175134915,0.04904332189105676,0.1378331108572978,0.2287882922843019,0.020872010407876108,0.06013256564424084,0.02561651899104267,0.154218978254458,0.042618338519088264,0.028511548073897327,0.030776556353816993,0.03385458996087382]}
{"id": 2, "drone": 5, "position":(25.0,25.0,1.0), "time":88.76586199402715,"sensors":[43,13,38,1,17,46,49,12,42,6,9,21],"power":[0.016214451609942716,0.13022079265821915,0.058602850070183274,0.00957235676716524,0.06815378419318915,0.008483495335059278,0.020686976467183645,0.008949718892527119,0.030200969363124747,0.043718437444635695,0.024471836314688074,0.015322156260442425]}
{"id": 3, "drone": 5, "position":(8.333333333333334,41.666666666666664,1.0), "time":1036.314320542952,"sensors":[16,29,3,33,46,35,2,12,11,41,0],"power":[0.2822555298118867,0.29353249580060853,0.36066755937082773,0.10857100287089304,0.09131524331865393,0.13349285653118273,0.09821232597938237,0.08685231729004124,0.26678900860123134,0.09341607874109101,0.15]}
{"id": 4, "drone": 6, "position":(41.666666666666664,41.666666666666664,1.0), "time":587.5989530668282,"sensors":[45,31,15,22,26,24,8,4,7],"power":[1.1113905926440812,0.06622052131413653,0.07676266357260933,0.37165936649859327,0.16259408347450083,0.15,0.06357119029046622,0.1249756049887185,0.4828072914470025]}
{"id": 5, "drone": 6, "position":(33.333333333333336,25.0,1.0), "time":77.0908958983589,"sensors":[43,13,38,1,17,6,9,21,4],"power":[0.027552972604337374,0.007623413700257708,0.041054799383985055,0.07371156474374971,0.03333910426595084,0.020137578011655742,0.020615272219490305,0.011454976900720103,0.008996419567599516]}
{"id": 6, "drone": 2, "position":(33.333333333333336,41.666666666666664,1.0), "time":107.57385830439796,"sensors":[45,39,31,15,22,44,6,9,26,21,4,41,7,10],"power":[0.04936157047818412,0.02233584987515004,0.08131367417144038,0.176081517354769,0.00907639617219251,0.026308839981512826,0.007230173760063249,0.01102587697747517,0.09624824016192854,0.019387704536549102,0.013311043516552535,0.007219091534984378,0.013200609276889952,0.01490295045653036]}
{"id": 7, "drone": 2, "position":(41.666666666666664,8.333333333333334,1.0), "time":221.91160175289107,"sensors":[25,30,32,40],"power":[0.05344214748716465,0.3272130132870071,0.11481360269166052,0.09654717486019923]}
{"id": 8, "drone": 1, "position":(8.333333333333334,8.333333333333334,1.0), "time":445.28494202933007,"sensors":[47,28,48,20,19,36,27],"power":[0.564971199694835,0.06897381026094136,0.05625420352534062,0.14657857581478317,0.24522535391674088,0.06141568329655813,0.04753151801557397]}
{"id": 9, "drone": 1, "position":(8.333333333333334,25.0,1.0), "time":91.79355186105468,"sensors":[13,28,37,48,35,49,19,42,27,18],"power":[0.006255745516106985,0.008588617961659634,0.14264000516899186,0.033841628723631244,0.024963602093798908,0.009741088305357684,0.007926229414311411,0.012549434836730591,0.04102784462982708,0.17764549864605217]}
{"id": 10, "drone": 0, "position":(16.666666666666668,25.0,1.0), "time":18.80799631037118,"sensors":[13,28,37,38,48,17,46,35,49,12,42,6,27,18],"power":[0.010909253645896367,0.0029670955532378938,0.002781496750411189,0.0014911333633117769,0.003122814206826012,0.0017802146619775236,0.002722352484754753,0.00122390334253264,0.00996399263828857,0.0029932298252416905,0.053162729098470085,0.0017578042675942612,0.0020097001361902094,0.004255091791193331]}
{"id": 11, "drone": 0, "position":(25.0,8.333333333333334,1.0), "time":507.71339084360034,"sensors":[43,28,25,14,32,36,5,34],"power":[0.03880791602844364,0.04594239723348942,0.089559689213435,0.14776587199201802,0.03231916207509881,0.17209187872000722,1.3080657673214127,0.8474534175283043]}
{"id": 12, "drone": 3, "position":(25.0,16.666666666666668,2.0), "time":510.14374792611363,"sensors":[43,13,28,25,38,1,17,49,42,6,36,5,34],"power":[0.1343123186266612,0.0893475476358888,0.07581953377583807,0.05596741730623754,0.14623031778392992,0.04531464258441218,0.1614843470118838,0.13229072657475083,0.05408686670167458,0.034263447281625614,0.05558444052113161,0.08586523380363321,0.21166655370838738]}
{"id": 13, "drone": 3, "position":(41.666666666666664,25.0,1.0), "time":416.28275000020346,"sensors":[43,38,1,40,8,4,7,23],"power":[0.044551768966062166,0.02947146040696474,0.13772553833760318,0.050918016534895416,0.04300594529491467,0.09298421319497804,0.031474680004269576,0.1283590056363127]}
{"id": 14, "drone": 7, "position":(41.666666666666664,33.333333333333336,1.0), "time":181.91230295281466,"sensors":[45,1,15,22,9,21,8,4,7,23],"power":[0.03081839225340644,0.012935392588269111,0.017988287313590624,0.06687661676245071,0.013269013411882245,0.012733645533458912,0.0434228644146191,1.0997523602176167,0.12844646092730655,0.01271652081828064]}
{"id": 15, "drone": 7, "position":(8.333333333333334,16.666666666666668,1.0), "time":43.96486309565053,"sensors":[47,28,37,48,20,49,19,27,18],"power":[0.016768602643108914,0.012828394519848064,0.004578498080596966,0.11746806500891208,0.0034214241852168347,0.005464235651297646,0.03495621299159242,0.05943093721840874,0.004893489356494724]}
{"id": 16, "drone": 4, "position":(16.666666666666668,8.333333333333334,1.0), "time":19.553332679791765,"sensors":[47,28,14,48,49,19,36,5,34],"power":[0.002425049423947667,0.005635760530659454,0.0022341280079819993,0.0014095386911951906,0.001813757895068647,0.0019791254041822744,0.06115647425159125,0.002542839165405825,0.004733685549203841]}
{"id": 17, "drone": 4, "position":(41.666666666666664,16.666666666666668,1.0), "time":37.26517808360882,"sensors":[43,25,30,1,32,40,23],"power":[0.005556662490650403,0.005446847824602458,0.004771750095666131,0.009137109523275198,0.00286723523324065,0.08480569453871573,0.008924473545406672]}
