LP RESULTS :
 Obj = 0.1*lambda1+0.9*lambda2 = 161.7208451876051 (lambda1 = 1599.2084518760507, lambda2 = 2.0) Resol time = 971 ms

{"id": 0, "drone": 1, "position":(41.666666666666664,8.333333333333334,1.0), "time":711.2806065468766,"sensors":[45,32,27,1,14,23,11,33,34,10,13,31],"power":[0.14567989274982093,0.09785083799533577,0.1310620648855927,0.14345409093066616,0.17406761183332253,0.05191154248755906,0.2612677277792128,0.2673728470215605,0.2123994571638705,0.08361236535005914,0.09035310682191636,0.3532854917661903]}
{"id": 1, "drone": 2, "position":(41.666666666666664,25.0,1.0), "time":167.48196356376968,"sensors":[8,23,26,34,12,13,9,29,47,39],"power":[0.053672599484055554,0.17528205685089493,0.05720971170543142,0.021183381775078194,0.07923549645590208,0.026213298910240542,0.021861448901324666,0.012851082267211293,0.01690506186654011,0.012530907363853485]}
{"id": 2, "drone": 2, "position":(41.666666666666664,8.333333333333334,5.0), "time":720.4458817654046,"sensors":[45,32,27,1,14,11,33,34,10,13,31],"power":[0.10798682841243842,0.07571062813339198,0.10144622666409986,0.11184753582319006,0.12632397556773708,0.17220711350389853,0.18119759642256958,0.1506808145222234,0.06638763464994084,0.06874301906616398,0.19802357603949694]}
{"id": 3, "drone": 0, "position":(8.333333333333334,41.666666666666664,1.0), "time":66.1686077340953,"sensors":[30,38,35,15,44,25,43,28,16,20,37],"power":[0.004405991120042952,0.007739466932331032,0.004432615073523191,0.0074549784407077204,0.01887263310565773,0.12686580890181084,0.012997121764385406,0.012200096484516186,0.043322043317590146,0.018296465596060282,0.007494141717847675]}
{"id": 4, "drone": 0, "position":(41.666666666666664,33.333333333333336,1.0), "time":720.4458817654045,"sensors":[8,23,26,12,9,29,39],"power":[0.13010448756977663,0.06348485548092778,0.09279028829456858,0.11247518426811588,1.154920257159421,0.08028184127633468,0.077008807844415]}
{"id": 5, "drone": 3, "position":(8.333333333333334,8.333333333333334,3.0), "time":604.1937634466972,"sensors":[22,24,5,17,3,0,36],"power":[0.03850876777521687,0.24515638708502988,0.1365890068777532,0.08834643532019561,0.061245757661113696,0.10421463760685812,0.1442523945483688]}
{"id": 6, "drone": 3, "position":(8.333333333333334,8.333333333333334,4.0), "time":465.3424021252796,"sensors":[24,5,17,3,0,36],"power":[0.15670183585098532,0.0952135501337556,0.06165356467980436,0.04395014901442246,0.07153247180100168,0.10018541326580244]}
{"id": 7, "drone": 6, "position":(16.666666666666668,8.333333333333334,1.0), "time":362.1903227403044,"sensors":[6,22,24,2,3,0,36],"power":[0.04971337482328236,0.030225144016066612,0.023575195070363424,0.08034549706658088,0.48050387459716093,0.034469979072343046,0.4952450472102178]}
{"id": 8, "drone": 6, "position":(33.333333333333336,41.666666666666664,5.0), "time":413.37080595990676,"sensors":[30,19,21,46,4,29,39,48],"power":[0.03308034756342089,0.15149724872093429,0.07229772065028806,0.1076397631257497,0.03576456582978165,0.038184195866209455,0.03739227100970122,0.06526330741505924]}
{"id": 9, "drone": 4, "position":(16.666666666666668,41.666666666666664,5.0), "time":675.0271395992403,"sensors":[30,38,44,25,43,4,28,16,37,42,48],"power":[0.1929945868461038,0.3021027698108185,0.14128139891645236,0.07359275001183994,0.29427505771760115,0.06104238849412553,0.07104126958568356,0.09513641130510665,0.29862398536001605,0.11787548531808423,0.06839482560650827]}
{"id": 10, "drone": 4, "position":(8.333333333333334,33.333333333333336,4.0), "time":626.2715116898406,"sensors":[35,15,44,25,43,28,16,20,40,42],"power":[0.16649025113045807,0.12607341831817387,0.2145378586692763,0.06571731854252784,0.08191961174933042,0.4096094771864092,0.3137804309395727,0.18620073554674993,0.0960959919850518,0.0561639033857591]}
{"id": 11, "drone": 5, "position":(25.0,16.666666666666668,1.0), "time":167.48196356376957,"sensors":[6,7,32,22,18,2,3,47,36,41],"power":[0.23154315960473237,0.01690743613408961,0.016144061208326333,0.015622785661494021,0.23326888245271601,0.06965450293341914,0.015005649728186951,0.04722540070957093,0.018939248245471118,0.11126243822313443]}
{"id": 12, "drone": 5, "position":(41.666666666666664,41.666666666666664,1.0), "time":711.2806065468765,"sensors":[19,21,46,9],"power":[0.06914074605890337,0.07770227934971195,0.14532399292871298,0.20761126838237542]}
{"id": 13, "drone": 8, "position":(25.0,25.0,1.0), "time":297.9098005869699,"sensors":[6,7,22,18,4,12,49,29,47,42,39,41,48],"power":[0.0637883271471922,0.29737673487673055,0.025101231042621235,0.16735151632911022,0.05319304567609283,0.0325094791564684,0.15239765254528018,0.06448621604688708,0.08586953742388893,0.03867400893373461,0.06931843377111553,0.0883309850582835,0.026523013896227726]}
{"id": 14, "drone": 8, "position":(8.333333333333334,25.0,1.0), "time":167.43260153830977,"sensors":[35,22,15,5,44,28,16,0,20,40],"power":[0.05712730111437786,0.047695497844032944,0.016471603241118418,0.010839525777409776,0.016313649264741718,0.03617299336263058,0.016329894341079215,0.041850139772254775,0.013456207590158394,0.4245215801978259]}
