LP RESULTS :
 Obj = 0.1*lambda1+0.9*lambda2 = 107.07176662484949 (lambda1 = 1052.7176662484949, lambda2 = 2.0) Resol time = 2306 ms

{"id": 0, "drone": 4, "position":(25.0,25.0,5.0), "time":514.9231322280584,"sensors":[41,3,28,2,11,20,23,0,10,31],"power":[0.11221491547983632,0.07601468040388724,0.19634235097547026,0.0388254153900376,0.06451608578457863,0.08842088360188585,0.0365500148045136,0.03856151603631783,0.05195715954081822,0.1419060316061701]}
{"id": 1, "drone": 4, "position":(33.333333333333336,33.333333333333336,1.0), "time":100.41235208459409,"sensors":[3,28,27,21,2,8,44,31],"power":[0.14751514147501213,0.015161264427177766,0.02821157295045194,0.007445946575161985,0.010795208918723986,0.007283006421466835,0.01895771256691685,0.013587151300406016]}
{"id": 2, "drone": 2, "position":(8.333333333333334,8.333333333333334,1.0), "time":595.1933263246495,"sensors":[13,4,14,32,19,46,29,17,37,36,33,48,40,18,7],"power":[0.9566968030242003,0.4079981212669473,0.04711999732393643,0.04019954623955317,0.07927774857712605,2.4717699133273343,0.15,0.1652886822911108,0.3116254284303919,0.12997891693940328,0.123247542489718,0.058200553853118675,0.07556426731536431,1.40484829583579,0.24254619395136898]}
{"id": 3, "drone": 2, "position":(16.666666666666668,8.333333333333334,1.0), "time":68.06307775336552,"sensors":[13,4,41,19,46,17,37,36,33,9,42,40,18,23,7,45,10],"power":[0.0328712358230438,0.07473176418427901,0.006281365634741521,0.03509860570952572,0.01647475335483003,0.004476136867651809,0.11122025394884946,0.056162434187466706,0.12284542096623192,0.015158001583632933,0.008431941212244021,0.014933194535708344,0.01500124343126998,0.017264922024475143,0.01039973594169225,0.02361083647866401,0.006626831924902903]}
{"id": 4, "drone": 7, "position":(8.333333333333334,41.666666666666664,1.0), "time":825.0168448669029,"sensors":[34,24,39,5,15,25,38,1,6],"power":[0.4978338142765127,0.07118991558820831,0.19375299446712732,0.4089057376499991,2.1433556088951295,0.7000145002826426,0.1558488052456296,0.15137786665944084,1.7231067972768617]}
{"id": 5, "drone": 7, "position":(25.0,8.333333333333334,5.0), "time":227.70082138159194,"sensors":[4,41,19,37,36,33,9,11,42,23,45,10],"power":[0.0158035395582581,0.01852949864444532,0.030965385597954063,0.01911968504809458,0.023422903790445804,0.030824747216289593,0.08019672414501686,0.027502282365027914,0.09282565981976518,0.06281281954870062,0.10650757018349023,0.0517623828233712]}
{"id": 6, "drone": 5, "position":(25.0,8.333333333333334,1.0), "time":26.288699862429446,"sensors":[4,41,19,37,30,36,33,9,11,42,40,20,23,45,10],"power":[0.0023358155378247706,0.002728211611296581,0.004658260115394123,0.0027953434906811945,0.001708100133092672,0.0034768803253479178,0.004752474279997338,0.026704971400240512,0.004098594942837878,0.038924448843940425,0.0019574961959718737,0.001834458938187216,0.012868151721734585,0.06693754575466514,0.008647630319108458]}
{"id": 7, "drone": 5, "position":(8.333333333333334,25.0,1.0), "time":227.700821381592,"sensors":[34,14,32,17,24,48,40,1,0],"power":[0.02187060904088751,0.08907859605231744,0.102640716706346,0.02794242097952047,0.09110184832697849,0.043387357672662004,0.026798210179965677,0.03434479440879303,0.12585241470034217]}
{"id": 8, "drone": 6, "position":(41.666666666666664,41.666666666666664,1.0), "time":562.4303255017635,"sensors":[43,16,27,21,8,12,44],"power":[0.15406202880398553,0.2512761849648902,0.12708170344789482,1.8109664489796786,0.1433800415750285,0.19664216954990027,0.06156230730705374]}
{"id": 9, "drone": 6, "position":(33.333333333333336,41.666666666666664,1.0), "time":38.83734382281971,"sensors":[43,3,16,27,21,12,44],"power":[0.008736769983249432,0.005346736093080621,0.01068886336434984,0.00476656634329489,0.005522450071290891,0.003822638254792982,0.0694799801260294]}
{"id": 10, "drone": 0, "position":(41.666666666666664,16.666666666666668,1.0), "time":68.06307775336543,"sensors":[47,26,30,22,49,2,11,20,35],"power":[0.010037563412289145,0.006033066461497142,0.02189210258497151,0.029843021988789128,0.008247255118530394,0.0167924382050411,0.006368220870107045,0.007805547951035872,0.013680647889923724]}
{"id": 11, "drone": 0, "position":(33.333333333333336,8.333333333333334,1.0), "time":197.1484908496252,"sensors":[47,30,9,11,42,20,23,45,10,35],"power":[0.026689285889372437,0.0385165481300466,0.027940302871109816,0.035420126866626836,0.060837298989482216,0.019923445946778456,0.018780891053388447,0.025561797013612428,0.03466918029598058,0.07992400977995037]}
{"id": 12, "drone": 3, "position":(41.666666666666664,8.333333333333334,1.0), "time":615.3354843126525,"sensors":[47,26,30,22,49,35],"power":[1.5870237915228809,0.14396693353850284,0.07419034017095585,0.04146961255343739,0.2540551290274223,1.4925729222548616]}
{"id": 13, "drone": 3, "position":(33.333333333333336,25.0,1.0), "time":0.31198483026519774,"sensors":[41,3,28,30,27,22,2,11,20,10,31],"power":[2.1573587718982444E-5,8.288493733497796E-5,1.9537751130274E-4,7.013676197246469E-5,3.4115540700938065E-5,2.4270396452572637E-5,2.918507463597947E-4,6.004734962294653E-5,1.4112926869223503E-4,2.5690088038630087E-5,3.481461682926899E-5]}
{"id": 14, "drone": 8, "position":(41.666666666666664,33.333333333333336,1.0), "time":223.43719071205464,"sensors":[3,27,21,22,2,8],"power":[0.0240258776493023,1.4535130378622583,0.05565450905116082,0.016090071099551934,0.021045247942261484,0.13626151228149944]}
{"id": 15, "drone": 8, "position":(33.333333333333336,16.666666666666668,1.0), "time":18.28145934315918,"sensors":[41,28,30,22,2,11,42,20,23,45,10,35],"power":[0.0016348523104380889,0.003304365104532148,0.07487706653809259,0.0013892784547424998,0.005702571320898759,0.023395132649564488,0.0014267819442771227,0.01921826112378776,0.0019675187784385035,0.0014175727103484643,0.005311866452331768,0.002543739565105902]}
{"id": 16, "drone": 1, "position":(41.666666666666664,25.0,1.0), "time":127.28846929699796,"sensors":[3,28,30,27,22,2,8,20],"power":[0.008538967721385652,0.009070851587723316,0.017004703757258377,0.025630140594189874,0.061183745507026585,0.0565472674766773,0.013763268595536497,0.012656273169632656]}
{"id": 17, "drone": 1, "position":(8.333333333333334,16.666666666666668,1.0), "time":135.47174092645838,"sensors":[13,4,14,41,32,46,17,37,36,48,40,18,0],"power":[0.020898354952109992,0.0270042729080763,0.06971466932730203,0.008589582731523179,0.05519530373900591,0.04164275459880966,0.13548873742099846,0.020431732935849215,0.02989338977094973,0.04841208847421931,0.04089702437276058,0.01675325556221941,0.025912023556217915]}
