LP RESULTS :
 Obj = 0.1*lambda1+0.9*lambda2 = 133.07703570490108 (lambda1 = 1312.7703570490107, lambda2 = 2.0) Resol time = 6022 ms

{"id": 0, "drone": 7, "position":(25.0,25.0,5.0), "time":854.3475742776365,"sensors":[36,1,18,28,7,35,20,17,14],"power":[0.08402973058826714,0.16964173706711758,0.2330231346066316,0.22628797614198629,0.16973790508015016,0.21344445573435677,0.15847396707877828,0.07462165517989867,0.14713200448554403]}
{"id": 1, "drone": 3, "position":(8.333333333333334,41.666666666666664,1.0), "time":1054.437670593499,"sensors":[0,22,27,26,45,33,31,39,11,2,34,8,29,21],"power":[0.09538329877233684,0.22173068481536584,0.15050555699266827,0.2612611977278154,0.1507651125821371,0.07051681292612665,0.4818893351765667,0.06956663815727775,0.1117263072521863,4.624771370072488,0.07988871907495484,0.15,0.5763140099240308,3.800208363502105]}
{"id": 2, "drone": 1, "position":(8.333333333333334,8.333333333333334,1.0), "time":1021.4269952660304,"sensors":[41,16,23,49,19,40,13,30,3,42,32,6],"power":[0.27492216877772374,0.2390059854453914,0.2522778235618529,0.36654696860993097,0.31076139083341076,0.231615360383099,0.18978746658276688,0.487247290257423,0.19309475859199482,0.07978594281565919,0.28229630663629013,0.21286052199800304]}
{"id": 3, "drone": 2, "position":(41.666666666666664,8.333333333333334,1.0), "time":1128.8398713294982,"sensors":[38,25,47,10],"power":[0.07728170799766328,0.14565890932872533,0.5169579527786494,0.9483038502859271]}
{"id": 4, "drone": 6, "position":(41.666666666666664,41.666666666666664,1.0), "time":1061.0776409147888,"sensors":[24,9,37,4,15,44,5],"power":[0.23933925732581446,0.36906588895125536,0.10590292895005693,0.16775500025026396,0.130009489503314,0.2068512271196475,5.326797883538584]}
{"id": 5, "drone": 5, "position":(25.0,41.666666666666664,1.0), "time":251.69271613422194,"sensors":[9,37,18,33,31,4,15,34,43],"power":[0.03454363122597789,0.04554605562251306,0.020707745897088445,0.13418517514815845,0.024385145808747545,0.032388350175583655,0.08097879546473688,0.07011128092504515,0.38977319281004785]}
{"id": 6, "drone": 5, "position":(33.333333333333336,8.333333333333334,1.0), "time":16.85106473111847,"sensors":[38,46,47,10,48,17],"power":[0.0068106445573043305,0.0034132189645200493,0.0011383228383037237,0.0023174420053679685,0.004697771036098152,0.0020388936797848135]}
{"id": 7, "drone": 4, "position":(25.0,8.333333333333334,1.0), "time":167.07942098839396,"sensors":[38,46,48,17,14],"power":[0.06590764744503239,1.3882462080518938,1.1468848800823945,0.07423201025977856,0.016401034388854922]}
{"id": 8, "drone": 4, "position":(41.666666666666664,16.666666666666668,1.0), "time":6.302180178495291,"sensors":[1,7,25,47,10],"power":[4.089451159021547E-4,4.3853217982862453E-4,0.004341090671274691,0.0019465623661645234,0.005329193181171621]}
{"id": 9, "drone": 8, "position":(8.333333333333334,33.333333333333336,1.0), "time":6.6399703212897805,"sensors":[0,12,36,27,26,45,31,39,11,2,29,20,21],"power":[0.0029105249148822314,0.00285268504330593,0.0014454952982748644,0.0014352689119574247,0.0016813181562526061,0.003818755505121264,6.488111424900375E-4,0.002297025525659755,0.0115913183131946,0.0013088691448920322,5.25187575580173E-4,6.273047361724469E-4,0.0010864403052950522]}
{"id": 10, "drone": 8, "position":(8.333333333333334,25.0,1.0), "time":251.69271613422188,"sensors":[41,0,16,23,49,12,36,27,19,45,28,39,11,42,20,32,14],"power":[0.04248530949578905,0.06210235111541408,0.02959085260359862,0.032039488250226004,0.0320652115551677,0.45089040828463917,0.064524774113458,0.016074437933137425,0.03432855393532155,0.04437620346873347,0.026823423723269936,0.07813633631706249,0.12560705718300275,0.06120094738013621,0.045444156738832765,0.04279553567212719,0.016990310024224034]}
{"id": 11, "drone": 0, "position":(8.333333333333334,16.666666666666668,5.0), "time":39.65064564875843,"sensors":[41,16,23,49,12,19,42,32,14],"power":[0.021216526134344525,0.011973795448594657,0.01323219063685591,0.018227358906945025,0.0035718039214661323,0.017710059718701304,0.009013109804204564,0.021862434938452975,0.0030391686557325174]}
