LP RESULTS :
 Obj = 0.1*lambda1+0.9*lambda2 = 160.53440345597423 (lambda1 = 1587.344034559742, lambda2 = 2.0) Resol time = 591 ms

{"id": 0, "drone": 5, "position":(41.666666666666664,41.666666666666664,1.0), "time":160.0800330485778,"sensors":[46,33,48,14,2,39,8,23,29,38,47],"power":[0.029657593862796424,0.020301838215130034,0.012743911087107075,0.02190942127021565,0.016218541389945756,0.027440723702316653,0.014075284648521808,0.04396883067916275,0.07304174308449783,0.5859506150684594,0.04158100792250954]}
{"id": 1, "drone": 5, "position":(33.333333333333336,41.666666666666664,1.0), "time":893.3960066749887,"sensors":[46,33,20,4,16,2,37,25,39,8,23,29,38,9],"power":[0.3047724869158812,0.11846271241844922,0.14950787741181,0.3508049552848573,0.09365520612066376,0.29969303972606764,0.16884653295673044,0.05780267203858043,2.925801895701774,1.0235156568877748,1.0335710012939283,0.06602052276104904,0.2071004677139039,0.09262965321141452]}
{"id": 2, "drone": 7, "position":(25.0,41.666666666666664,1.0), "time":367.9045282124998,"sensors":[46,20,4,16,35,2,37,25,39,8,23,9],"power":[0.033866810797751334,1.733317683899282,0.7876895733063634,0.46048901972793455,0.03732720119592554,0.06178057986939457,0.5891246881785178,0.0921973279614194,0.09334346763511911,0.2727736619059581,0.04596392338594868,0.2670168686072319]}
{"id": 3, "drone": 7, "position":(41.666666666666664,33.333333333333336,1.0), "time":159.02549421498748,"sensors":[33,11,48,14,2,39,31,23,29,38,44,6,47],"power":[0.12368460664949783,0.015154345401658435,0.06672940067158828,0.17523966591092432,0.02430492108252023,0.016963398323638645,0.016713644488345,0.010502954246627083,0.010937734154453106,0.022276244989951847,0.044575210153437496,0.021220491592265994,0.07323556648065463]}
{"id": 4, "drone": 0, "position":(8.333333333333334,41.666666666666664,2.0), "time":745.6032742058628,"sensors":[28,49,35,45,42,21,7,12],"power":[0.15444844826490195,0.09002813966013731,0.13866474894907022,1.1090888957460459,0.15,0.06235063178403619,0.05589156431915013,0.2638049333090995]}
{"id": 5, "drone": 3, "position":(25.0,16.666666666666668,1.0), "time":592.5100809200892,"sensors":[3,30,36,27,18,19,15,41,26],"power":[0.09934671390696267,0.08991048441607713,0.08951731040863573,0.09802559334619729,1.4038756719001568,0.12528112101839237,0.16166915713302257,0.05949647773413058,0.8314324311074437]}
{"id": 6, "drone": 2, "position":(16.666666666666668,8.333333333333334,1.0), "time":262.49425920156284,"sensors":[22,43,5,18,15,10],"power":[0.03537331699398892,0.07507993803792638,0.11898501646248143,0.03498862061094514,0.18197094889878848,0.06569206092613881]}
{"id": 7, "drone": 1, "position":(8.333333333333334,8.333333333333334,1.0), "time":333.04681224763516,"sensors":[22,43,5,15,1,10],"power":[0.22572413076645334,1.7926401277850117,0.031014983537518567,0.03563211694602083,0.14999999999999997,0.3209998214015942]}
{"id": 8, "drone": 1, "position":(8.333333333333334,25.0,5.0), "time":367.90452821249994,"sensors":[28,49,32,21,7,40,34],"power":[0.05539294512471038,0.07119808213507327,0.05296233064588393,0.0917082564868918,0.12483542424631093,0.20339371754894972,0.15370493208060834]}
{"id": 9, "drone": 8, "position":(41.666666666666664,8.333333333333334,1.0), "time":613.053480609777,"sensors":[30,13,17,0,27,19,41,24],"power":[0.11647420528399574,0.38266596671271264,1.0183120077932133,1.4203093123201116,0.05490258643989398,0.06267233862555208,0.11772642766540886,0.15000000000000002]}
{"id": 10, "drone": 4, "position":(41.666666666666664,25.0,1.0), "time":374.84250062118815,"sensors":[33,3,13,11,48,14,17,27,31,44,6,47],"power":[0.08811015243510657,0.06740352685504884,0.03407148119434007,0.22607655189678938,0.11137274172464501,0.08983911807101963,0.024009258619902118,0.05594861496148828,0.20376049665061538,0.2462725131128334,0.2170973149067375,0.035183425596836036]}
{"id": 11, "drone": 4, "position":(16.666666666666668,16.666666666666668,1.0), "time":399.292882190455,"sensors":[36,43,18,15,26,40,34],"power":[0.02791561633216162,0.04869692607168776,0.0744552107690594,0.2748809832943758,0.04402156112371361,0.02675289475001681,0.026033062519087893]}
{"id": 12, "drone": 6, "position":(8.333333333333334,33.333333333333336,1.0), "time":473.83623214137924,"sensors":[28,49,35,32,45,21,7,40,34],"power":[2.226520626382448,0.5350433879809353,0.13428591037093793,0.09703766935411608,0.06966643562210925,0.3191016970243629,0.40359136276639795,0.11764058239432479,0.21227720116124457]}
{"id": 13, "drone": 6, "position":(25.0,25.0,1.0), "time":6.9379724086877435,"sensors":[3,36,2,27,18,26,44,6],"power":[0.0010736281064793979,0.032567073259202606,5.839157018522565E-4,6.664149829911277E-4,8.4414398770649E-4,0.0019792735130953506,5.197483283366631E-4,6.82238171878289E-4]}
