LP RESULTS :
 Obj = 0.1*lambda1+0.9*lambda2 = 152.03611287341246 (lambda1 = 1502.3611287341243, lambda2 = 2.0) Resol time = 3094 ms

{"id": 0, "drone": 1, "position":(16.666666666666668,41.666666666666664,1.0), "time":410.0301443147058,"sensors":[45,23,42,4,20,41,30,19,2,11,29],"power":[0.11761754875956415,0.38900424870998485,0.0438072007732755,0.08952541247814126,0.3668476908918523,0.057011082411796594,0.07148040152042319,0.10866962959622967,0.09178313722276873,0.04127615000499109,0.11829416223547629]}
{"id": 1, "drone": 1, "position":(25.0,41.666666666666664,1.0), "time":69.83923249930683,"sensors":[45,37,23,10,27,20,14,41,46,19,9,11,24,29],"power":[0.009762469224223195,0.00965791690816521,0.012193014239061828,0.0045454214045993705,0.009262735600184445,0.0058441491901031276,0.009401029280693435,0.06054318194088769,0.004417467521794929,0.009510532497325747,0.0067799591954747105,0.049671706280754,0.006034634833092952,0.004875473740320737]}
{"id": 2, "drone": 2, "position":(25.0,8.333333333333334,3.0), "time":341.4609640735013,"sensors":[34,6,0,12,21,44],"power":[0.10211574714966937,0.08526697747100535,0.17739407271108612,0.09782609296887529,0.0525404504353009,0.06138035592012116]}
{"id": 3, "drone": 2, "position":(8.333333333333334,33.333333333333336,1.0), "time":8.039676151489246,"sensors":[40,35,23,22,42,4,8,20,30,19],"power":[0.0015874509420791948,0.008543509696112232,0.0013717437588002936,9.256650766167386E-4,0.0032308906883161525,7.331396092055712E-4,0.0031503858154561678,0.0018288074329989336,5.887776046884076E-4,0.001381871712585192]}
{"id": 4, "drone": 3, "position":(8.333333333333334,41.666666666666664,1.0), "time":901.292328027853,"sensors":[45,35,23,42,4,8,20,32,30,19,2,31,29],"power":[0.08952496892988716,0.12847184708852785,0.15604351358677412,0.08222713034717606,1.06798632714286,0.14471540251721718,0.6079723724559066,0.15,0.6823203628851794,0.08436027933467427,0.16252304718002916,0.22347903282755308,0.19743214640058643]}
{"id": 5, "drone": 3, "position":(41.666666666666664,25.0,1.0), "time":246.80203972057643,"sensors":[5,15,36,26,27,39,43,46,1,13,16,18,24],"power":[0.037619507711630924,0.08988661858096901,0.03473220878007661,0.022362627691726603,0.016503228375045913,0.10739841044103733,0.06912271309781548,0.02958500861138285,0.02908796556062005,0.14002371154676233,0.23232998474597008,0.10362454642701216,0.023821229094194724]}
{"id": 6, "drone": 0, "position":(8.333333333333334,16.666666666666668,1.0), "time":916.9003013273634,"sensors":[40,3,6,22,28],"power":[0.16207114739811518,0.24149533022784878,0.09619462854761458,0.27511644685403064,0.36736322596375354]}
{"id": 7, "drone": 0, "position":(33.333333333333336,33.333333333333336,1.0), "time":161.29341363291184,"sensors":[37,36,10,27,39,43,49,14,46,1,9,13,11,16,24],"power":[0.03838419652290073,0.010606778117426932,0.032947220000463046,0.8348152944046954,0.04671209761840437,0.012927495421245093,0.014013355591971725,0.08967879810449085,0.20058515125723955,0.06655484521840697,0.1121084203930378,0.04099280129362185,0.010672757182682013,0.017560542174724365,0.4872050330855003]}
{"id": 8, "drone": 5, "position":(41.666666666666664,8.333333333333334,1.0), "time":1060.1699731771967,"sensors":[7,5,15,26,0,48,38,12,21,33],"power":[0.6379569294510551,0.3256184803579921,0.11993185281267674,0.29547550865392797,0.08177419412514655,0.17749323948241316,0.15,0.0881723371146475,0.08481524820798664,0.23814793393497463]}
{"id": 9, "drone": 5, "position":(25.0,25.0,2.0), "time":113.15974774076906,"sensors":[34,3,36,10,42,27,39,43,14,46,12,1,19,44,13,28],"power":[0.01129321462407905,0.012260548123868984,0.02033448919721286,0.11250735859493756,0.008293859914252789,0.010328072624152222,0.011630895473982595,0.01172869935868441,0.027343466179039294,0.0217569946934337,0.007150174236473703,0.033071819220532594,0.010611645773139907,0.026083163321573347,0.01014831242208569,0.008297998630477052]}
{"id": 10, "drone": 6, "position":(41.666666666666664,33.333333333333336,1.0), "time":86.46395721554094,"sensors":[37,27,39,49,14,46,1,9,13,16,18,24],"power":[0.012596976595158998,0.015112541979563715,0.019052233202446537,0.032275754431559014,0.005655099764349455,0.012368140497085362,0.008209555953838193,0.026322660443374207,0.019044010208389306,0.04713026114808736,0.018518770171352353,0.02678960991711178]}
{"id": 11, "drone": 6, "position":(41.666666666666664,41.666666666666664,1.0), "time":669.92212426659,"sensors":[37,27,25,49,17,9,47,16,24],"power":[0.22856736492938654,0.06510243939825341,0.11870403932309205,0.7696100241012532,0.15,0.1852911995013293,0.20883436364790448,0.04702028467143485,0.10925889485956672]}
{"id": 12, "drone": 8, "position":(33.333333333333336,16.666666666666668,1.0), "time":53.68145652319433,"sensors":[34,5,15,36,26,0,39,43,12,1,44,13],"power":[0.0205639100114899,0.011179384932349717,0.017427746368012087,0.06860461567634113,0.038112347580874735,0.006325872945747022,0.006741270947533186,0.031642223298558154,0.026628933622727682,0.005535990789302235,0.012291382785354542,0.007001619300164352]}
{"id": 13, "drone": 8, "position":(16.666666666666668,16.666666666666668,3.0), "time":243.99986333325955,"sensors":[34,3,6,44,28],"power":[0.02340643743747519,0.134151686418203,0.10324250301228696,0.0459183906147562,0.1472173616053675]}
{"id": 14, "drone": 7, "position":(33.333333333333336,41.666666666666664,1.0), "time":154.8806136584289,"sensors":[37,27,25,49,14,41,46,9,47,11,24],"power":[0.5119744498261681,0.04262207237524536,0.031295960676907944,0.017491908558056397,0.017921606671427105,0.03331386502875341,0.01524016883130269,0.08246452230147819,0.012029286088252737,0.048379386531572886,0.04379825972286286]}
{"id": 15, "drone": 7, "position":(8.333333333333334,25.0,4.0), "time":69.83923249930729,"sensors":[40,3,35,22,42,8,28],"power":[0.039296176931959866,0.013403301114847712,0.012984643215359911,0.03286763882386407,0.014216361562697673,0.00769852435134388,0.014038954801602619]}
{"id": 16, "drone": 4, "position":(41.666666666666664,25.0,4.0), "time":94.65892435292457,"sensors":[5,15,36,26,39,43,46,1,13,16,18,24],"power":[0.012061291163006811,0.02585436359946059,0.011213761097012226,0.007336302079300323,0.028878771627069148,0.021213192506077432,0.009520595420655323,0.009710222531642877,0.03283336387870171,0.04208301669464,0.027856683401635482,0.008003865886119723]}
{"id": 17, "drone": 4, "position":(33.333333333333336,8.333333333333334,1.0), "time":47.0487349602321,"sensors":[7,34,5,15,36,26,0,43,12,21,44],"power":[0.0031045131877940183,0.01148523304134677,0.005745333721107759,0.0038210670044770893,0.004508147131930167,0.014838803508216324,0.03505467678729546,0.003365676317619392,0.022755789800625873,0.012644301356712443,0.0043267073581947715]}
