LP RESULTS :
 Obj = 0.1*lambda1+0.9*lambda2 = 153.32440481412638 (lambda1 = 1515.2440481412636, lambda2 = 2.0) Resol time = 737 ms

{"id": 0, "drone": 2, "position":(33.333333333333336,8.333333333333334,1.0), "time":260.36315195471093,"sensors":[48,32,42,8,4,46,1,47,44,23,20],"power":[0.03724044581828455,0.17295268514430676,0.023859493715187734,0.1323585291441645,0.11341247906057382,0.0647923643754242,0.030340108664348917,0.03805027514261362,0.019471690506093098,0.025320987677990035,0.22211886205076947]}
{"id": 1, "drone": 2, "position":(41.666666666666664,16.666666666666668,4.0), "time":905.7620718350788,"sensors":[42,8,12,6,18,46,30,0,1,5,23,11,37],"power":[0.9478658517757788,0.09631001009824976,0.3006589867982985,0.10315263846272371,0.37367174796146035,0.31670606151776504,0.24274958198876997,0.19438473146520266,0.2821502325439314,0.0594228084243458,0.2817359245767936,0.27614072694121805,0.07560550059708122]}
{"id": 2, "drone": 6, "position":(25.0,8.333333333333334,1.0), "time":305.10285420048854,"sensors":[48,32,27,7,8,40,4,13,47,44,20,28],"power":[0.41226723547842997,0.0386144025157308,0.0403873361024068,0.15716907630254945,0.06780575623691154,0.04592125748825734,0.03658752093942616,0.06027388297153811,0.5474690789458074,0.09533690073000071,0.04155473691111738,0.049243380886998145]}
{"id": 3, "drone": 6, "position":(41.666666666666664,41.666666666666664,1.0), "time":260.36315195471093,"sensors":[10,39,49,2,29,16,38,19,37],"power":[0.036949668211429164,0.06881397164518231,0.028990355164496214,0.0849386889517403,0.07986037020779439,0.07375494733648143,0.02210591902208592,0.035893928268851745,0.01671140612729306]}
{"id": 4, "drone": 5, "position":(33.333333333333336,25.0,1.0), "time":44.01597015098526,"sensors":[33,42,21,8,10,12,6,49,18,30,0,41,16,38,23,11,37],"power":[0.0031491830666206108,0.0044568550046935945,0.0028406630915248123,0.0041954009021324765,0.007611225724709826,0.004338627634259687,0.006754113548515452,0.011279185514255705,0.004533014517330332,0.012340572632097695,0.009266862166780788,0.09283115905356305,0.003099667975771693,0.005095171911783771,0.01420645363349317,0.008370109742450992,0.006989187309627471]}
{"id": 5, "drone": 5, "position":(41.666666666666664,41.666666666666664,3.0), "time":905.7620718350786,"sensors":[10,39,49,2,29,16,38,19],"power":[0.1135250404297815,0.21509198393388754,0.09144871058996865,0.2532898264444149,0.24338355824886718,0.21700559280809084,0.07096465965201382,0.11410607173114826]}
{"id": 6, "drone": 0, "position":(16.666666666666668,8.333333333333334,1.0), "time":497.6089947561504,"sensors":[48,27,7,9,40,26,13,47,44,28],"power":[0.1266220872021602,0.13203331004963625,0.6114803285036607,0.05775493201597119,0.10407874251174266,0.061053841956059625,0.11368787354474011,0.13483570524284125,0.11148503231045548,1.7639676922326255]}
{"id": 7, "drone": 7, "position":(8.333333333333334,8.333333333333334,1.0), "time":633.7773056417512,"sensors":[27,31,7,9,36,26,28],"power":[0.05900047572523238,0.16161044768858931,0.06244308998218263,0.9069206069269825,0.15000000000000002,1.2445883031514031,0.17041146175855396]}
{"id": 8, "drone": 4, "position":(25.0,25.0,5.0), "time":78.75489354287346,"sensors":[27,33,21,15,41,13,44,24,34],"power":[0.0058440625834345365,0.02009996370680025,0.013224287749542436,0.012583931514811944,0.021126950485431867,0.007917416464351566,0.007030978797228363,0.016955916228452276,0.00657944630820295]}
{"id": 9, "drone": 4, "position":(16.666666666666668,33.333333333333336,1.0), "time":180.19340505863175,"sensors":[33,21,3,15,35,25,17,43,22,14,24,34],"power":[0.07155873308459962,0.07366276631794584,0.015005868776434022,0.02414775525111582,0.027715206727607522,0.025615085700346745,0.027671458988517438,0.034079017330459455,0.011915511826346906,0.015721216588412974,0.02630598728531105,0.8551116600087308]}
{"id": 10, "drone": 8, "position":(8.333333333333334,25.0,3.0), "time":915.272338208591,"sensors":[3,15,35,24],"power":[0.07147538402474099,0.1621571502635515,1.2817075425287916,0.12156802751583314]}
{"id": 11, "drone": 3, "position":(8.333333333333334,41.666666666666664,1.0), "time":419.7783048740409,"sensors":[3,17,22,14,34],"power":[0.1716737141468614,0.21460144140610027,0.14475859945133465,0.03550408265460258,0.03494884628819932]}
{"id": 12, "drone": 3, "position":(41.666666666666664,25.0,1.0), "time":305.10285420048865,"sensors":[42,10,12,6,49,18,46,30,0,41,16,38,5,23,11,37],"power":[0.06766106045998492,0.0940464530814481,0.21790698968985894,0.7956132638143665,0.05059016701770916,0.1653171256298007,0.020550082501736483,0.6639983821193197,2.2233380248200847,0.03604189046100513,0.05267636437984554,0.19262125780696002,0.0905771915756542,0.0835679322355764,0.6668306533218329,0.3983993662356621]}
{"id": 13, "drone": 1, "position":(25.0,41.666666666666664,4.0), "time":836.5174446657174,"sensors":[33,21,25,45,17,43,14,34],"power":[0.055192120141979537,0.12587311736013107,0.7043246038333572,0.15,0.07311642184520861,0.49479061210694153,0.24038663748154598,0.09437366195642369]}
