LP RESULTS :
 Obj = 0.1*lambda1+0.9*lambda2 = 151.45689658631775 (lambda1 = 1496.5689658631775, lambda2 = 2.0) Resol time = 953 ms

{"id": 0, "drone": 5, "position":(41.666666666666664,25.0,4.0), "time":647.6804102781806,"sensors":[28,10,5,43,32,31,27,47,13,23],"power":[0.12189954239557496,0.08664180450757246,0.31248197470489775,0.17393550268427269,0.05350404676275202,0.10469332470803555,0.1057136010827323,0.10301365473769986,0.1460063185436307,0.11058185042763535]}
{"id": 1, "drone": 5, "position":(25.0,16.666666666666668,1.0), "time":4.229725762888499,"sensors":[14,39,40,49,12,24,21,32,42,0,6],"power":[0.0036277274945367317,6.155497736112517E-4,0.0021588273994000437,7.382267491475727E-4,0.001121354118363472,0.008611785721872836,0.001796719100847298,0.0010758676238488976,2.776710869187199E-4,0.001079497842113702,0.0013940374064447287]}
{"id": 2, "drone": 8, "position":(41.666666666666664,8.333333333333334,1.0), "time":4.641115431990329,"sensors":[10,7,25,12,5,45,32,15,27,47,23],"power":[0.001282771127315902,0.0020814453510323485,0.0011987462207728474,4.315440870195542E-4,2.9525753897282486E-4,0.0012108927144147148,3.3749342534186586E-4,3.9525255676454307E-4,7.82947144115987E-4,0.0010591715549597054,8.508621316243722E-4]}
{"id": 3, "drone": 8, "position":(8.333333333333334,41.666666666666664,1.0), "time":823.1260105111121,"sensors":[30,26,1,46,41,22,19,9,11,20,16,36],"power":[0.09695490545353283,0.2731949047230766,0.21598869488629957,0.0538788731411759,0.44375414601554336,0.3973692585634319,1.1777223516755853,0.15,0.15284390390252559,0.38001587358400357,0.17244044076640425,0.3065552816490819]}
{"id": 4, "drone": 6, "position":(25.0,25.0,1.0), "time":244.56510251018653,"sensors":[14,39,4,40,49,12,35,24,17,21,32,6],"power":[0.056761198449594326,0.05968554536014836,0.06861167575106449,0.01610140929062678,0.047654836720630735,0.025301336709697277,0.05314236744496322,0.07171034097957088,0.041377711066602055,0.2316604184799219,0.03127054213081522,0.9238398891182551]}
{"id": 5, "drone": 6, "position":(41.666666666666664,41.666666666666664,1.0), "time":749.2245143544249,"sensors":[48,2,8,44,43,31,13,38],"power":[0.10904584561209213,0.19217896847457278,0.3518560188779829,0.15,0.0796553906992538,0.17877770586715086,0.09635175836703776,1.235423330879551]}
{"id": 6, "drone": 7, "position":(25.0,41.666666666666664,1.0), "time":673.4429553520654,"sensors":[30,48,2,46,4,34,35,17,16,29],"power":[0.14820880166930006,0.12125275413626925,0.09021853563582515,0.39279264652796103,0.10888622943915452,5.216080219327206,0.09064681228379383,0.12819608572270674,0.09233329857832301,0.1492935661498687]}
{"id": 7, "drone": 7, "position":(41.666666666666664,16.666666666666668,1.0), "time":170.80448480094216,"sensors":[28,10,7,25,12,5,45,32,27,47,23],"power":[0.012954292227418661,0.6533976157492413,0.01348860373057361,0.0324287156273578,0.02966553465956443,0.08968184162240866,0.012402793785199819,0.030945602832797292,0.2052066780761152,0.7918163061668947,0.33242266335270565]}
{"id": 8, "drone": 0, "position":(8.333333333333334,8.333333333333334,1.0), "time":638.9011917178673,"sensors":[3,42,0,33,18],"power":[0.17599561043641848,0.33016066530829685,0.055197740824879826,0.16253975241953847,0.15]}
{"id": 9, "drone": 0, "position":(33.333333333333336,41.666666666666664,5.0), "time":9.251610612946934,"sensors":[48,2,34,35,17,31,13,29,38],"power":[0.002745182591736813,0.003477869301702152,0.0016709461533307593,9.879268696212098E-4,0.0012239841081362786,6.221311081507373E-4,7.457567424947526E-4,7.064338501312944E-4,8.684966706890644E-4]}
{"id": 10, "drone": 1, "position":(8.333333333333334,25.0,1.0), "time":297.59558853213787,"sensors":[39,41,22,49,11],"power":[0.052318946125443126,0.03068630071923305,0.025549930962942967,0.051950585147052024,0.07409327018077379]}
{"id": 11, "drone": 1, "position":(41.666666666666664,33.333333333333336,1.0), "time":64.64988554374031,"sensors":[48,28,8,5,35,43,17,31,13,38],"power":[0.010873099556411308,0.009200281424822624,0.010623152600487054,0.005985799977392757,0.005222893401622037,0.06517454583590312,0.0048036014912179225,0.4179150321468825,0.08344624120611119,0.02022598989668646]}
{"id": 12, "drone": 4, "position":(41.666666666666664,8.333333333333334,4.0), "time":647.6804102781806,"sensors":[10,7,25,12,45,15,27,47,23],"power":[0.14580215395708643,0.19887531038002712,0.13587337558731913,0.05071105537759611,0.13638631350038533,0.047230378563829466,0.09349419283061189,0.12063496122713924,0.09999255149309841]}
{"id": 13, "drone": 3, "position":(16.666666666666668,8.333333333333334,1.0), "time":340.1725941273804,"sensors":[14,37,40,49,42,0,33],"power":[0.04294267295801564,0.05847288375406888,0.03735958881627634,0.02387341984873612,0.3779513159729776,0.26891235030397326,0.34743944503928775]}
{"id": 14, "drone": 3, "position":(41.666666666666664,25.0,1.0), "time":25.76254507388365,"sensors":[28,10,12,5,43,32,31,27,47,13,23],"power":[0.005945883952183823,0.00414817569304525,0.0017957187354455052,0.027632260081998223,0.009015151616454513,0.0025309889782005957,0.005072939440946577,0.00503884946876622,0.005032416492338085,0.007311455328967686,0.005556625502446288]}
{"id": 15, "drone": 2, "position":(16.666666666666668,16.666666666666668,1.0), "time":114.3798722499354,"sensors":[14,39,40,49,24,21,42,0,6,33],"power":[0.08629904002724773,0.03737995874079724,0.01189193925672503,0.07765609054594731,0.014341806926337694,0.010489016776657869,0.031391594942800916,0.03280153121803257,0.015939056273128936,0.010479465350761039]}
{"id": 16, "drone": 2, "position":(25.0,8.333333333333334,1.0), "time":398.8855820051059,"sensors":[14,37,40,12,24,32,42,0,15,33],"power":[0.05096729628720011,0.09152711624593111,0.3398428755021689,0.053682432817697856,0.05533606637221864,0.03609015646995115,0.03985036763476981,0.21979871987773641,0.10237436887940601,0.051155329122176386]}
