LP RESULTS :
 Obj = 0.1*lambda1+0.9*lambda2 = 144.1713185787024 (lambda1 = 1423.7131857870238, lambda2 = 2.0) Resol time = 2021 ms

{"id": 0, "drone": 1, "position":(25.0,41.666666666666664,2.0), "time":217.67450858056623,"sensors":[9,46,23,40,31,1,22],"power":[0.04286290894983589,0.05631845919893989,0.023984234937817664,0.04502215106793561,0.03280310292347891,0.015366189909979991,0.03829812910219562]}
{"id": 1, "drone": 1, "position":(25.0,25.0,2.0), "time":64.53152868072033,"sensors":[19,25,9,11,48,28,40,8,31,22,18],"power":[0.09443968071642891,0.007389725850479224,0.010426432523264719,0.005694878227629249,0.0044014758795841175,0.006814162091650728,0.006487005119782926,0.0048582555038614,0.01382632795956916,0.01569022747068086,0.07991960896745041]}
{"id": 2, "drone": 8, "position":(25.0,8.333333333333334,1.0), "time":718.6915121777877,"sensors":[21,35,25,36,29,6,38,5,48,28,30,24,42,7,41],"power":[0.15,3.840157159429576,0.1138053805561098,0.20513087137314692,0.9596412490208569,0.20449257371026258,0.0552868715051116,0.14951577796661394,0.3514353130627432,0.19339461248811426,1.0482876179589296,0.10526481343660632,0.0598925377351358,0.22298973188335516,0.17649978503939598]}
{"id": 3, "drone": 8, "position":(41.666666666666664,41.666666666666664,4.0), "time":158.64405586674343,"sensors":[3,4,46,33,23,1,0,14],"power":[0.025925444943909807,0.023480342683210413,0.016237263228809057,0.045378603253331054,0.04797577678874947,0.07626125257263237,0.1341518991369401,0.05901832327243308]}
{"id": 4, "drone": 0, "position":(41.666666666666664,25.0,1.0), "time":611.7495994612995,"sensors":[43,4,49,17,11,8,12,14,15,34,47],"power":[0.20283322738832135,0.14758658404338923,0.0956425710447454,0.4830759767187797,0.19807444795882828,0.20953816604112735,0.06145434991956361,0.04212241944511733,0.46618104156394846,0.04754753910934057,0.7184989232293975]}
{"id": 5, "drone": 6, "position":(8.333333333333334,16.666666666666668,1.0), "time":228.85870331401532,"sensors":[25,16,32,39,45,42,13],"power":[0.02880489359341096,0.07526498210492628,0.04160436320558719,0.05635034981484929,0.4681934578803648,0.07697408859659291,0.2816360709100834]}
{"id": 6, "drone": 7, "position":(41.666666666666664,16.666666666666668,1.0), "time":158.64405586674343,"sensors":[43,49,6,17,11,28,8,7,12,15,37,34,47],"power":[0.04355567318622008,0.6246602440790655,0.015013387225460868,0.03228675676187732,0.010794251699026725,0.011647497232175986,0.0557614689203214,0.014195771803023314,0.09152055048933903,0.04662081607026609,0.016818487358193464,0.0348313022947342,0.01411760906975976]}
{"id": 7, "drone": 7, "position":(41.666666666666664,8.333333333333334,1.0), "time":546.3776177424927,"sensors":[44,49,6,5,8,24,7,12,37,34],"power":[0.15,0.15958763492913905,0.0847356589897053,0.03488176193339558,0.035659710163154695,0.08884861853266389,0.048525804530879395,0.14427523490370964,0.8845483950159917,0.06762115859592534]}
{"id": 8, "drone": 2, "position":(8.333333333333334,8.333333333333334,4.0), "time":476.1629702952208,"sensors":[16,38,32,45,42,13],"power":[0.04922376455521,0.10687724669590876,0.1281399476927684,0.11210797308731718,0.11879261217795105,0.08882320355661551]}
{"id": 9, "drone": 5, "position":(25.0,33.333333333333336,1.0), "time":340.9961413743127,"sensors":[19,9,11,2,40,31,10,22,18,20],"power":[0.0555603192835711,0.37712716328975443,0.029400583320302764,0.03589823009510471,0.15780858162098318,0.44145141992599635,0.02380680678991437,3.1053249192521264,0.11508644461390843,0.02319702821687268]}
{"id": 10, "drone": 4, "position":(8.333333333333334,41.666666666666664,1.0), "time":800.5110071514245,"sensors":[26,2,40,10,20,27],"power":[0.15,0.15750434821100742,0.052975994709509575,0.24330808652050812,0.15189922072034573,0.19732273029405126]}
{"id": 11, "drone": 3, "position":(41.666666666666664,41.666666666666664,1.0), "time":653.3195304589809,"sensors":[3,4,46,33,23,1,0,14,47],"power":[0.1240745550560902,0.1132365788586311,0.07744427757225106,0.2535675919791158,0.29381704989684637,0.7272411160700902,2.503698782598533,0.44202454285458515,0.04591772802683204]}
{"id": 12, "drone": 3, "position":(8.333333333333334,25.0,2.0), "time":282.2060372612867,"sensors":[16,2,39,45,10,13,20],"power":[0.03789391555659626,0.03248330830722629,0.48621323253971255,0.037135638999296554,0.02711261175897808,0.04074490243588344,0.048660635863231445]}
