LP RESULTS :
 Obj = 0.1*lambda1+0.9*lambda2 = 141.2310783500563 (lambda1 = 1394.3107835005628, lambda2 = 2.0) Resol time = 1082 ms

{"id": 0, "drone": 1, "position":(8.333333333333334,16.666666666666668,1.0), "time":419.95460171222214,"sensors":[33,14,9,24,43,13,36,49,3],"power":[0.07188831350511654,0.0476208566392435,0.029046412053403324,0.4648780294786594,0.06911732233393719,0.08184330067994607,0.0936629233649971,0.3922614625281784,0.04652942458775333]}
{"id": 1, "drone": 1, "position":(33.333333333333336,33.333333333333336,1.0), "time":323.31390956332496,"sensors":[31,2,22,48,6],"power":[0.5125995238162481,0.05683370634102529,0.11425661779458635,0.02717948861566654,0.032876705598101984]}
{"id": 2, "drone": 3, "position":(41.666666666666664,8.333333333333334,1.0), "time":221.37377342387947,"sensors":[0,20,37,21,1,29,7,46,27,41,38,5,35],"power":[0.01742087760442749,0.10897563054366055,0.03872829532393163,0.5043575630740803,0.07013878987567052,0.14531550731928208,0.027950737997216,0.04108817691866362,0.017862454805150113,0.025272901399879668,0.02385340597285763,0.5254158920575807,0.03252394179667677]}
{"id": 3, "drone": 3, "position":(41.666666666666664,16.666666666666668,1.0), "time":416.3671549508707,"sensors":[0,20,37,21,1,29,2,7,27,41,38,6,5,35],"power":[0.07016503774860637,0.04102436945633949,0.1373426720438112,0.08566377836221994,0.0689253375282814,0.03530834626353331,0.03462187294232353,0.16081867107112077,0.16357037654876538,0.5014250312173515,0.3548039295368385,0.10140766238101098,0.1187233069846941,0.11747605820332324]}
{"id": 4, "drone": 6, "position":(8.333333333333334,25.0,1.0), "time":13.795687890838963,"sensors":[40,10,9,17,24,13,4,16,44,49,3],"power":[9.223153385819303E-4,0.003651023008466528,0.0011794886406709367,0.0038141328006393864,0.0015127792159572,0.005045439324409362,0.0036568235254438148,0.0033834993527296527,9.626970248685459E-4,0.0011393845436126833,8.921047276906419E-4]}
{"id": 5, "drone": 6, "position":(41.666666666666664,41.666666666666664,1.0), "time":66.29045258994606,"sensors":[11,23,25,31,47],"power":[0.07665667322314831,0.007286681201893523,0.09932252237220897,0.010205171493592825,0.017755379179459185]}
{"id": 6, "drone": 4, "position":(41.666666666666664,33.333333333333336,1.0), "time":489.01438848625713,"sensors":[11,23,25,31,47,6],"power":[0.10391656615439873,0.14271331879810645,0.05067747762779101,0.09276396873223262,0.2058320854880742,0.0377860305026051]}
{"id": 7, "drone": 4, "position":(8.333333333333334,8.333333333333334,1.0), "time":449.5952307910257,"sensors":[8,33,24,43,36,49],"power":[0.1489671225036688,0.14732806853685862,0.15083340319781535,0.0808826776660628,0.5251285169631336,0.35295713876398194]}
{"id": 8, "drone": 8, "position":(33.333333333333336,25.0,1.0), "time":13.946138702789527,"sensors":[40,0,37,9,42,31,2,18,27,22,41,38,6],"power":[0.0013553518251965644,0.0030010422914415187,0.0020470983350852497,9.175224811544697E-4,0.00114169677429743,0.0014309925461077335,0.05654669568668516,0.002972429032008096,0.00508199792597675,0.001195694874076435,0.0011186796168572576,0.003598684502031401,0.013408657354981526]}
{"id": 9, "drone": 8, "position":(16.666666666666668,25.0,1.0), "time":137.2011448031451,"sensors":[40,14,10,9,17,42,4,18,3],"power":[0.08253189252011701,0.02588410683613346,0.009130191226271527,0.09903937608507492,0.039026583373658906,0.028284941116647946,0.04091667877791389,0.01433991355619381,0.03389108422463955]}
{"id": 10, "drone": 7, "position":(16.666666666666668,41.666666666666664,1.0), "time":26.243699143369327,"sensors":[12,19,17,4,34,22,48,32,39],"power":[0.01095436326931664,0.005393319594249374,0.0027100070813144673,0.0027729382077439236,0.006781977867980535,0.0022519657815629657,0.004662803594131518,0.0027904649473363343,0.0043526301025838]}
{"id": 11, "drone": 7, "position":(8.333333333333334,33.333333333333336,1.0), "time":655.6048951050703,"sensors":[12,10,17,13,4,16,44,30],"power":[0.06904042101823006,0.7430732229609531,0.38696821728538905,0.06311125999564457,0.3322268359128708,0.14661650064727033,0.16234302566818332,0.12006580862769163]}
{"id": 12, "drone": 0, "position":(25.0,16.666666666666668,1.0), "time":13.795687890838828,"sensors":[40,0,33,14,26,37,9,1,42,2,18,27,6,3],"power":[0.0022525254597152915,0.0038316581203456774,0.0011318921269882086,0.006718165478298715,0.007050134808880481,0.001842180860787994,0.0038008475325747807,0.0012105852789243462,0.02032343349586627,0.001997725029966031,0.017502264988236073,0.0012764610779658844,0.0011803021658056303,0.005999394823279913]}
{"id": 13, "drone": 0, "position":(8.333333333333334,41.666666666666664,1.0), "time":561.4653565581391,"sensors":[45,12,10,17,4,44,32,30],"power":[0.15,0.5267437463350955,0.07216923996248757,0.0558432338303048,0.05442851604055122,0.08960440892019039,0.2618298692092794,0.11244020991543548]}
{"id": 14, "drone": 2, "position":(25.0,41.666666666666664,1.0), "time":501.74589415824533,"sensors":[19,31,34,22,48,39],"power":[0.2016980054522826,0.0800810882092164,0.14321802213201945,0.17053394226384785,2.2736300862512366,0.40104145778358474]}
{"id": 15, "drone": 2, "position":(16.666666666666668,8.333333333333334,1.0), "time":10.425479534871076,"sensors":[8,33,14,26,24,15,42,36,49,3],"power":[0.0011927321739725995,0.025862225469818305,0.0020693025855527828,0.0011008332143755222,7.988270772335057E-4,0.0010735767297503085,9.533587448602381E-4,9.846871701184483E-4,0.0015580800314710837,0.0016020297978631987]}
{"id": 16, "drone": 5, "position":(33.333333333333336,8.333333333333334,1.0), "time":728.8280285321844,"sensors":[0,26,37,21,28,15,1,29,18,46,27,38,5],"power":[0.1553338435231855,0.21552064719755779,0.20669234639486253,0.3075097094242388,0.15,0.14892642327024969,2.1472586105676355,0.06578350935735282,0.051920069651709234,0.14690762929402731,0.06936617417078808,0.06649566039336592,0.09374286843133577]}
{"id": 17, "drone": 5, "position":(16.666666666666668,16.666666666666668,1.0), "time":500.53978357160497,"sensors":[40,33,14,26,9,24,42,18,49,3],"power":[0.07173700608110112,0.14061257388478662,0.9409940368783067,0.0477999142998948,0.1633283268777739,0.05234200125889071,0.1791149841709119,0.06326532277185284,0.0754677976305701,0.9001919721689445]}
