LP RESULTS :
 Obj = 0.1*lambda1+0.9*lambda2 = 156.16460359475167 (lambda1 = 1543.6460359475163, lambda2 = 2.0) Resol time = 429 ms

{"id": 0, "drone": 6, "position":(25.0,41.666666666666664,1.0), "time":303.01844268650314,"sensors":[2,27,34,36,0,7,45,39,19,38],"power":[0.022610645105628862,0.028475182246989843,0.08013459846336378,0.05158846758965486,0.02099310044226473,0.19356514068769493,0.03473123633602087,1.3001542541618172,1.087849207231812,0.8829555983797276]}
{"id": 1, "drone": 6, "position":(25.0,41.666666666666664,3.0), "time":240.8655964377122,"sensors":[2,27,34,36,7,45,39,19,38],"power":[0.016729056701566228,0.021576251298278674,0.05627047883155943,0.0379356900615083,0.11215031110026753,0.025524939200013745,0.3580977980960784,0.32879771351896214,0.28937668221389334]}
{"id": 2, "drone": 5, "position":(33.333333333333336,16.666666666666668,1.0), "time":0.12268351647336684,"sensors":[31,32,10,35,22,47,29,20,14],"power":[4.870842034503984E-5,7.741259422971932E-6,1.1145585112690482E-5,0.0012268351647336685,6.975142751549702E-5,1.0121675427927582E-5,3.56414363133938E-5,1.1828214585028524E-5,2.600148374056663E-5]}
{"id": 3, "drone": 5, "position":(41.666666666666664,33.333333333333336,1.0), "time":710.645284548601,"sensors":[33,32,28,1,0,3,45,21,15,20],"power":[2.16648247523234,0.0947724151179885,0.17664881112130493,0.06058124541019058,0.32351055958434755,0.05009846563403963,0.1781555436901715,0.31845344680725013,0.06711158086889105,0.14355381311857096]}
{"id": 4, "drone": 3, "position":(16.666666666666668,41.666666666666664,1.0), "time":177.72079233026557,"sensors":[2,23,27,34,36,12,7,39,44,19,38,5],"power":[0.017357135624473823,0.026258288395414168,0.033300873799011636,0.013594922705076774,0.05147280172438172,0.02076420562598646,0.04042944607333535,0.03153621654578476,0.012480636229577029,0.04280097902317418,0.02364712076527262,0.012394899922131535]}
{"id": 5, "drone": 3, "position":(41.666666666666664,41.666666666666664,1.0), "time":289.11671227470015,"sensors":[33,28,0,3,45,15],"power":[0.0724038454108899,0.028953962788602086,0.062380019005381676,0.17083332008527563,0.06233487271714732,0.08288841913110893]}
{"id": 6, "drone": 4, "position":(8.333333333333334,8.333333333333334,1.0), "time":146.81025571148018,"sensors":[42,46,4,30,26,43,24,25,16,9],"power":[0.025820646811549833,0.18461621300814957,0.019665273846603923,0.0335180806278653,0.30733827154266447,0.05379941118293067,0.09011144903502309,0.06374202456655641,0.04901708232053392,0.01208999284202414]}
{"id": 7, "drone": 4, "position":(41.666666666666664,8.333333333333334,1.0), "time":813.9160533160477,"sensors":[40,10,35,18,29,14],"power":[0.36510212612070925,0.1252781975039202,0.07361456637742829,0.15,0.0798164768665584,0.5902571169277863]}
{"id": 8, "drone": 2, "position":(41.666666666666664,25.0,1.0), "time":240.86559643771227,"sensors":[33,32,35,28,1,0,21,20],"power":[0.04055421454032315,0.30393358264597553,0.02684643092998204,0.0277699681858606,0.08941875458980943,0.025039333302540424,0.24743399471133892,0.06000672441856016]}
{"id": 9, "drone": 2, "position":(16.666666666666668,33.333333333333336,1.0), "time":36.825700790620346,"sensors":[2,11,27,12,7,39,44,19,47,38,17],"power":[0.03608114077660874,0.0024287649900132883,0.2939485286690045,0.008005639596241473,0.009106464604742903,0.003831917482036647,0.0175680316111672,0.005322252939968764,0.0031725663734637863,0.002790931113400549,0.009334098777496566]}
{"id": 10, "drone": 8, "position":(16.666666666666668,25.0,1.0), "time":6.515879631525877,"sensors":[2,11,27,12,48,44,47,17],"power":[0.002679840181289339,0.0040923309503563925,0.0016201644712619155,5.676040360051703E-4,0.001503828976810324,0.0035927836611927702,7.265449172934018E-4,0.012409278740057485]}
{"id": 11, "drone": 8, "position":(25.0,8.333333333333334,1.0), "time":348.4473265973276,"sensors":[31,10,35,22,48,4,41,24,25,49,29,9,14,13],"power":[0.13940793530667833,0.07418156335667032,0.03210233134679869,0.10367807679536833,0.04371188160810606,0.04632318743895242,0.09565763891909985,0.02853348416029114,0.03931269174958351,0.8287613709590436,0.1667112989769959,0.07400825778575085,0.030084148016432836,0.09666702471217595]}
{"id": 12, "drone": 7, "position":(8.333333333333334,16.666666666666668,1.0), "time":658.4167193453131,"sensors":[42,11,46,48,30,26,44,43,24,25,16,17],"power":[0.12417935318845018,0.11186822323934546,0.14898791082979093,0.0729865913567603,0.12642235159800597,0.08603431042304988,0.04382583699847782,1.2370539353084102,0.07106672230775188,0.08076030681503787,1.4853798926606352,0.07443389564416952]}
{"id": 13, "drone": 7, "position":(25.0,25.0,1.0), "time":127.25171748678387,"sensors":[31,2,11,27,35,22,48,7,44,47,20,17],"power":[0.010354307701335335,0.031503210563783766,0.022144720732795147,0.015137555518803943,0.01342581360377803,0.0125828997112634,0.02218795175078963,0.010956788028439942,0.011036977370321265,0.14465272385662703,0.018152793858205306,0.015233124113675998]}
{"id": 14, "drone": 0, "position":(8.333333333333334,41.666666666666664,1.0), "time":434.6689617781866,"sensors":[37,8,23,27,36,12,6,5],"power":[0.06826523092486078,0.12585903395654477,0.9058776229092353,0.03462775405544631,0.036126953303951645,0.11290316246101374,0.18652621904002442,0.20039128853581478]}
{"id": 15, "drone": 0, "position":(16.666666666666668,8.333333333333334,1.0), "time":389.97173429339523,"sensors":[31,11,46,22,48,4,26,41,43,24,25,49,16,9,13],"power":[0.028157465636276025,0.03812512401660035,0.03903064268174519,0.025050877508546503,0.06288842728589807,0.1355855883807929,0.05142297538620378,0.06074657377555753,0.03881849366888785,0.3102274367146882,0.7431809127373951,0.15167395190704203,0.03849512777981543,0.1239994528734834,0.05333297528782405]}
{"id": 16, "drone": 1, "position":(25.0,16.666666666666668,1.0), "time":13.04265859317121,"sensors":[31,11,35,22,48,47,49,29],"power":[0.0072236604713231765,0.0025891503921702595,0.0027840225772792822,0.008618394557306255,0.006036613592331353,0.0014380431771879316,0.002241998861549631,0.002943779543516322]}
{"id": 17, "drone": 1, "position":(8.333333333333334,33.333333333333336,1.0), "time":216.77894480591874,"sensors":[2,37,8,23,27,12,44,6,17,5],"power":[0.023038971046649214,0.08173476907513921,0.02414096604345522,0.027447355855157864,0.04032225450138403,2.0303382759360593,0.06685270174768235,0.04089721733129458,0.03858960272460109,0.016378303301353276]}
