LP RESULTS :
 Obj = 0.1*lambda1+0.9*lambda2 = 158.04178229173567 (lambda1 = 1562.4178229173565, lambda2 = 2.0) Resol time = 585 ms

{"id": 0, "drone": 3, "position":(33.333333333333336,8.333333333333334,1.0), "time":184.13446326771634,"sensors":[8,33,19,44,46,36],"power":[0.7376726666710768,0.02188667790954304,1.3546473608297134,0.01436051076207752,0.9906753313086425,0.01419880649764668]}
{"id": 1, "drone": 3, "position":(41.666666666666664,16.666666666666668,1.0), "time":516.7522245469551,"sensors":[47,8,15,48,19,2,38,49,34,10,46],"power":[0.11669584974856648,0.03353089276461073,0.05293029771409122,1.1700671541055059,0.055458527513477816,0.2471900655906757,0.04646837795529201,0.03583960168431696,0.14839988347439995,0.0656961477871397,0.041003494862808035]}
{"id": 2, "drone": 6, "position":(25.0,25.0,4.0), "time":646.8101019880252,"sensors":[0,28,9,39,33,13,22,11,49,35,27,40,12,25],"power":[0.046028034777124464,0.2430365424379945,0.11779764201167117,0.23624946949901574,0.07389252213510776,0.09519996998358786,0.04879369255232668,0.4306762009671549,0.18836873723285538,0.06187385474778809,0.10802699063016728,0.13093271891689068,0.12913763918939378,0.17379729645007733]}
{"id": 3, "drone": 6, "position":(25.0,41.666666666666664,4.0), "time":190.0947119789099,"sensors":[0,43,26,45,13,24,42,12,25,3],"power":[0.0777741741683189,0.018752028046631165,0.06387439197075548,0.032985567206590766,0.012000707640171889,0.012665673948911974,0.0161110933422179,0.023132372670637683,0.015084785115722567,0.017083625547953295]}
{"id": 4, "drone": 7, "position":(8.333333333333334,8.333333333333334,1.0), "time":42.351687383050376,"sensors":[16,29,23,22,1,37,36,41],"power":[0.004158315730529162,0.006319698098774168,0.012734117251682555,0.004511938453753697,0.06784634124142415,0.038795037468560584,0.0035481222653576338,0.007063390833152355]}
{"id": 5, "drone": 7, "position":(8.333333333333334,41.666666666666664,1.0), "time":775.2935948378846,"sensors":[5,43,6,24,17,42,3],"power":[0.15,0.10016899413792904,0.16408599180580802,0.27242973058857195,0.1704941677658905,0.4352991099054418,0.2320049883889889]}
{"id": 6, "drone": 0, "position":(25.0,16.666666666666668,1.0), "time":5.960248711194026,"sensors":[28,8,9,39,29,33,19,22,11,49,27,46,36,41],"power":[9.170319944305596E-4,6.462924728727982E-4,4.5269006089061905E-4,8.516312861587405E-4,0.0010882233543696668,0.01842108888028427,7.077887374964997E-4,0.001108212798223618,0.0020779015830284984,0.0010601216861483474,0.0018576201300472628,7.451711998965991E-4,9.363649157281583E-4,7.599766897449228E-4]}
{"id": 7, "drone": 0, "position":(41.666666666666664,8.333333333333334,1.0), "time":855.5708863914912,"sensors":[8,48,19,4,44,38,46],"power":[0.12775783232938717,0.15590547802118532,0.1694862324059957,0.15,0.2990616239679425,0.24069719204265438,0.1379447702490768]}
{"id": 8, "drone": 1, "position":(8.333333333333334,25.0,5.0), "time":266.2064333459245,"sensors":[9,20,6,31,22,27,40,17,41],"power":[0.04092158410941422,0.07504013141268889,0.038676868208634065,0.1195277463930358,0.023051151350385147,0.01876092208535014,0.030753760845246742,0.03661957527212169,0.023707851873163637]}
{"id": 9, "drone": 1, "position":(8.333333333333334,16.666666666666668,1.0), "time":367.93943252611837,"sensors":[9,20,29,23,31,22,1,27,37,41],"power":[0.02599280080847548,0.07495986858731109,0.0850599021770197,0.028150600427054175,0.06541916365313678,0.09232619640406242,0.05714206151085761,0.04755613664271078,0.03825706706498368,0.13670429637105652]}
{"id": 10, "drone": 2, "position":(16.666666666666668,8.333333333333334,1.0), "time":233.1499189630442,"sensors":[16,29,33,23,22,1,27,37,36,41],"power":[0.14584168426947083,0.0786789589248962,0.03579971107506532,0.33977677106646265,0.05012640689104253,0.025011597247718273,0.028764844158398216,0.08606333080289051,0.22752274222453642,0.05771757291955545]}
{"id": 11, "drone": 8, "position":(16.666666666666668,41.666666666666664,1.0), "time":520.9177947335475,"sensors":[0,43,26,6,24,17,42,12,25,3],"power":[0.10359445056745273,0.1627327893873075,0.046355220569788774,0.07487649805674831,0.25462328689465935,0.03668497749839352,0.6874334044407262,0.0639072838538965,0.04215502901959042,0.3958962242005072]}
{"id": 12, "drone": 4, "position":(33.333333333333336,33.333333333333336,1.0), "time":38.82391183963852,"sensors":[0,28,32,18,15,21,30,39,45,13,49,35,12,25],"power":[0.006040558013849918,0.007602373117597386,0.02227973488904201,0.15096122365194972,0.0027710087569299204,0.007029824967610717,0.0069998719890969575,0.00824462438403192,0.013159113167285408,0.08786076850911329,0.006119048351375131,0.04839720517137349,0.0037998896094332377,0.0034251624176975816]}
{"id": 13, "drone": 4, "position":(41.666666666666664,41.666666666666664,1.0), "time":1257.3874777317935,"sensors":[32,18,21,30,14,45,35,7],"power":[0.38590123246313307,0.16900431094742172,0.23935465996991936,2.4238087013140315,0.4436397081966078,0.2551966777706507,0.07935184023636259,0.15]}
{"id": 14, "drone": 5, "position":(25.0,41.666666666666664,1.0), "time":76.11172136701452,"sensors":[0,32,18,43,26,45,13,24,42,12,25,3],"power":[0.059614190345829536,0.005671173617141197,0.005366553605067517,0.008817327881670174,0.03977038745945557,0.015635752080951082,0.005878430451926387,0.00593665206084448,0.007470180331226023,0.011155288209852012,0.006881722082794467,0.008080439299673236]}
{"id": 15, "drone": 5, "position":(41.666666666666664,25.0,1.0), "time":190.09471197891025,"sensors":[47,28,32,18,15,21,48,39,13,2,49,35,34,10],"power":[0.06883605014102999,0.017317020357953978,0.01478033552068463,0.022844762828259396,0.1516764508464061,0.046304419493291275,0.04096582750415277,0.017587478618798648,0.020444508802286432,0.32429805109175913,0.02244746649476206,0.039728940080838396,0.05726038202937805,0.08430385221286028]}
