LP RESULTS :
 Obj = 0.1*lambda1+0.9*lambda2 = 120.7613400765761 (lambda1 = 1189.613400765761, lambda2 = 2.0) Resol time = 2470 ms

{"id": 0, "drone": 1, "position":(16.666666666666668,16.666666666666668,1.0), "time":462.3757922694346,"sensors":[4,32,12,15,44,36,18,17,0,40,49,34,43,16,31],"power":[0.08894381911119366,0.08284578322225981,0.036193473248500904,0.05206307315223519,0.15850764910977352,0.12228945467329426,0.1525518467956246,4.059076124494221,0.14816206254886843,0.06635167323411378,0.054851671964195214,0.029980554069609498,0.5940556734061001,0.1894391442504168,0.6858434199457559]}
{"id": 1, "drone": 1, "position":(41.666666666666664,25.0,1.0), "time":46.640958068573674,"sensors":[13,19,37,7,29,9,26,38,42,8,23,34,21,46],"power":[0.01061286683687275,0.006602621420908973,0.003089014692770108,0.007073966288401738,0.0029905098625094863,0.14118840627726512,0.007939545125302813,0.0034543947238347195,0.008129063081708863,0.009944726647774968,0.04274128790178822,0.0032586717281204115,0.008880315689985421,0.016917106072947486]}
{"id": 2, "drone": 4, "position":(33.333333333333336,16.666666666666668,1.0), "time":58.95792797031603,"sensors":[13,37,29,12,44,9,33,26,38,39,5,2,23,34,46],"power":[0.031054701813293784,0.11415221432196697,0.015580103205760806,0.010471750801761583,0.007699174672377105,0.004958951134561752,0.009061568299239202,0.018305193149971286,0.06722282986311354,0.0067992099075490225,0.01839315007346499,0.00605856078804155,0.004172132424392175,0.02059257469318913,0.0051160893690307685]}
{"id": 3, "drone": 4, "position":(8.333333333333334,8.333333333333334,1.0), "time":267.8167669585954,"sensors":[20,32,18,17,0,40,49,43,31],"power":[0.13060301957944373,0.5956444372609506,0.03080459667941032,0.03081495099547447,0.03861949184033825,0.6695429751891886,0.09706956092030655,0.05831767623012344,0.052614636351832667]}
{"id": 4, "drone": 2, "position":(25.0,41.666666666666664,3.0), "time":673.1957875889254,"sensors":[22,45,25,6,41,14,10],"power":[0.09593645325944766,0.1015882053555796,0.26754144672576996,0.07418357687982009,0.15,0.23235923925389002,0.8380254124872805]}
{"id": 5, "drone": 2, "position":(41.666666666666664,16.666666666666668,1.0), "time":52.528720384956415,"sensors":[13,37,29,9,33,26,38,5,23,46],"power":[0.00989043427727636,0.0061116553301300445,0.025145399201604263,0.007567987036641704,0.005288091187732961,0.00531596974703156,0.005586585510719635,0.004995573194328735,0.016310346111278847,0.0341665460967421]}
{"id": 6, "drone": 5, "position":(25.0,8.333333333333334,1.0), "time":23.646786782578815,"sensors":[37,12,44,33,38,17,0,5,2,49,43,31],"power":[0.0029081083253082707,0.059076857844907966,0.0029622835359163426,0.003210972944633214,0.002156836793283724,0.0024170416868070773,0.00692822234585171,0.006726410841999983,0.09625156983034784,0.002685077235992839,0.0017527064826444816,0.0016224474338974709]}
{"id": 7, "drone": 5, "position":(41.666666666666664,8.333333333333334,1.0), "time":1031.4857943419152,"sensors":[35,29,33,30,5,46],"power":[0.2186456464785031,0.821650299301591,0.3325701312575603,0.15,0.15420540978327882,0.09380025846127965]}
{"id": 8, "drone": 0, "position":(8.333333333333334,33.333333333333336,2.0), "time":432.0627963394473,"sensors":[4,15,24,3,27],"power":[0.053705217792421656,0.08227541639438263,0.2711558486094114,0.6811030444658558,0.06728466389719363]}
{"id": 9, "drone": 0, "position":(25.0,25.0,1.0), "time":29.467814035112724,"sensors":[45,13,19,25,37,6,15,44,26,38,36,39,17,34,16],"power":[0.00803022757003224,0.004737243452951954,0.002483975040964846,0.0031500779310099556,0.005126991453575263,0.009758476779258885,0.003942402132435616,0.009214265660981743,0.007742990230992699,0.006730410629595117,0.009022964311206897,0.05205177573317082,0.0023106906419504713,0.014248247571747745,0.009502452326590789]}
{"id": 10, "drone": 6, "position":(41.666666666666664,33.333333333333336,1.0), "time":638.6131700472002,"sensors":[19,11,7,9,48,47,42,8,23,1,21,28],"power":[0.18612788637326633,0.12355248082412615,1.2264737294303327,0.20660636920663294,0.2830858017675623,0.15202052946066164,0.2520026011102497,3.3097236780768466,0.06922510604406867,0.07975490663870276,0.14111968431001456,0.07470050279124961]}
{"id": 11, "drone": 6, "position":(16.666666666666668,25.0,1.0), "time":81.53480205932607,"sensors":[4,45,6,15,44,36,18,39,17,3,34,43,16,31],"power":[0.02756996514342772,0.011353864822754613,0.006656009659980412,0.12991429190452328,0.016473012380731494,0.30273698415130695,0.017172964974582875,0.009093604085101568,0.015230458094724038,0.01468879218770405,0.006123406816604728,0.009832714590935631,0.08545035465116334,0.011739057822220268]}
{"id": 12, "drone": 8, "position":(16.666666666666668,8.333333333333334,1.0), "time":289.3933053430418,"sensors":[20,32,12,44,18,17,0,40,2,49,43,31],"power":[0.01939698042055627,0.08570095303980778,0.03806861602293898,0.026487750659007683,0.024396929475934276,0.07401946257901576,0.7296826824033367,0.058041156203207454,0.04364278201405444,0.39354061016331454,0.08669977525990265,0.07529874274617039]}
{"id": 13, "drone": 8, "position":(8.333333333333334,41.666666666666664,1.0), "time":179.4912788619577,"sensors":[22,24,3,27],"power":[0.037754740019892326,0.04090227427293757,0.02572938073673268,0.8956318658517743]}
{"id": 14, "drone": 3, "position":(41.666666666666664,41.666666666666664,1.0), "time":253.648657594918,"sensors":[19,11,7,48,47,42,8,14,1,28],"power":[0.026898843419313336,0.18207207650462412,0.06436874642981531,0.3458245774440234,0.08728679039975959,0.030005073532674353,0.05527381404542476,0.028354669794417465,0.07024509336129725,0.2654021288161071]}
{"id": 15, "drone": 3, "position":(33.333333333333336,25.0,4.0), "time":221.24280101995646,"sensors":[45,13,19,37,6,7,44,9,26,38,39,8,23,34],"power":[0.018642757870951238,0.1255505995071913,0.04379559988619794,0.04524406081530608,0.039165358403090975,0.021300354673265125,0.016307028901696014,0.046861950927316556,0.1840717733251068,0.05545176741019597,0.06612299477065499,0.013983161974284059,0.01755112751847204,0.06754375124504043]}
{"id": 16, "drone": 7, "position":(25.0,16.666666666666668,1.0), "time":22.994171285994526,"sensors":[13,37,12,44,26,38,36,39,17,0,5,2,34,43,16,31],"power":[0.0029524702639190186,0.009767904712752821,0.00618930208189057,0.03718526715694354,0.0034450064624228305,0.009397175069257085,0.0035972584421096075,0.003450974062530849,0.004578677266314766,0.003929275180347047,0.00385801169440555,0.0040470873675561535,0.008252793875688032,0.002491013979998353,0.0054374169143718695,0.002526220140099954]}
{"id": 17, "drone": 7, "position":(16.666666666666668,33.333333333333336,1.0), "time":184.17219606244038,"sensors":[4,22,45,25,6,15,36,24,39,3,16,10,27],"power":[0.01695508183575331,0.01630880672066002,0.04852126471767099,0.038821326029979626,0.0211638878612504,0.07448444639581325,0.030441419106160224,0.013790572469690189,0.012481441440992303,0.06143706271136151,0.019640784510191776,0.021244316497743162,0.013237670934079017]}
