LP RESULTS :
 Obj = 0.1*lambda1+0.9*lambda2 = 119.77421241661068 (lambda1 = 1179.7421241661068, lambda2 = 2.0) Resol time = 3265 ms

{"id": 0, "drone": 7, "position":(8.333333333333334,16.666666666666668,1.0), "time":403.62484575754524,"sensors":[35,6,27,24,30,23,28,15],"power":[0.19283862774516436,0.08826148024797396,0.028776366695238784,0.13670151244467235,0.15527214401489794,0.043935146535025296,0.656712881198152,0.05167132049730254]}
{"id": 1, "drone": 7, "position":(25.0,25.0,2.0), "time":492.9743227585932,"sensors":[20,1,30,22,8,0,11],"power":[0.13044813088152316,0.05800441056079887,0.03659902832470148,0.2807352871811179,0.32025525592578186,0.1051805035602161,0.309238172207644]}
{"id": 2, "drone": 3, "position":(8.333333333333334,41.666666666666664,1.0), "time":310.5470038285878,"sensors":[27,7,33,48,34,26,14,29,21],"power":[0.021032383970161123,0.132535785060279,0.06572032105744334,0.15,0.030295447659011165,0.34952352304526,0.03511039051512937,0.025043087214350113,0.19650679932893206]}
{"id": 3, "drone": 3, "position":(16.666666666666668,41.666666666666664,1.0), "time":638.4875068134131,"sensors":[41,10,7,33,49,34,26,14,13,29,21,31],"power":[0.06952670235328251,0.1422401757516434,0.04275769746109236,6.384875068134131,0.17797814973394643,0.16490856594896097,0.3290376720191184,0.8275758948603176,0.10742769694146231,0.2278291801987648,0.06730601775844042,0.09435693830303134]}
{"id": 4, "drone": 6, "position":(41.666666666666664,41.666666666666664,1.0), "time":681.0662272509501,"sensors":[37,16,38,42,19,40,39,18,2,47],"power":[0.07247415386430106,0.6159473039463433,0.15,0.2336385520433876,0.23456818171123464,0.2124218976414069,0.5718324852236635,0.33902503851602395,0.2339196811175935,0.09348190270697784]}
{"id": 5, "drone": 6, "position":(25.0,41.666666666666664,2.0), "time":230.7076135241059,"sensors":[41,10,33,49,34,14,8,13,29,31],"power":[0.29931677518228,0.07764400941589636,0.049439259400543945,0.07137975232734027,0.028327456538382107,0.08190396901541458,0.016916771701723673,0.7601670834188553,0.05254889482164012,0.05564306169696865]}
{"id": 6, "drone": 2, "position":(8.333333333333334,8.333333333333334,1.0), "time":59.36784837049368,"sensors":[35,6,24,30,23,28,32],"power":[0.10751212198441258,0.20403983086667357,0.0755228728706383,0.005182097852969291,0.10606485346497471,0.013552744556031183,0.006330499035914158]}
{"id": 7, "drone": 2, "position":(8.333333333333334,25.0,1.0), "time":223.77510727947487,"sensors":[27,30,28,15],"power":[0.10019124933460008,0.05248233273026328,0.03563583981774139,0.16250848925551842]}
{"id": 8, "drone": 8, "position":(25.0,8.333333333333334,1.0), "time":443.0677726857294,"sensors":[17,3,32,0,11],"power":[0.15000000000000002,0.5610814424968426,0.18557216885459263,0.0849780469616176,0.03948175272728231]}
{"id": 9, "drone": 0, "position":(41.666666666666664,8.333333333333334,1.0), "time":816.2933749629967,"sensors":[36,46,43,44,45,9,5,4,12],"power":[0.15,0.20304842428868283,1.3996791734589005,0.48057788706713817,0.25974678330142337,0.2418346461989005,0.3033320519417409,1.4986924871943101,0.15366689827608668]}
{"id": 10, "drone": 5, "position":(41.666666666666664,16.666666666666668,1.0), "time":363.4487492031101,"sensors":[46,20,25,43,44,1,9,5,4,12],"power":[0.04612381026793367,0.039551648376868934,0.11686149875215526,0.03875858975067859,0.0234617824762312,0.09199558943920111,1.0124854745586631,0.11520247898529525,0.10826723453671562,0.5024477689347104]}
{"id": 11, "drone": 5, "position":(41.666666666666664,33.333333333333336,1.0), "time":498.6758969151567,"sensors":[37,16,42,25,19,40,39,18,2,47],"power":[0.26097504591141446,0.039849215390723516,0.1598587887054101,0.033138501247844725,0.0975351660655787,0.2908514420565743,0.19365388252389865,0.03475971597708672,0.0943704989312342,0.2879401304003519]}
