LP RESULTS :
 Obj = 0.1*lambda1+0.9*lambda2 = 132.03449600475065 (lambda1 = 1302.3449600475064, lambda2 = 2.0) Resol time = 2209 ms

{"id": 0, "drone": 0, "position":(41.666666666666664,8.333333333333334,1.0), "time":581.2747870128908,"sensors":[35,10,44,8,27,36,3,26,48,24,13,22,20,32],"power":[0.07547735230988549,0.15903960491026026,0.0893476557064858,0.0904871021574865,0.05375183456508783,0.06373057888243408,0.10511973411980904,0.0859739180663534,0.04713867654729876,0.7265542755473248,0.16640123023862186,0.09567275228546557,0.15,0.1290398954864147]}
{"id": 1, "drone": 0, "position":(33.333333333333336,25.0,2.0), "time":11.41007280098048,"sensors":[6,35,15,41,40,25,1,8,31,22,38,32],"power":[9.027985488692053E-4,0.002013386589512568,0.01577053405379364,0.0014199144104824063,0.004239871393483993,0.0017922099032879318,0.003691741367328499,0.001382502383155791,0.02977783075585921,0.0018960359664433784,9.409170261293781E-4,0.0014471082013340457]}
{"id": 2, "drone": 1, "position":(41.666666666666664,25.0,1.0), "time":154.22531877205287,"sensors":[6,35,15,40,8,31,13,22,38,32],"power":[0.03603460312344849,0.015527884251587505,0.018860382417734058,0.145760128606516,0.010046411465333121,0.027423011472059666,0.023590627776866154,0.019675543959305982,0.02367115033976825,0.018581809825740037]}
{"id": 3, "drone": 1, "position":(33.333333333333336,41.666666666666664,1.0), "time":455.43244891084305,"sensors":[6,43,47,11,39,38,34,14],"power":[0.03092447707183139,0.13029584337086275,0.028799393664235513,0.10654312017673953,0.10930235463811497,0.06692171878864174,0.0525015964727537,0.12302652550352024]}
{"id": 4, "drone": 3, "position":(8.333333333333334,33.333333333333336,1.0), "time":580.0256495102938,"sensors":[7,49,9,23,42,17,46,37,5,18,28,45],"power":[0.05095153052882885,0.08041897479379342,0.7747399574921101,0.22557822461730218,0.15122307373720148,0.07564667303209623,0.07292999012175616,0.1090644408232006,0.046936815150144924,0.1159052269833513,0.0911408542741643,0.3329321667616413]}
{"id": 5, "drone": 4, "position":(8.333333333333334,41.666666666666664,1.0), "time":524.8485191058629,"sensors":[9,47,23,17,46,12,16,5,30,33,45],"power":[0.13448622897769136,0.04524432712533768,1.3070483515768556,0.29190931979003054,0.9548267966882624,0.19783292630782734,0.14999999999999997,0.035750499540957145,0.1292093566335726,0.1561669756606105,0.5995695660044562]}
{"id": 6, "drone": 2, "position":(16.666666666666668,8.333333333333334,2.0), "time":165.6353915730333,"sensors":[41,27,48,2,29,19],"power":[0.010558812949235542,0.011732479934220863,0.01106625967285975,0.011655981927348534,0.5335822427976514,0.010565694534383238]}
{"id": 7, "drone": 2, "position":(8.333333333333334,25.0,1.0), "time":197.47079143134988,"sensors":[7,49,9,42,37,18,19,28,45],"power":[0.0570194759682992,0.024056328961179128,0.02733430923027672,0.08227191091612657,0.1449489790611402,0.03409477301664868,0.01774590420147486,0.028904370397755858,0.013024460838799342]}
{"id": 8, "drone": 5, "position":(41.666666666666664,41.666666666666664,1.0), "time":681.2771195636301,"sensors":[6,43,11,0,21,39,38],"power":[0.1307355171237935,0.20831502115252606,2.0048192701904926,0.2544145748469027,0.16929327145738957,1.0549421064851472,0.20398270472013838]}
{"id": 9, "drone": 6, "position":(25.0,33.333333333333336,2.0), "time":24.648949575914685,"sensors":[49,15,25,47,42,1,31,5,28,34,14],"power":[0.005641817913666233,0.002518821746628327,0.0038061918153943757,0.0019513397318034968,0.0017220678210794768,0.0020100069330188436,0.0033922171710613416,0.009597450615779818,0.004883948552660934,0.002705896412360448,0.012845455421477884]}
{"id": 10, "drone": 6, "position":(25.0,25.0,5.0), "time":500.1995695299481,"sensors":[7,49,15,41,25,42,1,31,28],"power":[0.057813556017332374,0.08088502644162983,0.12427915912778785,0.11603053317629505,0.27525188040174187,0.0372675540363679,0.15444339490686554,0.08940694060101977,0.07082607642503387]}
{"id": 11, "drone": 8, "position":(8.333333333333334,8.333333333333334,2.0), "time":694.6042168834506,"sensors":[4,2,29,19],"power":[0.21255830220075494,0.15,0.16105452034750053,0.2118885629745304]}
{"id": 12, "drone": 7, "position":(33.333333333333336,8.333333333333334,1.0), "time":555.4347814615824,"sensors":[35,41,10,44,8,27,36,3,26,48,24,13,22,32],"power":[0.14028086230700865,0.03548953836184834,2.734915146462752,0.12552713847211538,0.2200252613112259,0.711742422351004,0.5375980934224942,0.15769223948513653,0.19756813627859068,0.394244627838249,0.07372443574234426,0.04721880543587468,0.12896899623979377,0.13638097846210342]}
{"id": 13, "drone": 7, "position":(25.0,41.666666666666664,1.0), "time":172.82184185543517,"sensors":[47,17,5,30,34,14],"power":[0.0740049394786233,0.016807968823219457,0.057715234693118116,0.02079064336642739,0.2311143605931637,0.13628814638793155]}
