LP RESULTS :
 Obj = 0.1*lambda1+0.9*lambda2 = 123.89011248674451 (lambda1 = 1220.901124867445, lambda2 = 2.0) Resol time = 886 ms

{"id": 0, "drone": 6, "position":(25.0,25.0,1.0), "time":138.31593278169578,"sensors":[16,4,10,30,15,19,39,7],"power":[0.08594650866372516,0.5184397557637564,0.04851214340211371,0.017446334180617477,0.01419801908602148,0.00951602046812906,0.025555051014131854,0.016796014677355434]}
{"id": 1, "drone": 6, "position":(41.666666666666664,25.0,1.0), "time":491.2962391498415,"sensors":[42,30,13,49,34,22,26,32,41,8,14,17],"power":[4.912962391498415,0.14768008819553533,0.11869897374941905,0.1830900936857504,0.06127809796964178,1.8148864563629215,0.03828363058919331,0.23966899276428788,0.45947530390197155,0.03857764026803514,0.44337099067906366,0.04270019750223682]}
{"id": 2, "drone": 7, "position":(16.666666666666668,16.666666666666668,1.0), "time":431.4414778694959,"sensors":[20,16,47,4,10,15,19,43,6],"power":[0.05783331884435579,0.05044766520439646,0.03677527019092772,0.06466432217641295,0.12856685923058625,0.3123397176457562,1.264743088109462,0.19331422835583723,0.08434360043713678]}
{"id": 3, "drone": 7, "position":(8.333333333333334,25.0,1.0), "time":44.197816143490954,"sensors":[20,16,15,19,46,39,43,28,7],"power":[0.04638734849161567,0.003636857867023381,0.011801241738136807,0.006395884678512269,0.005576410774053323,0.0028243016654497925,0.008435670637906031,0.1088590468458013,0.003963479398165259]}
{"id": 4, "drone": 1, "position":(41.666666666666664,41.666666666666664,1.0), "time":354.9120331371016,"sensors":[12,45,2,49,34,32,9,24,3,1,17],"power":[0.27683903245786806,0.39728379978775147,0.588355614310321,0.03440102700355291,0.03146625077037722,0.026270482172369478,0.17955612913921873,0.13298292853918792,0.12796531449986492,0.2119502455266159,0.1964294311548307]}
{"id": 5, "drone": 1, "position":(8.333333333333334,41.666666666666664,5.0), "time":182.51374892518595,"sensors":[21,48,40,18,5],"power":[0.016638848848150624,0.031046708518682197,0.048752357151719106,0.01949717969497964,0.04800461950202631]}
{"id": 6, "drone": 3, "position":(25.0,8.333333333333334,1.0), "time":651.1437142162533,"sensors":[44,37,11,27,10,31,6,36,38],"power":[0.056757559584908364,0.0715125785428129,0.09668038044583946,0.09860529914575047,0.080852134684776,0.15571625994436852,0.9720981611828018,0.09150972033372264,0.1292703877791639]}
{"id": 7, "drone": 3, "position":(8.333333333333334,16.666666666666668,1.0), "time":275.6140105525212,"sensors":[20,47,15,35,19,46,29,43,28],"power":[0.18926616054509904,0.08130413533270998,0.07888313828715439,0.08759193151611679,0.10132232574406765,0.13969900010100425,0.020267379765228837,0.5585445561033514,0.03756926293020462]}
{"id": 8, "drone": 0, "position":(8.333333333333334,41.666666666666664,1.0), "time":509.7749884967038,"sensors":[21,48,40,18,7,5],"power":[0.06027048145793007,0.11895329148131778,0.23634107737355836,0.07242798077212552,0.04016509085204324,0.21730205831371371]}
{"id": 9, "drone": 2, "position":(25.0,41.666666666666664,1.0), "time":491.29623914984154,"sensors":[12,25,21,39,33,40,18,1,7,5],"power":[0.04078425162099107,0.5218088672514258,0.08703332428899349,0.059376701524868174,0.13637826918343912,0.03176588335838512,0.07131361417597147,0.03599704683091933,0.051293110990517136,0.04531584721908035]}
{"id": 10, "drone": 4, "position":(41.666666666666664,33.333333333333336,1.0), "time":229.41864861172846,"sensors":[12,42,45,30,2,49,34,22,32,41,3,14,1,17],"power":[0.04403106932646737,0.05200110661553975,0.09560597176926067,0.04678185552171972,0.0350845795070694,0.1958722565819992,0.05725565125998098,0.03353999240036292,0.1197351571931286,0.019312898538881188,0.022034685500135074,0.025114301211814814,0.021879608182044003,0.2056120917887786]}
{"id": 11, "drone": 4, "position":(33.333333333333336,41.666666666666664,1.0), "time":145.27420396877346,"sensors":[12,45,25,2,49,33,32,9,24,1,17],"power":[0.14224330523558865,0.04429843082556587,0.04952391635647741,0.015618725131445835,0.011505883038298451,0.013621730816560877,0.00977853020901471,0.02092392803326292,0.031776526786356424,0.08297942448382724,0.03617148492957974]}
{"id": 12, "drone": 5, "position":(16.666666666666668,33.333333333333336,1.0), "time":37.31614829571363,"sensors":[16,4,25,15,39,40,28,18,7,5],"power":[0.00996896826485506,0.003260263896005959,0.0031775340402281694,0.0027286331004342176,0.06224394579555017,0.0026190315064046478,0.00357169022399407,0.08764615385516804,0.28136761449562453,0.01226195838361016]}
{"id": 13, "drone": 5, "position":(8.333333333333334,8.333333333333334,1.0), "time":331.3318875202415,"sensors":[20,47,35,19,46,29,43],"power":[0.02309085207867378,0.8379009018448473,0.17110778882060146,0.041824243275927285,0.06166453359454651,0.12973262023477117,0.06638642600442358]}
{"id": 14, "drone": 8, "position":(41.666666666666664,8.333333333333334,2.0), "time":307.4548880980746,"sensors":[44,37,11,27,13,23,26,41,8,36,0],"power":[0.19160343439612373,0.05743194775711661,0.08338471024809128,0.09360645857027541,0.053898111706727994,0.6497031632591832,0.15162429061563001,0.021521347685341464,0.20577686431730638,0.042024345931535624,0.1397257412242049]}
{"id": 15, "drone": 8, "position":(33.333333333333336,8.333333333333334,1.0), "time":138.3159327816959,"sensors":[44,37,11,27,13,31,23,26,6,8,36,38,0],"power":[0.15306376358233062,0.059806781972982746,0.33085073280416,0.5728587188465151,0.015060404428894586,0.029065684993604658,0.03468139866020049,0.0388297557355556,0.014482060047967342,0.03144618355260126,0.05348213670390633,0.020729612220836104,0.010274258775795115]}
