LP RESULTS :
 Obj = 0.1*lambda1+0.9*lambda2 = 157.47220316466445 (lambda1 = 1556.7220316466442, lambda2 = 2.0) Resol time = 753 ms

{"id": 0, "drone": 2, "position":(33.333333333333336,41.666666666666664,3.0), "time":299.5441754921176,"sensors":[5,34,37],"power":[0.051604689117559874,0.019972227771479813,0.026529962036173204]}
{"id": 1, "drone": 2, "position":(41.666666666666664,25.0,1.0), "time":614.9936565262154,"sensors":[36,44,3,49,2,1,48,9,29,14,24,8],"power":[0.05410820272535444,0.051890111762337314,0.13915871888124876,0.1700549598975797,0.17598122756691234,0.9489168433390183,0.14999999999999997,0.1454900890269208,0.04406814587096435,0.08061109286795799,0.15641726269105224,2.540884488674731]}
{"id": 2, "drone": 0, "position":(16.666666666666668,41.666666666666664,1.0), "time":577.2184099484592,"sensors":[5,40,33,22,32,34,43,20,11,23,4,45,35],"power":[0.10136414918516484,0.0779190166616492,0.04086825227964404,0.07647306515996181,0.13150173568864493,0.10855747570464198,0.1418885299263964,0.07274678523841262,0.08172697491880848,0.14209794939480908,0.07171114305848139,0.14507443125750694,0.06767319619919518]}
{"id": 3, "drone": 0, "position":(8.333333333333334,16.666666666666668,1.0), "time":240.36993224243628,"sensors":[19,26,0,15,28,6,31],"power":[0.08023788841299874,0.07987403116941619,0.016342863153789505,0.06460428212769413,0.037406019729649645,0.03674398230486469,0.028079062545422723]}
{"id": 4, "drone": 1, "position":(8.333333333333334,8.333333333333334,1.0), "time":795.7787212428993,"sensors":[19,0,15,38,18,42,21,6],"power":[0.06976211158700125,0.06557040294637066,0.11450739263217914,0.05025642860152602,0.11891875215402728,0.15,0.16449470345621872,0.10876567884918938]}
{"id": 5, "drone": 1, "position":(33.333333333333336,8.333333333333334,2.0), "time":165.4420048134848,"sensors":[17,27,13,30,10,46,14],"power":[0.0370717567281864,0.022580642494643064,0.01195532053218115,0.14497331296573776,0.05551932820564275,0.012155500846150321,0.016512517903335053]}
{"id": 6, "drone": 4, "position":(41.666666666666664,8.333333333333334,1.0), "time":797.8987241513895,"sensors":[17,27,41,2,25,30,10,12],"power":[3.6618964170593133,1.9302863382118225,0.23260770701749547,0.12547315483268182,0.39218893462092075,0.07267756142242021,1.6239494501560066,0.14999999999999997]}
{"id": 7, "drone": 4, "position":(33.333333333333336,16.666666666666668,1.0), "time":105.21442567700912,"sensors":[17,27,2,13,1,30,10,46,29,14,24,8],"power":[0.008399797118396994,0.009505951322842139,0.017229861584822932,0.029092283899326842,0.007090593279779909,0.016199326912267643,0.011372310016508973,0.013273551664560517,0.020965140167935957,0.16074501883032558,0.00977983864923528,0.006976118024473678]}
{"id": 8, "drone": 8, "position":(25.0,25.0,1.0), "time":32.939154009944104,"sensors":[5,22,26,34,43,13,28,46,29,14,24,35],"power":[0.002373482409524175,0.0030621812627301816,0.002334189682297129,0.004867458279445136,0.0029751472522270357,0.012417257163528959,0.005982635355099255,0.0050601537601638776,0.034314182017339864,0.005961375422377096,0.004692839145852416,0.0025955638138548324]}
{"id": 9, "drone": 8, "position":(8.333333333333334,33.333333333333336,1.0), "time":869.8539104918663,"sensors":[40,33,22,26,47,43,20,11,4,45,31,35],"power":[0.5038477290910408,0.07198118421471887,0.26109855932971887,0.07271769192712935,0.8202169201966654,0.19411911381631988,0.07445693713182171,2.157040527881595,0.3218281553455319,0.12709170328911043,0.12192093745457729,0.3153932446028352]}
{"id": 10, "drone": 3, "position":(25.0,16.666666666666668,1.0), "time":14.348583006427361,"sensors":[26,0,15,13,30,28,46,29,14,6],"power":[9.265012039873596E-4,0.004107408067578352,0.002400053590185688,0.02787081273069208,0.00203681443597367,0.003647446288648111,0.03341976244666218,0.003063033428422011,0.0032619141976882667,0.003173960062129767]}
{"id": 11, "drone": 3, "position":(41.666666666666664,41.666666666666664,1.0), "time":745.1255140519014,"sensors":[36,44,7,3,37,16,39],"power":[0.22835270892667042,0.212901873267151,0.24584766274427552,0.10999509577905851,0.2559132760467906,0.15,0.2139224196637483]}
{"id": 12, "drone": 7, "position":(41.666666666666664,33.333333333333336,1.0), "time":51.90101325534885,"sensors":[36,44,7,3,49,1,9,24,8,39],"power":[0.02630047487981828,0.02294749952594725,0.0053292473909147065,0.05534075964513386,0.00505918902766135,0.02281485192586577,0.004509910973079179,0.010979066738210051,0.01156470534469902,0.006048530084032434]}
{"id": 13, "drone": 7, "position":(25.0,8.333333333333334,1.0), "time":473.81829399833333,"sensors":[0,15,13,38,30,28,46,18,6],"power":[0.20975856710312543,0.04648440607312731,0.05680594292906953,0.15,0.3405143487379891,0.03468448371416856,0.12589414780959823,0.04610539945659522,0.09005674237176582]}
{"id": 14, "drone": 5, "position":(33.333333333333336,25.0,1.0), "time":38.615225292030104,"sensors":[2,13,1,29,14,24,8],"power":[0.003944047289394585,0.007063448485499778,0.010140090264655092,0.02736086536115708,0.020739385209749696,0.043825330598948484,0.005770757862300745]}
{"id": 15, "drone": 5, "position":(33.333333333333336,33.333333333333336,2.0), "time":144.70184781317857,"sensors":[5,36,3,34,1,29,24,8],"power":[0.02423602422282594,0.009903852756121103,0.012625251173444384,0.016602838244433052,0.02699092411519697,0.020228633154180144,0.07335867707334298,0.010298591189289]}
{"id": 16, "drone": 6, "position":(16.666666666666668,16.666666666666668,1.0), "time":32.4065011565479,"sensors":[26,0,15,13,28,46,6],"power":[0.0113849376779604,0.010954922824871056,0.13668275802597468,0.004794934259701687,0.06827941491243444,0.011819015672011818,0.03795476479742688]}
{"id": 17, "drone": 6, "position":(8.333333333333334,41.666666666666664,1.0), "time":76.71055719637457,"sensors":[40,33,22,32,47,43,20,11,23,4,45,35],"power":[0.009173622465244228,0.037150563505637085,0.006476283001208052,0.03711142533737678,0.014045060720955065,0.008373405353328596,0.06940082624199674,0.015075157155818942,0.007902050605190902,0.114145049687015,0.2504211351797698,0.0068206936158988814]}
