LP RESULTS :
 Obj = 0.1*lambda1+0.9*lambda2 = 130.04636375874125 (lambda1 = 1273.4636375874124, lambda2 = 3.0) Resol time = 99977 ms

{"id": 0, "drone": 1, "position":(33.333333333333336,41.666666666666664,1.0), "time":326.2430123916181,"sensors":[14,40,48,15,9,31,38,2,20],"power":[0.022587955366386723,0.020754905068796983,0.3511048553961528,0.07260401582418399,0.1060877964225997,1.0623483563515952,0.02162751990174759,0.18677016362162424,1.0243720667885237]}
{"id": 1, "drone": 1, "position":(25.0,8.333333333333334,1.0), "time":112.46562177519783,"sensors":[19,47,42,8,10,4,12,45,39,7,43,32,24],"power":[0.008429498302286873,0.31354667795172936,0.036970155637672135,0.009878790090785447,0.009244508459668526,0.018093397688104026,0.009848899937442474,0.03737594873024547,0.030631343023786763,0.01495238607152681,0.00965445475941011,0.03574029864172202,0.013349628275093535]}
{"id": 2, "drone": 1, "position":(41.666666666666664,25.0,1.0), "time":27.488470246732703,"sensors":[37,8,49,1,33,40,41,3,12,7,16,35,38,22,13],"power":[0.004315570713928357,0.002340707432879335,0.0037717984102150397,0.007841577877574607,0.003975511378734604,0.012092109512180042,0.004363769811554518,0.006088342568927939,0.0025716631582989266,0.0018508126051831237,0.06938955126608944,0.002508118254763198,0.010156843823432774,0.009410305353410996,0.020203152299978645]}
{"id": 3, "drone": 6, "position":(41.666666666666664,33.333333333333336,1.0), "time":124.33550301115585,"sensors":[14,33,40,48,3,16,38,13,2,20],"power":[0.034561264712576936,0.07612860763519552,0.24535395094636323,0.01894517335593208,0.011836907911988376,0.016236222464241633,0.3659505607700821,0.013518651694789567,0.009853673165916711,0.01784788505828313]}
{"id": 4, "drone": 6, "position":(16.666666666666668,33.333333333333336,1.0), "time":412.6148592017111,"sensors":[0,34,29,6,11,17,30,23,46],"power":[0.03448726683020472,0.1258992191916904,0.0376564557235508,1.6010961677626028,0.03311464072115,0.03770336115783676,0.04855129558480815,0.05245532686893526,0.03807563415358775]}
{"id": 5, "drone": 6, "position":(16.666666666666668,25.0,1.0), "time":22.859853429487146,"sensors":[29,6,10,5,17,30,23,43],"power":[0.02107881816798052,0.004005412568901704,0.005577150934946695,0.004291700257819282,0.003545685218944197,0.003158770235321323,0.054548749197711556,0.00786273710849572]}
{"id": 6, "drone": 2, "position":(33.333333333333336,41.666666666666664,3.0), "time":52.84053667747526,"sensors":[14,48,15,9,31,2,20],"power":[0.0035716141819873426,0.0348865272853721,0.010183720390876574,0.015024303183724212,0.07017825141867075,0.02241201863165864,0.06740998472257785]}
{"id": 7, "drone": 2, "position":(41.666666666666664,41.666666666666664,1.0), "time":176.34135770936655,"sensors":[14,33,40,48,15,9,31,38,2,20],"power":[0.09240523832094141,0.030908199338859552,0.020030247278144186,0.13471698343834265,0.06721226378493944,0.028887900393676096,0.02402161180046488,0.022870538992803537,0.07861924364241211,0.038545429133167636]}
{"id": 8, "drone": 2, "position":(33.333333333333336,16.666666666666668,1.0), "time":33.51782384290018,"sensors":[47,21,37,8,49,1,36,41,17,3,12,7,16,35,32,22,24,13],"power":[0.004608974763086001,0.0036370670085808616,0.07392061051298886,0.04699415828642778,0.011939030087237117,0.006160322982172722,0.004597384680522443,0.033354136823430476,0.0031840664151753513,0.007476234765616535,0.08520326838756252,0.15570598003371597,0.003965372566603234,0.0034477332181779984,0.009160357100102838,0.0030040130182442033,0.0026351275189277624,0.008657570552914879]}
{"id": 9, "drone": 3, "position":(41.666666666666664,25.0,4.0), "time":2.186941201560203,"sensors":[37,8,49,1,33,40,41,3,12,16,35,38,22,13],"power":[2.785226352876979E-4,1.600981208034617E-4,2.5643984080169396E-4,5.03381180524163E-4,2.657368383386989E-4,6.565239477857348E-4,2.8632853472592844E-4,3.903894697893712E-4,1.8125467647519552E-4,0.0015795283137658978,1.6949635655146925E-4,6.036543179299707E-4,5.814875070709346E-4,8.484779109599432E-4]}
{"id": 10, "drone": 3, "position":(8.333333333333334,8.333333333333334,1.0), "time":579.7057116256137,"sensors":[19,42,10,5,26,4,28,45],"power":[0.33684420083580735,0.05265861738090106,0.053010857851757465,0.08929228766148274,0.4835543446117428,0.15311579651607432,0.15,0.07220064370723449]}
{"id": 11, "drone": 3, "position":(16.666666666666668,8.333333333333334,1.0), "time":435.1897446445406,"sensors":[19,47,29,42,10,5,26,4,45,39,43,32],"power":[0.26369844408047544,0.05510960740962586,0.02902976077544144,0.2599240930591032,0.08225681104447315,0.08412772605646786,0.03523908652643494,1.2536334305565988,0.7701004629549645,0.037418402317433555,0.04151442163605524,0.04289543490763777]}
{"id": 12, "drone": 0, "position":(16.666666666666668,16.666666666666668,1.0), "time":121.05576491101294,"sensors":[19,29,42,10,5,4,45,23,43,32],"power":[0.03573634232004961,0.06817473749248003,0.009319753631087002,1.186590938721682,0.21778764561054997,0.016415563425665174,0.015424708368996797,0.04241052524299645,0.09036669694657495,0.018778221034962343]}
{"id": 13, "drone": 0, "position":(41.666666666666664,8.333333333333334,1.0), "time":380.2906712647539,"sensors":[21,37,1,36,41,25,12,7,18,35,22,24],"power":[1.3956461666681619,0.052331478487163664,0.06249418988595788,1.7285874745174339,0.07023447084663549,0.09455361707815847,0.06520119844135916,0.044199977658471806,0.10272506762370487,0.15815415552349749,0.03487469773033037,0.09406530410401782]}
{"id": 14, "drone": 0, "position":(41.666666666666664,16.666666666666668,1.0), "time":148.4663680440668,"sensors":[21,37,8,49,1,36,41,3,12,7,16,35,22,13],"power":[0.047657099234910114,0.06569090115269907,0.017309022457338515,0.015199282833942755,0.7237453884923318,0.043820057063336235,0.11945902383615196,0.014164047942110647,0.04775831057502862,0.028935063894572007,0.05488517983633682,0.11804873955017878,0.10047350748173459,0.04083739699812956]}
{"id": 15, "drone": 4, "position":(25.0,25.0,1.0), "time":2.1869412016301424,"sensors":[29,6,8,49,10,17,3,23,7,43,32,13],"power":[2.711575728912697E-4,2.2583183230604243E-4,4.870610730844276E-4,6.363878601151212E-4,2.206499916054847E-4,0.008213793492378961,4.7417740057369373E-4,5.85398690375364E-4,1.6740491289464617E-4,6.016895494833372E-4,3.149501973738837E-4,1.6599690303157472E-4]}
{"id": 16, "drone": 4, "position":(8.333333333333334,41.666666666666664,1.0), "time":744.4259973911338,"sensors":[0,34,27,6,11,30,46,44],"power":[3.151787135737471,0.19123072279896208,0.28602323330492874,0.06516168624237524,0.633106418895082,0.049676604219863404,1.4797764043107173,0.14999999999999997]}
{"id": 17, "drone": 4, "position":(33.333333333333336,25.0,1.0), "time":23.165125229247035,"sensors":[37,8,49,1,40,41,17,3,12,7,16,38,32,22,13],"power":[0.004976068955059516,0.00791406462853797,0.04476839097425504,0.0023489430315296166,0.003859414030588794,0.0038464734574232802,0.006728598716280194,0.23165125229247036,0.0034472553602558297,0.003583025170782337,0.003944145552966126,0.0033058024573064124,0.0019517298520103207,0.0016559889092075772,0.01394439149457442]}
{"id": 18, "drone": 5, "position":(8.333333333333334,33.333333333333336,1.0), "time":91.3759863635202,"sensors":[0,34,27,6,11,30,46],"power":[0.022478162607262375,0.013592779520331083,0.015505616266700366,0.013959913742164914,0.009455160706528309,0.04861332996000711,0.012473506166934904]}
{"id": 19, "drone": 5, "position":(33.333333333333336,33.333333333333336,1.0), "time":593.7032277977968,"sensors":[49,33,40,48,17,3,31,38,13,2,20],"power":[0.07342866999355542,0.03872194480887162,0.13610594741667698,0.09761377105429,0.09062449499965988,0.12772265527379995,0.10649966981532837,0.1271625117122352,0.06312442503360711,0.05031589744957667,0.21188296523734446]}
{"id": 20, "drone": 5, "position":(33.333333333333336,8.333333333333334,1.0), "time":545.8826159829514,"sensors":[47,21,37,8,1,36,41,25,12,39,7,18,35,32,24],"power":[0.2058125333611635,0.096898116636891,0.10030491728052852,0.06491609791008673,0.036168098436939265,0.13921199158075906,0.10387407815650992,0.055446382921841515,0.15851346041606018,0.08195025465877963,0.1674599751410589,0.09732201143916172,0.04758382726052659,0.08694222238291048,0.43628763791373343]}
