LP RESULTS :
 Obj = 0.1*lambda1+0.9*lambda2 = 126.1386788579739 (lambda1 = 1243.386788579739, lambda2 = 2.0) Resol time = 1026 ms

{"id": 0, "drone": 3, "position":(41.666666666666664,8.333333333333334,4.0), "time":385.077499806235,"sensors":[26,29,41,23,5,32],"power":[0.02598943293813743,0.08953015316733948,0.21205077450057852,0.22514691092658914,0.09797915151752647,0.11755850893989703]}
{"id": 1, "drone": 3, "position":(25.0,25.0,1.0), "time":359.0727661559487,"sensors":[0,13,20,8,22,44,18,24,7,34,46,19,30],"power":[0.023564392793895286,0.07879486586199236,0.11724257587441642,0.031237223447351137,0.15307505970580754,0.027601051700026864,0.03830106115551765,0.03307194935463564,0.04600460330152302,0.5271935948826683,0.02807542872035762,0.15379711481809133,0.07268676705748596]}
{"id": 2, "drone": 6, "position":(8.333333333333334,8.333333333333334,1.0), "time":801.6964355797287,"sensors":[25,15,40,27,36,35,43,47,1,12,16],"power":[0.05514643897398973,0.8350606108604459,0.22661697724685856,0.05822531997154313,0.4007759936186887,0.2163859908675261,0.6089849519763991,0.3946319307674608,0.17768918427850341,0.279992543345012,0.14324641556667128]}
{"id": 3, "drone": 6, "position":(41.666666666666664,25.0,1.0), "time":378.60866811311007,"sensors":[0,22,45,18,24,5,14,30],"power":[0.5410320521935759,0.03643810625160926,0.034026059964809945,0.1710331188019632,0.19040538872624346,0.05410173829829765,0.17211561539348685,0.07731323294251403]}
{"id": 4, "drone": 4, "position":(25.0,8.333333333333334,4.0), "time":89.47481934982534,"sensors":[20,8,26,27,29,44,35,46],"power":[0.011163763985682447,0.01875326771561116,0.011494789622419406,0.012536705143517462,0.012181835809684174,0.02831412666909885,0.007043130159816688,0.037263587807403215]}
{"id": 5, "drone": 4, "position":(8.333333333333334,41.666666666666664,1.0), "time":671.4612569667114,"sensors":[39,48,4,33,6,38,3],"power":[0.11295138976706752,0.1263010288987692,0.042374987411625,0.15985871815869857,0.10461672051287679,0.5005780827935894,0.1345470837473469]}
{"id": 6, "drone": 0, "position":(8.333333333333334,16.666666666666668,1.0), "time":37.07695123661415,"sensors":[2,25,15,31,40,36,35,43,47,37,19,12,16],"power":[0.00888215279586931,0.021264586141831618,0.008491258957386765,0.005543989918120248,0.016591260361608143,0.002368427796636424,0.01135583170924911,0.002964488504765041,0.013220428680348825,0.012259981829488951,0.0025974556018646183,0.07571730166030188,0.006753584433328714]}
{"id": 7, "drone": 0, "position":(8.333333333333334,33.333333333333336,1.0), "time":315.13858241357076,"sensors":[39,13,2,25,31,33,6,37,38,3],"power":[0.17475754946684918,0.04126233156525276,0.059559857256153814,0.02653442967314949,0.07469090493691875,0.16985112612222217,0.09846911188497645,0.04539798437715968,0.02321975231121343,0.18250223572011803]}
{"id": 8, "drone": 5, "position":(33.333333333333336,8.333333333333334,1.0), "time":479.70062066039395,"sensors":[20,8,26,29,44,41,23,5,46,32],"power":[0.03668202748391479,0.15719161143181481,0.11849000977045011,2.3125448910139106,0.15438127587946981,0.06776320637547167,0.26374185023528074,0.04851213060563652,0.06849341506159637,0.03244149106010298]}
{"id": 9, "drone": 5, "position":(16.666666666666668,41.666666666666664,4.0), "time":256.7869491994569,"sensors":[13,10,17,48,4,38],"power":[0.02019315160589699,0.024358563322999814,0.04361331281399867,0.048779218458549996,0.06436359589733685,0.029021981766886366]}
{"id": 10, "drone": 2, "position":(16.666666666666668,8.333333333333334,1.0), "time":315.1385824135708,"sensors":[20,15,40,27,36,44,35,43,47,46,12],"power":[0.021669734248054698,0.21123149370230815,0.10672199913165319,0.0792379748849394,0.03973466399268743,0.026048583175312258,0.15866343033871602,0.08209275182697331,0.13988397840886102,0.06707474129736352,0.030911954803691716]}
{"id": 11, "drone": 2, "position":(25.0,41.666666666666664,2.0), "time":514.3037934526653,"sensors":[10,17,4,7],"power":[0.4989295117399004,0.10638668718600132,0.1514881413492599,0.14212807189203125]}
{"id": 12, "drone": 1, "position":(8.333333333333334,25.0,3.0), "time":89.47481934982534,"sensors":[39,13,2,25,31,40,34,33,6,37,19,3,12],"power":[0.012046271557374932,0.009749650966857867,0.1488449282313697,0.047054545211029114,0.06976510514496098,0.007371185465524075,0.005783525416031739,0.008875943208291522,0.008635380524219813,0.12681484460491801,0.00788363910671178,0.010663241723964283,0.010392736118615098]}
{"id": 13, "drone": 1, "position":(41.666666666666664,41.666666666666664,1.0), "time":802.5082118472689,"sensors":[21,49,11,42,45,28,14,9],"power":[0.16998710686329457,0.15,0.16702920648391564,0.6594515436653603,0.5546697028759161,0.28724412295586715,0.0756129338061414,0.24549782240806187]}
