LP RESULTS :
 Obj = 0.1*lambda1+0.9*lambda2 = 136.94303620017303 (lambda1 = 1342.4303620017304, lambda2 = 3.0) Resol time = 759409 ms

{"id": 0, "drone": 4, "position":(25.0,41.666666666666664,5.0), "time":268.82220901096343,"sensors":[15,27,20,37,9,29,21,30,1,0,7,11,34],"power":[0.06337406969924154,0.05074606046285551,0.12742450425098684,0.024693592048326152,0.02148036770204041,0.03193963090043619,0.026939789729447917,0.03966772208534874,0.02629095809117286,0.023814402192340864,0.031037848733507466,0.0912903774715078,0.09860408148907965]}
{"id": 1, "drone": 4, "position":(8.333333333333334,33.333333333333336,1.0), "time":181.73931325251732,"sensors":[16,22,49,42,29,14,40,21,39,1,0,13],"power":[0.038648833437893125,0.05182264934789142,0.025706639194190705,0.043662778125975965,0.014042291909720225,0.10710931714570679,0.022703971001052287,0.01572633075901491,0.01564034715324882,0.03402833831104449,0.042670797069774016,0.18076294035275417]}
{"id": 2, "drone": 4, "position":(8.333333333333334,16.666666666666668,2.0), "time":207.58124939811853,"sensors":[6,16,17,32,40,39,47,19],"power":[0.06054658871756142,0.013394393621005283,0.025667926140406028,0.020776267928758755,0.02068268852147972,0.05098382687391609,0.06334234658966649,0.037596285936734475]}
{"id": 3, "drone": 6, "position":(16.666666666666668,8.333333333333334,1.0), "time":508.18429549220014,"sensors":[17,32,8,12,2,47,19],"power":[1.1947961954782138,5.081842954922002,0.12487969068483878,0.2623443173449221,0.11268577811342471,0.10504292707906908,0.11727287494764514]}
{"id": 4, "drone": 6, "position":(41.666666666666664,8.333333333333334,1.0), "time":565.3371830971769,"sensors":[3,31,41,25,23,33,36,18,38,35],"power":[0.058846751095850164,0.13241283679531296,0.04266460921552844,2.576973417288167,0.22819537701790749,0.09265577961446772,0.04641377928032834,0.05162063662767579,0.5010170697723818,0.1257990681175188]}
{"id": 5, "drone": 6, "position":(8.333333333333334,41.666666666666664,1.0), "time":268.90888341235336,"sensors":[22,49,46,42,29,14,21,1,0,13],"power":[0.08355664277232502,0.917669798469904,0.06343574095004938,0.030576988725880265,0.07105560478868328,0.3893836225301067,0.08506154459239455,0.09784866180304448,0.03761893738798183,0.02509196584702008]}
{"id": 6, "drone": 1, "position":(41.666666666666664,16.666666666666668,1.0), "time":208.41292083354318,"sensors":[3,5,24,25,28,36,38],"power":[0.057246634571066456,0.036284548179148564,0.06302961801835791,0.031532399782254514,0.020247129229510323,0.030706223159007666,0.10470017184110783]}
{"id": 7, "drone": 1, "position":(33.333333333333336,8.333333333333334,1.0), "time":278.24703899898594,"sensors":[31,41,8,25,23,33,36,18,38,35],"power":[0.027273557536110975,0.10733539078447145,0.02512030931516118,0.05368861761569534,0.055346571000306315,0.2658079989971019,0.07578219824173502,0.22651078499707236,0.030506375063302872,0.024200931882480854]}
{"id": 8, "drone": 0, "position":(41.666666666666664,41.666666666666664,1.0), "time":542.7770942104418,"sensors":[15,26,10,37,48,43,45,7,4,44],"power":[0.039360803569340554,0.2567112128892837,0.05538140824042272,0.0634129285554351,0.1378501974406549,0.9123296406369769,0.1343426625707517,0.16938332242765775,0.30839579604736106,0.4608701676253138]}
{"id": 9, "drone": 0, "position":(41.666666666666664,25.0,1.0), "time":268.8222090109632,"sensors":[3,5,10,24,28,45,38],"power":[0.033906614333083195,0.06934227619241214,0.041566178545786335,0.6007039847742102,0.07986973059317737,0.023607261458360028,0.017072949258139014]}
{"id": 10, "drone": 2, "position":(25.0,25.0,2.0), "time":290.43321907202335,"sensors":[16,5,9,28,30,36],"power":[0.03646459327285622,0.0437528143188708,0.09397776657197632,0.04305558871483263,0.06263889652508346,0.031171125023719777]}
{"id": 11, "drone": 2, "position":(8.333333333333334,8.333333333333334,1.0), "time":404.29324024514534,"sensors":[6,17,32,12,2,47,19],"power":[0.08945341128243882,0.16488711788532578,0.0897731896418521,0.05543741504594482,0.062140047497098234,1.6948822471817102,3.2944717989464194]}
{"id": 12, "drone": 3, "position":(16.666666666666668,41.666666666666664,1.0), "time":393.85437126810785,"sensors":[27,49,20,46,9,29,14,21,30,1,0,11,34],"power":[0.02515058294533126,0.08174993873199501,0.06378298481994517,0.03251813621640603,0.03454186572598327,1.0051434927342875,0.0738892501032996,0.7672434802084949,0.02824095925269394,0.7878254335234758,0.12197804567061786,0.04018114979965506,0.1448262838760922]}
{"id": 13, "drone": 3, "position":(8.333333333333334,25.0,5.0), "time":662.6765802790711,"sensors":[16,42,40,39,13],"power":[0.12710508352631608,0.049709182686542,0.12579145226023553,0.16906923489584103,0.17885679604278176]}
{"id": 14, "drone": 5, "position":(33.333333333333336,41.666666666666664,1.0), "time":356.1777173267285,"sensors":[15,27,26,20,37,43,45,30,7,4,11,34,44],"power":[0.14929804394375779,0.07410335659181322,0.02579319781246656,0.08892980679991921,0.10211198484629595,0.1573087497560376,0.12355862310201632,0.040227942758996195,1.6210628992570706,0.02615271118738289,0.12138004813394584,0.03764162080711635,0.07422747123079615]}
{"id": 15, "drone": 5, "position":(8.333333333333334,41.666666666666664,1.0), "time":229.1055850577884,"sensors":[22,49,46,42,29,14,21,1,0,13],"power":[0.07118877325619333,0.7818383439044536,0.05404612283354458,0.026051050461601746,0.06053811127460293,0.3317479196657247,0.07247092283625335,0.08336531923020263,0.03205066545276486,0.021377908541668846]}
{"id": 16, "drone": 5, "position":(41.666666666666664,33.333333333333336,1.0), "time":174.6533414535969,"sensors":[5,26,10,24,48,43,28,45,7,4,44],"power":[0.012939489547046892,0.013247498678624224,0.05305241321379088,0.024369256950831003,0.01214980255934506,0.02567535646165452,0.026189033188509212,0.06798551332622173,0.021169259781886884,0.01669298604741613,0.014438667184418115]}
