LP RESULTS :
 Obj = 0.1*lambda1+0.9*lambda2 = 121.66300193654227 (lambda1 = 1189.6300193654226, lambda2 = 3.0) Resol time = 36592 ms

{"id": 0, "drone": 3, "position":(25.0,25.0,5.0), "time":324.4032120473265,"sensors":[9,34,24,16,5,8,26,36,15,37,46],"power":[0.05309229885134437,0.029811136201845962,0.02377257296148056,0.17183966426946934,0.04280840989634334,0.06549345948350371,0.024995712407690353,0.03810814651177501,0.041033260071754486,0.0665734861873119,0.07210866146374897]}
{"id": 1, "drone": 3, "position":(33.333333333333336,41.666666666666664,1.0), "time":131.69735589758363,"sensors":[44,9,32,20,34,6,47,10,31,25,8,26],"power":[0.06548913990569309,0.01695130135833899,0.03104801058216671,0.013850737930242635,0.009442496438529306,0.017607215882428463,0.03881600030102548,0.013356835130127594,0.0407454598286136,0.08499057522831223,0.013249207575292306,0.01666473039152088]}
{"id": 2, "drone": 3, "position":(8.333333333333334,25.0,1.0), "time":324.4032120473265,"sensors":[23,29,22,48,15,46,19],"power":[0.04958264692329433,0.1486294852309572,0.05397523996697693,0.18415607368765005,0.02129869695525162,0.03140548863050509,0.11266287659146179]}
{"id": 3, "drone": 6, "position":(25.0,25.0,1.0), "time":71.32231086641559,"sensors":[9,34,24,16,22,5,8,26,36,15,37,46],"power":[0.015789550375240328,0.008916589343933627,0.006337709385157745,0.28860738571770406,0.005104501415575521,0.012599539686994543,0.02098575433586392,0.006930691626189174,0.011701180167863355,0.012027141428077207,0.020366001436750283,0.0229494097164018]}
{"id": 4, "drone": 6, "position":(16.666666666666668,8.333333333333334,1.0), "time":71.6179213172592,"sensors":[2,40,21,24,22,15],"power":[0.08984489310128725,0.016876048191135067,0.11075617965425597,0.022758928013394762,0.012141901797203411,0.012028503553444507]}
{"id": 5, "drone": 6, "position":(8.333333333333334,16.666666666666668,1.0), "time":185.60562132882788,"sensors":[40,24,29,22,48,15,19],"power":[0.056053732164216906,0.02456648206199821,0.017011683412404142,0.0700467481481744,0.014964871131635122,0.021420531745581537,0.03733712340853816]}
{"id": 6, "drone": 0, "position":(33.333333333333336,16.666666666666668,1.0), "time":133.39712501711494,"sensors":[17,16,28,1,5,0,43,35,36,37],"power":[0.018280500937527717,0.015511669768050624,0.09307327861753954,0.021759614267544608,0.08084728074174082,0.023530414270606162,0.03383023356165315,0.10659264666425296,0.1343252002691616,0.048687164940284126]}
{"id": 7, "drone": 0, "position":(25.0,41.666666666666664,1.0), "time":324.4032120473265,"sensors":[44,9,20,34,6,10,31,25,8,41,26,45,49],"power":[0.04959937400313535,0.061506901256289166,0.28793398020266586,0.09352953586739367,0.4804047479786917,0.35136126241362453,0.10925454017138639,0.06826263598280458,0.042424413093375364,0.021484841205388395,0.18151462983247532,0.03963830504363194,0.02710597723854222]}
{"id": 8, "drone": 0, "position":(41.666666666666664,25.0,1.0), "time":533.2451899323379,"sensors":[42,17,5,43,36,12],"power":[0.16539445586986973,0.07184630900477293,0.10300067121742194,0.10879965579129333,0.10135305854126948,0.05994335717794634]}
{"id": 9, "drone": 2, "position":(8.333333333333334,8.333333333333334,1.0), "time":516.4026098778936,"sensors":[2,40,21,24,39,22],"power":[0.048324201230840254,2.3132660663709133,0.052330981199641566,0.04582047357273078,0.14999999999999997,0.06042893237370067]}
{"id": 10, "drone": 2, "position":(25.0,33.333333333333336,1.0), "time":77.14462198742774,"sensors":[44,9,20,34,6,10,16,8,26,46],"power":[0.014593215870691465,0.22091649907775157,0.00738304745433364,0.08825231245756354,0.008924513931322275,0.008718608702401447,0.019029297175894636,0.11322955512722202,0.10508635450296855,0.021898602154096444]}
{"id": 11, "drone": 2, "position":(33.333333333333336,8.333333333333334,1.0), "time":118.96921052789139,"sensors":[2,7,17,21,18,28,1,13,5,0,43,35,36,27,37,38],"power":[0.008312708751468459,0.009802873130160464,0.010362591379482988,0.007634514030822628,0.025592053973042605,0.10088499690018393,0.6098926914953562,0.02257723543797459,0.008077232193008306,0.04241267651510254,0.013416185747841959,0.07706555111412496,0.010156222475694643,0.011216933319886538,0.011871500917626255,0.009209931752566035]}
{"id": 12, "drone": 4, "position":(16.666666666666668,16.666666666666668,1.0), "time":20.278343927699808,"sensors":[2,40,21,24,22,48,15,37,46],"power":[0.003518196916404047,0.0027800306863180213,0.003758535422141713,0.04289269640294931,0.04970986311927702,0.0014073751703103433,0.04219186624589062,0.002501846518027442,0.0016378380352474987]}
{"id": 13, "drone": 4, "position":(41.666666666666664,8.333333333333334,1.0), "time":404.01849388807847,"sensors":[7,17,18,11,28,1,13,0,43,35,27,38],"power":[0.2970768127305863,0.12438248469828758,0.33787912049368984,0.15,0.05105877251236807,0.09619360241014123,0.24898418334540035,0.909232207259659,0.08993920846390854,0.04527428218199973,0.32865280289865995,0.1515956242697528]}
{"id": 14, "drone": 1, "position":(41.666666666666664,41.666666666666664,1.0), "time":482.21487672445494,"sensors":[44,32,47,14,25,30,12],"power":[0.07318728086966515,0.1324966853625148,0.5552937046387288,0.11604138802612574,0.06397453565045284,0.17160190064397798,0.047959498547373976]}
{"id": 15, "drone": 1, "position":(41.666666666666664,33.333333333333336,1.0), "time":174.1699527086298,"sensors":[44,47,14,30,12],"power":[0.03496491700683635,0.017872930283729774,0.033958611973874245,0.022181216318883472,0.04209714427467968]}
{"id": 16, "drone": 5, "position":(8.333333333333334,41.666666666666664,1.0), "time":865.2268073180961,"sensors":[23,3,33,4,41,45,49],"power":[0.25721860968587995,0.17918902475995244,0.15,3.925162676184867,0.14363121700685322,0.18912228724717606,0.16437091182258887]}
