LP RESULTS :
 Obj = 0.1*lambda1+0.9*lambda2 = 151.3755525301662 (lambda1 = 1495.755525301662, lambda2 = 2.0) Resol time = 178 ms

{"id": 0, "drone": 3, "position":(41.666666666666664,8.333333333333334,1.0), "time":487.5692136182323,"sensors":[45,30,44,41,16,23,25,1,31,20,21,26],"power":[0.16594815688157813,0.7064425086306424,4.875692136182323,0.05573155977146892,0.05500194794542811,0.04090730493008817,0.03461762226874796,0.17271746418824033,0.06090706255415601,1.057140407464,0.12207350186956964,0.15]}
{"id": 1, "drone": 3, "position":(8.333333333333334,33.333333333333336,1.0), "time":12.975772359117627,"sensors":[19,3,17,15,39,6,33,5,28,32,42],"power":[0.0046138710342454635,0.018869861005225752,0.0026741734628618966,0.0020131454871836186,0.12806671501553596,0.0012870938808991284,0.002083138137790105,0.0012615019339396027,0.005413231967527325,0.0016087837249534795,0.001731330632214142]}
{"id": 2, "drone": 6, "position":(8.333333333333334,25.0,1.0), "time":778.7623868984938,"sensors":[3,15,39,11,35,5,12,28,24,42],"power":[0.2608107897107562,0.1479868545128164,0.14787305890109126,0.11895909721341151,0.15049019909064798,0.19297636406039445,0.09576528756940861,0.08559066876169305,0.30981164473412404,1.8321687680532415]}
{"id": 3, "drone": 6, "position":(41.666666666666664,25.0,1.0), "time":254.97556153364852,"sensors":[14,8,16,43,23,25,1,38,37,31],"power":[0.05295195700501618,0.5655740685487074,0.09933176638911563,0.027829147216182966,0.03369214411102846,0.12990763519023302,0.03395436439057949,0.15,0.18417421457863067,0.023745863482810773]}
{"id": 4, "drone": 1, "position":(25.0,25.0,5.0), "time":364.447335328167,"sensors":[10,9,46,11,23,27,13,18,5,34],"power":[0.156186952269135,0.15,0.03264569142604012,0.07033156861470664,0.029333502273729734,0.1908034765843212,0.053803876572503746,0.057661106090647785,0.05243618711372803,0.08322511485811428]}
{"id": 5, "drone": 1, "position":(8.333333333333334,8.333333333333334,1.0), "time":447.3131499996005,"sensors":[48,2,0,49,22,35,40,12,24],"power":[0.18502283033755532,0.2870479459384911,0.15000000000000002,0.14563194239012306,0.0839680140457081,0.10264269282185602,0.15225788269866306,0.05411420983824287,0.05587610207079845]}
{"id": 6, "drone": 2, "position":(8.333333333333334,41.666666666666664,1.0), "time":704.0173660440506,"sensors":[19,3,17,39,6,33,28,32,47],"power":[0.992272080961958,0.08248930884517877,0.1079456229649538,0.17559138589114753,0.14688899874165792,0.1869679467456979,0.13170771773012968,0.16253972681201392,0.15]}
{"id": 7, "drone": 5, "position":(25.0,41.666666666666664,1.0), "time":778.7623868984937,"sensors":[36,17,46,6,18,33,32],"power":[4.983823494316294,0.10878104339930472,0.3230887705464921,0.1734459155928182,0.17649160060236688,0.12525423561747348,0.15508137807675768]}
{"id": 8, "drone": 5, "position":(16.666666666666668,8.333333333333334,1.0), "time":269.6799884035677,"sensors":[48,2,49,22,7,35,40,12,24],"power":[0.161791436650289,0.02695942385065277,0.03810327999375667,0.0660319859542919,0.05541719244505263,0.034744441972733756,0.09303708362958887,0.0554006377982097,0.018825371743219552]}
{"id": 9, "drone": 0, "position":(33.333333333333336,16.666666666666668,1.0), "time":388.763414821614,"sensors":[10,8,30,44,41,16,7,23,25,1,27,37,13,34,31,20,21],"power":[0.026905682281795563,0.07118780081151285,0.047933267259476234,0.0343794192737067,0.23104937318742963,0.11668938266366351,0.03185089180752887,2.002664958043204,0.03229232286977084,0.09868186851299679,0.02555014128845619,0.10868004289389818,0.24146890030114843,0.15114187261370268,2.476738833616125,0.06569290999316935,0.2945655277787873]}
{"id": 10, "drone": 0, "position":(25.0,8.333333333333334,5.0), "time":108.4218544854743,"sensors":[48,41,7,13,34,31,21],"power":[0.007180510844710402,0.021197009190043022,0.06273191574741852,0.015365515691442518,0.008989958019615489,0.008347355869336234,0.00972353338993232]}
{"id": 11, "drone": 4, "position":(33.333333333333336,41.666666666666664,1.0), "time":330.2555589775387,"sensors":[14,36,4,46,43,18],"power":[0.04731166396798665,0.05689987615213636,0.06566813831648162,0.061363538204438836,0.03738865544941664,0.033844266607034976]}
{"id": 12, "drone": 4, "position":(41.666666666666664,41.666666666666664,5.0), "time":910.5244047904747,"sensors":[14,4,43,29],"power":[0.09167979754285281,0.10470071555536799,0.24044253808419652,0.15]}
