LP RESULTS :
 Obj = 0.1*lambda1+0.9*lambda2 = 129.7358127123817 (lambda1 = 1279.3581271238168, lambda2 = 2.0) Resol time = 301 ms

{"id": 0, "drone": 1, "position":(25.0,41.666666666666664,1.0), "time":184.03663384575384,"sensors":[43,18,1,7,28,10,16,39,49,30,25],"power":[0.016112535357984552,0.015300811169174658,0.0349639468787939,0.014112219272010423,0.05094832887309433,0.11288598124404757,0.03855284088176593,0.5142110327082969,0.030894369687013926,0.18378758745505713,0.03761470791550795]}
{"id": 1, "drone": 1, "position":(41.666666666666664,33.333333333333336,1.0), "time":859.7572792761011,"sensors":[40,35,43,18,37,9,21,1,7,8,22,12,41,24,25],"power":[0.5506151693920865,0.29088958321506153,0.2654485919675626,0.11835771791643605,0.18425682104480687,0.07743827750794391,0.8267377778274679,0.10548344672999284,0.0885268063311423,0.09036019092786057,0.10508288640772442,1.0209504841862924,0.10320809869900349,0.1143571661854984,0.08479177510715834]}
{"id": 2, "drone": 2, "position":(25.0,33.333333333333336,1.0), "time":91.36047364102313,"sensors":[43,18,1,7,28,10,16,39,12,49,48,24,30,25],"power":[0.00770062660636636,0.027181317339405143,0.009603710931516563,0.031626493283184995,0.12535770065352808,0.026412421308165283,0.0414848505544012,0.011557638681303098,0.006551898212056768,0.39700525413758747,0.01078698703543957,0.01601947358369664,0.010390278348860497,0.008190014926744673]}
{"id": 3, "drone": 2, "position":(8.333333333333334,25.0,1.0), "time":444.0514015102036,"sensors":[29,46,27,38,47,19,42,17,45,5],"power":[0.15756799238741834,0.02915561589114139,0.06521746858372121,0.051655271958636555,0.059569119719925186,0.08756477350877971,2.3253330385316544,0.11970303924097175,0.07709692009139818,0.10068018708679696]}
{"id": 4, "drone": 5, "position":(8.333333333333334,16.666666666666668,1.0), "time":326.367189410762,"sensors":[27,38,47,19,4,42,20,45,5,26],"power":[0.818555523699902,0.04312998796559246,0.9595129029388832,0.062435226491220304,0.036800491300110025,0.09452276734292331,0.05400025165263519,0.06934890214819746,0.07219608698949888,0.07559830659405677]}
{"id": 5, "drone": 5, "position":(8.333333333333334,8.333333333333334,1.0), "time":508.939536202851,"sensors":[27,47,4,20,26,6],"power":[0.1489890074155713,0.18619637512023737,0.19401772299677836,0.1426494829450717,0.15243850957088176,0.15]}
{"id": 6, "drone": 0, "position":(25.0,25.0,3.0), "time":144.20374036093878,"sensors":[14,18,3,23,38,7,28,16,49,48,24,45,5],"power":[0.02220465402103891,0.02403662007655311,0.015175376484690552,0.03530283983253865,0.02923185897625339,0.03196519817062713,0.017202288550931796,0.014220009832445875,0.034793093963744054,0.1319386718520623,0.029156517671860317,0.01853783329985307,0.018121119829083657]}
{"id": 7, "drone": 0, "position":(25.0,8.333333333333334,1.0), "time":26.42312039209869,"sensors":[14,3,23,36,13,11,2],"power":[0.007284928700846871,0.008198725153170758,0.0046274469261590595,0.1299552158362408,0.0018176132625687441,0.00237670760788546,0.002381401686909747]}
{"id": 8, "drone": 6, "position":(25.0,16.666666666666668,1.0), "time":125.51472921495917,"sensors":[14,3,23,38,36,48,45,5,2],"power":[0.6306486201235514,0.12662589836213867,0.8153932501565152,0.03139997514402392,0.020044784163759183,0.04610344729107074,0.021281203137300364,0.016379072036389736,0.018599418212952544]}
{"id": 9, "drone": 4, "position":(41.666666666666664,8.333333333333334,3.0), "time":853.5102765078925,"sensors":[0,13,34,32,11,33,2],"power":[0.07513221314999577,0.24971695024625903,0.15,0.14355602696696468,0.2206144227263514,0.11472170835926032,0.12338245604168782]}
{"id": 10, "drone": 4, "position":(41.666666666666664,16.666666666666668,1.0), "time":273.91000100886646,"sensors":[0,9,41,32,33,2],"power":[0.07486778685000423,0.14651058761410235,0.11480097633888811,0.04866632378610246,0.6704237966706655,0.08228807056101436]}
{"id": 11, "drone": 3, "position":(41.666666666666664,41.666666666666664,1.0), "time":144.20374036093858,"sensors":[40,35,43,21,1,8,22,10,12,25],"power":[0.017132476544140473,0.010612936126707492,0.0470217052220924,0.07014359216755438,0.034305341595107,0.10701274675803855,0.3610418198296073,0.010701597447787137,0.027675575565151555,0.03413081581316624]}
{"id": 12, "drone": 3, "position":(8.333333333333334,41.666666666666664,1.0), "time":835.3067256136131,"sensors":[29,46,44,16,15,31,17],"power":[0.11227375216534616,1.0828730829545,3.502949829308207,0.05574229873138701,1.1567514742897187,0.15,0.0828333207698767]}
