LP RESULTS :
 Obj = 0.1*lambda1+0.9*lambda2 = 154.99365584410972 (lambda1 = 1522.9365584410973, lambda2 = 3.0) Resol time = 72691 ms

{"id": 0, "drone": 0, "position":(25.0,8.333333333333334,1.0), "time":500.3721665819073,"sensors":[7,13,10,2,9,20,47,22,27],"power":[0.03611184912515433,0.08403744805598104,0.032100406160465576,0.11620373092375237,0.03438958841466267,0.03667591502335236,0.23028653219272685,0.13762004157473945,0.11693104705871454]}
{"id": 1, "drone": 0, "position":(25.0,33.333333333333336,1.0), "time":18.83283214221869,"sensors":[38,19,34,20,0,30,29,6],"power":[0.0040606930176586955,0.003918200587086042,0.0018376889966772577,0.0013159171992371246,0.018126282012740188,0.004297822620227108,0.001301414293358153,0.004626693475218482]}
{"id": 2, "drone": 0, "position":(8.333333333333334,25.0,1.0), "time":557.9052564641197,"sensors":[7,26,23,8,19,46,34,44,30,14,48,45,11,5,35,12],"power":[0.05842458360944322,0.3071727338095978,0.19064460269799063,0.03596338020666696,0.06596476681182821,5.579052564641197,0.07439750157120502,0.03529606998949133,0.058004625906933414,0.10906799542676325,0.08098280784043238,0.08430553422508318,0.6837152257914695,0.8850973966200149,0.12941252179967858,0.2001279743462486]}
{"id": 3, "drone": 1, "position":(8.333333333333334,8.333333333333334,1.0), "time":603.638259052772,"sensors":[18,10,43,44,9,28,48,21,32,11,27],"power":[0.1285499987416889,0.6459913795727767,0.33327412258944744,0.8391896667932169,0.4246669212571156,6.036382590527721,0.08325067806428542,0.17796169300072223,0.14999999999999997,0.04283227843328073,0.12091947119885992]}
{"id": 4, "drone": 1, "position":(16.666666666666668,41.666666666666664,1.0), "time":59.421146456492295,"sensors":[38,8,41,0,30,29,45,6,33],"power":[0.019973260064788924,0.011333169807661784,0.021374542530806336,0.014668455338214434,0.010959762063620688,0.05117000510258956,0.004033870952268706,0.03776491103561727,0.019348638477487193]}
{"id": 5, "drone": 1, "position":(8.333333333333334,41.666666666666664,1.0), "time":226.0226880717316,"sensors":[23,8,40,41,42,30,14,29,45,6,33],"power":[0.02132428538761688,0.3463376098978414,0.05737669997106209,0.04880202881545316,0.09039190611591615,0.01783827419667039,0.04371417413110381,0.10502263935145872,0.05664739874993732,0.015958076840617706,0.8284919075282936]}
{"id": 6, "drone": 5, "position":(41.666666666666664,25.0,1.0), "time":212.80841568074106,"sensors":[16,49,17,15,1,31,37,24],"power":[0.027135969133081264,0.06399974519982188,0.013728379187945151,0.883117182272678,0.1087488745211653,0.07287744895059693,0.1076245665237662,0.1110886647146128]}
{"id": 7, "drone": 5, "position":(41.666666666666664,33.333333333333336,1.0), "time":350.3084777971234,"sensors":[49,15,1,31,4,37,24],"power":[0.43335523750738,0.08735690932634071,0.25382590804975547,1.0671337955268883,0.03733870737567406,0.0423754334762338,0.13470652799671004]}
{"id": 8, "drone": 2, "position":(25.0,25.0,1.0), "time":122.36391424357191,"sensors":[7,26,19,34,20,0,30,24],"power":[0.02439327115817884,0.010645870431557881,0.041370885467183996,0.040311216793592064,0.05363648203332908,0.011736823976055279,0.014194193612623144,0.007882805019641875]}
{"id": 9, "drone": 2, "position":(33.333333333333336,41.666666666666664,5.0), "time":1143.1659167666137,"sensors":[38,25,0,6],"power":[0.12333027938963063,0.15,0.08090015005016385,0.07911916227801184]}
{"id": 10, "drone": 6, "position":(41.666666666666664,41.666666666666664,1.0), "time":586.6777559228399,"sensors":[49,1,31,4,39],"power":[0.0710365584805142,0.04924311266266018,0.078308812618037,0.1721017679539219,0.15]}
{"id": 11, "drone": 6, "position":(25.0,8.333333333333334,4.0), "time":85.57815813922753,"sensors":[13,2,20,47,22,27],"power":[0.011746145562720339,0.01606189076340016,0.005418747702449563,0.026270774600508525,0.018979194792594148,0.016412779666969187]}
{"id": 12, "drone": 6, "position":(16.666666666666668,8.333333333333334,1.0), "time":233.72114783649226,"sensors":[7,10,2,43,44,9,20,28,22,27],"power":[0.025596226218588966,0.12192379969451504,0.017734378312847486,0.015334814825628467,0.0343531500507971,0.12194771539417124,0.016199299566713007,0.05491649708762685,0.03403169360465673,2.3372114783649227]}
{"id": 13, "drone": 3, "position":(8.333333333333334,16.666666666666668,1.0), "time":99.62682683069814,"sensors":[18,7,26,10,46,34,43,44,9,28,48,21,11,5,27,35,12],"power":[0.02145000125831109,0.013702810678878906,0.024962998779155792,0.027239774143622032,0.020425660977732574,0.00847395181476366,0.0135640140197346,0.050345364587311064,0.03028967106174138,0.01979525523018505,0.040096996229643925,0.008320810384457367,0.0652036659244075,0.04339167048219445,0.009076896897825404,0.02058747820032141,0.016316004961389165]}
{"id": 14, "drone": 3, "position":(8.333333333333334,41.666666666666664,4.0), "time":453.9494995746138,"sensors":[23,8,40,41,42,30,14,29,45,33],"power":[0.03733333497402305,0.25855179806693884,0.09262330002893791,0.07982342865374051,0.13125640739652678,0.03077738270240111,0.07252558577790633,0.13915804160196812,0.09215063949679142,0.37452745568492324]}
{"id": 15, "drone": 3, "position":(16.666666666666668,25.0,1.0), "time":8.947246484307925,"sensors":[7,26,23,19,46,34,20,0,30,11,5],"power":[0.003687341202373597,0.007424103300743206,6.312863243832663E-4,0.013153067645725885,0.001730153124309516,0.019582341215133598,0.003107506793586172,6.516087125987465E-4,0.0023225797784887925,0.0014852426124610345,0.002387225206691899]}
{"id": 16, "drone": 4, "position":(16.666666666666668,33.333333333333336,1.0), "time":75.49397500404099,"sensors":[38,26,23,8,19,46,34,20,0,30,14,29,45,6,5,33],"power":[0.00990073491065613,0.008773335772156417,0.006653474274017873,0.012403245401259429,0.025593079488175862,0.006910831356224189,0.010597922769873432,0.004963810130507971,0.023916679910227553,0.6421468222392901,0.008351497590615908,0.023541564472110758,0.00818796288632233,0.016758189800561346,0.005284153725855983,0.008714024685872408]}
{"id": 17, "drone": 4, "position":(33.333333333333336,25.0,1.0), "time":373.1419090403938,"sensors":[16,49,15,20,1,31,24],"power":[0.02853999621431306,0.028060285514490958,0.05690115842164956,0.028682321550824803,0.03526379217871115,0.057893702602888036,0.15432610185671328]}
{"id": 18, "drone": 4, "position":(41.666666666666664,8.333333333333334,1.0), "time":936.9862337199625,"sensors":[16,13,36,17,3,47],"power":[0.3409597279564395,0.21569657764856137,0.20891642149910725,0.5182949366000518,0.15,0.10029191097658807]}
