LP RESULTS :
 Obj = 0.1*lambda1+0.9*lambda2 = 182.9823672740439 (lambda1 = 1811.8236727404387, lambda2 = 2.0) Resol time = 242 ms

{"id": 0, "drone": 4, "position":(8.333333333333334,8.333333333333334,1.0), "time":1098.2981633994846,"sensors":[34,9,35,24,45,48,23,1,7,37,10],"power":[0.08462459262315379,0.0940717953693582,0.2365022738313412,0.25657793284275193,0.09042858789997386,0.16681926440663133,0.5766254095347717,0.27265244759014096,0.17694224902978745,2.0393400448133745,0.22818433710668892]}
{"id": 1, "drone": 4, "position":(33.333333333333336,8.333333333333334,1.0), "time":31.19987292755278,"sensors":[34,9,14,19,20,44,18,6,30],"power":[0.0027509063446531693,0.002355550157274528,0.0031785247686067246,0.006499472396989822,0.005146429272546006,0.007484987077324862,0.049618940295910526,0.0032017370323773374,0.004634445812108739]}
{"id": 2, "drone": 1, "position":(33.333333333333336,41.666666666666664,1.0), "time":718.2633199666791,"sensors":[32,47,22,39,38,46,41,49,28,33],"power":[0.10453489676584753,1.338622397693442,0.13308910628843365,0.06986211438489848,4.1640618215196215,0.13720369496845583,0.15,0.492273588640193,0.17471701452753313,0.8470596123510555]}
{"id": 3, "drone": 2, "position":(41.666666666666664,16.666666666666668,2.0), "time":1176.0387757863737,"sensors":[17,25,20,44,29,30,13],"power":[0.4377312118303285,0.1725588137630869,0.18961511455764507,0.8810432247281703,0.10758005037221377,0.2689389615201411,0.6912974628215439]}
{"id": 4, "drone": 2, "position":(8.333333333333334,25.0,2.0), "time":525.7112838844575,"sensors":[8,11,43,48,12,27,5],"power":[0.15,0.08089619005228667,0.11617579683123731,0.08606852954005322,0.2321975037846936,0.035216707080862955,0.0483879733236985]}
{"id": 5, "drone": 3, "position":(8.333333333333334,16.666666666666668,3.0), "time":187.8142254564967,"sensors":[24,11,43,48,23,37],"power":[0.016819116686876766,0.02126171844131639,0.03382420316876268,0.08285289711642921,0.03777988089561257,0.021782797842337664]}
{"id": 6, "drone": 0, "position":(25.0,25.0,1.0), "time":366.5957530717429,"sensors":[26,15,11,32,29,31,30,2],"power":[0.1632922399367173,1.79011647202041,0.08579302793012532,0.07298574417549904,0.04409485639417531,0.17540196632781577,0.04014755547706755,0.12996071158721392]}
{"id": 7, "drone": 0, "position":(16.666666666666668,41.666666666666664,1.0), "time":1093.5603527737596,"sensors":[16,0,21,36,3,39,27,42,5,46],"power":[0.8491454483112407,0.32914513671716794,0.7007141018612275,0.18392425728443404,0.27443134197823776,0.12212138676074379,0.43793934202883067,0.46879535028141894,0.1569567522880419,0.07266286416644963]}
{"id": 8, "drone": 6, "position":(41.666666666666664,41.666666666666664,1.0), "time":1093.5603527737596,"sensors":[47,22,38,4,49,40,33],"power":[0.5235197813838998,0.19700504776557778,0.30706787930927015,0.15,0.1253829432914854,0.2167717073379409,0.4966163158074285]}
{"id": 9, "drone": 6, "position":(25.0,8.333333333333334,2.0), "time":237.9892709547694,"sensors":[34,9,45,14,19,18,31,6,23,30,7,2],"power":[0.1900153325584217,0.15484704660549653,0.07669742279413455,0.20377495694784387,0.14350052760301016,0.10038105970408946,0.025043578257697686,0.29392542822552437,0.021837411846165833,0.015356705894617982,0.018049597318910236,0.02003928841278607]}
