LP RESULTS :
 Obj = 0.1*lambda1+0.9*lambda2 = 167.68260681647297 (lambda1 = 1658.8260681647293, lambda2 = 2.0) Resol time = 319 ms

{"id": 0, "drone": 3, "position":(16.666666666666668,8.333333333333334,1.0), "time":598.9163795890131,"sensors":[0,49,29,2,13,45,36,42,1,41],"power":[0.08800392960195765,2.129552600117447,0.1170874817510386,0.19051123220200378,0.06825492986633308,0.044551504946925016,0.05121931289001866,0.13898219633594602,0.08828901537427203,0.056343341352369]}
{"id": 1, "drone": 3, "position":(8.333333333333334,33.333333333333336,1.0), "time":295.10544309612624,"sensors":[16,8,38,15,39,10,32,12,48],"power":[0.05356714439722498,0.0350747978006183,0.023622132808519707,0.022550557176427705,0.030731989558352806,0.15889185709377,0.04981493099065767,0.0773724031017235,0.032579286143937375]}
{"id": 2, "drone": 1, "position":(41.666666666666664,41.666666666666664,1.0), "time":567.5830258959943,"sensors":[35,9,14,6],"power":[0.338706946138242,0.04645609143096532,0.15,0.12837867535941735]}
{"id": 3, "drone": 1, "position":(41.666666666666664,33.333333333333336,1.0), "time":774.3657868070171,"sensors":[35,4,27,43,19,21,6,46],"power":[0.0524093910245103,0.07023203616893936,0.13817059207482205,0.07277974774293627,0.05679043788716304,0.069565087663057,0.14678094949521717,0.12420589906532245]}
{"id": 4, "drone": 5, "position":(41.666666666666664,33.333333333333336,5.0), "time":243.24542466265984,"sensors":[4,27,43,21,6,46],"power":[0.017684363457230665,0.03229312603945773,0.017509959577098687,0.016311999199259828,0.03344461684911015,0.029586535974848536]}
{"id": 5, "drone": 5, "position":(25.0,41.666666666666664,1.0), "time":146.7230938341304,"sensors":[8,38,20,9,15,39,3,47,7],"power":[0.0348190361694546,0.03148940410405947,0.29380745178200535,0.10354390856903467,0.04909929360454175,0.03132568078139382,0.0136937329971908,0.01622186517157662,0.586471575011688]}
{"id": 6, "drone": 6, "position":(41.666666666666664,25.0,5.0), "time":299.25799573629695,"sensors":[11,4,27,43,19,21,26,46],"power":[0.019922724301073735,0.06208360037382997,0.17347311640548368,0.09164272093186251,0.019978196793153068,0.10389785800001296,0.05078205234804765,0.14358676404357523]}
{"id": 7, "drone": 6, "position":(41.666666666666664,8.333333333333334,4.0), "time":1017.6112114696771,"sensors":[28,34,11,25,40,23,37,5,26],"power":[0.58292867953066,0.31802677084095676,0.40585789876647516,0.2873093171557606,0.14630389338977642,0.6001854139247537,0.1071145024577606,0.301476614876865,0.17515497839041602]}
{"id": 8, "drone": 2, "position":(25.0,25.0,1.0), "time":585.2022856214152,"sensors":[0,16,33,18,31,2,24,44,19,3,47,41,17],"power":[0.08114901881316526,0.0942650731598444,0.9045763989407833,0.28619124598143963,0.14265210697596903,0.038234710207333746,0.10975177278345813,0.8842274261510954,0.24934023572722921,0.37900475700955205,0.2710259559755715,0.08388680173485978,0.7138851689532577]}
{"id": 9, "drone": 2, "position":(8.333333333333334,41.666666666666664,2.0), "time":1073.623782543314,"sensors":[8,38,15,39,10,32,12,48],"power":[0.11980272388387803,0.22038592807365828,0.14366519388569562,0.22520178555502676,0.09141020224769453,2.811589873908066,0.20169151581175462,0.36136584806872896]}
{"id": 10, "drone": 4, "position":(8.333333333333334,8.333333333333334,1.0), "time":760.6516928394191,"sensors":[49,29,45,22,30,42],"power":[0.17904596809230505,1.3748461531864051,0.18120907764495015,0.15,0.2081654468911589,1.859138374009666]}
{"id": 11, "drone": 4, "position":(16.666666666666668,33.333333333333336,2.0), "time":143.37374869115865,"sensors":[16,8,18,31,38,20,44,15,39,10,3,47,41,17,7],"power":[0.17322775008325056,0.10532283622684754,0.012732194246531738,0.01445281215872075,0.023885269433219142,0.018037629882271134,0.026114905738104304,0.03533981931416989,0.030568131595695405,0.009973937855903095,0.025412350168823667,0.022382602582655696,0.009769856912771189,0.023738620807012955,0.015977589297346557]}
{"id": 12, "drone": 0, "position":(25.0,8.333333333333334,1.0), "time":299.25799573629706,"sensors":[0,34,49,2,13,40,24,36,5,1],"power":[0.10039430024688623,0.031088582396501252,0.054657000020291814,0.21104576336962777,0.12718167017332752,0.03137923350801409,0.04024822721654188,0.09878068710998134,0.01933895996696962,0.11599596781691594]}
{"id": 13, "drone": 0, "position":(41.666666666666664,8.333333333333334,1.0), "time":341.95686095875544,"sensors":[28,34,11,25,40,23,37,21,5,26],"power":[0.5153423617734719,0.16277062831389105,0.25894842962742537,0.1315648267363577,0.058342362279080275,0.5703588425889878,0.042885497542239415,0.024322340737298387,0.14828207181781392,0.07110434288029792]}
