LP RESULTS :
 Obj = 0.1*lambda1+0.9*lambda2 = 157.73457381990218 (lambda1 = 1559.3457381990215, lambda2 = 2.0) Resol time = 111 ms

{"id": 0, "drone": 2, "position":(41.666666666666664,25.0,1.0), "time":560.0667309534595,"sensors":[31,1,44,14,25,30,36,42,13,35,40],"power":[0.11102951775379413,0.24176052086521826,0.23498401321712964,0.36724334305551903,0.08966005874528726,0.042782968695706164,0.03684691959583285,0.31806202438530906,0.05347610532414741,0.10123820083399193,0.1732274506805422]}
{"id": 1, "drone": 2, "position":(25.0,25.0,1.0), "time":716.7054577720606,"sensors":[12,14,48,23,42,47,35,0],"power":[0.21724304419972365,0.05222983892827808,0.6317685813495507,0.1857002357414668,0.04952530565954825,0.101095067231288,0.13629615828561015,0.11948218907227155]}
{"id": 2, "drone": 6, "position":(41.666666666666664,8.333333333333334,1.0), "time":716.7054577720608,"sensors":[33,1,49,44,34,32,17,20,10,11,30,13,40,26,15],"power":[0.3000271440019414,0.07780739012118403,0.20507791539429607,0.08228181802172443,0.06385355402620635,0.14999999999999997,0.10866847826507506,0.061337140787625706,0.279770418386568,0.2723958647487128,0.5752134920091383,0.44355834271882394,0.0678569352001985,0.14513892849477236,0.8832957707879309]}
{"id": 3, "drone": 0, "position":(8.333333333333334,25.0,1.0), "time":545.6700821030337,"sensors":[12,18,19,9,2,21,43,47,16],"power":[0.0677761719144591,0.15,0.04857425018139787,0.7546080076657471,0.4577505711827446,0.290172485862749,0.11419533266010692,0.08737976399107841,0.1279343740868847]}
{"id": 4, "drone": 3, "position":(8.333333333333334,8.333333333333334,1.0), "time":999.2790072455622,"sensors":[7,8,38,27,2,43,16,3],"power":[0.5388623686019678,0.2074015245540516,2.059349064403104,0.17446465327646962,0.0746058823461985,0.1724128797985406,0.10209379328989272,0.1168481120991485]}
{"id": 5, "drone": 4, "position":(25.0,41.666666666666664,1.0), "time":545.6700821030337,"sensors":[39,28,5,4,41,6,48,23,46,29],"power":[0.14059502333195875,0.06855865977131367,0.21402997075474475,0.09286096900787112,0.04140007638801736,0.08336239195431494,0.042425623187264554,0.05875084348585663,0.23906754934789134,0.16454837210066148]}
{"id": 6, "drone": 4, "position":(41.666666666666664,41.666666666666664,4.0), "time":999.2790072455621,"sensors":[39,31,5,4,24,36],"power":[0.14234263887504336,0.1893350978221805,0.10765953163536768,0.20138079585851634,0.7527333507698765,0.2668832940200923]}
{"id": 7, "drone": 5, "position":(25.0,8.333333333333334,1.0), "time":560.0667309534593,"sensors":[34,17,20,27,0,3],"power":[0.18723457881068026,0.10401702946043022,0.0886628592123743,0.03536369072462414,0.15596539297178627,0.05116788204743281]}
{"id": 8, "drone": 1, "position":(41.666666666666664,16.666666666666668,1.0), "time":282.57354947350143,"sensors":[1,49,44,34,14,17,11,25,30,42,13,35,40,26,15],"power":[0.39650503682402616,0.0771512292696476,0.4289285985103376,0.02408186461285887,0.08234835150137462,0.04501954967077514,0.08802467823547606,0.060339941254712724,0.19017597940458464,0.09438467589127712,0.37563307350139846,0.045472635441408255,0.17556708372854377,0.06485918283421988,0.05199863629699483]}
{"id": 9, "drone": 1, "position":(8.333333333333334,41.666666666666664,1.0), "time":1013.6756560959878,"sensors":[28,41,6,19,21,22,45,37,29],"power":[0.3881185540765472,0.2540182890877124,0.18566547295469518,0.1857594397894208,0.10407859445533327,0.5070813031942312,0.2891966814309941,0.30890677296496294,0.15865986660100825]}
