LP RESULTS :
 Obj = 0.1*lambda1+0.9*lambda2 = 133.4791416337212 (lambda1 = 1316.791416337212, lambda2 = 2.0) Resol time = 3409 ms

{"id": 0, "drone": 2, "position":(33.333333333333336,25.0,1.0), "time":343.33422131171375,"sensors":[13,4,1,28,19,2,35,21,29,45,43,40,33,3,34,9,42,0,22],"power":[0.05162534267251107,0.02701207654150527,0.46261257250394167,0.07969603542242051,0.022199273781750618,0.16137088511168393,0.02934402903849555,0.06971892355124386,0.039142947744207394,0.06476670864448271,0.36506741311189495,0.052417612614070686,0.029234624671824996,0.038822191229779646,0.03314359797836062,0.27299676203617473,0.10181043141790584,0.0975135294092626,0.031073845649475667]}
{"id": 1, "drone": 2, "position":(25.0,8.333333333333334,1.0), "time":644.5862888348455,"sensors":[44,24,38,36,10,16,35,29,45,41,11,40,39,3],"power":[0.2544980263030059,1.618037514303129,0.2677592941958557,0.5543418100904501,0.15,0.046152803456458544,0.041521436846838115,0.1634404712842397,0.07945067365332843,0.22295383397082402,0.08343716608457266,0.11390516330106336,3.396274402845319,0.12601911284410053]}
{"id": 2, "drone": 1, "position":(25.0,41.666666666666664,2.0), "time":262.15042492932065,"sensors":[5,27,8,19,48,12,26,31,42,7],"power":[0.028516944317011215,0.13672832577391433,0.03101198630040643,0.11575794792036065,0.0417944903399859,0.09468827671792031,0.0384982812239231,0.2399684442494519,0.023079244383769078,0.47107930788866137]}
{"id": 3, "drone": 1, "position":(41.666666666666664,8.333333333333334,1.0), "time":240.2110182641007,"sensors":[47,36,21,46,41,6,40,37,3],"power":[1.4402551399782788,0.018247169510689512,0.021360053496762493,0.20525158770227794,0.01929896981319175,0.4429584978325861,0.016175724525400375,0.1440897699936535,0.024980003068469304]}
{"id": 4, "drone": 3, "position":(8.333333333333334,8.333333333333334,1.0), "time":672.2051275023666,"sensors":[44,20,17],"power":[0.08236292168834743,0.14999999999977684,0.18626178591369338]}
{"id": 5, "drone": 0, "position":(16.666666666666668,25.0,1.0), "time":283.6551622950994,"sensors":[5,4,48,2,16,35,45,43,11,30,33,42],"power":[0.07536765162149724,0.15941303683883223,0.03663700574405274,0.029706466366252023,0.12243841071643859,0.10902233644352129,0.028974437446752217,0.018316556791607166,0.06656283391542735,0.02610188635762008,0.1255388443398235,0.019823523276527758]}
{"id": 6, "drone": 0, "position":(41.666666666666664,41.666666666666664,2.0), "time":880.0971459418249,"sensors":[23,8,26,25,34,0,22,49],"power":[0.17196400825581573,0.11898801369959355,0.16231316660687484,0.24627729791963118,0.21129878712010527,0.07566968273092604,0.1152257569557848,0.18743859688317324]}
{"id": 7, "drone": 5, "position":(41.666666666666664,16.666666666666668,1.0), "time":88.65988792655207,"sensors":[13,1,47,28,21,46,6,40,37,3],"power":[0.010211166305664784,0.010259502783661877,0.02279893106262834,0.008556641481700563,0.09158792146218282,0.007106828502383185,0.027081479477141134,0.010136298022980762,0.005910230006346462,0.012256761885513497]}
{"id": 8, "drone": 5, "position":(33.333333333333336,33.333333333333336,1.0), "time":45.2666655306399,"sensors":[13,1,28,27,19,2,43,26,31,34,9,42,0,7,22],"power":[0.005146605917745499,0.011369040173355736,0.008761103735431536,0.003859322553908484,0.012327566685460383,0.004788192758817803,0.011856797617492604,0.003236097833159365,0.0072299914078535156,0.011286386981548093,0.01850192057954921,0.019911261558479606,0.21351452706123245,0.005168612964397309,0.005753053121225116]}
{"id": 9, "drone": 4, "position":(16.666666666666668,33.333333333333336,1.0), "time":31.29264275179014,"sensors":[5,4,27,19,48,16,35,18,12,14,30,33,31,42],"power":[0.04611540406149151,0.009238715891721672,0.00941235167217716,0.0040217124979434315,0.07776191398138388,0.0019839654102633626,0.0022299321402922154,0.0031316099715243476,0.00336078239733047,0.0024041467967037037,0.018366916620995943,0.0026739982625481745,0.00539483499936103,0.0025436330270395538]}
{"id": 10, "drone": 6, "position":(8.333333333333334,41.666666666666664,1.0), "time":739.6931863610018,"sensors":[15,32,48,18,12,14,30],"power":[0.15,0.3579800592816767,0.08490896217407679,1.0384149369960678,0.07522699613032645,0.7056686656190696,0.21916832685275878]}
{"id": 11, "drone": 6, "position":(41.666666666666664,25.0,1.0), "time":48.093383553033384,"sensors":[13,1,28,21,43,34,9,0,22],"power":[0.08301688510407866,0.024155041175320562,0.06193020252152045,0.03375593597639122,0.00444033529432826,0.009116773554028316,0.004666669090861136,0.0066314574239707035,0.014691858437894636]}
