LP RESULTS :
 Obj = 0.1*lambda1+0.9*lambda2 = 144.33777250582304 (lambda1 = 1416.3777250582305, lambda2 = 3.0) Resol time = 400640 ms

{"id": 0, "drone": 6, "position":(41.666666666666664,33.333333333333336,1.0), "time":995.9926131098148,"sensors":[43,31,10,45,4,1,35,22,23,38,26],"power":[1.06539967144914,0.2377994718663633,0.398620252249719,1.9008573822110453,0.47224019006529283,0.2939286223416779,0.13093487638819104,1.2802198025521179,0.12730510149805863,0.09329947805927793,0.20562994478188493]}
{"id": 1, "drone": 6, "position":(25.0,25.0,5.0), "time":24.90347900284152,"sensors":[32,29,24,46,41,39],"power":[0.001775903983176809,0.011563773424979967,0.0018079687082883144,0.004895684899282358,0.004166214383051015,0.003680376926724055]}
{"id": 2, "drone": 5, "position":(16.666666666666668,25.0,1.0), "time":28.995385274405706,"sensors":[29,0,24,46,41,39,19,25,6],"power":[0.006828469659351631,0.0031802778072482756,0.0022741518113971585,0.08444121708588351,0.01650889301444866,0.0025348587066696187,0.011729275959850079,0.0027736192340036435,0.004503761283288933]}
{"id": 3, "drone": 5, "position":(25.0,8.333333333333334,5.0), "time":154.86570350656666,"sensors":[7,27,24,37,13,5,18,34,20,39,8,9,21,17,16],"power":[0.03452204619144236,0.022375293662151286,0.03807299198655877,0.015116056553264087,0.015425460793739802,0.025857196211014163,0.03524697821432315,0.04455970091573979,0.04210835375940171,0.026349286626510697,0.010095048936957892,0.026986358042946402,0.017113756142769738,0.021283072672116914,0.010667988276126]}
{"id": 4, "drone": 5, "position":(16.666666666666668,8.333333333333334,1.0), "time":420.38511194841493,"sensors":[27,24,37,18,34,20,42,39,47,19,25,17],"power":[0.7952284282102728,0.11409146679183273,0.1415542896506708,0.050798824243465164,0.026983628380897517,0.809455909361804,0.04005689256530029,0.04150302165401009,0.06515654764371677,0.03470101346962729,0.15275026385801024,0.07371383559525904]}
{"id": 5, "drone": 1, "position":(33.333333333333336,8.333333333333334,1.0), "time":414.79214376877434,"sensors":[7,24,13,5,49,18,34,39,8,9,44,21,16],"power":[1.5707849610789477,0.034446715056000166,0.09917014600142168,0.115811200634549,0.07945000291394007,0.057111139650131426,0.5774508772528341,0.042774024342243075,0.14921014861758655,0.20016881482853408,0.02714324991304281,0.16025264141596846,0.13323327314184213]}
{"id": 6, "drone": 1, "position":(16.666666666666668,33.333333333333336,1.0), "time":223.68833553784287,"sensors":[32,29,0,46,28,14,41,11,30],"power":[0.05355251075406319,0.014497834713331218,0.35890280245043676,0.030981206096033193,0.03195517992005308,0.03234128305501923,0.2206695189023308,0.04742658650578511,0.014337727230079549]}
{"id": 7, "drone": 1, "position":(16.666666666666668,8.333333333333334,2.0), "time":318.2598471032527,"sensors":[27,24,37,18,20,42,39,47,19,25,17],"power":[0.4543711712264307,0.08345117590014897,0.09949869461210793,0.03700461353956196,0.45142173993686874,0.02913477323782086,0.030881297865230778,0.048841749876667284,0.025075224698128635,0.10870277776178222,0.05500309173262403]}
{"id": 8, "drone": 3, "position":(41.666666666666664,16.666666666666668,1.0), "time":415.9829989696457,"sensors":[7,43,31,10,49,48,35,23,15,21,16,38],"power":[0.032947938009971436,0.028343215747647005,0.07473250391203215,0.05017566236092737,0.7284053732635989,0.09938559231450876,0.1254783203377119,0.16400235049161724,0.15763360056372278,0.08385344093004836,0.1322980701242572,0.05553803853364068]}
{"id": 9, "drone": 3, "position":(25.0,41.666666666666664,1.0), "time":420.38511194841556,"sensors":[32,2,12,0,1,28,11,3,26],"power":[0.2647682455789521,0.10552865920180217,0.12667299161648973,0.04509188090847089,0.03804854253148726,0.032696927703104214,0.42746446219582923,0.16013945437231944,0.05897372110385263]}
{"id": 10, "drone": 3, "position":(8.333333333333334,41.666666666666664,1.0), "time":78.09859723603577,"sensors":[0,28,14,40,11,30],"power":[0.015403229047780527,0.06785808368610909,0.37106874822457425,0.06257813653305883,0.005407584611760786,0.02507883047212511]}
{"id": 11, "drone": 2, "position":(8.333333333333334,25.0,1.0), "time":33.31001182426324,"sensors":[0,46,41,19,30,25,6],"power":[0.0023021976576879607,0.005151736846349073,0.0037180663237594883,0.010128857927920438,0.002581906984282713,0.0027419814149431472,0.08013984842731478]}
{"id": 12, "drone": 2, "position":(41.666666666666664,25.0,1.0), "time":4.402112978769992,"sensors":[43,31,10,45,4,49,48,35,22,23,15,21,16,38],"power":[0.002300617615308104,0.014118211440259687,0.010864778425870195,5.35526018497077E-4,8.720268682656375E-4,5.395959915934858E-4,4.191615818965744E-4,0.007335137332929856,4.500967040955091E-4,0.011397145042680853,0.001536362072415629,2.828840790183095E-4,3.8719058301456624E-4,0.0011624834070814289]}
{"id": 13, "drone": 2, "position":(8.333333333333334,33.333333333333336,1.0), "time":255.2176066309804,"sensors":[0,28,14,41,40,30,6],"power":[0.07034002372245542,0.03739261792673118,0.06699037244277911,0.032130733353292876,0.020167612254785795,0.10800153531351323,0.03284220077223072]}
{"id": 14, "drone": 0, "position":(16.666666666666668,41.666666666666664,1.0), "time":376.6826766062875,"sensors":[32,2,12,0,28,14,41,40,11],"power":[0.08144820456430603,0.044471340798197805,0.10073953523484559,0.1576657679046939,0.3104458830040394,0.10636393532687381,0.03496477321451304,0.06725425121215532,0.24022567295383238]}
{"id": 15, "drone": 0, "position":(41.666666666666664,8.333333333333334,1.0), "time":426.33476583447447,"sensors":[7,13,5,49,34,48,8,15,9,44,21,16],"power":[0.06314432417135796,0.0354043932048385,0.027778641829182268,0.15222409421522431,0.04153542883929903,0.05019524610359466,0.10536945613953745,0.028537810388207324,0.04361638249867159,0.12285675008695719,0.059145907630965056,0.08163125381358843]}
{"id": 16, "drone": 0, "position":(8.333333333333334,8.333333333333334,1.0), "time":468.69100804602306,"sensors":[27,36,37,20,42,47,19,25,33],"power":[0.08915513361607191,0.1239665194813051,0.0632797715975333,0.05211731938171473,0.528312858857001,0.1525916981951426,0.034483410203459,0.1253564105993409,0.1313804397850742]}
{"id": 17, "drone": 4, "position":(8.333333333333334,16.666666666666668,1.0), "time":92.5603064078978,"sensors":[36,46,42,19,25,6,33],"power":[0.014377539917502992,0.009481764310168447,0.011853511240585523,0.03445916971127792,0.0357578878259058,0.03251418951716555,0.01672164447926472]}
{"id": 18, "drone": 4, "position":(25.0,25.0,1.0), "time":54.17605445397381,"sensors":[32,29,24,46,4,41,39,19],"power":[0.004821487062025973,0.11710992220233718,0.00490761017715107,0.015048390762283414,0.0034690272282455656,0.012407077411160974,0.010805998640664543,0.004364388917859248]}
{"id": 19, "drone": 4, "position":(8.333333333333334,8.333333333333334,4.0), "time":54.176054453973165,"sensors":[27,36,37,20,42,47,25,33],"power":[0.008621727459443614,0.011655940601191914,0.005959384463529934,0.005159582826885168,0.02631494567398833,0.013696975007915835,0.012040381869455954,0.012100148266475553]}
