LP RESULTS :
 Obj = 0.1*lambda1+0.9*lambda2 = 145.50838703042905 (lambda1 = 1437.0838703042903, lambda2 = 2.0) Resol time = 309 ms

{"id": 0, "drone": 4, "position":(41.666666666666664,41.666666666666664,1.0), "time":928.5672838761978,"sensors":[3,33,12,47,39,28,43,34,24,0,18,41,7,31],"power":[0.12442318680277331,0.25970241036688374,7.3186713780506425,0.23500037767454054,1.4257531610784433,0.07130765126865307,0.18810319933673483,0.29545417192398676,1.2269275590194162,0.7487593737564171,0.08045723435369678,0.2727377450971974,0.12890247065320612,0.29965984068288837]}
{"id": 1, "drone": 4, "position":(41.666666666666664,25.0,1.0), "time":55.036826054349135,"sensors":[37,36,23,2,22,35,7],"power":[0.008678429858079408,0.011859603833865133,0.0036768244818062823,0.007151602916479195,0.018738830282659814,0.5358038225759825,0.013939987637219983]}
{"id": 2, "drone": 6, "position":(25.0,8.333333333333334,1.0), "time":557.1534505761595,"sensors":[16,23,29,14,4,9,17,46,6,8,40],"power":[0.16263214453193225,0.056270433962009536,0.05523250657714624,0.10095263938821708,0.14486694994906113,0.09205256171622428,0.10380381211261173,0.1108847306002476,0.5177737790931566,0.10156767984977505,0.9090269657112091]}
{"id": 3, "drone": 6, "position":(16.666666666666668,41.666666666666664,1.0), "time":253.20400791103702,"sensors":[27,1,19,28,15],"power":[0.116961181183922,0.0802609807458772,0.056266045766996856,0.02194676784692711,0.18351071597450913]}
{"id": 4, "drone": 5, "position":(8.333333333333334,8.333333333333334,1.0), "time":651.2449132089988,"sensors":[21,49,5,14,11,42,10,9,17,38,26,44,32,8],"power":[0.1813536120093204,1.5756804147316925,1.139859858407871,0.1682534213702874,0.04477951594110429,0.09704419971200996,0.17030893607758116,0.18041822346294834,0.11020274947025707,0.08018969377997875,0.060810677526764445,0.11608494969702525,0.3400785116065579,0.12771160089237812]}
{"id": 5, "drone": 5, "position":(16.666666666666668,8.333333333333334,3.0), "time":228.6855065191321,"sensors":[21,49,5,14,4,42,9,17,46,26,6,32,8,40],"power":[0.015541521371447684,0.071337135272422,0.02300345752933578,0.3851229250275781,0.03780078690501845,0.014971915741844734,0.36028673321442317,0.14411966135693877,0.03911526939975238,0.020665129671424778,0.019562182833328865,0.060345182728470594,0.18074364118282898,0.06581173575872307]}
{"id": 6, "drone": 1, "position":(25.0,41.666666666666664,1.0), "time":255.31257851705595,"sensors":[27,33,47,1,19,28,43,34,24,18,15,31],"power":[0.033704646773399446,0.028898597473737134,0.04749594069841747,0.9412077263434432,0.09373395423300314,0.2143884233667565,0.055051421502459084,0.03357714837015926,0.017242596197460915,0.06991238295892366,0.01954114527121939,0.02888592046225766]}
{"id": 7, "drone": 1, "position":(8.333333333333334,25.0,1.0), "time":526.0533427547816,"sensors":[13,11,42,38,26,44,32],"power":[0.08410794290300873,0.6348286063830989,0.167789573845881,0.10315849459872271,0.14875734510689617,0.03391505030297473,0.04080775342262132]}
{"id": 8, "drone": 3, "position":(41.666666666666664,8.333333333333334,1.0), "time":322.77696915197134,"sensors":[37,30,48,16,23],"power":[0.09591887280992034,1.2251262198697077,0.2724650008439086,0.0338846986025495,0.0802742475613693]}
{"id": 9, "drone": 3, "position":(8.333333333333334,41.666666666666664,1.0), "time":911.0305275495084,"sensors":[27,13,25,20,15,45],"power":[0.15271089735063195,0.06589205709699104,0.2607581723746468,0.1476508156573346,0.6750253696456439,0.22968899777966675]}
{"id": 10, "drone": 0, "position":(8.333333333333334,41.666666666666664,4.0), "time":17.53675632668842,"sensors":[27,25,20,15,45],"power":[0.002433706604234427,0.004027783502934948,0.0023491843426653777,0.007212090128729941,0.00362748454700391]}
{"id": 11, "drone": 0, "position":(25.0,25.0,4.0), "time":879.9304197281308,"sensors":[36,29,2,22],"power":[0.14430896684080025,0.3100181728026158,0.23285138112262346,0.09027132143745493]}
{"id": 12, "drone": 2, "position":(41.666666666666664,41.666666666666664,5.0), "time":253.20400791103657,"sensors":[3,33,12,47,39,43,34,24,0,18,41,7,31],"power":[0.025576813197226708,0.0502130865418236,0.14960449268553777,0.04627558062119972,0.10063747446469086,0.03832109638165653,0.05483318246754812,0.09848894776470879,0.08195394137064234,0.017627987945336158,0.05198224081410319,0.02608356464127551,0.05709964145384295]}
{"id": 13, "drone": 2, "position":(41.666666666666664,16.666666666666668,3.0), "time":502.1166245218103,"sensors":[37,36,30,48,23,2,22,35],"power":[0.7867831141342422,0.03217435252515825,0.10794499376439241,0.043427565401214195,0.1327288997434395,0.036231931155998896,0.04098984827988524,0.11023990508315222]}
