LP RESULTS :
 Obj = 0.1*lambda1+0.9*lambda2 = 121.47810470942946 (lambda1 = 1196.7810470942945, lambda2 = 2.0) Resol time = 262 ms

{"id": 0, "drone": 3, "position":(41.666666666666664,8.333333333333334,3.0), "time":165.11872001522147,"sensors":[23,43,24,22,32,45,15,27],"power":[0.01217160531761017,0.06090628016151263,0.10719709123158233,0.300306774902796,0.02569109643047192,0.03897654185046153,0.024464473460934482,0.031360075311324474]}
{"id": 1, "drone": 3, "position":(25.0,25.0,1.0), "time":364.4710892997255,"sensors":[9,6,7,44,30,42,25,1,17,20,14,5,31,47],"power":[0.0521246666630779,0.033067474494125636,0.12016611258084402,0.11650934318925427,0.09647667701408089,0.03286459830738507,0.062060077834828586,0.04156562959622292,0.04088736945520169,0.050183403793486465,0.043658458072659286,0.04198895036290558,0.06966403564633077,0.07603714545794989]}
{"id": 2, "drone": 1, "position":(8.333333333333334,41.666666666666664,4.0), "time":468.0309908380488,"sensors":[35,40,16,48,28],"power":[0.4719707612222717,0.09854369013667824,0.29375390105028026,0.05459007603008036,0.04335716173684016]}
{"id": 3, "drone": 1, "position":(41.666666666666664,25.0,1.0), "time":524.7622678776759,"sensors":[24,12,6,32,29,11,14],"power":[0.036741716516800804,0.08031753014101979,0.3263525243713833,0.0432065549946689,1.1178199608573773,0.17817925907083637,0.09421200524349335]}
{"id": 4, "drone": 4, "position":(16.666666666666668,8.333333333333334,1.0), "time":325.409898593172,"sensors":[3,18,38,7,30,36,0,13,26,8,10,17,19,2,5,33],"power":[0.07620818356252004,0.0913715466655083,0.2109451267589653,0.02783009313117974,0.03420840264068462,0.05203701670180473,0.06783723980614567,0.059003112246111517,0.28718419385812205,0.03270362151932614,0.05231051645738776,0.06490130593355366,0.09987535143738917,0.040227456447796475,0.07867082798640002,0.5109592648182315]}
{"id": 5, "drone": 4, "position":(25.0,41.666666666666664,1.0), "time":428.96980013149596,"sensors":[37,42,1,39,28],"power":[0.11860516922355172,0.128500590922282,0.07186675112214251,0.046382666570490796,0.12338961530349174]}
{"id": 6, "drone": 0, "position":(33.333333333333336,8.333333333333334,1.0), "time":506.9000592013972,"sensors":[23,43,24,22,32,44,36,45,25,8,15,17,19,27],"power":[0.13782839468238983,0.13840473294440772,0.07552662019925913,0.1265006142123074,0.16795810599721017,0.04864577725770901,0.12371062310400531,0.27792678431602647,0.09368187688035602,0.2507753294325591,0.19441590426177022,0.05697762238001922,0.07059208576917245,1.7933685224928897]}
{"id": 7, "drone": 0, "position":(8.333333333333334,25.0,1.0), "time":325.4098985931719,"sensors":[9,4,46,20,48,31,47],"power":[0.06155343002803789,0.028851890132500082,0.0905598901114818,0.1056222557984836,0.0986063303548475,0.0731810003248853,0.03887761206706241]}
{"id": 8, "drone": 5, "position":(8.333333333333334,16.666666666666668,1.0), "time":162.83160766183627,"sensors":[0,4,13,26,46,10,20,5,33,31],"power":[0.010404370422011503,0.03809787416869584,0.0110816400998632,0.032612638728046456,0.1514373878700304,0.07764919026227834,0.015140194211098471,0.010889017818521696,0.03244678087897328,0.01172264787187801]}
{"id": 9, "drone": 5, "position":(8.333333333333334,41.666666666666664,1.0), "time":205.01839263206375,"sensors":[35,40,16,42,1,48,28],"power":[1.8757238092131245,0.05145630986332176,0.3747451025582343,0.01323163301853987,0.014938794869014888,0.026722672970054363,0.02243733177149608]}
{"id": 10, "drone": 6, "position":(16.666666666666668,25.0,4.0), "time":198.32176503101005,"sensors":[9,7,44,30,42,1,20,5,48,31,47],"power":[0.07305569002605009,0.03319166258022771,0.013200102673640187,0.027088619698822827,0.016356791927736015,0.027638019093695402,0.1383223740797128,0.018451203832172757,0.03339023918672696,0.15622944289871998,0.06697195667229831]}
{"id": 11, "drone": 6, "position":(41.666666666666664,41.666666666666664,1.0), "time":562.0103720984517,"sensors":[49,41,12,14,34,39],"power":[0.15438750280668334,0.5910368538254145,0.13172183864074785,0.03546993751844638,0.2927977379791102,0.16074688845915244]}
{"id": 12, "drone": 2, "position":(8.333333333333334,8.333333333333334,1.0), "time":708.5395408392864,"sensors":[3,18,38,21,0,4,13,26,46,10,2,33],"power":[0.0872740896412441,0.0586284533344917,0.07451116730038419,0.15,0.37839244410766315,0.08305023569880408,0.4484742679225985,0.5948270254864986,0.08221315276144243,1.2041044682599347,0.26772964341353217,0.21268590267543105]}
{"id": 13, "drone": 2, "position":(33.333333333333336,41.666666666666664,1.0), "time":110.00840711816693,"sensors":[41,12,37,14,39],"power":[0.00989087249768192,0.00701436942921502,0.03139483077644828,0.012129536683847362,0.0864392647492309]}
