LP RESULTS :
 Obj = 0.1*lambda1+0.9*lambda2 = 105.98028760369733 (lambda1 = 1032.8028760369732, lambda2 = 3.0) Resol time = 398767 ms

{"id": 0, "drone": 2, "position":(16.666666666666668,8.333333333333334,1.0), "time":701.011398690104,"sensors":[28,45,5,18,34,40,38,21,27,47],"power":[0.542127438642553,0.0838528896006304,0.12257786822030595,0.09828640523580916,0.1698300665195632,0.14442765033650845,0.051545788024158226,0.06315789342423742,0.11969118174443809,0.06836921577591752]}
{"id": 1, "drone": 2, "position":(33.333333333333336,16.666666666666668,3.0), "time":41.149229393719395,"sensors":[24,49,37,5,22,34,9,21,3,27,0,31,47],"power":[0.01725130590827843,0.013232356224223783,0.011682816476786767,0.00507407516587633,0.0030584179380521827,0.004617611964722509,0.004909857918726324,0.006805513283909926,0.03339888221619094,0.0037389599538904853,0.0027154998656284675,0.015606499151026429,0.009260104347187475]}
{"id": 2, "drone": 2, "position":(8.333333333333334,33.333333333333336,5.0), "time":43.16860696036548,"sensors":[35,25,29,39,7,42,33,1,12,20,13,46,17,6,10,14],"power":[0.012418823102975332,0.0063253276768710665,0.0030495700143135414,0.01624891031357394,0.008276193733044872,0.014247545467687228,0.004952225166192604,0.007829152450491948,0.017312764729171717,0.011572293095270067,0.012630604471628813,0.026087945988254705,0.0031026027065603166,0.004267756378070118,0.013932476179168537,0.0033461585147852298]}
{"id": 3, "drone": 1, "position":(33.333333333333336,16.666666666666668,1.0), "time":14.780057538777292,"sensors":[24,49,37,5,22,34,9,21,3,15,11,27,0,31,47],"power":[0.008305028296352872,0.005827725223019088,0.004661160808833507,0.0019910712628578645,0.0011478411114430865,0.0017914807612439039,0.0019170770179590822,0.0026093151421060115,0.02241272105198891,9.994581135055398E-4,9.962318914336567E-4,0.0014700175276501676,0.0010861745135199116,0.0071643611625953766,0.003735859349911205]}
{"id": 4, "drone": 1, "position":(25.0,41.666666666666664,1.0), "time":14.78005753877693,"sensors":[25,2,7,8,4,48,36,23,30,32],"power":[0.0014249900257186131,0.0026181769990329495,0.0010899606141756449,0.0023141312517979532,0.004145703589668466,0.014573992617266713,0.00580660657335818,0.001080905924676136,0.004346736012175301,0.0038127580969724625]}
{"id": 5, "drone": 5, "position":(25.0,16.666666666666668,1.0), "time":7.058377077192854,"sensors":[24,29,28,49,45,37,5,34,21,3,27,17,31,47],"power":[0.0014615654506312176,7.577564230781182E-4,0.0013551864128287178,0.0014047708194127638,5.180865743945537E-4,4.928561081720561E-4,0.017908345901869592,0.003038128287274834,0.03714697016423454,0.0012948352872168265,0.010326707892355257,6.935880580150911E-4,7.062291797069426E-4,0.0022988436750197984]}
{"id": 6, "drone": 5, "position":(16.666666666666668,25.0,1.0), "time":54.21279916519518,"sensors":[29,44,2,28,16,39,42,45,5,12,38,13,32,21,46,27,17,6],"power":[0.5345899679643041,0.00455480140036406,0.00949088793298106,0.00463684291155501,0.007116055125381409,0.00565671864337058,0.012041793862684908,0.012830431789616023,0.005553649267285129,0.006906522772486015,0.011605060593909559,0.004363374033999489,0.00452147626794985,0.007380634788640146,0.005507662296661791,0.007769139770679827,0.5421279916519518,0.06496321903776005]}
{"id": 7, "drone": 5, "position":(33.333333333333336,41.666666666666664,1.0), "time":404.2675338127293,"sensors":[19,8,4,48,23,30,32,15],"power":[0.14833811865797847,1.0043503976964852,0.05251638995755688,0.08702911724050758,0.09471364587433699,0.07193150560568905,0.045601227557748446,0.03767447558087433]}
{"id": 8, "drone": 6, "position":(41.666666666666664,33.333333333333336,1.0), "time":155.99514982152994,"sensors":[19,8,43,23,15,11,41,31],"power":[0.05954112631706292,0.027107877334166745,0.4346809965735096,0.052601489268340684,0.021841373401370247,0.015211937968241681,0.04168571651909166,0.01093305754536736]}
{"id": 9, "drone": 6, "position":(25.0,33.333333333333336,1.0), "time":43.168606960365786,"sensors":[29,2,49,8,42,48,36,23,32,15,17,6],"power":[0.004609490764803187,0.050039851876895074,0.0031889584179387526,0.004667848234984418,0.0033485693820231805,0.0036747169294828273,0.009532678900808889,0.006133755290584011,0.3824594974876396,0.01048260985929905,0.00421219554415761,0.008616788400902953]}
{"id": 10, "drone": 6, "position":(25.0,41.666666666666664,4.0), "time":414.5915279035713,"sensors":[25,2,8,4,48,36,30,32],"power":[0.034158931460981624,0.06005150775463939,0.054466263442075835,0.09333790645277464,0.19280003680288152,0.11981266547167276,0.09859238028697355,0.08643979518212333]}
{"id": 11, "drone": 0, "position":(33.333333333333336,25.0,1.0), "time":64.63815696380291,"sensors":[24,49,43,23,32,21,3,15,11,31],"power":[0.0746793333017089,0.09988824917175884,0.009132639417256875,0.011822124331353507,0.00561352299591081,0.006413744107925726,0.03623807941006517,0.03682943502499835,0.00534315470575938,0.065723215542434]}
{"id": 12, "drone": 0, "position":(8.333333333333334,8.333333333333334,1.0), "time":34.27951937691398,"sensors":[44,28,16,45,40,38],"power":[0.00351960659039342,0.005282270969393302,0.002905950299777944,0.004278916961313702,0.0055723496634915316,0.0036016128290504773]}
{"id": 13, "drone": 0, "position":(41.666666666666664,8.333333333333334,1.0), "time":626.9202181647078,"sensors":[37,26,22,9,0],"power":[0.3018287461467148,0.15,0.1637906053021533,0.18282636765163512,0.9036251719542157]}
{"id": 14, "drone": 3, "position":(41.666666666666664,25.0,1.0), "time":349.9533709397688,"sensors":[24,49,43,23,9,3,15,11,41,31],"power":[0.04830276704302867,0.04666331465650829,0.13540332357519475,0.040557105272496605,0.05038704261208393,0.05665548203453812,0.042878977476563974,0.2451814939801191,0.10831428348090834,0.10207973207052455]}
{"id": 15, "drone": 3, "position":(8.333333333333334,33.333333333333336,1.0), "time":381.53308969366117,"sensors":[35,25,29,2,16,39,7,42,33,1,36,12,20,13,46,17,6,10,14],"power":[0.2054526219361869,0.07350141123476381,0.03253556204306081,0.027799575436451056,0.02833668802135801,0.4601169125591689,0.10241612944223467,0.321961999370276,0.05818945820880699,0.09452966493967695,0.02883840665527489,0.5947808094377185,0.18406787849360995,0.22426232654898404,3.8153308969366115,0.035604204104863056,0.04990168387530391,0.29618347152141394,0.038046659569913786]}
{"id": 16, "drone": 3, "position":(8.333333333333334,16.666666666666668,1.0), "time":86.28792451938553,"sensors":[29,44,28,16,45,38,13,17],"power":[0.007293424271547294,0.08473364899136525,0.014200065121703468,0.08232488928399509,0.07293644440439409,0.11084822981311711,0.005710826926244545,0.008778247092682458]}
{"id": 17, "drone": 4, "position":(8.333333333333334,25.0,1.0), "time":149.95285720818165,"sensors":[35,29,44,16,39,42,45,12,20,38,13,46,17,6,10],"power":[0.017262128188676396,0.027863032761448393,0.05719194301787725,0.10874975267771074,0.06978467222888123,0.035528290384131654,0.037050108238151615,0.07602152918931936,0.02035973571827685,0.06506616254391259,0.06805875623611642,0.03293601417206205,0.0321847481037703,0.022250552307963637,0.012069312705905465]}
{"id": 18, "drone": 4, "position":(8.333333333333334,41.666666666666664,1.0), "time":178.7295939405983,"sensors":[35,25,39,7,42,33,1,36,12,20,13,46,10,14],"power":[0.040536410276882956,0.10505242685511709,0.017770909520721617,0.13509041748165368,0.023175233590957182,0.22219712145844697,0.04764118260983109,0.019144507267449824,0.018607930973190807,0.029212471795255168,0.014400546168254664,0.03764309611962643,0.1422527411683712,0.12823682078114845]}
{"id": 19, "drone": 4, "position":(25.0,8.333333333333334,1.0), "time":149.95285720818157,"sensors":[28,37,5,18,22,34,21,27,47],"power":[0.027318126102770755,0.013664383937801625,0.04224197795057418,0.051713594764190865,0.01707426754597649,0.28395288729951107,0.02648592908894632,0.030345056954199166,0.13567424760660218]}
