LP RESULTS :
 Obj = 0.1*lambda1+0.9*lambda2 = 147.3036615668103 (lambda1 = 1455.0366156681027, lambda2 = 2.0) Resol time = 564 ms

{"id": 0, "drone": 2, "position":(8.333333333333334,41.666666666666664,1.0), "time":679.4387604334867,"sensors":[9,38,46,49,1,34,23,48,28],"power":[0.4308812012551414,0.23863730344098247,0.054903013823648775,0.14001128186830056,0.10604786902371192,0.768667717446717,0.06694521769729246,0.20928360742317675,0.11405177802459834]}
{"id": 1, "drone": 2, "position":(41.666666666666664,41.666666666666664,1.0), "time":775.5978552346161,"sensors":[40,47,17,19,6,36,18,11,27,8,4,0,41,22,35,45],"power":[0.28605884024299283,0.2608950396878438,0.2034794498620137,0.109178600697003,3.4688077131111936,0.1729821996107347,0.07423443216846684,0.0820842691971625,0.06236447016762293,0.12373132796925662,0.8575900503325666,0.19469072697805015,0.17163487492136265,0.14753912265446467,0.10032739082191677,0.15]}
{"id": 2, "drone": 5, "position":(33.333333333333336,8.333333333333334,1.0), "time":108.33821536345907,"sensors":[10,26,21,32,37,20,13,29],"power":[0.022981365887390953,0.012721123832835727,0.012091344569681783,0.018294143143977943,0.09142615294303319,0.04993222158375739,0.009267087699888536,0.01304646075268453]}
{"id": 3, "drone": 0, "position":(25.0,41.666666666666664,2.0), "time":362.58921204862935,"sensors":[40,12,19,24,44,1,18,11,41,34,22,48],"power":[0.04509620952387631,0.15,0.09727048697144138,0.03447312897999034,0.03953061561268625,0.05559167550613423,0.208989230068405,0.05209941937626982,0.06134165257859002,0.024452222117920953,0.049430647578182184,0.05262870068971925]}
{"id": 4, "drone": 0, "position":(8.333333333333334,25.0,1.0), "time":717.6108768706123,"sensors":[14,16,9,46,24,42,44,23,15,2,28],"power":[6.038244139944523,0.3328300548286456,0.07087194004744689,0.5531442350792933,0.04824357200418995,0.17314495116605186,0.05398480365751159,0.14010461545110497,0.06923516630027654,0.18212890930457465,0.20175028049714772]}
{"id": 5, "drone": 6, "position":(8.333333333333334,41.666666666666664,1.0), "time":57.98697836400379,"sensors":[9,38,46,49,1,34,23,48,28],"power":[0.036773732011840074,0.020366598076694668,0.004685720126828392,0.011949320005284522,0.009050698671802788,0.06560226012459644,0.005713466932192255,0.017861394907534765,0.009733795552772227]}
{"id": 6, "drone": 3, "position":(16.666666666666668,8.333333333333334,1.0), "time":647.590099857583,"sensors":[3,5,33,25],"power":[0.14999999999999997,0.11202446946711744,0.8970517506896679,0.153037338490907]}
{"id": 7, "drone": 3, "position":(25.0,25.0,1.0), "time":316.84954838485737,"sensors":[43,24,10,42,44,5,26,21,11,39,30,15,29],"power":[0.1443208533373518,0.07824450468297767,0.045126029458223214,0.05081834165784344,0.05648458072980216,0.05496223808546532,0.07962733608964097,0.08083924369021271,0.025600002397881755,0.24805126342662467,0.025303697602676967,0.14174477914489392,0.027873952480526508]}
{"id": 8, "drone": 1, "position":(41.666666666666664,25.0,2.0), "time":483.7427803669318,"sensors":[43,31,27,8,0,30,35,29],"power":[0.051023614612140056,0.1274223040856111,0.20444680820932123,0.0761042493117313,0.04915113813537794,0.18133591441432703,0.13538936998764514,0.09591383596428159]}
{"id": 9, "drone": 1, "position":(33.333333333333336,16.666666666666668,1.0), "time":119.18981158586456,"sensors":[43,10,31,5,26,21,39,37,20,30,29],"power":[0.017543700143765883,0.14096216606450818,0.007896161467614392,0.010766611287150497,0.0576515400775233,0.10030904251812535,0.008554208980053222,0.01067134272315652,0.010134842744540868,0.009625985080980472,0.17632722078271887]}
{"id": 10, "drone": 4, "position":(8.333333333333334,8.333333333333334,1.0), "time":807.4465158105197,"sensors":[33,25,7],"power":[0.15070177261827145,0.24228455497764445,0.15]}
{"id": 11, "drone": 4, "position":(41.666666666666664,8.333333333333334,1.0), "time":426.91625996698986,"sensors":[31,32,37,20,13,29],"power":[0.03898048555059399,1.342314617151161,0.04790250433381028,0.2722025575590306,0.14073291230011145,0.03642865961129249]}
