LP RESULTS :
 Obj = 0.1*lambda1+0.9*lambda2 = 151.66492761180567 (lambda1 = 1498.6492761180566, lambda2 = 2.0) Resol time = 139 ms

{"id": 0, "drone": 4, "position":(8.333333333333334,25.0,1.0), "time":488.9939445353232,"sensors":[33,4,41,18,26,21,14,20,38,28,37],"power":[0.031654813722023493,0.1011425749363963,0.09355391737851063,0.09158266978551438,0.5677583442951727,0.14762127506882386,0.386571417013966,0.05086816072403496,0.09713689164336525,0.31351218087765326,0.14099734164748248]}
{"id": 1, "drone": 4, "position":(25.0,16.666666666666668,1.0), "time":439.3654429837753,"sensors":[41,43,18,7,47,35,42,36],"power":[0.06781140519982387,0.053481601692136484,0.04230469616258745,0.06010321139989057,0.031444162226449156,0.055708786262175444,0.03970684873392696,0.05288961571724965]}
{"id": 2, "drone": 6, "position":(8.333333333333334,41.666666666666664,1.0), "time":981.7499892954236,"sensors":[15,11,48,2,29,31,25,46,39,14,45,38,37,22],"power":[0.1045678634246394,0.2679584039953758,0.15,1.1339907500149387,0.4293491426484132,0.20455081130792663,0.1063942448923826,0.45226534414739,0.4946259676463377,0.07958658697615192,0.2389244265317472,0.10412989990706956,0.09282409935039658,0.24494808440846197]}
{"id": 3, "drone": 6, "position":(25.0,41.666666666666664,1.0), "time":488.99394453532364,"sensors":[16,30,15,11,29,44,31,6,42,25,3,20,23],"power":[0.6541887249015308,0.11374976058255622,0.239099132022112,0.07716962632045704,0.05558708396251047,0.891789191740142,0.03317273597402171,0.12698303955361148,0.0351007577099923,0.12294585572673651,0.11270664730779931,0.03764905569840984,0.039704138869302776]}
{"id": 4, "drone": 1, "position":(8.333333333333334,16.666666666666668,5.0), "time":22.329690568876913,"sensors":[33,4,41,18,26,1,21,47,24,36,28,19],"power":[0.005077560397934644,0.0121042004757431,0.0026978219169842103,0.006693577390268799,0.004586686147043159,0.0020290797625225863,0.0023787249311761453,0.0023853783128198643,0.004264877569512618,0.0019237206389879336,0.004402408506927141,0.0030022245640137267]}
{"id": 5, "drone": 1, "position":(16.666666666666668,33.333333333333336,1.0), "time":27.90534228730987,"sensors":[15,41,11,26,2,29,44,42,25,14,20,37],"power":[0.004608616296252899,0.002871449100295124,0.00849484626820316,0.0028318557073045278,0.002214396804107071,0.005068412758976733,0.004531246537180525,0.0037376936635223016,0.02155835177233119,0.006121462905860842,0.04742990270582628,0.016834610239113378]}
{"id": 6, "drone": 2, "position":(33.333333333333336,16.666666666666668,1.0), "time":935.5905741529888,"sensors":[9,27,40,43,5,34,10,35],"power":[0.17360826541869867,0.15288935264939377,0.12463835317790209,0.1738835431613872,0.10371711605083722,0.18931222212777127,0.14027851911934147,0.2207863765182222]}
{"id": 7, "drone": 2, "position":(33.333333333333336,41.666666666666664,1.0), "time":303.0306110542101,"sensors":[16,30,8,44,6,3,23],"power":[0.11334787969446791,0.1992801579479228,0.02305950155617572,0.054357336130318276,0.023016960446388502,0.08035085991686107,0.06180551485305883]}
{"id": 8, "drone": 3, "position":(25.0,25.0,1.0), "time":72.00635622162872,"sensors":[41,43,34,35,42,20,23],"power":[0.013391613715436554,0.02595010339867419,0.004887777891611267,0.020431069813188235,0.07145469989255789,0.014052880871728905,0.006170094394546085]}
{"id": 9, "drone": 3, "position":(41.666666666666664,8.333333333333334,1.0), "time":563.0587019650678,"sensors":[9,27,40,5,10,13],"power":[0.07227493302928807,0.7900446994553885,0.8085400226879599,1.398919019949141,1.421979146839302,0.15]}
{"id": 10, "drone": 5, "position":(8.333333333333334,8.333333333333334,1.0), "time":379.75758165682237,"sensors":[33,4,17,18,1,47,24,36,19],"power":[0.11326762588004187,0.0813510602935214,0.044942815241133256,0.050831979876416605,0.13649819097408925,0.12813837719860283,0.35179392871680454,0.07736546082236771,0.15761784382371233]}
{"id": 11, "drone": 5, "position":(41.666666666666664,41.666666666666664,1.0), "time":623.8138942065419,"sensors":[30,49,8,0,23],"power":[0.07190100147020767,0.1332454947740662,0.08853860223415294,0.1477935427749905,0.06705722646664534]}
{"id": 12, "drone": 0, "position":(25.0,8.333333333333334,1.0), "time":657.1965609085818,"sensors":[17,1,7,47,32,36,12],"power":[0.1677406914920263,0.08519638711483817,2.156273492285894,0.09148639378144882,0.1867784099699578,0.15038472531942368,0.14999999999999997]}
{"id": 13, "drone": 0, "position":(41.666666666666664,33.333333333333336,1.0), "time":10.80447010035174,"sensors":[43,49,8,0,34,35,23],"power":[7.852063335810202E-4,0.020838619227353222,0.03840189620967134,0.0022064572250094943,0.001534048665756274,7.822107530004342E-4,0.0028700051311491997]}
