LP RESULTS :
 Obj = 0.1*lambda1+0.9*lambda2 = 124.55779230317599 (lambda1 = 1227.5779230317598, lambda2 = 2.0) Resol time = 381 ms

{"id": 0, "drone": 0, "position":(16.666666666666668,8.333333333333334,1.0), "time":206.92398548481106,"sensors":[0,3,30,36,15,49,18,12,42,31,39,2,33,11],"power":[0.03271701663954985,0.10049439886654982,0.19408016822594076,0.04423909149665508,0.03431200066628192,0.0730684628358433,0.0385232494284744,0.04349119446537385,0.050728244705317754,0.019625565204696795,0.021768858467438826,0.22941664098057504,0.013522928341883917,0.03368432399468761]}
{"id": 1, "drone": 0, "position":(16.666666666666668,33.333333333333336,1.0), "time":218.0830775744356,"sensors":[4,8,48,41,40,32,24,6,19,14],"power":[0.046835659142325084,0.04864462165898748,0.03523045889792076,0.014788556672961497,0.045921547493755474,0.017943756226775506,0.022076624953017775,0.21472148566637347,0.03063568793940116,0.0342913156256634]}
{"id": 2, "drone": 4, "position":(8.333333333333334,8.333333333333334,4.0), "time":441.6911004984911,"sensors":[5,0,3,30,49,18,28,7,9,31,2,44,33,11],"power":[0.03848821967979113,0.04008354086913332,0.09979177487129728,0.04074851898730239,0.35311826257365153,0.08903974989389256,0.09107001188471658,0.05760671267886788,0.0319407167102804,0.21852709338487464,0.04068401883492286,0.032744425571366614,0.15058694112104914,0.05539454135501899]}
{"id": 3, "drone": 4, "position":(41.666666666666664,41.666666666666664,1.0), "time":687.6571667845658,"sensors":[10,35,27,29,16,22,37,46,26],"power":[0.8822680329139289,0.20546520416974984,0.07284835118167955,0.19786569694731213,0.2544397614285568,0.12994562868826698,0.22071544614869731,0.2919014191811389,0.09790420629684493]}
{"id": 4, "drone": 5, "position":(8.333333333333334,33.333333333333336,5.0), "time":57.3298060580409,"sensors":[4,48,43,32,20,24,6,19,14],"power":[0.0214360314086558,0.019037792101165858,0.012567075558126589,0.004700360899942089,0.005719036680074605,0.011862707453405393,0.0051157017679635194,0.0063973655383122805,0.00516461858908096]}
{"id": 5, "drone": 5, "position":(25.0,8.333333333333334,1.0), "time":545.2418631456601,"sensors":[45,3,30,36,15,12,42,39,2],"power":[0.07582490583827535,0.04918090620117261,0.17492932581478624,0.0712398115946155,0.11568799933371808,0.10668600133942242,0.104339563618997,0.04665947727275872,0.1916687448429526]}
{"id": 6, "drone": 1, "position":(41.666666666666664,25.0,3.0), "time":539.920756247194,"sensors":[17,21,13,27,38,47],"power":[0.21675279803533765,0.11137390083210902,0.4503019963976687,0.20095649031282697,0.8248682653812542,0.10871625633885325]}
{"id": 7, "drone": 1, "position":(25.0,33.333333333333336,1.0), "time":185.116417239712,"sensors":[8,41,40,6,22,37,26],"power":[0.09921777045075142,0.03380168900578426,0.3143028127414003,0.05410566466662202,0.030380128027108686,0.017283295113158192,0.026204782612851453]}
{"id": 8, "drone": 2, "position":(41.666666666666664,8.333333333333334,1.0), "time":682.3360598860996,"sensors":[45,21,1,25,23,47],"power":[0.10482827097643937,0.05676923593151812,0.20299360250623566,0.15,0.19662062792789936,0.046219950254850574]}
{"id": 9, "drone": 2, "position":(8.333333333333334,41.666666666666664,1.0), "time":456.57387402759133,"sensors":[4,48,20,24,6,19,34],"power":[0.28626259903331536,0.4185532605496345,0.11497357048730183,1.9255470137638266,0.0467218852281786,0.40999673896753447,0.15000000000000002]}
{"id": 10, "drone": 3, "position":(8.333333333333334,33.333333333333336,1.0), "time":310.47474813198005,"sensors":[4,48,43,32,20,24,6,9,19,44,14],"power":[0.38644201751845236,0.2676683850254663,0.09948474122423322,0.03298809108378587,0.040273417116776115,0.08987229243713267,0.036841105399649514,0.022551556822367265,0.044966817108216844,0.022774319790099803,0.03564377389588603]}
{"id": 11, "drone": 3, "position":(33.333333333333336,41.666666666666664,1.0), "time":354.80433900748193,"sensors":[10,35,41,29,22,37,46,26],"power":[0.061260721260688045,0.4710497729004699,0.10140975432125422,0.028201695252911406,0.250753528752451,0.3634446560560281,0.10639071688143789,1.2752862736367705]}
{"id": 12, "drone": 6, "position":(16.666666666666668,16.666666666666668,1.0), "time":33.720973902797596,"sensors":[8,0,3,30,36,49,18,32,9,39,2,44,11,14],"power":[0.0021376078902610716,0.10163393633118142,0.002282800561144483,0.003311880173187761,0.133380932597877,0.004336736584479104,0.015773288385641897,0.008114145706754314,0.0037541081300536063,0.035271880216905506,0.0035578642927684753,0.008556873504566768,0.03787394511402192,0.008587222468292358]}
{"id": 13, "drone": 6, "position":(8.333333333333334,16.666666666666668,1.0), "time":441.6911004984911,"sensors":[5,0,36,49,43,18,32,28,7,9,31,39,44,33,11,14],"power":[0.2076872390835545,0.1427403577801964,0.0631015945896629,0.08515266453967514,0.037948183217640194,0.7159834715171817,0.15898439985691803,0.058929988115283403,0.09874526665630066,0.3426156339008185,0.10928525528152253,0.046299784042897175,0.39185139942995156,0.0670788095870615,0.3240504335890494,0.0748282565825591]}
