LP RESULTS :
 Obj = 0.1*lambda1+0.9*lambda2 = 120.35787168337022 (lambda1 = 1176.5787168337022, lambda2 = 3.0) Resol time = 40236 ms

{"id": 0, "drone": 1, "position":(25.0,16.666666666666668,1.0), "time":62.07884102772698,"sensors":[8,31,3,48,16,36,10,37],"power":[0.01921650251549139,0.007023062713240881,0.05904265111370309,0.30303933682180695,0.04689945283856959,0.010136303750017686,0.30426968380921104,0.007959308341604677]}
{"id": 1, "drone": 1, "position":(33.333333333333336,41.666666666666664,1.0), "time":321.4864561934642,"sensors":[45,9,46,41,14,23,1,38,19,2,4,5],"power":[0.07525911839138492,0.0798921968385239,0.08107089790156011,0.03602173668588199,0.05958328618690324,0.059665963703067114,0.04003452630215142,0.039302699536839535,0.05424119773381138,0.0628720666899886,0.06577873171225024,0.07257899671342838]}
{"id": 2, "drone": 1, "position":(25.0,25.0,1.0), "time":315.5057151870476,"sensors":[8,12,3,48,16,36,38,10],"power":[0.047292120077287905,0.060428387780406,0.06073445822544865,0.06647343630701265,0.15192569006661383,1.0011007632554276,0.03342427899570084,0.049377597820180946]}
{"id": 3, "drone": 4, "position":(8.333333333333334,33.333333333333336,3.0), "time":56.63018618282335,"sensors":[43,33,29,12,35,39,49,32,42,18,47,21,25],"power":[0.05846871324870471,0.006031493220469905,0.03209281025954446,0.004418772231221971,0.010606392130530079,0.08027430927144598,0.004162385026530489,0.004053489978492346,0.013412166224089417,0.005211350827878271,0.007002132126023192,0.016339520877583166,0.010491537135890886]}
{"id": 4, "drone": 4, "position":(8.333333333333334,41.666666666666664,1.0), "time":597.7042739320827,"sensors":[43,15,29,35,39,49,28,32,42,47,21,17],"power":[0.26428341293997193,0.11421693579985924,0.15500895428633857,1.6866367287843629,0.0858101931737313,0.18639161002999904,0.07436620133814298,0.0859632202619002,0.1011485068189376,0.23538009506519686,0.36944988437867854,0.22253741061760302]}
{"id": 5, "drone": 4, "position":(33.333333333333336,8.333333333333334,1.0), "time":437.22158279654025,"sensors":[8,40,31,34,48,16,10],"power":[0.07496854743296999,0.027817891191685297,0.09487042115351071,0.11317731433780366,0.05228300590721622,0.029119641769458627,0.05673162477153853]}
{"id": 6, "drone": 6, "position":(25.0,41.666666666666664,1.0), "time":522.2442567187961,"sensors":[45,15,9,12,28,32,23,19,5],"power":[5.2224425671879615,0.12018947340195027,2.6477088032788085,0.08126859468789467,0.07563379866185703,0.176720533834916,1.4769345486101217,1.3637496719383047,0.07742100328657162]}
{"id": 7, "drone": 6, "position":(41.666666666666664,41.666666666666664,4.0), "time":315.50571518704754,"sensors":[46,41,30,14,1,2,4],"power":[0.08590282310771852,0.08789073074042064,0.022220530688124355,0.11763581171570497,0.23144941222686335,0.05103640601675298,0.08422126828774977]}
{"id": 8, "drone": 2, "position":(16.666666666666668,8.333333333333334,1.0), "time":160.6095666997561,"sensors":[44,3,48,26,13,10,37],"power":[0.05853761983788326,0.02545561764124421,0.011859465965864142,0.04960477621117162,0.021342217660630054,0.01855393144744352,0.4112340168454984]}
{"id": 9, "drone": 2, "position":(41.666666666666664,33.333333333333336,1.0), "time":398.26458359786244,"sensors":[27,46,41,30,14,1,11,38,2],"power":[0.12355605678760533,0.3666236444466463,1.0327266690728516,0.17557759081374893,0.46844621794838665,0.08947093966352519,0.056550554731269034,0.10943928540856283,0.3395303566277081]}
{"id": 10, "drone": 3, "position":(8.333333333333334,25.0,1.0), "time":222.68840772748285,"sensors":[43,33,29,39,42,22,7,18,25],"power":[0.02588579511751366,0.27548960501502356,0.026347877882111213,0.07220461436990071,0.01686360564946513,0.0286774190524203,0.11329686358839801,0.12215156498702537,2.17201374639126]}
{"id": 11, "drone": 3, "position":(8.333333333333334,33.333333333333336,5.0), "time":282.19855874503554,"sensors":[43,33,29,12,35,39,42,18,47,21,25],"power":[0.12509057897988105,0.025172069186430283,0.09200741359038375,0.018456575247685302,0.044732705899135486,0.14639955052022735,0.05392934345046402,0.02263708418509633,0.027038706784774633,0.06388174499995478,0.04330145578731792]}
{"id": 12, "drone": 0, "position":(41.666666666666664,16.666666666666668,1.0), "time":220.45061596705955,"sensors":[8,20,27,40,31,11],"power":[0.032959960379778455,0.084653122580481,0.026525220388683587,1.0496576744253479,0.10016365228396497,0.03275554675561946]}
{"id": 13, "drone": 0, "position":(41.666666666666664,25.0,1.0), "time":141.32196185532797,"sensors":[8,20,27,40,31,46,41,30,14,11,38,2],"power":[0.011727866339856445,0.04214969720932404,0.1876359982402888,0.03868091138703077,0.01902658004197428,0.014182671047511383,0.018001744943734195,0.04144667600600835,0.012791575410261456,0.060693898513111466,0.026348296258621225,0.02166428710128081]}
{"id": 14, "drone": 0, "position":(41.666666666666664,8.333333333333334,1.0), "time":315.5057151870473,"sensors":[20,40,31,34],"power":[0.02319718021019497,0.05228466210189295,0.0497974191480702,0.036822685662196326]}
{"id": 15, "drone": 5, "position":(8.333333333333334,8.333333333333334,1.0), "time":948.12283105549,"sensors":[44,6,22,7,24,26,0,13,37],"power":[0.09146238016211673,0.30230470582144797,0.1642248612244194,0.07521792651384755,0.21585462362906327,0.47929022492005396,0.15,2.1694037966229507,0.2090355125259983]}
{"id": 16, "drone": 5, "position":(16.666666666666668,16.666666666666668,1.0), "time":5.76747805072921,"sensors":[33,3,48,16,7,10,37,25],"power":[4.359441017838187E-4,0.004767273019603815,8.902210987919217E-4,5.834283007766231E-4,5.354925507909247E-4,0.00111562500565656,0.0022163951771661397,4.976235264396988E-4]}
