LP RESULTS :
 Obj = 0.1*lambda1+0.9*lambda2 = 119.11936267839945 (lambda1 = 1164.1936267839944, lambda2 = 3.0) Resol time = 130557 ms

{"id": 0, "drone": 0, "position":(25.0,41.666666666666664,3.0), "time":250.54158318121938,"sensors":[16,12,3,9,37,18,15,41,14,29],"power":[0.09500397851763762,0.0873821453209594,0.04531095536482758,0.023366979640652864,0.020379966139561747,0.032002444316369005,0.020028298592911095,0.07050141455166384,0.01673073079115237,0.03518892868671939]}
{"id": 1, "drone": 0, "position":(8.333333333333334,25.0,5.0), "time":47.78878775989,"sensors":[2,23,47,43,5,10,11,37,25,19,1,45,42,27],"power":[0.008225707011025218,0.003950416802798238,0.00907879330441399,0.01030369404489767,0.007972258211706737,0.027495786099416344,0.013026817243078453,0.00332459058772996,0.006513465748635502,0.025051233898627037,0.010016006829126395,0.009467963917958401,0.0032476036000563127,0.009355063559595743]}
{"id": 2, "drone": 0, "position":(8.333333333333334,41.666666666666664,1.0), "time":608.2834924573654,"sensors":[23,28,12,3,34,9,11,13,41,27],"power":[0.12807828343940117,0.27893105590617256,0.04174421709417587,0.1231158825932267,0.1487005319816735,0.2720794559608081,0.06277674984862343,0.4827612994117158,0.08557033267008937,0.05514597270031206]}
{"id": 3, "drone": 1, "position":(16.666666666666668,33.333333333333336,1.0), "time":10.803954350916907,"sensors":[23,47,12,3,9,10,11,37,18,19,13,41,21,42,40,27,29],"power":[0.015172224183629167,0.0026498505243706632,7.77054141495116E-4,0.0046209559899721975,0.0012559626740718344,9.53861815390936E-4,0.0015315168332278683,0.014700634972238428,0.001369577703449546,8.21508962525058E-4,6.863453285642572E-4,0.002792750223031799,0.0011069440515740726,0.0022142528083242195,9.7984467416638E-4,7.278965672606431E-4,0.0010441219460805098]}
{"id": 4, "drone": 1, "position":(41.666666666666664,8.333333333333334,1.0), "time":665.349308779947,"sensors":[4,20,38,24,8,7,44,36,32,31,46],"power":[0.13099915924519415,0.1866767763959895,0.12105538498213439,0.06524837845675303,0.1038593987037038,0.11530946829479115,0.2210899736140665,0.13354233251877895,0.5973324012064348,0.3831804206919997,0.1430122191415236]}
{"id": 5, "drone": 1, "position":(8.333333333333334,25.0,1.0), "time":488.04036365313044,"sensors":[2,23,26,47,43,5,10,11,37,25,19,1,45,42,27],"power":[0.1161659301672496,0.051853838058201186,0.038146916592426285,0.13012635565545158,0.15050348736717642,0.10985609149527141,3.331765381079477,0.23484611807220623,0.041942310930735284,0.09005643881070645,1.6005834292843175,0.1467898287679307,0.13225354693602265,0.04101568004210583,0.13483581168616837]}
{"id": 6, "drone": 2, "position":(41.666666666666664,33.333333333333336,2.0), "time":273.99019003145787,"sensors":[15,30,33,6,35],"power":[0.031643714950908564,0.6391398175302477,0.574810654487787,0.09760573967634438,0.10742509166320718]}
{"id": 7, "drone": 2, "position":(33.333333333333336,8.333333333333334,1.0), "time":222.93719697903606,"sensors":[4,0,38,24,8,44,32,22,31,46],"power":[0.43913182520138166,0.026943813256915642,0.04412374743811495,0.06201243665669572,0.029794800074694646,0.041639167041465884,0.017679106524113457,0.04483852803555768,0.06825370978590851,0.05102245241189191]}
{"id": 8, "drone": 2, "position":(41.666666666666664,41.666666666666664,1.0), "time":47.404335710004716,"sensors":[16,15,30,33,6,14],"power":[0.004844854859993581,0.030133209311079996,0.01097412202622937,0.0068437323236475575,0.003065432695420376,0.007005554966865179]}
{"id": 9, "drone": 4, "position":(33.333333333333336,41.666666666666664,4.0), "time":297.6929210668201,"sensors":[16,18,15,30,14,29],"power":[0.1594234137162862,0.02502241909729958,0.13332759540259415,0.035039416888719456,0.05723710951807152,0.03252589529597075]}
{"id": 10, "drone": 4, "position":(33.333333333333336,16.666666666666668,1.0), "time":41.634636394764236,"sensors":[4,0,8,22,21,6,40,46],"power":[0.019751449296186486,0.008270428146059694,0.024209861617543505,0.043282467130876676,0.004012496366748407,0.00302554935501222,0.003584354113755116,0.040190911232054816]}
{"id": 11, "drone": 4, "position":(41.666666666666664,8.333333333333334,1.0), "time":200.1684825417949,"sensors":[4,20,38,24,8,7,44,36,32,31,46],"power":[0.03941073143736278,0.05616118715971735,0.03641917470361538,0.019629792549045226,0.031245810226127976,0.03469053170520886,0.06651430149478044,0.04017583801866786,0.17970578573499876,0.11527876010015004,0.043024826978457345]}
{"id": 12, "drone": 3, "position":(33.333333333333336,41.666666666666664,1.0), "time":294.56459679449245,"sensors":[16,12,18,15,30,6,14,29],"power":[0.390857910195751,0.020096583443369603,0.02952595955958518,0.28645146742535343,0.04164189305121014,0.019522503647031463,0.06902660472391094,0.03752379854572988]}
{"id": 13, "drone": 3, "position":(41.666666666666664,25.0,1.0), "time":21.628249318503215,"sensors":[8,30,33,6,35,46],"power":[0.004818569968849451,0.00401342372417153,0.006547375940204073,0.008733418424688149,0.0425749083367928,0.0027577663320291616]}
{"id": 14, "drone": 3, "position":(8.333333333333334,8.333333333333334,1.0), "time":284.4300329491599,"sensors":[17,43,5,49,48,45,39],"power":[0.03433373005321337,0.042124531185301524,0.05724151517370951,0.13179224340465343,1.8319162929225836,0.03231358763538612,0.17377697347506393]}
{"id": 15, "drone": 6, "position":(25.0,25.0,1.0), "time":310.5905713905457,"sensors":[26,0,47,37,18,22,21,42,6,40,29],"power":[0.0723865964337506,0.0484796546667144,0.05575660749030601,0.06856738728458077,0.09117169407447531,0.04843761945013105,3.105905713905457,0.2406818575050075,0.021986697943977652,0.5534877818822223,0.07264632460075054]}
{"id": 16, "drone": 6, "position":(25.0,16.666666666666668,1.0), "time":12.475752769948805,"sensors":[4,26,0,17,47,8,22,21,45,42,40,46],"power":[0.0018206580755619497,0.004676355357071705,0.053306540238651695,0.0016492620026370124,9.539045359063305E-4,8.527789846107167E-4,0.009440116953610666,0.002468710436990472,8.698361859837177E-4,0.0018392268000979285,0.0015674702110512894,0.0010460327489104399]}
{"id": 17, "drone": 6, "position":(8.333333333333334,16.666666666666668,1.0), "time":285.21716829687085,"sensors":[2,26,47,43,5,10,25,19,49,1,48,45,39],"power":[0.024462303311909166,0.02959247091891554,0.027882342744114767,0.9827522168263692,2.2244174412844715,0.054416072840493004,0.053430095440658056,0.09293028199876312,0.02009789285907922,0.018912643464809233,0.0795974653928092,0.2374331313062726,0.0403198340055878]}
{"id": 18, "drone": 5, "position":(8.333333333333334,33.333333333333336,1.0), "time":9.27702856269175,"sensors":[2,23,28,47,3,34,9,10,11,37,19,1,13,41,27],"power":[0.0011460595098160217,0.0042414363408723715,8.227925487978835E-4,0.0011512989399157904,0.0013259537703341027,0.0012994680183265098,9.236244043203032E-4,0.0022017562434087823,0.012953027467231584,0.0010851100851537899,0.0013261127599117175,0.002391655033634469,0.0027221037189404528,7.373544998609431E-4,0.004578154667970046]}
{"id": 19, "drone": 5, "position":(25.0,8.333333333333334,1.0), "time":21.62824931850446,"sensors":[4,26,0,17,24,22],"power":[0.004118045243292816,0.0018295891215238844,0.006761626019307588,0.009021859687922967,0.0031093923375060156,0.004001268429823923]}
{"id": 20, "drone": 5, "position":(16.666666666666668,8.333333333333334,1.0), "time":46.241521354994525,"sensors":[26,0,17,43,5,49,48,45,39],"power":[0.00500349728460007,0.006237937672350967,0.10499514825622663,0.004009827587431856,0.004891440319995866,0.016899026951651696,0.010461899381275775,0.004937857030459268,0.00313417446382236]}
