LP RESULTS :
 Obj = 0.1*lambda1+0.9*lambda2 = 149.58624089162552 (lambda1 = 1477.862408916255, lambda2 = 2.0) Resol time = 280 ms

{"id": 0, "drone": 6, "position":(25.0,41.666666666666664,3.0), "time":297.3953225469909,"sensors":[26,11,5,1,48,2,42,4,32,19,49,6,31],"power":[0.06471253502397349,0.04025024842594621,0.03482913255897851,0.023240166233673556,0.03501485918783166,0.036065601920215275,0.06334830830515009,0.4073322751002426,0.06726699619922583,0.07733713272428669,0.02513908982736436,0.053364749388838714,0.03310154599410758]}
{"id": 1, "drone": 6, "position":(25.0,16.666666666666668,1.0), "time":289.1850935498294,"sensors":[7,23,10,39,12,33],"power":[0.27191630092919156,0.042072160015073704,0.13644827944496635,0.06127505468527262,0.05718505841012104,0.07586085319355187]}
{"id": 2, "drone": 4, "position":(8.333333333333334,16.666666666666668,2.0), "time":209.27323657382976,"sensors":[14,30,10,29,47,18,37,27],"power":[0.027500004039409543,0.02781695492311533,0.015945036920142066,0.05767367553741788,0.08429451169875989,0.06804116030775481,0.024861244923947017,0.027149080562817646]}
{"id": 3, "drone": 4, "position":(41.666666666666664,41.666666666666664,1.0), "time":1061.3850608144505,"sensors":[26,38,43,28,9,20,5,46,2,25,24,42,16,32,49,6,40],"power":[0.1924885776091665,0.16862427939513788,0.17795309636195927,0.26465067910851753,0.34410820191897734,0.26749194739865845,0.08760915720644324,0.07253537573752368,0.13205571326701354,0.15,0.10200042235057488,0.09213448517362888,0.23939991755518333,0.167786569356477,0.5974543389121798,0.07333451849677443,0.16518362511553444]}
{"id": 4, "drone": 5, "position":(8.333333333333334,41.666666666666664,1.0), "time":1100.5552293932642,"sensors":[45,41,13,11,22,1,48,0,19,3,31],"power":[0.13967160843220663,0.16221042892371548,3.9069294224394224,0.1785690190973815,0.21515174140340138,0.1938748545350167,0.3902726461404181,0.19137502843287482,0.10802376152136844,0.3090345580626087,0.1261524849912445]}
{"id": 5, "drone": 5, "position":(33.333333333333336,8.333333333333334,1.0), "time":10.5871143301846,"sensors":[35,7,8,12,17,34,33],"power":[0.005250048984697185,0.0013828444145233927,0.0011562977176388782,0.014437858277926484,0.0029113805406467777,0.003486556139429622,0.0010096346252285824]}
{"id": 6, "drone": 1, "position":(8.333333333333334,8.333333333333334,1.0), "time":1188.6773153664255,"sensors":[14,44,15,23,29,27],"power":[3.5548860312732478,0.3394237920548416,0.14999999999999997,0.15130910106847187,0.10726056961863002,1.0835798381314545]}
{"id": 7, "drone": 1, "position":(33.333333333333336,16.666666666666668,1.0), "time":19.831826640367638,"sensors":[35,7,10,39,12,17,34,33],"power":[0.005548376309444544,0.014199604161764667,0.001354141172934019,0.006082862796473772,0.00474713495780637,0.002256125111604466,0.0045994545215973515,0.020265272474507663]}
{"id": 8, "drone": 2, "position":(41.666666666666664,8.333333333333334,1.0), "time":740.7393380640746,"sensors":[35,8,12,17,21,34],"power":[0.5178558235296891,0.8600646289711168,0.0736299483541461,5.165827408815315,0.15,0.832279590128143]}
{"id": 9, "drone": 2, "position":(8.333333333333334,25.0,1.0), "time":79.91185697599991,"sensors":[45,41,30,10,22,1,0,29,47,18,37],"power":[0.015048901566637601,0.011142766988135164,0.1516607381536985,0.005415827129959096,0.01869655107388676,0.0076530069511522025,0.01811981013129617,0.012938301686022974,0.14143814039292804,0.12667822478744856,0.12513875507605296]}
{"id": 10, "drone": 0, "position":(33.333333333333336,41.666666666666664,1.0), "time":119.0820255548135,"sensors":[26,38,43,28,9,20,5,2,42,4,16,32,49,6],"power":[0.5586531733076346,0.027472274057968277,0.029169632986173567,0.009966194177234771,0.011047317724828072,0.03238586577439642,0.027561710234578242,0.03862586170849418,0.04434137819467901,0.022563183602488233,0.028248722551669256,0.23742546680349066,0.12318166896462471,0.03220536115999007]}
{"id": 11, "drone": 3, "position":(41.666666666666664,25.0,2.0), "time":297.39532254699094,"sensors":[38,43,28,39,46,36,24,16,33,40],"power":[0.03765853805202597,0.035031860819458055,0.049840816567549795,0.032263199004770565,0.0774646242624763,0.06128426154348663,0.15485803725616062,0.03585249859654951,0.032034893094349835,0.03380039424786581]}
{"id": 12, "drone": 3, "position":(41.666666666666664,16.666666666666668,3.0), "time":706.7041298816282,"sensors":[35,7,39,36,8,17,34,33],"power":[0.19609689877923409,0.049009126054713366,0.05037888351348306,0.1367635979755457,0.06939685191632941,0.13507658792859217,0.22786248834854406,0.08073743656420841]}
