LP RESULTS :
 Obj = 0.1*lambda1+0.9*lambda2 = 173.68500199763054 (lambda1 = 1718.8500199763052, lambda2 = 2.0) Resol time = 307 ms

{"id": 0, "drone": 3, "position":(25.0,8.333333333333334,1.0), "time":473.9700478855938,"sensors":[27,3,4,28,45,8,11,19,39,44],"power":[0.07220998786452593,0.06457394968428833,0.09814322312822475,0.09643272358562634,0.07283133566273858,0.043643967948310644,0.09237844541365807,0.3017364125088553,0.0753654380453833,0.0901631311543949]}
{"id": 1, "drone": 3, "position":(25.0,41.666666666666664,1.0), "time":660.8356927217327,"sensors":[30,42,2,18,26,43,10,49,32,35,37,31,21],"power":[0.056771451489229886,0.48434302933616785,0.15,0.21149806501880858,0.2200217992377202,0.07624355385444377,3.176940720528009,0.17413098545350625,0.1720734659255857,0.05148588380003212,0.32080610885610517,0.23085897755033413,0.09941705650625093]}
{"id": 2, "drone": 4, "position":(8.333333333333334,8.333333333333334,1.0), "time":1244.8799720907114,"sensors":[46,27,48,16,5,24,28,45],"power":[0.20321958714395608,0.14748121843858708,0.14218068971432232,0.481747815058413,0.15,0.15177400973590363,0.2202262542610459,0.20204859516590837]}
{"id": 3, "drone": 6, "position":(41.666666666666664,41.666666666666664,1.0), "time":832.7093488890108,"sensors":[42,18,47,15,1,32,13,38],"power":[0.06769693101133363,0.11989411569793755,0.2518831223155354,0.17955802993050626,0.48894424188437013,0.06970834096404518,0.31342804064817176,0.6061039874995762]}
{"id": 4, "drone": 6, "position":(8.333333333333334,25.0,2.0), "time":195.45609509895897,"sensors":[46,14,48,12,24,33,8,6],"power":[0.013464107440872846,0.013686064726500349,0.044535904661941045,0.036318287169059695,0.02280832194896989,0.1300799989546972,0.014723852042347793,0.017043326017303125]}
{"id": 5, "drone": 0, "position":(41.666666666666664,8.333333333333334,1.0), "time":225.30497836556162,"sensors":[22,20,3,7,25,41,23,11,44],"power":[0.6013791201935409,0.06786966474610685,0.06958247477713728,0.04760570843596408,0.04092351508453044,0.01783657117333304,0.04743521593278423,0.021997741414921588,0.02880507792494588]}
{"id": 6, "drone": 0, "position":(41.666666666666664,16.666666666666668,1.0), "time":262.62406710958965,"sensors":[22,3,7,34,25,41,40,44],"power":[0.08548001229519929,0.02361950084863921,1.108066045345143,0.07797298548055966,0.07253900340281129,0.07019949764334997,0.038734876461811375,0.04008751011145515]}
{"id": 7, "drone": 1, "position":(8.333333333333334,41.666666666666664,1.0), "time":1058.0143272545724,"sensors":[14,17,36,12,43,6,31,21],"power":[0.17129010303940195,2.2297659963220076,0.3060297678021816,0.22773153838628257,0.10578347142173951,0.19862220209855067,0.11829944360227275,0.17934945461707938]}
{"id": 8, "drone": 2, "position":(33.333333333333336,8.333333333333334,1.0), "time":756.9509266155601,"sensors":[22,20,3,4,7,23,40,11,19,44],"power":[0.21154914216462986,0.21304588610305622,1.511161056037058,0.05185677687177525,0.09812927370214473,0.10256478406721578,0.05531142381996389,0.26415818247974543,0.14076158311097037,0.4152037407777732]}
{"id": 9, "drone": 2, "position":(41.666666666666664,25.0,1.0), "time":473.9700478855939,"sensors":[47,7,34,25,41,40],"power":[0.06813277738695692,0.097499745659266,0.2047998429768179,0.036537481512658294,0.07724907774563038,0.07286778395881635]}
{"id": 10, "drone": 5, "position":(16.666666666666668,25.0,3.0), "time":278.51395278663495,"sensors":[30,48,0,12,9,33,35,8,29,39],"power":[0.0720020612822534,0.06289008799499254,0.0245334462697741,0.03232958288790546,0.08702249356580119,0.019920001045302792,0.03158804802883701,0.07861584747064908,0.048749853327082704,0.04546240204730413]}
{"id": 11, "drone": 5, "position":(25.0,25.0,1.0), "time":225.30497836556162,"sensors":[30,0,26,9,32,35,37,8,40,19,29,39],"power":[0.08369423457136023,0.18014697347384115,0.031417982293772614,0.6491273200659765,0.01716215331306488,0.17898917431986758,0.025052595283353275,0.05203342000650668,0.04589482696363813,0.02096161995075543,1.5914444229563867,0.051280683450453425]}
