LP RESULTS :
 Obj = 0.1*lambda1+0.9*lambda2 = 123.14161337152983 (lambda1 = 1204.4161337152982, lambda2 = 3.0) Resol time = 105917 ms

{"id": 0, "drone": 3, "position":(16.666666666666668,41.666666666666664,1.0), "time":296.58895089154066,"sensors":[34,4,24,48,49,19,1,40,3,36,44,46,6],"power":[0.07275688054842347,0.04867314399165198,0.04096636334163598,0.05030344221576996,0.0732119823553397,0.05354328147559765,0.4241496502133991,0.24919553316802218,0.06632984350188038,0.07153700289320017,0.021951506194893625,0.3299282928367352,0.04414914697973388]}
{"id": 1, "drone": 3, "position":(33.333333333333336,33.333333333333336,1.0), "time":383.4605454395825,"sensors":[5,25,26,2,49,0,37,23,36,44,8,41,33],"power":[0.1276007101250971,1.312831566677403,0.21755354315592557,0.027099665836661162,0.0356270611990008,0.040842084500738104,0.16862272362034403,0.3210137620377395,0.031619455608132375,0.10017629143854627,0.31457469014860684,0.0747546691267374,0.07222414159132998]}
{"id": 2, "drone": 3, "position":(25.0,16.666666666666668,1.0), "time":39.25941716685679,"sensors":[18,7,38,11,21,39,27,22,32,31],"power":[0.011374088127533264,0.0065279014386834385,0.0033420663884038805,0.04877734998642471,0.010399957040558797,0.003331917110166542,0.030908310854293148,0.011457656175990994,0.0025470598879435142,0.010321044735853954]}
{"id": 3, "drone": 5, "position":(33.333333333333336,8.333333333333334,1.0), "time":587.5514893704319,"sensors":[13,42,12,15,38,28,11,39,29,27,22,9,43,30,31],"power":[2.2715526322447186,0.09146385871168819,0.21603380153247712,0.21962320625010126,0.07227114342874513,0.1637139237739783,0.05246524517257335,0.10451162235584456,0.08202626003003087,0.08515199495014253,0.0651792665447126,0.11214909604306494,0.058970166935540524,0.9247494872374561,0.3485005929189656]}
{"id": 4, "drone": 5, "position":(41.666666666666664,41.666666666666664,5.0), "time":1.1734304660495525,"sensors":[26,2,0,37,41],"power":[2.536324250950548E-4,6.729744780631866E-4,1.7685972079942806E-4,2.089015972077911E-4,9.902769181961195E-5]}
{"id": 5, "drone": 5, "position":(25.0,41.666666666666664,5.0), "time":94.94051074533104,"sensors":[34,25,48,49,19,1,37,40,36,44,46,41],"power":[0.00908707715896999,0.006503443106040288,0.008639730772562212,0.020275532687347594,0.03399718294359838,0.02372333137521786,0.011020964772392068,0.015403908690722785,0.01696357710366742,0.02927144032170184,0.02207558696872091,0.026020240660623698]}
{"id": 6, "drone": 0, "position":(8.333333333333334,33.333333333333336,1.0), "time":31.776729026965327,"sensors":[4,24,48,10,47,3,36,32,6],"power":[0.008272694329109308,0.0043781826442739384,0.004101831977336227,0.046402590693334925,0.004627483621743989,0.009880375231887908,0.0025207813851668096,0.0038232042062777602,0.008451014480503801]}
{"id": 7, "drone": 0, "position":(41.666666666666664,25.0,1.0), "time":378.80449005212887,"sensors":[5,25,26,0,16,23,22,8,20,45,33],"power":[0.1400302873557542,0.036712827391613474,0.029155478128050274,0.0698955760411409,0.10117113377790675,0.07444392250644129,0.03898350006102452,0.09626350601363248,0.7007818963971703,0.2167746303644395,0.35846712516070667]}
{"id": 8, "drone": 0, "position":(16.666666666666668,25.0,1.0), "time":63.163781718365655,"sensors":[4,18,48,49,10,11,21,3,36,32,6],"power":[0.017583727212514052,0.005875760702772344,0.015551808853497858,0.0059413543659289835,0.005334139698714395,0.005088570901078353,0.023306421817183884,0.012050485669219556,0.007439530829420589,0.1180485074992584,0.01955987426731448]}
{"id": 9, "drone": 6, "position":(8.333333333333334,41.666666666666664,1.0), "time":785.2505967927679,"sensors":[34,4,17,24,1,10,47,40,3,46,6],"power":[0.06815604229260656,0.06995651537986645,0.15,1.7699288763445078,0.08879380315627636,0.09506587702291892,0.21166693969465863,0.10594497136074993,0.10425882433423435,0.08420909331473607,0.06545616555749902]}
{"id": 10, "drone": 6, "position":(41.666666666666664,16.666666666666668,1.0), "time":192.17932302373742,"sensors":[13,42,5,28,16,22,9,20,43,45,30,33],"power":[0.015668553203133952,0.019521369736002315,0.01737104249949422,0.0410644776023376,0.048828866222093266,0.024857946202310157,0.019832586778802085,0.08104227617787953,0.043055079163643296,0.02506380199968385,0.012180847320248326,0.03198603880570672]}
{"id": 11, "drone": 6, "position":(16.666666666666668,33.333333333333336,1.0), "time":27.63607528565866,"sensors":[4,48,49,1,10,40,3,36,32,46,6],"power":[0.13403201176633794,0.0714031861808338,0.012612290095622338,0.0035552782286511746,0.0031973925850317534,0.0022295482378248167,0.12055737568484741,0.01991965218041186,0.0043568072812896685,0.00292750797701404,0.097937064597213]}
{"id": 12, "drone": 4, "position":(41.666666666666664,33.333333333333336,1.0), "time":11.551541118693308,"sensors":[5,25,26,2,0,37,23,8,20,45,33],"power":[0.002612313551263791,0.0018168030983827235,0.004779150312978561,0.0022610830730987893,0.020345172829435706,0.0021271072702194424,0.002208139213040198,0.003249367958420256,0.00130126115353285,0.002205754868411864,0.0022771091328888113]}
{"id": 13, "drone": 4, "position":(25.0,8.333333333333334,4.0), "time":362.3041114126365,"sensors":[13,18,15,7,38,11,21,39,29,27,30,31],"power":[0.05113463575414775,0.07468290453932644,0.06806991173787262,0.0944628531253535,0.1591564163726538,0.037204522390344844,0.023735882587056688,0.16879947736638906,0.06797373996996912,0.15892750474916373,0.04616274983228573,0.15701903633804942]}
{"id": 14, "drone": 4, "position":(8.333333333333334,8.333333333333334,1.0), "time":634.8334471982889,"sensors":[18,7,14,35],"power":[0.06471468877433609,0.08762495377896368,0.38409546416413104,0.1445192644547648]}
{"id": 15, "drone": 2, "position":(33.333333333333336,41.666666666666664,1.0), "time":335.65904635956264,"sensors":[25,26,2,49,19,37,23,44,8,41],"power":[0.051128506162823606,0.12596430110244358,0.05535804088748977,0.024217156105767097,0.062459535580803964,0.5956013217716308,0.025711688372574613,0.24445896939061348,0.028381314750121574,0.6201197997746666]}
{"id": 16, "drone": 2, "position":(8.333333333333334,16.666666666666668,1.0), "time":67.58131800910735,"sensors":[18,7,14,21,32,35],"power":[0.007388094114275585,0.005544014065439889,0.004676835323733987,0.010174394505800677,0.012234518849758224,0.005480735545235186]}
{"id": 17, "drone": 2, "position":(41.666666666666664,41.666666666666664,1.0), "time":93.76708027928134,"sensors":[26,2,0,37,44,41],"power":[0.03022012692721014,0.4973661772168795,0.01874030690788586,0.02313397639226274,0.007332930965903381,0.01014446365833632]}
{"id": 18, "drone": 1, "position":(33.333333333333336,16.666666666666668,1.0), "time":6.62141410214312,"sensors":[13,5,28,11,27,23,22,8,20,30,31,33],"power":[9.82235711153073E-4,7.941398141491068E-4,7.871863640051328E-4,0.0024539236870277804,0.0010070875367558941,5.362097571109367E-4,0.009521631015961741,4.579328403155304E-4,7.603973118920887E-4,6.870446398453575E-4,0.0015475612490414368,0.001016196394463511]}
{"id": 19, "drone": 1, "position":(16.666666666666668,16.666666666666668,1.0), "time":37.274058210043115,"sensors":[18,7,11,21,27,32],"power":[0.03144292005446168,0.009988122676064838,0.004010387862551498,0.08238334404939997,0.007593681768516993,0.008989902275472401]}
{"id": 20, "drone": 1, "position":(41.666666666666664,8.333333333333334,1.0), "time":38.80868368515291,"sensors":[13,42,12,15,28,9,43,30,31],"power":[0.010056429640824557,0.05582955463745784,0.012279946720377877,0.0034469749674755305,0.23503934666269372,0.06161826352831267,0.047974753900816174,0.009352487321314652,0.0027158073727401202]}
