LP RESULTS :
 Obj = 0.1*lambda1+0.9*lambda2 = 161.87055594932923 (lambda1 = 1600.7055594932922, lambda2 = 2.0) Resol time = 4691 ms

{"id": 0, "drone": 2, "position":(41.666666666666664,33.333333333333336,1.0), "time":1376.1188108106721,"sensors":[0,1,2,9,18,14,11,47,45,36,30,6],"power":[0.09877159782010901,0.4491752176464959,1.4527897796171312,0.22090392824627347,0.2321207228861178,0.10856684065625008,0.20058233594519853,0.3966256035567158,1.3909875235693814,0.22388863926871047,0.12033855991675435,0.5101971063436206]}
{"id": 1, "drone": 0, "position":(41.666666666666664,8.333333333333334,1.0), "time":956.487637204259,"sensors":[4,41,16,49,26,12,44,7,19,40,43,5],"power":[0.1739876590404986,0.07388691689831262,0.11498112706661626,3.765400579761644,0.22296801779696776,0.2834981798316957,0.14070731334521633,0.26721793581520925,0.15,0.3067327448129568,0.1147508777154499,0.1942830046156344]}
{"id": 2, "drone": 3, "position":(8.333333333333334,41.666666666666664,3.0), "time":1303.4598504010173,"sensors":[3,32,13,20,48,21,37],"power":[0.209990129058013,0.5283078572515084,0.15,0.14331367609604942,0.16123654458296524,0.3598698624674799,0.09460363724766914]}
{"id": 3, "drone": 4, "position":(16.666666666666668,8.333333333333334,5.0), "time":89.78669578035718,"sensors":[33,42,10,34,22,29,8,31,15],"power":[0.006412874661415953,0.02988297513303872,0.011373470768062948,0.017814189564871675,0.01506033469116347,0.05501550311330738,0.010827609266754527,0.008232547733686289,0.006590925658470026]}
{"id": 4, "drone": 4, "position":(8.333333333333334,8.333333333333334,1.0), "time":866.7009414239018,"sensors":[27,33,42,10,34,22,35,29,8,46,15],"power":[0.1290248977538534,0.2582548835685829,0.06993309793789172,1.8590766095720508,2.3848215234673575,0.1916400929572328,0.08980352921344059,0.19389973549616016,0.31855508740929145,0.18746188158147054,0.13490546705616308]}
{"id": 5, "drone": 5, "position":(41.666666666666664,41.666666666666664,1.0), "time":114.57431224187553,"sensors":[1,2,9,14,45,30],"power":[0.09127287677848724,0.030644105907056435,0.02327186169023576,0.041433159343749935,0.022676975929743232,0.0815429789205186]}
{"id": 6, "drone": 5, "position":(25.0,25.0,1.0), "time":107.46881099913634,"sensors":[17,0,23,18,11,25,47,38,36,28,24],"power":[0.031313501754876384,0.036306609437465796,0.012534929790965118,0.007409129547382774,0.012924283683856879,0.09660921262586786,0.007428763378499763,0.011263184566393447,0.010441308439814003,0.08740379113335542,0.008032413702914666]}
{"id": 7, "drone": 1, "position":(25.0,33.333333333333336,2.0), "time":117.11793768348377,"sensors":[17,0,3,23,20,25,28],"power":[0.03481990331625065,0.014921792742425227,0.01516236287723418,0.10942614752427589,0.021809864868136245,0.07041907191540149,0.036274747361764496]}
{"id": 8, "drone": 1, "position":(16.666666666666668,25.0,1.0), "time":297.24570909227486,"sensors":[17,27,23,35,25,38,37,28,24,15],"power":[0.15996270562713155,0.023429525880265128,0.028038922684759018,0.06989079154719985,0.0695483433349888,0.3277008649983908,0.059650895557804756,0.13101383630300212,0.21606480215773383,0.04877266193950958]}
{"id": 9, "drone": 6, "position":(33.333333333333336,8.333333333333334,1.0), "time":644.2179222890331,"sensors":[41,16,49,42,39,26,12,44,7,40,43,31],"power":[0.39420891900375904,0.04296120847310698,0.10700705353814353,0.05018392692906957,0.15,1.1372248755849412,0.04416272431588772,1.942028194412015,0.0449891233242983,2.776835888980463,1.0380862038722616,0.26533056713279707]}
