LP RESULTS :
 Obj = 0.1*lambda1+0.9*lambda2 = 149.35579043250064 (lambda1 = 1466.5579043250066, lambda2 = 3.0) Resol time = 767848 ms

{"id": 0, "drone": 2, "position":(33.333333333333336,16.666666666666668,1.0), "time":45.43143707246077,"sensors":[1,12,11,44,42,5,7,38,39,29,35],"power":[0.012927788656362103,0.04191118593717734,0.0120588933876281,0.058254809523687716,0.25762782565306513,0.0332052371724695,0.007605692835318338,0.00819534587272451,0.004113420378454929,0.0074968349253229415,0.011569839459242883]}
{"id": 1, "drone": 2, "position":(41.666666666666664,25.0,4.0), "time":341.41725196223786,"sensors":[44,10,20,5,26,7,38,30,35],"power":[0.02367935787755941,0.058530879570476084,0.026065569174823843,0.0770216011931399,0.03050307148218792,0.21724378238879236,0.02323741937747825,0.050244693938765364,0.14574392454428195]}
{"id": 2, "drone": 2, "position":(8.333333333333334,16.666666666666668,1.0), "time":22.995722939235158,"sensors":[43,19,14,6,16,33,46,45],"power":[0.05729949701849265,0.003573408562451048,0.0027771485720688087,0.006644025216289471,0.003775837389236886,0.006262016286314642,0.013970671339682661,0.0053830743267655025]}
{"id": 3, "drone": 1, "position":(16.666666666666668,33.333333333333336,1.0), "time":464.7777168139779,"sensors":[36,16,3,41,33,2,0,13,39,40,49,23],"power":[0.07193258622808045,0.056347179270148595,0.0325442860181505,0.047946886080255935,0.04546072352304658,0.07767610238438062,0.10705439929367025,0.3321166623060366,0.04126991259463595,0.38386790441689694,0.04054019895842639,0.46558190218761175]}
{"id": 4, "drone": 1, "position":(41.666666666666664,41.666666666666664,3.0), "time":470.7315193001819,"sensors":[22,21,47,9,20,28,26,25,17,4,34],"power":[0.05081851193139949,0.07259522382971079,0.05928853802915112,0.6561139273387879,0.09456319940804622,0.08692418711692303,0.1943481852048656,0.14202638287134453,0.24323851731033866,0.04671245159635339,0.12565091997491362]}
{"id": 5, "drone": 1, "position":(25.0,25.0,5.0), "time":470.73151930018093,"sensors":[1,33,42,5,30,39],"power":[0.063172352594321,0.034497810218693366,0.03612623713994261,0.03129296140618963,0.044417602430668265,0.20834934589708962]}
{"id": 6, "drone": 3, "position":(25.0,16.666666666666668,1.0), "time":14.933413857981172,"sensors":[6,1,12,44,33,42,5,31,45,39],"power":[0.002441163911533958,0.07160049059829841,0.003872778587328804,0.0016812300339416686,0.0011346583807262968,0.003916861608380994,0.0014001055724886305,9.743396892505074E-4,0.0028257914263744182,0.0048317250891237425]}
{"id": 7, "drone": 3, "position":(16.666666666666668,25.0,1.0), "time":33.17256160858645,"sensors":[43,6,16,1,33,45,13,39,40,23],"power":[0.0028146938359211366,0.005691682720507058,0.007062361255715431,0.0022993681510202675,0.026344499617657464,0.005369291768159955,0.00826844763310358,0.010380590141502565,0.003040553338759689,0.003095146377095131]}
{"id": 8, "drone": 3, "position":(41.666666666666664,41.666666666666664,1.0), "time":21.84856343237425,"sensors":[22,21,47,9,20,28,26,25,30,17,4,34],"power":[0.0025858622557616427,0.003599245798458066,0.0028332944130345723,0.07625318962195947,0.004805173726971434,0.004513264397316493,0.012523974154594773,0.007973617128655441,0.0014490400395179078,0.016885228119996192,0.002331246092850019,0.006509299562472652]}
{"id": 9, "drone": 0, "position":(33.333333333333336,41.666666666666664,1.0), "time":632.5605696302126,"sensors":[3,22,41,21,47,9,20,28,26,48,8,30,17,15,4,34,49],"power":[0.16045228216941795,0.5619680148415086,0.13596866557732104,2.2236471877509216,0.13076363860418194,0.17138910712680874,0.21278909370898344,0.13475086944220366,0.12030420316483839,0.07385605042554187,0.13810813457818197,0.0733442023849227,0.6469858392893485,0.29821051889390915,0.23723007218767414,0.29475207793376523,0.07287614115822257]}
{"id": 10, "drone": 0, "position":(8.333333333333334,33.333333333333336,1.0), "time":436.3981808356681,"sensors":[36,16,33,2,0,13,40,23],"power":[0.05429166279939609,0.1289465156053936,0.03630029197358285,0.27360142356924483,0.034881333995963555,0.3439910992647361,0.04504123799635562,0.05347373260969719]}
{"id": 11, "drone": 0, "position":(41.666666666666664,8.333333333333334,5.0), "time":341.41725196223973,"sensors":[12,11,44,27,42,38,29,32],"power":[0.030727197010020923,0.09720622573198158,0.05749695350176605,0.08092003212766304,0.02498481540073663,0.12133543906728166,0.13995289166622366,0.04162225296442961]}
{"id": 12, "drone": 4, "position":(8.333333333333334,8.333333333333334,1.0), "time":91.8881287802094,"sensors":[18,43,19,14,6,46,31,45],"power":[0.009877213816217163,0.013413915095204893,0.3828441301932541,0.09670811246701752,0.013119008296845347,0.008957271763029545,0.01683654687867833,0.012382395401362161]}
{"id": 13, "drone": 4, "position":(41.666666666666664,8.333333333333334,1.0), "time":198.10960970591623,"sensors":[12,11,44,27,42,5,38,29,32],"power":[0.022682299754047532,0.10204893549387724,0.04462971886265095,0.06907996787233694,0.018603349307876514,0.014932153469993562,0.1963214486959658,0.33225977166533344,0.03258765330199371]}
{"id": 14, "drone": 5, "position":(8.333333333333334,8.333333333333334,1.0), "time":1303.5680771390216,"sensors":[18,43,19,14,6,46,31,45],"power":[0.14012278618378285,0.1902960887296729,5.431206329532617,1.3719466255963841,0.186112402619443,0.12707205689728782,0.2388511479300764,0.1756624667190437]}
{"id": 15, "drone": 5, "position":(8.333333333333334,41.666666666666664,1.0), "time":162.989827185985,"sensors":[37,36,2,0,24,13,40,23],"power":[0.031110961127367567,0.07991543116432476,0.21131244429017879,0.026942631727929555,0.05459725458544474,0.01976932583406451,0.01368152182078803,0.016237789422720528]}
{"id": 16, "drone": 6, "position":(41.666666666666664,16.666666666666668,1.0), "time":395.9346724262286,"sensors":[12,11,44,10,42,5,7,38,29,32,35],"power":[0.05080653871142512,0.08710198502575035,0.13460650918403014,0.0914691204295239,0.06837761651413636,0.1423357749490284,0.08457545424311283,0.32008911141293045,0.08045321885684456,0.07579009373357669,0.1203199472012406]}
{"id": 17, "drone": 6, "position":(16.666666666666668,41.666666666666664,1.0), "time":369.2196178808159,"sensors":[37,36,3,41,2,48,0,8,15,24,13,40,49,23],"power":[0.16314942622109774,0.5928866356532794,0.06672742553631336,0.0800515971241893,0.07087800506413701,0.07614394957445812,1.9675039691849125,0.029111316539334717,0.03426070249364313,0.09540274541455526,0.043517607364912225,0.14881943583623203,0.13294098342961372,0.17618922460683697]}
