LP RESULTS :
 Obj = 0.1*lambda1+0.9*lambda2 = 100.30404009951017 (lambda1 = 976.0404009951017, lambda2 = 3.0) Resol time = 35809 ms

{"id": 0, "drone": 0, "position":(8.333333333333334,33.333333333333336,1.0), "time":2.837260101850916,"sensors":[41,24,20,14,32,48,35,43,16,27],"power":[3.4491533951626596E-4,3.397683799534466E-4,0.002820494574344929,8.404774630721347E-4,1.8642634453924485E-4,6.035688531600694E-4,4.851369406320341E-4,5.861253468148352E-4,0.0012911553598647086,6.546221547172829E-4]}
{"id": 1, "drone": 0, "position":(33.333333333333336,25.0,1.0), "time":2.8372601018211654,"sensors":[5,18,29,31,9,45,33,13,30,0,1,37],"power":[1.9446010855048385E-4,2.909292618113706E-4,6.795132187625224E-4,5.859934674027839E-4,8.430522587992045E-4,0.02226921332793936,0.0011477067176284858,8.748442185007965E-4,0.0010190458207153513,0.0016427251188040413,2.1586557932532822E-4,0.0014375663780943197]}
{"id": 2, "drone": 0, "position":(16.666666666666668,25.0,1.0), "time":72.82597590408709,"sensors":[5,41,31,22,4,20,13,32,35,43,15,0,17],"power":[0.01895452463206413,0.036782910758609164,0.014773290585648793,0.004749567135955031,0.05211412719576536,0.01651383776170268,0.007445980885782008,0.010572937365946182,0.019541357255687897,0.019430124277285625,0.0047120257271799785,0.006846894039051339,0.006502046859775261]}
{"id": 3, "drone": 1, "position":(8.333333333333334,33.333333333333336,3.0), "time":310.2421910663634,"sensors":[41,24,20,14,48,35,43,16,27],"power":[0.0343196057979322,0.034706233823903754,0.19435326602613856,0.08177077129355369,0.058317624940643596,0.04791296967377195,0.05909191099254674,0.10916953755537749,0.06329991159404907]}
{"id": 4, "drone": 1, "position":(25.0,25.0,1.0), "time":100.36398377100409,"sensors":[5,31,45,33,4,13,32,30,0],"power":[0.030117289816737735,0.3121479636259929,0.026444883960376954,0.018623731209587373,0.03442498747946437,0.07748262436328036,0.017413123337161458,0.006612568946797726,0.10880721632917999]}
{"id": 5, "drone": 1, "position":(33.333333333333336,41.666666666666664,3.0), "time":20.63060701633148,"sensors":[42,33,40,46,38,49,30],"power":[0.0048451300016688625,0.00216398075246977,0.005047127201709243,0.0014085892359070066,0.0023719819445779185,0.0018624856873059193,0.0014137198040218531]}
{"id": 6, "drone": 6, "position":(8.333333333333334,41.666666666666664,1.0), "time":217.24392531028104,"sensors":[20,14,8,12,16,27],"power":[0.020616477828981534,0.2807293659830899,0.02405903883221916,0.015002045423206687,0.33380621270835564,0.12020184062411615]}
{"id": 7, "drone": 6, "position":(41.666666666666664,8.333333333333334,1.0), "time":665.7293916620853,"sensors":[25,29,36,23,2,26,10],"power":[0.1212025780971662,0.06906005527547351,0.1613021167794047,0.22723980988033932,0.36685350512484793,0.22687924234855256,0.15]}
{"id": 8, "drone": 6, "position":(25.0,33.333333333333336,1.0), "time":33.78997466057183,"sensors":[5,31,42,45,33,4,13,32,38,30,0],"power":[0.029886842608709347,0.012577965739418467,0.010576773187579052,0.003651919693902792,0.00870647469974833,0.0023920926973949423,0.0029852729213997397,0.04850076017708568,0.00833343104987631,0.002344775083420367,0.0045292976162400215]}
{"id": 9, "drone": 5, "position":(41.666666666666664,25.0,1.0), "time":307.47374923116195,"sensors":[18,29,9,45,33,39,2,21,47,7,26,30,0,1,37],"power":[0.22408442859714128,0.11534829072787887,0.9225903671202008,0.053945491936020676,0.0344885662129253,0.0564092087720274,0.0312959186818206,0.03931438984115926,0.10043486439795364,0.1316895041314739,0.023011441165225802,0.1137688976426345,0.0205695587959363,0.14977066253258386,0.5322776896434632]}
{"id": 10, "drone": 5, "position":(25.0,16.666666666666668,1.0), "time":127.21004398994388,"sensors":[28,31,45,6,22,4,3,13,0,11],"power":[0.031728259466707896,0.018134074312113998,0.014765571488114821,0.00821552756544243,0.03209795521996564,0.03582282765305773,0.03957385159795623,0.0614078345013168,0.031096328967115523,0.035582082149114846]}
{"id": 11, "drone": 5, "position":(8.333333333333334,8.333333333333334,1.0), "time":530.3233764784954,"sensors":[22,34,44,19,15,17],"power":[0.056608727372056265,0.15,0.04856704197663965,0.9698374558926153,0.14732320742877486,0.1489763108915595]}
{"id": 12, "drone": 2, "position":(16.666666666666668,41.666666666666664,2.0), "time":116.40512001642676,"sensors":[5,42,46,14,8,32,38,49,12,16],"power":[0.011239043935798172,0.01938722016444019,0.01858866236129042,0.04367140001926947,0.03805393985913368,0.019540131032197896,0.041589434594018634,0.013643452800554522,0.03767688091043749,0.016229091203678492]}
{"id": 13, "drone": 2, "position":(33.333333333333336,41.666666666666664,1.0), "time":155.3966127606144,"sensors":[42,33,40,39,46,38,49,30],"power":[0.03938321140641233,0.017786417875748337,0.04338533802070528,0.01076053581745679,0.01148072794350447,0.01900878220136109,0.015093274010367376,0.011807901230805955]}
{"id": 14, "drone": 2, "position":(25.0,41.666666666666664,4.0), "time":642.391355668394,"sensors":[5,42,40,46,8,32,38,49,12],"power":[0.05892290875990134,0.5518199690548357,0.08977076272376153,0.1328827809024098,0.08788702130864716,0.11149269723753948,0.4468775723293116,0.13305564524676428,0.14570426088455005]}
{"id": 15, "drone": 4, "position":(25.0,8.333333333333334,1.0), "time":245.68100462257516,"sensors":[25,28,6,22,3,11],"power":[0.03411172639842096,1.9760808777439802,0.14135614169603938,0.07361197156117383,0.9759398775308971,0.41241244760054724]}
{"id": 16, "drone": 4, "position":(41.666666666666664,41.666666666666664,4.0), "time":157.62182554976158,"sensors":[40,39,21],"power":[0.011796772053823937,0.02891563222384424,0.016634902190834192]}
{"id": 17, "drone": 4, "position":(33.333333333333336,8.333333333333334,5.0), "time":2.83726010185444,"sensors":[25,28,36,6,2,3,11],"power":[8.658383616751026E-4,5.028674539492099E-4,2.2541982481982635E-4,4.2833073851816707E-4,3.7036720013779124E-4,5.057555752992262E-4,7.070154996420119E-4]}
{"id": 18, "drone": 3, "position":(8.333333333333334,25.0,1.0), "time":372.8910486125191,"sensors":[41,24,4,20,48,35,43,44,15,17],"power":[0.3877062948152599,0.1149539977961428,0.03499468990561566,0.20701102308392302,0.17866373900055665,1.8041443636079422,3.2285355613758706,0.12206297041431237,0.06298587728875102,0.06091240060063604]}
{"id": 19, "drone": 3, "position":(33.333333333333336,33.333333333333336,1.0), "time":7.426730872763528,"sensors":[5,18,31,42,9,45,33,39,13,32,38,30,0,1,37],"power":[6.849301382369174E-4,7.358080758524535E-4,0.0010109117247514884,0.0011059781909684005,0.0012625526278905177,0.0015516095479796608,0.014078981600002085,9.96312274988498E-4,4.897635170222339E-4,7.545962074449143E-4,5.199156335613258E-4,0.003297220513669544,8.829150555098472E-4,4.896781321132169E-4,0.0011351070870747563]}
{"id": 20, "drone": 3, "position":(41.666666666666664,33.333333333333336,1.0), "time":348.12148258080015,"sensors":[18,9,45,33,39,21,47,7,30,1,37],"power":[0.1837133462481542,0.10183460739365914,0.027371310045407913,0.053004140931876,1.0717644251104885,0.10854493592003572,0.04956513560204634,0.0288680252337929,0.15445039709193534,0.12914319412573827,0.06272280457482016]}
