LP RESULTS :
 Obj = 0.1*lambda1+0.9*lambda2 = 172.35871130800336 (lambda1 = 1705.5871130800333, lambda2 = 2.0) Resol time = 241 ms

{"id": 0, "drone": 3, "position":(8.333333333333334,25.0,1.0), "time":136.3874265841755,"sensors":[36,1,20,24,47,2,5],"power":[0.016413336572613447,0.09058240647352248,0.018358853223308567,0.010320636674490784,0.08954339777799915,0.20961071064853518,0.01739293625179835]}
{"id": 1, "drone": 3, "position":(41.666666666666664,25.0,5.0), "time":664.2216120992016,"sensors":[43,26,37,39,16,28,38,30,48,17,10,42,18,14,31],"power":[0.05170485286468691,0.10978412080187311,0.09463366446106596,0.11812384739269778,0.04893594541322006,0.06363382848039603,0.15123622130267653,0.04844813931162191,0.17958102066474788,0.10131155745447551,0.31077908439674706,0.1279765588061936,0.25872625398999954,0.04197475086880521,0.1982481135090234]}
{"id": 2, "drone": 5, "position":(16.666666666666668,33.333333333333336,1.0), "time":253.41275301603287,"sensors":[29,11,40,1,24,41,19,3,2,5,32],"power":[0.045044143612871734,0.05532607278789245,0.09645840022597373,0.05941759352647754,0.9645106078714398,0.03207282750591796,0.373624752603228,0.02702734686011165,0.020323402288824444,0.29405793481516196,0.016855992566096715]}
{"id": 3, "drone": 5, "position":(25.0,16.666666666666668,1.0), "time":638.8925963151264,"sensors":[26,29,37,39,16,20,14,32],"power":[0.05146141594681879,0.044305017294226576,0.09584609733512649,0.07580521917820349,0.10790071667270941,0.06201762740872106,0.05934762600443112,0.14664297446631153]}
{"id": 4, "drone": 1, "position":(41.666666666666664,33.333333333333336,1.0), "time":402.4729046657054,"sensors":[26,23,28,4,30,17,10,18,25,31,33,22],"power":[0.04801858883275253,0.054036526670746904,0.9274040825821241,0.07132171470969116,0.12764316143487586,0.06848759805772328,0.07777813684343153,0.10154129140419002,0.16809727160641502,0.4405861397064015,0.08195587457382739,0.06352455933712885]}
{"id": 5, "drone": 0, "position":(41.666666666666664,8.333333333333334,1.0), "time":754.337477975876,"sensors":[6,43,7,12,9,38,48,35,42,14],"power":[0.5151004637077561,0.1830876702560907,0.7586560961527204,0.16489353802176993,0.39897059790540046,0.07510199221841757,0.08039988581408954,3.235264847259457,0.12292489927252194,0.19997772331253671]}
{"id": 6, "drone": 4, "position":(41.666666666666664,41.666666666666664,1.0), "time":489.832444665454,"sensors":[28,4,30,49,45,25,31,33,22],"power":[0.19136689929725145,0.0480288598234038,0.08489480327979808,0.15,0.18830221840260963,0.5347075366239458,0.043887522190270825,0.06804412542617261,0.13897101976362197]}
{"id": 7, "drone": 4, "position":(25.0,8.333333333333334,1.0), "time":312.3570387890309,"sensors":[8,14],"power":[0.15,0.02370855521418054]}
{"id": 8, "drone": 6, "position":(25.0,41.666666666666664,1.0), "time":813.2817637488739,"sensors":[29,11,40,23,4,24,41,19,3,0,13],"power":[0.0745305810626384,0.45760083331098134,0.12319394355755281,0.10695509888997727,0.10451713763627504,0.09280382664351067,2.0180783642649573,0.11963918380300616,0.12297265313988837,1.3891432950557576,0.15]}
{"id": 9, "drone": 2, "position":(8.333333333333334,8.333333333333334,1.0), "time":930.3070901807314,"sensors":[36,20,15,47,21,46],"power":[0.39766848843168673,0.17704846987627945,0.19015153059865444,0.07719965133511927,0.8303618762898309,0.22410600265784686]}
{"id": 10, "drone": 2, "position":(8.333333333333334,41.666666666666664,1.0), "time":338.27469577005985,"sensors":[11,40,34,44,19,27],"power":[0.03408270238810755,0.08789493310356415,0.3980918187937464,0.4068291498549313,0.05782970253700663,0.15]}
