LP RESULTS :
 Obj = 0.1*lambda1+0.9*lambda2 = 136.53851019031455 (lambda1 = 1347.3851019031454, lambda2 = 2.0) Resol time = 5748 ms

{"id": 0, "drone": 1, "position":(41.666666666666664,25.0,1.0), "time":565.9200004691263,"sensors":[15,46,2,37,38,18,28,12,31,8,7,34,14],"power":[2.2539380092055468,0.047827853417164966,0.24669841605167134,0.06503057731306516,0.08437943718895627,0.06502502460578044,0.1413514321630418,2.971339643610122,0.27613021039256963,0.15722285358412003,0.05616556382233482,0.08121499857013843,1.3554757837706843]}
{"id": 1, "drone": 1, "position":(8.333333333333334,33.333333333333336,1.0), "time":386.4724920177051,"sensors":[3,47,32,19,5,20,11,48,29,6,35],"power":[0.06584652021158989,0.08816054801020728,0.08584807101285548,0.046093714666896136,0.10199527271550757,0.1671973349556973,0.2613624354193318,0.043537175594711555,0.0325415976485765,0.07264916148135872,0.11451998198466307]}
{"id": 2, "drone": 3, "position":(8.333333333333334,16.666666666666668,1.0), "time":781.4651014340191,"sensors":[17,30,49,4,29,35,23],"power":[0.18763682996484524,0.05799336064341817,0.4707978746792227,0.38394856258906446,0.3891941139248478,0.091356006777578,0.14919702471173643]}
{"id": 3, "drone": 3, "position":(33.333333333333336,41.666666666666664,4.0), "time":65.26899853244497,"sensors":[46,26,18,39,28,9,33,34],"power":[0.01733329913480524,0.006045528257372286,0.013501241475627875,0.0168562820233775,0.006585148974656537,0.031752212101262396,0.02074440968398288,0.010638595525998903]}
{"id": 4, "drone": 5, "position":(41.666666666666664,41.666666666666664,1.0), "time":557.379492418856,"sensors":[46,18,28,27,9,33,34],"power":[0.16488264971328032,0.11043572246657977,0.08536453594930236,0.15,0.08434236268478704,0.056065603036241606,0.15123170323401838]}
{"id": 5, "drone": 2, "position":(25.0,8.333333333333334,1.0), "time":731.0273368256244,"sensors":[43,16,45,36,22,1],"power":[0.15,0.05158070399106056,0.7855693975743592,0.4551840731031194,0.1187477713776578,0.3478673405345731]}
{"id": 6, "drone": 6, "position":(8.333333333333334,41.666666666666664,1.0), "time":802.0959994027222,"sensors":[3,47,32,19,5,20,11,24,6],"power":[0.17420605661676572,1.4570874298007406,0.19244602893129203,0.20057579712077653,0.06208095933353032,0.15333130908687997,0.09096695891308097,0.2181464740002131,0.6466595666625059]}
{"id": 7, "drone": 0, "position":(25.0,25.0,1.0), "time":565.9200004691263,"sensors":[2,26,38,21,16,48,0,10,31,7,33,23],"power":[0.04633921752738482,0.14924046014661527,0.18454382587591098,0.24588504569807762,0.27480601297520485,0.14417670145871173,0.11947477801004963,3.717016812927867,0.05846294867860353,0.3115668430655758,0.03766729567052932,0.0896902806804683]}
{"id": 8, "drone": 0, "position":(25.0,41.666666666666664,1.0), "time":158.8166104827181,"sensors":[46,3,26,18,39,19,21,20,0,9,6,33],"power":[0.010812260948122352,0.02734937092867449,0.015756142560168735,0.010604550110067529,0.1331437179766225,0.029694903052855718,0.01499867243669009,0.010604132059459396,0.03114577150299338,0.03390542521395054,0.012980688401162517,0.037832877170500726]}
{"id": 9, "drone": 4, "position":(8.333333333333334,8.333333333333334,1.0), "time":179.44750845142119,"sensors":[30,45,49,4,29],"power":[0.09200663935658182,0.012059423086987769,0.020820278861487476,0.11176685118570806,0.011890261384197106]}
{"id": 10, "drone": 4, "position":(41.666666666666664,8.333333333333334,1.0), "time":616.3577650775209,"sensors":[40,37,42,41,13,44,22,25],"power":[0.947416860301217,0.09491291412573954,0.15002040666930996,1.1514813089686777,1.05585261144895,0.15,0.18323940793071963,0.31422886543082285]}
