LP RESULTS :
 Obj = 0.1*lambda1+0.9*lambda2 = 200.92440137264117 (lambda1 = 1991.2440137264114, lambda2 = 2.0) Resol time = 169 ms

{"id": 0, "drone": 1, "position":(41.666666666666664,25.0,1.0), "time":268.88013795873815,"sensors":[48,17,41,25,18,32,37,6],"power":[0.020999514949192822,0.020798741830312065,0.11147498469567999,0.09047469042054652,0.03420264672307321,0.030912332302073436,0.08143700423309866,1.8224556756432608]}
{"id": 1, "drone": 1, "position":(8.333333333333334,8.333333333333334,1.0), "time":751.488563958529,"sensors":[11,23,45,3,40,30,2,1,46,33,24],"power":[0.17760160498590613,0.16126794160173585,1.0914756427569003,0.20907179366125558,0.054301311774599396,0.14999999999999997,0.1427482319171076,0.08154397828151351,0.10585127629679293,0.05174376668186705,0.14920271449708902]}
{"id": 2, "drone": 5, "position":(8.333333333333334,25.0,1.0), "time":735.1335693575196,"sensors":[11,42,4,47,40,1,44,24],"power":[0.052912802257575255,0.060542401304593,0.05012494272561593,0.13312458330927762,0.39995997047380577,0.060023887134668365,0.13970077603704162,0.17961136246089063]}
{"id": 3, "drone": 5, "position":(41.666666666666664,8.333333333333334,1.0), "time":967.6105647049394,"sensors":[16,34,12,5,26,17,20,10,31,41,18,32,38,37,22],"power":[0.5271498132309274,0.063192686047079,1.1624803956622212,0.12987829475794752,0.08238462606812785,0.27045508335824947,2.503043256581921,0.2719215246270983,0.1158097379364797,0.10430825583442262,0.2789079902381398,0.12607277915056078,0.14886617996835294,0.06856299576690131,0.1793830319257165]}
{"id": 4, "drone": 3, "position":(25.0,41.666666666666664,1.0), "time":440.7774833938269,"sensors":[42,48,43,29,7,49,28,15,9],"power":[0.04234310025818255,0.04833745393871324,0.8364698811302823,0.17598239053878853,0.47092813485384216,0.10547928202149778,0.08259859022318265,0.15,0.08662000847960784]}
{"id": 5, "drone": 3, "position":(16.666666666666668,8.333333333333334,1.0), "time":410.55239641632727,"sensors":[11,19,4,35,45,3,2,1,46,33,24],"power":[0.17117538642691368,0.08158873873908969,0.040194500770771024,0.0777693022668383,0.06378936707031217,0.030185843901265465,0.747521708216356,0.10588654285666771,1.2514649673808618,0.09825623331813292,0.03792295686241407]}
{"id": 6, "drone": 4, "position":(25.0,33.333333333333336,1.0), "time":371.7050741102412,"sensors":[42,48,43,29,44,7,49,28],"power":[0.12972887283693713,0.0667181691142752,0.18073611458459288,0.4550233164239597,0.05356486965424064,0.11718941845039194,0.5511051056523898,0.07882120481123685]}
{"id": 7, "drone": 4, "position":(8.333333333333334,41.666666666666664,1.0), "time":884.4053702586507,"sensors":[14,8,44,13,28,9],"power":[0.3712668369133877,0.22899803358261284,0.06596883408853868,0.15,0.12158142874828981,0.11758498274973485]}
{"id": 8, "drone": 6, "position":(41.666666666666664,41.666666666666664,1.0), "time":497.85112585042674,"sensors":[36,48,39,21,27],"power":[0.18799567730618486,0.0731660693890157,0.19361725890232015,0.8112596529587927,0.15]}
{"id": 9, "drone": 6, "position":(33.333333333333336,8.333333333333334,1.0), "time":3.2647471042042753,"sensors":[16,19,34,12,35,5,26,17,20,31,41,18,38,0],"power":[3.42277133535066E-4,6.616850575247501E-4,0.0010127975031092244,4.1057427757822465E-4,6.803149254809761E-4,0.0056161336896386445,0.002327145848441029,0.0012251641807948872,0.0012739406202669772,0.0014774447533628418,2.3699395078782224E-4,2.3253665928469567E-4,0.0011338200316470526,7.005774864929204E-4]}
{"id": 10, "drone": 2, "position":(41.666666666666664,33.333333333333336,1.0), "time":412.0301924131782,"sensors":[48,39,25,21,6],"power":[0.09967011983300278,0.08075712472753378,0.08185633765596771,0.04716910561565799,0.09900292909716144]}
{"id": 11, "drone": 2, "position":(8.333333333333334,16.666666666666668,1.0), "time":94.06948399403541,"sensors":[11,23,4,45,47,40,2,1,46,24],"power":[0.030603814561482166,0.017300266920096546,0.008153909418586847,0.049353799587327635,0.016875416690722372,0.045196042432301034,0.014187191681288572,0.01989856115495948,0.007190079375611432,0.9406948399403541]}
{"id": 12, "drone": 0, "position":(33.333333333333336,16.666666666666668,1.0), "time":751.4885639585291,"sensors":[19,4,34,35,5,26,17,20,31,41,18,0,6],"power":[0.1042671271657205,0.051526647085026196,0.5288656851024458,0.1172355156365421,0.2666280590550201,0.07248049005468819,0.5398414338979222,0.11050307114505885,1.241560738584545,0.21498080315615575,0.07864560127545499,0.682205198020151,0.07531881627162722]}
