LP RESULTS :
 Obj = 0.1*lambda1+0.9*lambda2 = 134.44974339797832 (lambda1 = 1317.4974339797834, lambda2 = 3.0) Resol time = 524320 ms

{"id": 0, "drone": 1, "position":(33.333333333333336,8.333333333333334,1.0), "time":508.1040772543768,"sensors":[35,23,14,17,40,47,24,29,33],"power":[0.09762352769907065,0.038914896509893396,0.11220122338529814,0.34306124185707293,0.0842772125314425,0.05934778726065469,0.15915332362199747,0.05520355926338548,0.0369303318059248]}
{"id": 1, "drone": 1, "position":(33.333333333333336,16.666666666666668,3.0), "time":7.092161883704819,"sensors":[35,14,17,40,24,29,32,33,30],"power":[6.308070920189896E-4,7.581494830104052E-4,5.392575363454385E-4,0.0013548502537189806,0.009743001316532697,0.006487568783014414,0.0018163622363829197,0.003585555930817916,0.0015831453821743425]}
{"id": 2, "drone": 3, "position":(25.0,25.0,5.0), "time":286.1157492373801,"sensors":[16,37,20,8,41,39,12,29,32,33,30],"power":[0.13849301669765166,0.021595256653232413,0.06897976718040842,0.029429033841793406,0.06842518587796882,0.05156336030007077,0.03161158211348229,0.035844416855368766,0.031556602377550355,0.038487402351224366,0.08223500625906252]}
{"id": 3, "drone": 3, "position":(8.333333333333334,25.0,1.0), "time":326.0440540752313,"sensors":[2,10,20,44,41,15,39,38,3,34,12,7],"power":[0.03932177012781692,1.1874710107332485,0.034843605024705376,0.0698205957987382,0.030147573199005132,0.03581261363084251,0.038407872116495385,0.12357655453582887,0.02593178645784887,0.05944958500193698,0.05331803115644636,0.3693838513617055]}
{"id": 4, "drone": 3, "position":(8.333333333333334,16.666666666666668,1.0), "time":382.52169626247235,"sensors":[10,28,20,44,8,41,38,3,4,11,7,43,26],"power":[0.07273230978489044,0.11239448595575646,0.03132056710515833,0.05804775184854632,0.038151324893946036,0.03223169966413357,0.02565502120259648,0.11280082155851087,0.082284255089482,0.024183818377102272,0.03790092253226537,0.11159560384365588,0.025531887377079412]}
{"id": 5, "drone": 0, "position":(16.666666666666668,41.666666666666664,1.0), "time":636.1941566724945,"sensors":[2,21,37,31,39,48,42,27,34,12,45,19],"power":[0.1343827314778413,0.13572256156426854,0.054718647189674355,0.21358444078130923,0.05066520814623026,0.04469488484237067,0.1699528130611542,0.13633728884789506,0.09407212052263304,0.06589457759951249,0.05261444083546328,0.17652796850052746]}
{"id": 6, "drone": 0, "position":(16.666666666666668,33.333333333333336,1.0), "time":6.752512117877951,"sensors":[2,16,10,37,20,31,41,15,39,38,27,34,12,7],"power":[0.002374455314672909,9.952326482577957E-4,9.369091166037438E-4,6.973533796193934E-4,7.661750358845236E-4,5.111424367478935E-4,6.134262050217104E-4,5.97380755186642E-4,0.005232261912672014,4.2962257964475835E-4,0.0010368570806186023,0.013512712588534908,0.010984813095525176,7.132209826418921E-4]}
{"id": 7, "drone": 0, "position":(25.0,41.666666666666664,1.0), "time":367.8294231777001,"sensors":[21,37,31,18,48,42,27,0,19],"power":[0.025698590512629117,0.15287184270524132,0.35935861300309224,0.03303002159308764,0.10530511515762934,0.1801455302927517,0.7477703586899427,0.07671344258011328,0.19317566772611047]}
{"id": 8, "drone": 2, "position":(41.666666666666664,25.0,5.0), "time":284.1315306263102,"sensors":[1,40,49,29,32,33],"power":[0.037162180756541194,0.024240434614319007,0.0374877704292031,0.03021192845260114,0.06089382836196826,0.03925264660186775]}
{"id": 9, "drone": 2, "position":(25.0,16.666666666666668,1.0), "time":31.7697995193814,"sensors":[16,20,8,41,14,47,24,29,32,33,30],"power":[0.006045012547658794,0.007046519498297101,0.01824888311011218,0.008750240365700178,0.00866805027052626,0.005097296038599078,0.00546545897708854,0.006766999955279069,0.002797314734953371,0.005188901860385653,0.03851027925372044]}
{"id": 10, "drone": 2, "position":(41.666666666666664,8.333333333333334,1.0), "time":518.1696642153915,"sensors":[35,17,40,9,46,24],"power":[5.0862226338647485,0.17216717314915428,0.24580954078954287,0.15,0.16050555919159643,0.07723895799010348]}
{"id": 11, "drone": 6, "position":(16.666666666666668,8.333333333333334,1.0), "time":258.7068135315974,"sensors":[28,25,23,8,14,47,11,43,26],"power":[0.13011246666645948,0.022754074904046892,0.05085784828150101,0.05757155678800362,0.054395105510199694,0.10815786605795644,0.032852532062324045,0.03135800492840933,0.10999413495892672]}
{"id": 12, "drone": 6, "position":(33.333333333333336,25.0,5.0), "time":18.89583034610598,"sensors":[1,16,24,29,32,33,30],"power":[0.002419116103543553,0.0018721846220586358,0.0021151159148333023,0.0051729171598464355,0.009375240032306525,0.007048849823726203,0.003033798224820696]}
{"id": 13, "drone": 6, "position":(8.333333333333334,8.333333333333334,1.0), "time":463.40861619941984,"sensors":[28,25,3,4,11,43,26],"power":[0.43467011590347115,0.12724592509595312,0.08812715075065322,0.10953368145249463,0.2398628742997951,0.8638555295643838,0.17884378506046056]}
{"id": 14, "drone": 4, "position":(41.666666666666664,41.666666666666664,1.0), "time":949.6680108020829,"sensors":[1,6,18,49,22,0,5,36],"power":[0.1668916323238996,0.222137656920545,0.41795379113350906,0.11251222957079687,4.0650510460809475,0.07557221656526315,0.14999999999999997,9.49668010802083]}
{"id": 15, "drone": 4, "position":(8.333333333333334,33.333333333333336,1.0), "time":35.03285698478794,"sensors":[2,10,44,15,39,38,34,12,13,7,45],"power":[0.04927961581336906,0.007956739310566577,0.0022391438790678826,0.02915349410332517,0.0041312975246863325,0.013007239726456562,0.013237516179979073,0.0070770444754069605,0.003865341177966032,0.017493715250475057,0.0032358074002359926]}
{"id": 16, "drone": 4, "position":(8.333333333333334,16.666666666666668,3.0), "time":145.52306744265945,"sensors":[10,28,20,44,8,41,3,4,7,43],"power":[0.025346967057030233,0.036900567881320824,0.010543483686353257,0.01989250847364748,0.012875719931244669,0.010732726336528735,0.03791338240679556,0.027382048198072866,0.01309467790032735,0.03788235808410019]}
{"id": 17, "drone": 5, "position":(8.333333333333334,41.666666666666664,1.0), "time":313.4738541295893,"sensors":[2,21,15,38,34,13,45],"power":[0.10417519751186019,0.04099126700965045,0.09186439978536604,0.020122366680616694,0.03464891159339494,0.14613465882203397,0.20658894341473483]}
{"id": 18, "drone": 5, "position":(33.333333333333336,25.0,1.0), "time":20.605592774529036,"sensors":[1,16,37,24,29,32,33,30],"power":[0.0036087126516180824,0.002594553484402384,0.0015036016757557923,0.002981917022534075,0.010312609530504878,0.057760603069656996,0.022721735695241576,0.004231491979135495]}
{"id": 19, "drone": 5, "position":(25.0,8.333333333333334,1.0), "time":212.8603079862938,"sensors":[23,8,14,17,47,24,30,26],"power":[0.060227255208605564,0.03907639156016183,1.4765543674867372,0.019748438170306082,0.4340959871117948,0.022803719173371477,0.02040627890108696,0.014994069705774899]}
