LP RESULTS :
 Obj = 0.1*lambda1+0.9*lambda2 = 112.21549090505846 (lambda1 = 1104.1549090505846, lambda2 = 2.0) Resol time = 177 ms

{"id": 0, "drone": 5, "position":(41.666666666666664,25.0,1.0), "time":393.51512933129567,"sensors":[19,17,39,10,48,46,44,30],"power":[0.09063338253987945,0.11284924536598677,0.03451899461711213,0.04696873869571625,0.7351661841652513,0.026238522951436336,0.1372463474633125,0.03576583314034669]}
{"id": 1, "drone": 5, "position":(8.333333333333334,8.333333333333334,1.0), "time":538.4028293963611,"sensors":[28,15,2,8,12,35,11,21],"power":[0.15133002972245,0.3462151107024714,0.05556223397261608,0.06884371445950706,0.09696771686232407,0.04672027906398284,0.04094275736421372,0.1725944523583103]}
{"id": 2, "drone": 3, "position":(25.0,25.0,1.0), "time":538.4028293963611,"sensors":[3,13,33,39,24,27,0,46,30],"power":[0.2664420661671646,0.0876214354446175,0.056274787343294545,0.3351275943532571,5.384028293963611,0.15340756899833952,0.05958731557960737,0.4671429942159366,0.21392773116808833]}
{"id": 3, "drone": 1, "position":(25.0,8.333333333333334,1.0), "time":393.5151293312956,"sensors":[49,33,8,45,11,18,0],"power":[0.04555436187264394,0.18433305731505562,0.08590867022561283,0.42695242254728216,0.3788059211768183,0.28612285180549385,0.1224094412425148]}
{"id": 4, "drone": 0, "position":(8.333333333333334,25.0,3.0), "time":62.08516455511267,"sensors":[6,32,3,22,2,40,12,35,27,16,34],"power":[0.003930365489769055,0.007095861408260817,0.005970951826744639,0.02623457434678363,0.014748346303285576,0.019289960432561645,0.013476763616831765,0.031129986457980836,0.008264058867790892,0.05031636992431245,0.015683469400273646]}
{"id": 5, "drone": 0, "position":(8.333333333333334,41.666666666666664,1.0), "time":517.0844719117025,"sensors":[6,32,37,40,47,31,29,42,20,41],"power":[0.14387633398251043,0.10337810643664906,4.196504181549261,0.04760504469885654,0.15,0.19895674758738105,0.13769416897629566,0.16674931583181637,1.208745355347776,0.07987536921388487]}
{"id": 6, "drone": 4, "position":(41.666666666666664,33.333333333333336,1.0), "time":110.15178576781523,"sensors":[17,23,10,48,14,44,30],"power":[0.044918466006281126,0.04024845289077329,0.07138357431377805,0.013310695109302696,0.030598370039695382,0.012753652536687497,0.008627660412556151]}
{"id": 7, "drone": 4, "position":(25.0,41.666666666666664,5.0), "time":503.66691509911084,"sensors":[13,25,1,4,38,29,42,5,41],"power":[0.09471086369348411,0.2558306726072416,0.22169744480623388,0.15212788355426987,0.09459617964318037,0.06479132776441239,0.03512899719112233,0.2600039186177074,0.10319592860742462]}
{"id": 8, "drone": 2, "position":(8.333333333333334,25.0,2.0), "time":503.66691509911084,"sensors":[6,32,3,22,2,40,12,35,27,16,34],"power":[0.03321049187646078,0.058651686599236856,0.05119303852422008,0.2650208732129288,0.12870297413096074,0.17550340463116684,0.1148876275977754,0.31690379641776545,0.07282392244005448,0.5715966399096737,0.13431653059972634]}
{"id": 9, "drone": 2, "position":(41.666666666666664,41.666666666666664,1.0), "time":600.4879939514738,"sensors":[43,17,23,10,4,38,14,9],"power":[0.223841145877479,0.04740216726469066,0.8341516021103884,0.14055390741451634,0.05228581461996553,0.07930254320208344,0.19337868470271913,0.15]}
{"id": 10, "drone": 6, "position":(41.666666666666664,8.333333333333334,1.0), "time":710.639779719289,"sensors":[49,19,36,26,7,18],"power":[0.17444481987810728,0.14531414476225088,0.2037411129466684,0.15,1.1168130178743672,0.057388484276882014]}
