LP RESULTS :
 Obj = 0.1*lambda1+0.9*lambda2 = 131.66800244277465 (lambda1 = 1298.6800244277463, lambda2 = 2.0) Resol time = 297 ms

{"id": 0, "drone": 5, "position":(41.666666666666664,25.0,1.0), "time":502.306477760427,"sensors":[49,23,21,45,18,25,35,40],"power":[0.040753293737090676,0.1282006514050169,0.10593871467159247,1.137941415035755,0.15204966825229643,0.12103928061649881,0.04493405626030141,0.40402657345122767]}
{"id": 1, "drone": 5, "position":(41.666666666666664,33.333333333333336,5.0), "time":396.60056447229783,"sensors":[21,33,48,45,25,15],"power":[0.04406128532840753,0.02750181019195203,0.037229024439210494,0.04486641968176472,0.03106450497666477,0.02643449566300441]}
{"id": 2, "drone": 1, "position":(25.0,8.333333333333334,1.0), "time":502.306477760427,"sensors":[44,7,37,34,41,9,30,1,6,42,0,22,29,10],"power":[0.062696713739915,0.1979048809914734,0.09204163221079699,0.05373838695507636,0.11329096945458975,0.07098371705522379,0.040693906244109804,0.20500265878464988,0.034900500056113025,0.0956527962561075,0.08899047623082239,0.3079168554137399,3.727471199513114,0.10997972883406817]}
{"id": 3, "drone": 1, "position":(8.333333333333334,41.666666666666664,4.0), "time":796.3735466673193,"sensors":[24,38,26,12],"power":[0.25977581221656776,0.300451266475976,0.10916668040468235,0.07514796337798638]}
{"id": 4, "drone": 6, "position":(8.333333333333334,8.333333333333334,1.0), "time":460.3676314903446,"sensors":[37,34,9,30,16,31,36,47],"power":[0.0619087149769551,0.08156716875172139,0.05177635472912572,0.12141169551279249,0.7332948609606923,0.07809698587605607,0.13581972066657355,0.05896041978452626]}
{"id": 5, "drone": 6, "position":(16.666666666666668,41.666666666666664,1.0), "time":313.05190770994653,"sensors":[17,19,24,46,38,26,12],"power":[0.031993161075606555,0.038420803246905035,0.07141729627706446,0.019896467358430626,0.02473186035862363,1.570814653312151,0.15278297235250482]}
{"id": 6, "drone": 3, "position":(41.666666666666664,8.333333333333334,1.0), "time":796.3735466673193,"sensors":[44,7,23,14,28,43,6,5,18,35,11,40,10],"power":[0.09842279457909311,0.05806260543264184,0.12457654554522996,4.188009765583652,0.44013617526506543,0.5162395978338276,0.3547386119182241,0.31156961209555595,0.09395253223475696,0.15096695791232534,0.15,0.061315016803346195,0.0863255800374104]}
{"id": 7, "drone": 3, "position":(8.333333333333334,33.333333333333336,1.0), "time":5.531339258634603,"sensors":[17,3,38,4,26,12],"power":[7.690967936060948E-4,6.125722400135875E-4,0.0015449775018532169,0.001505300094472365,4.736852476807948E-4,6.873817115349935E-4]}
{"id": 8, "drone": 4, "position":(8.333333333333334,25.0,5.0), "time":502.306477760427,"sensors":[17,3,8,31,4,47],"power":[0.044106858500832936,0.121547469019194,0.06128967589124071,0.03310166349771427,0.1362626631209957,0.1168850615633776]}
{"id": 9, "drone": 4, "position":(25.0,25.0,3.0), "time":399.7729821950214,"sensors":[49,17,32,1,3,13,20,8,25,42,0,27],"power":[0.21281106337407776,0.0731308836299544,0.11218631546662455,0.047106508619069135,0.045910132311367605,0.44396619958135825,0.253519251086105,0.09567303279834083,0.07070941000124303,0.07994440209597083,0.09332495957195983,0.41087525348025644]}
{"id": 10, "drone": 0, "position":(33.333333333333336,41.666666666666664,2.0), "time":533.3930752596164,"sensors":[2,19,39,32,46,48,15],"power":[0.5551968735629726,0.18795348308151244,0.15444083988059173,0.046963756938874654,0.3568998222549163,0.42508163680548133,1.8166142075760272]}
{"id": 11, "drone": 0, "position":(41.666666666666664,41.666666666666664,1.0), "time":368.6863846958321,"sensors":[2,39,33,46,48,15],"power":[0.11245737596791877,0.03290703127299236,0.12249818980804797,0.03437583769056006,0.22369330538152538,0.06280393889748581]}
{"id": 12, "drone": 2, "position":(8.333333333333334,16.666666666666668,1.0), "time":136.26614455565235,"sensors":[34,30,3,16,8,31,4,47],"power":[0.03576901713699772,0.048408976427281265,0.022802851255772402,0.026041551809874212,0.01339355303679449,0.038801350626229636,0.012232036784531936,0.2411203519028173]}
{"id": 13, "drone": 2, "position":(16.666666666666668,8.333333333333334,2.0), "time":199.73977062132232,"sensors":[37,34,41,9,30,1,16,42,0,36,22,29,47],"power":[0.09426151721233478,0.06977453137179751,0.03670903054541022,0.05936822261240894,0.07235266796316313,0.02978430066844628,0.019646229667128274,0.024914157790248703,0.0166345996432954,0.014180279333426438,0.06232504817885289,0.03565053251479663,0.01714297393686741]}
