LP RESULTS :
 Obj = 0.1*lambda1+0.9*lambda2 = 152.01120262017554 (lambda1 = 1502.1120262017553, lambda2 = 2.0) Resol time = 189 ms

{"id": 0, "drone": 3, "position":(25.0,25.0,1.0), "time":342.270117289845,"sensors":[33,19,1,15,32,45,8,29,4,21,39],"power":[0.0778038542172224,0.1270645908422041,0.030611165141445656,0.028835374141285366,0.02587564037705496,0.06886857134014544,0.08181887946587499,0.1535569364240031,0.06776004814922448,0.061339789286719223,0.028038838363736066]}
{"id": 1, "drone": 3, "position":(41.666666666666664,33.333333333333336,3.0), "time":636.4447303813567,"sensors":[5,11,37,18,0,31,14,27,30,46],"power":[0.19144000517818252,0.2985068798012779,0.34260776631570156,0.21694763350373902,0.18621206578756,0.1726993199794622,0.15000000000000002,0.6619227343609402,0.14407691733184394,0.6172080069065969]}
{"id": 2, "drone": 6, "position":(25.0,8.333333333333334,1.0), "time":378.35128878547243,"sensors":[43,13,33,38,44,24,1,32,45,21],"power":[0.03222547204515505,0.0776785786343018,0.029429236858467257,0.15033059307708702,0.06605367453237321,0.025865698429471565,0.12226265359073137,0.31156167400715074,0.02647467164103863,0.06374501405401711]}
{"id": 3, "drone": 6, "position":(8.333333333333334,16.666666666666668,1.0), "time":497.8885969356145,"sensors":[36,3,34,47,45,17,20,41],"power":[0.329585780394275,0.20117126508402,0.10905210442701609,0.8087468764225512,0.0683965817718307,0.6303157700253016,0.10951239665827235,0.20165538202530456]}
{"id": 4, "drone": 1, "position":(33.333333333333336,41.666666666666664,1.0), "time":829.5861243247712,"sensors":[37,28,12,18,42,0,29,31,4,27],"power":[0.09800355568126658,0.1578958169660138,0.48573103892895975,0.08719075232824942,2.1075864157299176,0.22663043121157525,0.0570238188417333,0.4766299471169889,0.12654508375713516,0.09552919184821494]}
{"id": 5, "drone": 1, "position":(16.666666666666668,41.666666666666664,1.0), "time":317.36163273168216,"sensors":[10,16,35,26,12,25,39],"power":[0.051617514895307866,0.042107801268877414,0.10589450202155763,0.4636373026468105,0.0266902452235229,0.726762685551427,0.0677027638399676]}
{"id": 6, "drone": 2, "position":(41.666666666666664,16.666666666666668,1.0), "time":343.72616513580346,"sensors":[43,33,7,9,44,1,15,49,8,30,21],"power":[0.035644755849946176,0.03889635812802155,0.10364845330904726,0.09239154471622406,0.0334158405530104,0.02340491863794503,0.10206442377254724,0.9341059642379769,0.0430138579305328,0.044891782432303254,0.028021160233109983]}
{"id": 7, "drone": 2, "position":(8.333333333333334,41.666666666666664,1.0), "time":661.5381383625239,"sensors":[10,16,35,26,23,25,2,39],"power":[2.0300600012828767,2.1125422837118255,0.04410549797844237,0.08040692855643948,0.26456373530139243,0.08572357763006558,0.15,0.0731983371380324]}
{"id": 8, "drone": 0, "position":(8.333333333333334,25.0,1.0), "time":180.9421378177042,"sensors":[36,3,34,19,47,45,17,20,39,41],"power":[0.020326998353594215,0.15733159632361501,0.054306684790383496,0.022935409157795912,0.038235654389446184,0.020047091637871595,0.0175220623056221,0.040487603341727636,0.020672981201964265,0.013961245482283016]}
{"id": 9, "drone": 5, "position":(33.333333333333336,25.0,3.0), "time":36.08117149562736,"sensors":[33,1,15,49,0,8,29,4,30,21],"power":[0.011575733172548003,0.0029674314959997764,0.008377806032905702,0.0050289354357975396,0.005297161257847952,0.029473565227718816,0.011070068257855467,0.005563621483867592,0.003049120311290805,0.005805157271428771]}
{"id": 10, "drone": 5, "position":(8.333333333333334,8.333333333333334,1.0), "time":823.2812914484366,"sensors":[36,13,38,40,24,47,17,41],"power":[0.20618933747996465,0.1114585555828175,0.08505513590789096,0.15,0.14754255028337104,0.14335744540024536,0.5158346671296271,0.23646217368134745]}
{"id": 11, "drone": 4, "position":(41.666666666666664,8.333333333333334,1.0), "time":780.0345722804794,"sensors":[43,7,6,9,48,44,15,49,22],"power":[0.4229165708110676,0.07093972860631315,0.30259340480269425,0.057608455283775936,0.15,0.20599433660028682,0.08169695509499657,0.09904501378605,0.29780587059884056]}
