LP RESULTS :
 Obj = 0.1*lambda1+0.9*lambda2 = 135.77510416021306 (lambda1 = 1330.7510416021307, lambda2 = 3.0) Resol time = 258557 ms

{"id": 0, "drone": 1, "position":(16.666666666666668,41.666666666666664,1.0), "time":469.3929064886321,"sensors":[36,44,4,8,34,14,25,30,15,11,40],"power":[0.19705741191994838,2.417336457802704,0.06758660189561398,0.07720890210337499,0.061312314261566345,0.16199631948914986,2.4716088517154096,1.1750413106879625,0.049826678540559485,0.10815110297434057,0.04857956990569839]}
{"id": 1, "drone": 1, "position":(8.333333333333334,16.666666666666668,1.0), "time":35.492003615296085,"sensors":[48,46,2,12,28,18,29,13,24],"power":[0.01908899927913206,0.003116171859666129,0.010807316778922065,0.015208470724862892,0.03826789198580094,0.003924827943508799,0.007504215674479599,0.04097956871469934,0.061302255421401775]}
{"id": 2, "drone": 1, "position":(8.333333333333334,33.333333333333336,4.0), "time":203.97205983482854,"sensors":[42,47,44,14,5,25,11,17,40],"power":[0.013050684554250087,0.0491764324331835,0.020288755373075677,0.058503566133972604,0.036553642069234865,0.021276127093361012,0.07787076724407946,0.11088730958060433,0.06373712167590805]}
{"id": 3, "drone": 5, "position":(33.333333333333336,8.333333333333334,1.0), "time":72.5305409271133,"sensors":[26,31,3,16,7],"power":[0.009075897978148801,0.025153160058531472,0.03987895604668329,0.006306286226290147,0.0053066962985206375]}
{"id": 4, "drone": 5, "position":(8.333333333333334,8.333333333333334,5.0), "time":37.03853731181721,"sensors":[48,46,20,12,28,18,13,24],"power":[0.004315550403253948,0.011802469776081726,0.006153184546639433,0.006400865894924477,0.0025050436961047548,0.010475256548231452,0.003303999803811574,0.004539723521550302]}
{"id": 5, "drone": 5, "position":(41.666666666666664,16.666666666666668,1.0), "time":1001.1255392353123,"sensors":[21,31,35,16,39],"power":[0.9714662995664292,0.47822375523899174,0.07894923000398608,0.10676263220126966,3.162867927489145]}
{"id": 6, "drone": 0, "position":(25.0,8.333333333333334,1.0), "time":35.75002424419212,"sensors":[26,3,18,29,7],"power":[0.045102289779232474,0.007572171845235241,0.003525216098875114,0.0026485253793674473,0.02192300952505121]}
{"id": 7, "drone": 0, "position":(33.333333333333336,33.333333333333336,1.0), "time":72.6781971667885,"sensors":[23,6,19,37,45,34,22,15,10,49],"power":[0.029094080206329757,0.052511159166536876,0.012929339211342688,0.03966207261340933,0.07206205543285775,0.007247410498925673,0.009638526843467938,0.02052103032090647,0.03334261565509076,0.034439133327889865]}
{"id": 8, "drone": 0, "position":(41.666666666666664,8.333333333333334,1.0), "time":45.76111540955105,"sensors":[21,31,3,16,39],"power":[0.007757237673051724,0.016769867195947995,0.005354865564233451,0.03693108157244009,0.007190260587595129]}
{"id": 9, "drone": 3, "position":(16.666666666666668,16.666666666666668,1.0), "time":2.279882690920573,"sensors":[42,48,26,2,28,18,29,13,24,7],"power":[2.1401051631994656E-4,0.0036156397581191854,4.95625219723716E-4,0.0022641794309078266,3.645222752188586E-4,2.862977030235305E-4,0.011545727838364214,2.3790942647240472E-4,0.0010342725657284104,2.3956935794630562E-4]}
{"id": 10, "drone": 3, "position":(8.333333333333334,8.333333333333334,1.0), "time":611.0109322090984,"sensors":[48,46,2,20,12,28,18,29,13,24,7],"power":[0.09557233565934596,0.42015100860824917,0.04219638769685918,0.14384681545336056,0.1442300137489247,0.05380238133609915,0.30909011243613455,0.0457604313042874,0.07016326992055733,0.0949991318503102,0.05092631703232796]}
{"id": 11, "drone": 3, "position":(25.0,25.0,4.0), "time":479.5694133013601,"sensors":[42,23,6,19,2,37,29,15],"power":[0.13769606853646163,0.07519115666341172,0.04148121780412818,0.14109932891406265,0.03862150755320894,0.1201787467202894,0.048949650788875136,0.03143620980472455]}
{"id": 12, "drone": 2, "position":(41.666666666666664,25.0,1.0), "time":211.33384603015384,"sensors":[21,23,31,6,19,37,35,39,0],"power":[0.039212377654564014,0.04571476313025852,0.016458223351405416,0.055162934891763896,0.02533056273245397,0.019407254175033566,0.07105076999601391,0.05885734424490219,0.033771468075412175]}
{"id": 13, "drone": 2, "position":(33.333333333333336,41.666666666666664,1.0), "time":10.350125871030606,"sensors":[38,4,8,6,37,45,34,22,41,15,10,43,49,27],"power":[8.227891184556051E-4,0.0018898108133570072,0.0018956634951737585,8.446881375710417E-4,7.747508925973023E-4,0.005583504143202135,0.003490539597751074,0.02471964687956906,0.003157171096707928,0.002929520480216983,0.005691326445072046,0.0022284814654360556,0.016546237670015018,0.001464135498473164]}
{"id": 14, "drone": 2, "position":(25.0,8.333333333333334,5.0), "time":609.1796615308064,"sensors":[26,3,18,7],"power":[0.23214655105022916,0.09719400654384798,0.04570585684438406,0.18371336830873136]}
{"id": 15, "drone": 6, "position":(41.666666666666664,41.666666666666664,1.0), "time":1119.417195571977,"sensors":[38,32,9,45,22,41,33,10,1,43,0,49,27],"power":[0.25328894224546405,0.24380900880851644,0.5477659647315056,0.2561266277108099,0.16692153303273843,0.24888462384077348,0.3091545329168056,0.09557746622622924,0.15,0.1378633487611329,0.1455708176997523,0.2735673270317486,0.2605445314586365]}
{"id": 16, "drone": 6, "position":(16.666666666666668,25.0,1.0), "time":76.4881886746712,"sensors":[42,48,2,28,29,13,24,11,17,40],"power":[0.05480684714018205,0.014625301777489828,0.03440992852613715,0.011349234044415693,0.022864017784569205,0.0059364815868314215,0.013758524506045203,0.010328489638217595,0.006841502163095011,0.02371859266595346]}
{"id": 17, "drone": 6, "position":(25.0,41.666666666666664,1.0), "time":128.30552299233494,"sensors":[36,44,4,8,45,34,22,41,25,30,15,10,43,49],"power":[0.014215498116791962,0.02799995140240175,0.080523587291029,0.11160172524968817,0.014168052074847014,0.3125993648210937,0.035285547336573686,0.009543718416247118,0.020647060416420514,0.04809301945100347,0.08300545300149853,0.04397712319721381,0.009908169773431008,0.019503404800330765]}
{"id": 18, "drone": 4, "position":(8.333333333333334,25.0,1.0), "time":90.1605968665943,"sensors":[42,47,48,2,12,28,5,29,13,24,11,17,40],"power":[0.00802644285806334,0.024368807004623294,0.013936595519589607,0.021700680013965374,0.008515150822545158,0.06510558383987936,0.005855137004715095,0.010727431230057378,0.02937877054762945,0.021861630017533856,0.011446902512414925,0.03198085244087323,0.023862795353934804]}
{"id": 19, "drone": 4, "position":(8.333333333333334,33.333333333333336,1.0), "time":478.28090023372704,"sensors":[42,47,44,14,28,5,25,11,17,40],"power":[0.03577401249451768,0.1451030774235053,0.055223631302151105,0.18914648700020445,0.03466226093808566,0.1055966425797706,0.05892118698683431,0.3263490226722429,0.6673791673422668,0.23459122567425825]}
{"id": 20, "drone": 4, "position":(8.333333333333334,33.333333333333336,5.0), "time":12.456389503675894,"sensors":[47,44,14,5,25,11,17,40],"power":[0.002699045110437509,0.0011344774573143566,0.003105726670499933,0.0019945783462794347,0.0011614577318262546,0.0037980688640068642,0.004895171610293536,0.0033565898456091804]}
