LP RESULTS :
 Obj = 0.1*lambda1+0.9*lambda2 = 135.99167430342573 (lambda1 = 1341.916743034257, lambda2 = 2.0) Resol time = 219 ms

{"id": 0, "drone": 1, "position":(8.333333333333334,41.666666666666664,1.0), "time":246.56992818261332,"sensors":[35,33,16,15,46,44,36,39,20],"power":[0.03011653063387584,0.03602945725254568,0.20097499418868106,0.14322121568377918,0.18640598153028248,0.03782956972545397,0.016557275734044103,0.04643190563464275,0.02448643841856623]}
{"id": 1, "drone": 1, "position":(41.666666666666664,25.0,1.0), "time":427.45130063071304,"sensors":[3,45,2,27,47,23,12,10,8,40],"power":[0.15620988984971823,0.08430634112225441,0.15271877096406186,0.551587885168528,0.11250924705098739,0.14729517657332886,0.15873396757532268,0.05542797067690565,0.12163384952609556,0.05463466944456812]}
{"id": 2, "drone": 2, "position":(41.666666666666664,33.333333333333336,1.0), "time":35.86393537789813,"sensors":[3,45,2,26,27,49,47,23,1,10,8],"power":[0.0048223065336227165,0.012366755499333783,0.050505300163815874,0.004460542198224907,0.0034331619820855536,0.011761125788374271,0.003516662398593358,0.0027203544563351614,0.016628799366681477,0.006857440254287961,0.1777886866264828]}
{"id": 3, "drone": 2, "position":(8.333333333333334,8.333333333333334,1.0), "time":753.8906616260952,"sensors":[14,30,4,5,11,24,13,17,31,28],"power":[0.09811711966340517,0.235751213020805,0.21824319588479726,4.3586115665192615,0.22988791975032746,0.31161011522801857,0.15,0.09216920748579806,0.07586653923061894,0.4619202144473949]}
{"id": 4, "drone": 5, "position":(41.666666666666664,41.666666666666664,1.0), "time":570.3561486151573,"sensors":[45,2,26,41,49,1,19,8,29],"power":[0.0533269033784118,0.06457595509488787,0.0552253834684802,0.09308980782062393,0.7237505907952303,1.0682213352943826,0.10889498848949138,0.09757459589923265,0.15]}
{"id": 5, "drone": 5, "position":(8.333333333333334,33.333333333333336,2.0), "time":106.05160571556677,"sensors":[35,6,33,16,15,21,18,46,37,44,42,39,43,7,20],"power":[0.03352659527587675,0.00856081388354956,0.05818499732936799,0.025584515057914908,0.0067787843162208,0.011197960085208049,0.012357026954311045,0.03223423246138165,0.013760087435115042,0.015382949982836014,0.02547459867396791,0.19091393867538656,0.011012436485041133,0.012546348282752178,0.08149651703470548]}
{"id": 6, "drone": 4, "position":(25.0,8.333333333333334,1.0), "time":588.0260814081619,"sensors":[14,38,28,32,25],"power":[0.05243839475471353,0.17768642600410606,0.04220666236255921,0.2695899844553232,0.4023935409584556]}
{"id": 7, "drone": 4, "position":(33.333333333333336,25.0,1.0), "time":4.219124386261342,"sensors":[48,2,26,27,0,47,12,10,8,40],"power":[3.81285458327337E-4,3.737049595977517E-4,4.6600053463056215E-4,7.090912868438013E-4,3.6557227570720966E-4,0.030382902014210105,5.524605366868465E-4,0.0015198369975113846,4.4136817065448987E-4,3.380959287566062E-4]}
{"id": 8, "drone": 3, "position":(33.333333333333336,33.333333333333336,1.0), "time":19.22478466179805,"sensors":[48,2,26,9,0,41,49,36,47,1,10,19,8],"power":[0.0067674808793932945,0.002307170740456741,0.025357393253898946,0.001814472993983208,0.00389679114311286,0.001255638519106514,0.004278622398286676,0.0012198327195473157,0.003591188536209791,0.003123447607848243,0.06063630579838571,0.0020131284824449554,0.0035078484246408555]}
{"id": 9, "drone": 3, "position":(8.333333333333334,25.0,1.0), "time":588.0260814081619,"sensors":[35,6,33,21,18,37,42,34,11,39,17,31,43,7,20],"power":[0.0863568740902474,0.06172418096238459,0.10585503675503842,0.18160994426254595,0.0616388379719966,0.43753697336150904,0.7673547613950836,0.15,0.07207925096928204,0.12254799784971919,0.1319577425462672,0.0922996646567248,0.05430222867524442,0.04236563360756979,0.22242348493863143]}
{"id": 10, "drone": 0, "position":(16.666666666666668,33.333333333333336,1.0), "time":229.0534146551397,"sensors":[48,6,9,33,18,46,0,44,42,36,39,43,7,20],"power":[0.027716259326328232,0.07971500515406583,0.019639109403415622,0.28570402159939273,0.24057852767857754,0.01580258292510975,0.052539428426802655,0.2086535143607273,0.04670837528092501,0.06753518983990427,0.0290412129240331,0.19670736247209117,0.4846203801803968,0.02305590339515394]}
{"id": 11, "drone": 0, "position":(41.666666666666664,8.333333333333334,3.0), "time":35.86393537789843,"sensors":[22,12,40],"power":[0.00537479997125993,0.004418201602242415,0.010730825681810165]}
{"id": 12, "drone": 6, "position":(25.0,41.666666666666664,1.0), "time":374.38873492298944,"sensors":[48,26,9,18,0,41,44,36,43,10,19,7],"power":[0.11724777262058181,0.08187651060284643,3.7438873492298943,0.024702130754062322,0.09319820815437728,0.05591160164636167,0.07484187656208727,0.2330643567243907,0.026093314394167295,0.02555844627290931,0.07117159066239469,0.04062874305873378]}
{"id": 13, "drone": 6, "position":(41.666666666666664,8.333333333333334,1.0), "time":874.3823826393842,"sensors":[22,27,12,40],"power":[0.14462520002874005,0.05927657111969702,0.11309143775598049,0.30074355970350297]}
