LP RESULTS :
 Obj = 0.1*lambda1+0.9*lambda2 = 120.00657232968454 (lambda1 = 1173.0657232968454, lambda2 = 3.0) Resol time = 184739 ms

{"id": 0, "drone": 4, "position":(8.333333333333334,25.0,1.0), "time":511.8085576102927,"sensors":[6,1,42,37,44,23,2],"power":[0.168098342250428,0.05394159104164382,0.05483463235915383,0.06173143101902462,0.18454321538655008,0.04883431533773815,0.07639957699939406]}
{"id": 1, "drone": 4, "position":(8.333333333333334,33.333333333333336,1.0), "time":66.918686122895,"sensors":[41,49,45,9,27,28,1,42,37,0,44,23],"power":[0.007762972393725298,0.004236047001564416,0.010132241185721173,0.018402140151854346,0.011010609913104801,0.011743460255169631,0.01999051160651957,0.007708936849427867,0.042642076754635966,0.005996730695690862,0.02449563021241706,0.029666865171660922]}
{"id": 2, "drone": 4, "position":(8.333333333333334,8.333333333333334,1.0), "time":583.2850728243247,"sensors":[14,24,35,6,34,25],"power":[0.13821198304405555,0.06470026775680547,0.10437404651650267,0.08219042444359505,0.07446261481024793,0.15019691307093763]}
{"id": 3, "drone": 0, "position":(41.666666666666664,33.333333333333336,1.0), "time":139.35707997606323,"sensors":[8,16,12,33,4,21,31,36,32,47,46,3,20],"power":[0.02275059183379194,0.019386831975246443,0.014246288689693052,0.04703084618677023,0.03816898840313635,0.011332100559501231,0.025559862272336902,0.00968223113844806,0.016219273772929994,0.01633546327367955,0.03978161190304156,0.06848216850709457,0.03331896978061711]}
{"id": 4, "drone": 0, "position":(8.333333333333334,16.666666666666668,2.0), "time":77.9720928622279,"sensors":[6,2],"power":[0.15679770660708278,0.012750160156655341]}
{"id": 5, "drone": 0, "position":(41.666666666666664,25.0,1.0), "time":593.9224445857382,"sensors":[7,16,4,31,32,47,3,20,5],"power":[0.11072812773848358,1.5830485299974328,0.6672147012051833,0.07661568883455526,0.13378072622707002,0.23845610055599256,0.34651330350458626,0.16573918689519263,0.12743767708253997]}
{"id": 6, "drone": 3, "position":(25.0,25.0,1.0), "time":186.03150338556856,"sensors":[15,30,31,42,13,39,44,47,20,2],"power":[0.04988627924526425,0.04817324476004031,0.028321685532168895,0.04568740969380131,0.029369915320087214,0.021245736519630257,0.014306939738490523,0.022225025593536944,0.021996183211795237,0.03375526023961677]}
{"id": 7, "drone": 3, "position":(41.666666666666664,41.666666666666664,1.0), "time":432.72368582018026,"sensors":[8,12,33,21,36,11,46,3,26],"power":[0.5765620786544111,0.6278248893625274,0.7253762744044614,0.13267870000310572,0.22084516442242177,0.06694556006835638,0.6493477456026238,0.02906565454386339,0.10965318094465651]}
{"id": 8, "drone": 3, "position":(8.333333333333334,41.666666666666664,2.0), "time":186.0315033855686,"sensors":[41,49,45,9,10,27,28,1,43,37,0,23],"power":[0.12172145659150585,0.07532225688775777,0.14549777273808007,0.054253108661778016,0.028063715834916687,0.4854265628768384,0.17046325516948133,0.025872006967078573,0.050620505224972,0.03982138606807637,0.049353355369387196,0.04182370826372083]}
{"id": 9, "drone": 6, "position":(33.333333333333336,8.333333333333334,4.0), "time":397.2535694387565,"sensors":[48,15,40,13,39,29,19],"power":[0.03670715155203965,0.02686899038349484,0.029445194303792523,0.03798848787112672,0.06593992232569401,0.04254841623697226,0.10733929779786243]}
{"id": 10, "drone": 6, "position":(25.0,8.333333333333334,1.0), "time":331.069489317084,"sensors":[24,15,34,13,39,29,19],"power":[0.04654957773927806,0.058398977489210094,0.12877804074845542,0.09932549239894721,0.13196976732793225,0.08300689809734614,0.577929278730323]}
{"id": 11, "drone": 6, "position":(33.333333333333336,33.333333333333336,1.0), "time":7.062512914863684,"sensors":[8,17,16,33,4,30,31,47,46,3,20],"power":[0.0010265910726643577,6.005667660829817E-4,6.007237733254953E-4,0.001400104038016362,4.6256899972853184E-4,0.002549834586341851,0.017182746479537565,0.001125307018790423,5.144554501562834E-4,5.97696989305202E-4,0.0037242987051074633]}
{"id": 12, "drone": 2, "position":(25.0,41.666666666666664,5.0), "time":511.8085576102928,"sensors":[9,22,17,10,30,38],"power":[0.04031625329999926,0.14921601523224673,0.2107149371262948,0.09495549755937105,0.0649505498747161,0.2553936855898626]}
{"id": 13, "drone": 2, "position":(41.666666666666664,8.333333333333334,1.0), "time":579.1432787111073,"sensors":[7,48,40,18,5],"power":[0.1272785536789208,0.1755676398653108,0.14651622376190315,0.15,0.09115658882783287]}
{"id": 14, "drone": 1, "position":(41.666666666666664,41.666666666666664,3.0), "time":593.5519240390191,"sensors":[8,12,33,21,36,11,46,26],"power":[0.4480437140944546,0.46607567283187123,0.5361403515873516,0.16083544913973305,0.22734497305944462,0.08305443993164362,0.482628287962394,0.1354380118954884]}
{"id": 15, "drone": 1, "position":(33.333333333333336,41.666666666666664,1.0), "time":0.37052054671916146,"sensors":[8,22,17,12,33,30,31,36,46,38,20],"power":[2.3340912512516925E-4,7.501636276235112E-5,1.2149109174026791E-4,9.062277218259479E-5,1.23911577202516E-4,4.212113433184915E-5,4.61306162448924E-5,1.088360732103843E-4,4.0324412409382756E-5,7.555715925349984E-5,2.4023824293683634E-5]}
{"id": 16, "drone": 1, "position":(16.666666666666668,33.333333333333336,1.0), "time":47.37082275898844,"sensors":[41,45,9,10,27,28,30,42,37,44,23,2],"power":[0.005534749327820953,0.00690814166822262,0.02470179505196033,0.005233091705972217,0.0030909847736766342,0.007843249668204794,0.0061964188590865775,0.03900813555142204,0.0034376056770792775,0.021794310579954193,0.048972045162719954,0.003153473079802334]}
{"id": 17, "drone": 5, "position":(16.666666666666668,8.333333333333334,1.0), "time":258.71116115543646,"sensors":[14,24,15,35,34,25,13,39,29,19,2],"power":[0.05646183525113563,0.08070062860814432,0.021407706570467894,0.04562595348349731,0.686639288705332,0.0329715166371171,0.03505724375655305,0.027696413623820425,0.02444468566568161,0.030865731544658725,0.023941529524530585]}
{"id": 18, "drone": 5, "position":(25.0,33.333333333333336,1.0), "time":10.402792450054326,"sensors":[9,22,17,30,31,42,44,38,20,23],"power":[9.598193872852167E-4,7.089684049910284E-4,0.0012470485212113165,0.02808783078548372,0.0022738862651567903,0.0027608855461951766,7.847680322306186E-4,0.0013224640688899118,0.0011261439169038413,0.0010024326319110263]}
{"id": 19, "drone": 5, "position":(8.333333333333334,41.666666666666664,1.0), "time":350.5333609690462,"sensors":[41,49,45,9,10,27,28,1,43,37,0,44,23],"power":[0.2661628947249384,0.1546128546723724,0.342915135893971,0.1055565237107517,0.05237862123834809,1.535766116403846,0.388113789502527,0.05019589038475799,0.09937949477502799,0.07736294658359046,0.09894237958465495,0.02322975588456224,0.08138430333021063]}
