LP RESULTS :
 Obj = 0.1*lambda1+0.9*lambda2 = 120.52662359404214 (lambda1 = 1178.2662359404212, lambda2 = 3.0) Resol time = 236840 ms

{"id": 0, "drone": 2, "position":(8.333333333333334,8.333333333333334,3.0), "time":338.45628339513416,"sensors":[38,9,32,24,42,19,21],"power":[0.1109698547818975,0.2804107720630937,0.04609527663101648,0.051319985498445256,0.04659463066830249,0.021567090233937453,0.031863640446396016]}
{"id": 1, "drone": 5, "position":(16.666666666666668,41.666666666666664,2.0), "time":39.54787898019545,"sensors":[31,25,28,40,11,43,34],"power":[0.003678486209286085,0.003785864818421223,0.0046112452351127625,0.009265235776379225,0.06147646655118916,0.06861159642426835,0.08360162959346396]}
{"id": 2, "drone": 5, "position":(41.666666666666664,33.333333333333336,1.0), "time":512.3153661519566,"sensors":[6,20,17,4,45,3,36,37,33],"power":[0.13075094503403153,0.06989524650611297,0.07386854783993861,0.06122258768580177,0.08931860179217682,0.7508712422458549,0.07610249069831046,0.07226549513985622,0.03631760219074899]}
{"id": 3, "drone": 5, "position":(25.0,41.666666666666664,4.0), "time":355.27538692713307,"sensors":[20,48,4,12,11,43,29,36,2,37,34,26,33],"power":[0.06008884840353797,0.07482353320707434,0.06332045473537244,0.02823004467555042,0.1088574547691379,0.037592854892999454,0.06051076344611599,0.056564633078616845,0.09075401446744275,0.054292953841061184,0.062453885081641396,0.030308189928881072,0.06306631448750605]}
{"id": 4, "drone": 0, "position":(25.0,8.333333333333334,1.0), "time":338.45628339513445,"sensors":[16,38,1,13,18,7,5,23,44,42,15,41,8],"power":[0.602070093137849,0.027487174250230284,0.16772902659746322,0.04993744119585657,0.039920170968785335,0.11963151096344017,0.02655757155217408,0.04454149094748883,0.21590355339242587,0.08896605338989944,0.49683448143882647,0.050622192150805455,0.0323029945512998]}
{"id": 5, "drone": 0, "position":(8.333333333333334,8.333333333333334,1.0), "time":48.94851647378039,"sensors":[38,9,32,18,24,42,19,21],"power":[0.019319150112793407,0.07399546383956021,0.007352098820614258,0.003441525140826367,0.008156373446370909,0.0075955141151855384,0.0034079804855607324,0.005002937568387679]}
{"id": 6, "drone": 0, "position":(41.666666666666664,8.333333333333334,1.0), "time":64.35172298849852,"sensors":[10,14,23,39,44,47,27,41,8],"power":[0.013511734566610539,0.027892162576067456,0.008902056760918821,0.03254498646417963,0.00574466994642528,0.02115744596525563,0.015999116768923648,0.0061760112605468015,0.026559402965024334]}
{"id": 7, "drone": 3, "position":(25.0,25.0,2.0), "time":69.18075073403747,"sensors":[31,13,18,4,45,12,22,7,5,0,19,21,26,33],"power":[0.01199199739803895,0.019768444350959185,0.00877261439662461,0.005335307616989567,0.010748567557971787,0.037534681572332716,0.10217084679589945,0.0065246513180278794,0.020022482233403013,0.012320964807003426,0.008128686662049552,0.005299209063093583,0.033247049068000294,0.010199946564924919]}
{"id": 8, "drone": 3, "position":(33.333333333333336,8.333333333333334,1.0), "time":108.59267898646158,"sensors":[16,1,13,7,23,39,44,47,27,15,41,8],"power":[0.052964652651792746,0.010065471668303724,0.009607532329251892,0.00798353910000588,0.037842248737880856,0.011072351895731865,0.11914219136453333,0.0140482748990238,0.010533240411207265,0.013566106837432349,0.030815057114637227,0.10195654320130468]}
{"id": 9, "drone": 3, "position":(41.666666666666664,25.0,3.0), "time":355.27538692713324,"sensors":[6,17,45,3,27],"power":[0.09105991928831199,0.07613145216006138,0.040233880566816975,0.03307235801548356,0.06118458870791191]}
{"id": 10, "drone": 6, "position":(33.333333333333336,41.666666666666664,1.0), "time":183.8264914272975,"sensors":[20,48,4,45,3,29,36,2,37,33],"power":[0.5147074949101994,0.07517646679292565,0.0696495074165942,0.022733962430680165,0.024255547514407595,0.1408058141823404,0.35518857210313515,0.2684787441755134,0.7662241438728489,0.03547165496101207]}
{"id": 11, "drone": 6, "position":(8.333333333333334,33.333333333333336,1.0), "time":329.7365591689181,"sensors":[31,25,28,40,30,43,0,35,49,46],"power":[0.0538911465496097,1.0769390611586436,1.684383824627421,0.32011106920757937,0.05305400101218163,0.055572741028329695,0.030451353500396506,0.02854137429326937,0.03631622438840616,0.0967318661912555]}
{"id": 12, "drone": 6, "position":(16.666666666666668,16.666666666666668,1.0), "time":46.22246500298412,"sensors":[31,38,13,9,32,18,22,7,5,42,0,15,19,49,46,21],"power":[0.002989622868535524,0.017692314742616736,0.00752359619117525,0.005045205859438614,0.007992039732529285,0.20174055638547342,0.0037080037361235715,0.020125928745335243,0.028001918363072476,0.005626354624026685,0.012151705547067545,0.00972771394098168,0.11972063605313273,0.011000418876557222,0.004081843327068305,0.11507276589783105]}
{"id": 13, "drone": 4, "position":(8.333333333333334,16.666666666666668,1.0), "time":116.21516333851716,"sensors":[38,9,32,18,5,24,0,35,19,49,46,21],"power":[0.036082215223727246,0.049757379241071154,0.45874646076334635,0.017426251053142543,0.009342407018084224,0.0396823145765253,0.015255429228931508,0.024002169616878368,0.028085974093479626,0.03667179647858159,0.01866579248147577,0.04020780894455061]}
{"id": 14, "drone": 4, "position":(25.0,16.666666666666668,1.0), "time":16.81910353199919,"sensors":[16,38,1,13,18,12,22,7,5,23,44,42,0,15,19,21,8],"power":[0.0035469838319403513,0.00125941293776771,0.0011124599997533165,0.05628092887405011,0.005394738971775867,0.0012331448785965786,0.002056841216406436,0.012216653775382018,0.0071350386938725885,0.003301963275495917,0.0033635234788341206,0.0012174472025859046,0.0016216442111062978,0.006439790006086584,0.0029390847163985726,0.0022383774240618236,0.001217048408389221]}
{"id": 15, "drone": 4, "position":(16.666666666666668,25.0,1.0), "time":71.87240526187165,"sensors":[31,13,25,28,40,32,18,12,22,7,5,0,19,49,46,21,26],"power":[0.04318334337889291,0.006882057058706897,0.011229225878331578,0.008590046062020856,0.004818070438159271,0.007606852457690178,0.01579837532998115,0.013581987141916331,0.021276906649146093,0.006274480162916225,0.025909430812730543,0.39778932391984184,0.026638035645388195,0.029987545374286374,0.019399479552200186,0.019559043596136916,0.009385740773309385]}
{"id": 16, "drone": 1, "position":(25.0,33.333333333333336,1.0), "time":57.66824069999664,"sensors":[31,20,4,45,12,22,11,43,0,36,2,37,34,26,33],"power":[0.012400025728818998,0.00820674590763213,0.018275349770792183,0.0131356228069345,0.06942014173160395,0.020787401602424562,0.009087776392211573,0.003838947933681968,0.003957292384994798,0.008610055949839006,0.004718676306298317,0.006548772480426729,0.003944485324894652,0.08562892831095306,0.06343371958751537]}
{"id": 17, "drone": 1, "position":(8.333333333333334,25.0,1.0), "time":470.551548202097,"sensors":[31,25,28,40,32,18,30,5,24,0,35,19,49,46,21],"power":[0.06712144273693656,0.1282524160896036,0.10042358023750493,0.04293338853160172,0.14315653436309236,0.03550125185583711,0.09694599898781837,0.03303115132666307,0.050841326478658515,0.12370858550243517,0.15615066957005144,0.07421190139737176,0.4720195476770959,1.98683400492441,0.07973166171149015]}
{"id": 18, "drone": 1, "position":(41.666666666666664,8.333333333333334,1.0), "time":650.0464470383275,"sensors":[10,14,23,39,44,47,27,41,8],"power":[0.13648826543338946,0.28175160416495165,0.08992378292346669,0.32875192516184165,0.05802956183083145,0.21372112415044317,0.16161446078528385,0.062386739474010515,0.2682887843727045]}
