LP RESULTS :
 Obj = 0.1*lambda1+0.9*lambda2 = 174.9212348111759 (lambda1 = 1731.2123481117587, lambda2 = 2.0) Resol time = 178 ms

{"id": 0, "drone": 2, "position":(8.333333333333334,25.0,4.0), "time":836.4894677866808,"sensors":[0,2,27,25,49,48,40,45],"power":[0.181066656230033,0.06664083426306008,0.21737941737550445,0.0841441938785861,0.2042463066228674,0.08918864571308543,0.24000506203688157,0.5781285950942753]}
{"id": 1, "drone": 2, "position":(25.0,33.333333333333336,2.0), "time":85.2209675959603,"sensors":[41,14,22,29,8,2,33,48],"power":[0.024765712669022177,0.006817651704607357,0.09704464118728562,0.00727898557017619,0.007721618490571181,0.0173332539968764,0.008169605134054332,0.013235065998280546]}
{"id": 2, "drone": 0, "position":(8.333333333333334,41.666666666666664,1.0), "time":669.2032291200372,"sensors":[31,2,7,33,49,48,18],"power":[0.29830195904539786,0.06872897556053446,0.5002563896485116,0.18906797378164725,0.07335051897756015,0.08216583723281583,0.15]}
{"id": 3, "drone": 0, "position":(41.666666666666664,8.333333333333334,1.0), "time":12.54981958934794,"sensors":[11,47,13,23,16,28,43,20,30,44,42,1,35,5],"power":[0.004861860163257057,0.07320600880696351,0.0014286859152258871,0.0023717385043332136,0.002933796134359369,0.0022532415809193057,0.003964635579172947,0.02454613541080968,0.0013685676482667064,0.0349357312691048,0.003129633893123181,0.018049930564223247,0.0023865279513769697,0.0019461508017627569]}
{"id": 4, "drone": 4, "position":(41.666666666666664,16.666666666666668,1.0), "time":1076.9017651900622,"sensors":[11,37,47,13,23,16,28,43,8,20,9,30,44,42,1,35,5],"power":[1.3786936451122747,0.11118678137357002,0.18243466214417975,0.31203449644612374,0.8622101105436808,0.32981555412225294,0.14260423490060767,0.24620746689767614,0.10482833187351215,0.12545386458919033,0.48598118465189055,1.6198029528492572,0.1387200596947204,0.0726257598200405,0.6294855180375072,0.25578439167612244,0.14809310332966313]}
{"id": 5, "drone": 5, "position":(41.666666666666664,41.666666666666664,1.0), "time":1095.02086525921,"sensors":[38,19,32,12,14,29,6],"power":[0.16313868135344636,2.081043702433917,0.4359538960294704,2.832591189521193,0.08672204164836794,0.35835266419298323,0.22689947513055764]}
{"id": 6, "drone": 3, "position":(25.0,25.0,1.0), "time":140.29868360908029,"sensors":[41,22,8,2,27,25,48],"power":[0.67858844078808,0.052955358812714376,0.02278387165607917,0.012978107770719926,0.01870443746327256,0.02114793058481495,0.010251935361552339]}
{"id": 7, "drone": 3, "position":(33.333333333333336,41.666666666666664,1.0), "time":550.9705152565884,"sensors":[19,17,32,12,14,29],"power":[0.08128342470459009,0.15,0.10320688831427471,0.22337793343010878,0.31510859482735093,0.5616408244364239]}
{"id": 8, "drone": 1, "position":(41.666666666666664,25.0,1.0), "time":50.14541783584622,"sensors":[11,38,37,13,23,16,8,9,30,1],"power":[0.005518941318025175,0.005480605617280756,0.03881321862642998,0.006320389243823781,0.007622211539655851,0.0035863635586196652,0.014666177979837491,0.05049435569125536,0.021408274162469515,0.00326283091865381]}
{"id": 9, "drone": 1, "position":(8.333333333333334,8.333333333333334,1.0), "time":1089.45158477941,"sensors":[36,24,10,46,21,39],"power":[0.15945407976977982,0.3592157166286554,0.29830527976786747,0.2643984673787085,0.9958621607333981,0.15]}
{"id": 10, "drone": 6, "position":(25.0,8.333333333333334,1.0), "time":641.7607633323487,"sensors":[3,15,36,34,26,28,25,42,5,4],"power":[0.15,0.5133504328190366,0.08074687636044717,3.304627078337038,0.1876715288745677,0.14091766990266336,0.04767321559479113,0.09918521153585451,0.1458631072337344,0.3338997595349043]}
