LP RESULTS :
 Obj = 0.1*lambda1+0.9*lambda2 = 93.01665831944955 (lambda1 = 903.1665831944954, lambda2 = 3.0) Resol time = 1053867 ms

{"id": 0, "drone": 2, "position":(8.333333333333334,8.333333333333334,4.0), "time":295.12342286660765,"sensors":[19,11,20,32,41,1],"power":[0.06927759892569074,0.11948334740684109,0.08394580243976141,0.0287653475731515,0.049882579728933514,0.019985243902733138]}
{"id": 1, "drone": 2, "position":(25.0,41.666666666666664,3.0), "time":255.0780112766396,"sensors":[10,5,33,47,40,23,2],"power":[0.02883171840180484,0.32276734142354335,0.02030437341278757,0.17621667979533456,0.0513144573795665,0.03186938337371856,0.11312857001179567]}
{"id": 2, "drone": 2, "position":(8.333333333333334,16.666666666666668,1.0), "time":109.2100890806357,"sensors":[46,11,20,30,1,18,27],"power":[0.042304954939428256,0.014642414269937891,0.13154684234639513,0.010849327623429984,0.058571730594958474,0.015729475740728808,0.011811752279059395]}
{"id": 3, "drone": 4, "position":(8.333333333333334,25.0,1.0), "time":4.256140079337803,"sensors":[46,33,20,44,34,12,14,1,18],"power":[0.0014270721095021952,3.5094110469953004E-4,4.50068343456679E-4,0.0011357319508814637,5.341900827948844E-4,0.0013816472002798925,3.7607174429259675E-4,0.0017372516460709203,0.015232588315075853]}
{"id": 4, "drone": 4, "position":(8.333333333333334,33.333333333333336,1.0), "time":341.58373029921574,"sensors":[33,36,35,44,34,12,14,6,18],"power":[0.039124228248443804,0.03981870599907556,0.09560334344363575,0.115244213450122,0.04401220709215775,0.458310297784254,0.39179857696400094,0.03326663069026451,0.1108464859032048]}
{"id": 5, "drone": 4, "position":(33.333333333333336,8.333333333333334,1.0), "time":7.886353916823516,"sensors":[15,42,8,49,45,16,28,9,13],"power":[0.0011956214275990996,0.007609635132765012,0.0017038404505994443,0.004907634023829243,0.0011265355627465322,7.94625332127003E-4,0.006047044835751872,0.001083652024841151,0.0431418024867659]}
{"id": 6, "drone": 3, "position":(16.666666666666668,16.666666666666668,1.0), "time":108.57808439791867,"sensors":[46,20,31,30,32,34,1,27],"power":[0.056889270015476556,0.012899879534761334,0.010702704713202447,0.12103946515435286,0.01940148983274004,0.0081498581441422,0.0437162893990246,0.1770380917206058]}
{"id": 7, "drone": 3, "position":(33.333333333333336,16.666666666666668,1.0), "time":22.330988013257958,"sensors":[0,4,15,42,8,17,37,49,22,31,7,39,45,28,13],"power":[0.0022759075689783455,0.0027020715082413317,0.08716730150530055,0.008231931175889919,0.0031642513077343145,0.00285269890214485,0.0037014786639166224,0.009867187107127931,0.003690124677214522,0.0038537891939395973,0.003242351499583121,0.0024418031744646946,0.00882650684917423,0.01698412593953682,0.004917087982974074]}
{"id": 8, "drone": 3, "position":(41.666666666666664,8.333333333333334,5.0), "time":635.3162686943955,"sensors":[0,42,8,49,43,22,45,16,28,9,13],"power":[0.07178137352995555,0.15168139750928097,0.3156383968313431,0.14768249159083569,0.10243457186426459,0.07140689195570173,0.09763316826183781,0.2435866959695696,0.11300238885093766,0.1339541319460259,0.07765310959158431]}
{"id": 9, "drone": 0, "position":(16.666666666666668,8.333333333333334,1.0), "time":233.4360356906944,"sensors":[19,46,11,20,30,32,41,1,27],"power":[0.0349837474308925,0.01763642161763215,0.018182986262469492,0.020884230500065114,0.06947220355259413,0.4436671554959034,0.07076595566997537,0.01686965067118805,0.05912195733318553]}
{"id": 10, "drone": 0, "position":(25.0,25.0,1.0), "time":218.75817598948382,"sensors":[4,15,46,10,33,23,31,30,34,2,27],"power":[0.06837541521938537,0.03223603456852003,0.015786338671822657,0.08197845582957151,0.048895497857412075,0.07706711684133741,0.536878898897581,0.020932825996879914,0.049592242975963256,0.01679578846924763,0.025310782707606495]}
{"id": 11, "drone": 0, "position":(41.666666666666664,16.666666666666668,1.0), "time":150.0038822786097,"sensors":[0,15,42,8,17,37,49,43,22,7,39,45,16,28,13,29],"power":[0.22718789129938588,0.0257862960547053,0.037440065215531684,0.05479475410203423,0.034640164539225686,0.12127759594464907,0.045109667654996397,0.03076309307833996,0.4768457289856962,0.04848130447534499,0.08224043398200732,0.38326295621295436,0.036093180078394016,0.03669734274777913,0.011926960164619598,0.014625222696392586]}
{"id": 12, "drone": 1, "position":(8.333333333333334,41.666666666666664,2.0), "time":480.9614659388181,"sensors":[36,35,44,21,12,14,6],"power":[0.450297032208563,1.017988809901635,0.03362005459899654,0.15000000000000002,0.055772280615100346,0.28953063729485723,0.28429744781115984]}
{"id": 13, "drone": 1, "position":(41.666666666666664,41.666666666666664,1.0), "time":125.69743062448543,"sensors":[24,40,48,3,26,25],"power":[0.08215299475474411,0.01901549395075855,0.22307989882606336,0.010477609725901279,0.06992274295479149,0.019640203533453224]}
{"id": 14, "drone": 1, "position":(41.666666666666664,8.333333333333334,1.0), "time":75.87957238356887,"sensors":[0,42,8,37,49,43,22,39,45,16,28,9,13],"power":[0.01137720087758013,0.02772410037894983,0.22511440889759285,0.005884868251126881,0.02657627093733047,0.016802335057395437,0.011295759883274923,0.005028932588464034,0.01579444831793942,0.09693646124352916,0.018435043396415097,0.022739418970933734,0.012361039774056096]}
{"id": 15, "drone": 5, "position":(25.0,33.333333333333336,1.0), "time":7.125278672694662,"sensors":[4,10,5,33,47,23,31,34,2],"power":[0.001421267359979794,0.015639156831454757,0.0019484491395400623,0.0024743838877907577,0.0019217840147999169,0.023154374955298613,9.983986618185012E-4,0.001705852388974558,0.0045015924278984775]}
{"id": 16, "drone": 5, "position":(41.666666666666664,33.333333333333336,1.0), "time":643.202622611219,"sensors":[4,17,24,37,48,3,7,26,39,38,25,29],"power":[0.05808849241256419,0.12319238839108158,0.05601265769694762,0.05691385377845494,0.0706006443137668,0.30927387233405,0.09538246103479744,0.8289322212937813,0.059992263612209946,0.15,0.3672529324108919,0.2855868790937348]}
{"id": 17, "drone": 5, "position":(33.333333333333336,41.666666666666664,1.0), "time":134.266529958791,"sensors":[10,24,5,47,40,48,23,26,2],"power":[0.009837506265380222,0.011834347548308264,0.019016189118590952,0.012627642164758462,0.14822006880513788,0.025786284926164284,0.008922665980245057,0.01679489468309176,0.014204729961926316]}
{"id": 18, "drone": 6, "position":(16.666666666666668,33.333333333333336,1.0), "time":76.3652468771238,"sensors":[46,10,5,33,47,36,35,23,34,12,14,6,2,18],"power":[0.00490319253405815,0.011628258928472966,0.012125553585567205,0.09793710492015048,0.016225115521817206,0.00704474440894891,0.011864794882138423,0.015035203723862684,0.06529550898492814,0.02827966420741195,0.012008180646167838,0.007140091267581582,0.021405801950013466,0.008191450040990525]}
{"id": 19, "drone": 6, "position":(8.333333333333334,8.333333333333334,1.0), "time":152.56281107930118,"sensors":[19,46,11,20,30,32,41,1,27],"power":[0.045738653643416755,0.011052750112080132,0.12078261079103683,0.058788763697029275,0.011020239552389687,0.01678296994330938,0.02935146460109111,0.012399365170332168,0.009972869282709034]}
{"id": 20, "drone": 6, "position":(33.333333333333336,25.0,1.0), "time":11.749517907839852,"sensors":[4,15,10,17,37,49,22,23,31,7,39,45,28,29],"power":[0.019412753499829315,0.0036147464438750104,0.0020849037433155406,0.003415307657970034,0.002007206851441517,7.540513805817699E-4,0.0011308280423679342,0.0016259239365875298,0.003328027294166271,0.0028938829902744475,0.001430858996259111,0.001655702561678096,9.325617399725018E-4,0.0012785126310944567]}
