LP RESULTS :
 Obj = 0.1*lambda1+0.9*lambda2 = 144.6168381372154 (lambda1 = 1419.168381372154, lambda2 = 3.0) Resol time = 898289 ms

{"id": 0, "drone": 0, "position":(41.666666666666664,41.666666666666664,1.0), "time":727.3624526869304,"sensors":[22,2,27,4,21,30,18,36,29,19,20,16],"power":[0.4165217358809254,0.05152745236238485,0.09799667404999153,0.1285769241456045,0.1911676870771204,0.13241751770168875,0.046997130412036875,0.4656065084143822,0.19365387443845752,0.08840003033996324,0.07911374495431767,0.3011401261025078]}
{"id": 1, "drone": 0, "position":(25.0,25.0,2.0), "time":432.3112468116053,"sensors":[3,6,42,5,35,32,24,48,11,45],"power":[0.16606973800492691,0.07786894907163458,0.09559643630973896,0.6564279512325438,0.07925922798281473,0.9760071866334865,0.055472335563771305,0.06916424261348283,0.24508120754359958,0.08961457472366806]}
{"id": 2, "drone": 4, "position":(41.666666666666664,41.666666666666664,5.0), "time":239.11083501370229,"sensors":[22,27,4,21,30,36,29,19,20,16],"power":[0.07012573937735085,0.024663543976771504,0.031849508898376164,0.045468657714055186,0.03263742609760693,0.07473061809965428,0.04560958168212191,0.02173553133119026,0.01978829258967891,0.06115152414838413]}
{"id": 3, "drone": 4, "position":(41.666666666666664,25.0,4.0), "time":31.604154915490426,"sensors":[22,2,14,49,12,4,30,42,35,41,20,24,16,11],"power":[0.0026232456167654987,0.013413284323202879,0.003091071080880316,0.02025726794256932,0.0035837381313245033,0.002455153285403304,0.003729291241057884,0.003674948402111305,0.005794171110344178,0.0031661463197055484,0.00987000914156363,0.0022426288162797144,0.0028760145638646716,0.002107491845822386]}
{"id": 4, "drone": 4, "position":(33.333333333333336,25.0,1.0), "time":13.32028081239827,"sensors":[2,27,3,49,30,6,42,5,35,29,20,32,24,11,45],"power":[0.003376035455199607,0.001867924759891208,0.0024656797863726538,0.004934006480327923,0.0021450527538927505,9.367638022155433E-4,0.012614691036836398,0.003094816329544771,0.04036647185963034,8.819238948813764E-4,0.001705290327655042,0.001959135531731146,0.0031509281376691277,0.009583705509786385,0.002190786991435131]}
{"id": 5, "drone": 6, "position":(8.333333333333334,8.333333333333334,2.0), "time":380.55388371584996,"sensors":[26,37,7,38,31,25,40],"power":[0.035166156607500214,0.03498075311851089,0.026532627586149365,0.03626090963266822,0.042560586236821574,0.12201297545116678,0.18468338091959338]}
{"id": 6, "drone": 6, "position":(25.0,41.666666666666664,1.0), "time":31.604154915490085,"sensors":[27,23,21,18,39,29,46,0,1,48],"power":[0.003961912944502876,0.019654716539844165,0.0049049496014181414,0.04022513443587354,0.03528741335056044,0.003972559572617149,0.005209459536715367,0.005564214734002307,0.047245906728689974,0.008072597625340192]}
{"id": 7, "drone": 1, "position":(33.333333333333336,8.333333333333334,1.0), "time":642.6971415014617,"sensors":[26,44,3,8,7,28,33,15,6,42,17,24,9,47,45],"power":[0.041251616783097966,3.3833272160269163,0.043265264108628916,0.14607497988814916,0.05629135985586257,0.047857850251069506,0.14366617269873877,0.17709873565405043,0.05743622508177151,0.04584328972513188,0.07357648897619454,0.12654458521291867,4.2360975448375,0.9813669234376233,0.08689688790366655]}
{"id": 8, "drone": 1, "position":(8.333333333333334,16.666666666666668,1.0), "time":262.3924014821098,"sensors":[37,38,31,25,40],"power":[0.06861426045106697,0.28330498284622474,0.5148458542146827,0.027987024548833218,0.02054555111695318]}
{"id": 9, "drone": 1, "position":(41.666666666666664,25.0,1.0), "time":41.62537184862505,"sensors":[22,2,14,27,49,12,4,30,42,35,41,20,24,16,11],"power":[0.0039932721906239975,0.03751652020029387,0.004895183339114993,0.002852358430598805,0.07810905666365951,0.005589295818384392,0.003745373664360443,0.005848422642793307,0.0056580685228512185,0.008918924907603019,0.004881830567169539,0.0196978940475448,0.0034917040337871415,0.004454262451936498,0.0033545593440321357]}
{"id": 10, "drone": 5, "position":(41.666666666666664,16.666666666666668,1.0), "time":239.1108350137021,"sensors":[2,44,14,49,12,28,33,42,35,41,24,9],"power":[0.020344862190132096,0.01698544647075165,0.07857893295239812,0.06673601164696234,0.1663182676599408,0.017694749336259735,0.03255272470560372,0.030540994487565386,0.01566120413960758,0.19943029952201852,0.04016764410379399,0.026658168117930637]}
{"id": 11, "drone": 5, "position":(41.666666666666664,8.333333333333334,4.0), "time":518.8610543881191,"sensors":[44,14,12,28,33,15,41,9,47],"power":[0.07888569542003969,0.06343481262760657,0.08759100670067281,0.16164188068640792,0.4113044314450122,0.041285796975027156,0.10941275848090201,0.09037822995519357,0.06759857839332664]}
{"id": 12, "drone": 5, "position":(41.666666666666664,41.666666666666664,3.0), "time":366.1452860950078,"sensors":[22,2,27,4,21,30,36,29,19,20,16],"power":[0.15638788163163575,0.023821845468786573,0.045223529899774746,0.060544939795992764,0.08575527679807177,0.061316672689758676,0.164449622895819,0.08708826503926505,0.03986443832884648,0.03740938484385416,0.12174488431753797]}
{"id": 13, "drone": 2, "position":(8.333333333333334,41.666666666666664,1.0), "time":727.3624526869303,"sensors":[43,13,46,0,10,34],"power":[0.16493595478237352,0.15826946063477162,0.04644174621469482,0.12427306321729474,0.08762695613741867,0.5921655434834666]}
{"id": 14, "drone": 2, "position":(8.333333333333334,25.0,1.0), "time":463.8817343963766,"sensors":[37,38,31,10],"power":[0.06426601440321066,0.19198355975480377,0.20108512694740324,0.062373043862581315]}
{"id": 15, "drone": 3, "position":(16.666666666666668,41.666666666666664,1.0), "time":660.2017737697339,"sensors":[23,18,39,13,46,0,1,48,34],"power":[0.13034528346015586,0.06277773515208959,0.14683536072280262,0.05324268712282206,0.14552037245808366,0.6039910187531435,0.33097930328729375,0.10432990951874843,0.14338538570700124]}
{"id": 16, "drone": 3, "position":(16.666666666666668,8.333333333333334,1.0), "time":312.3403617778178,"sensors":[26,7,6,38,31,17,40],"power":[0.38120496995087544,0.23622058177336586,0.040279303743275485,0.023391271578118735,0.020364024362804954,0.06656545416438245,0.11219082485720762]}
{"id": 17, "drone": 3, "position":(25.0,8.333333333333334,1.0), "time":18.499350468870944,"sensors":[26,44,3,8,7,15,6,17,24,9,47,45],"power":[0.009892633356704934,0.004592288203569222,0.00213413077427272,0.003925020111850846,0.020233794202669284,0.0026069316668744947,0.004575685524609857,0.009858056859423016,0.001996159508639184,0.004039519039983033,0.00439340583125367,0.0032519106170269267]}
