LP RESULTS :
 Obj = 0.1*lambda1+0.9*lambda2 = 165.2389059951409 (lambda1 = 1634.3890599514089, lambda2 = 2.0) Resol time = 264791 ms

{"id": 0, "drone": 5, "position":(41.666666666666664,33.333333333333336,1.0), "time":970.4531388130882,"sensors":[43,21,46,17,1,34,11,47,37,14],"power":[0.10482874484632246,0.35571116845683726,1.009706274232721,0.06666231355700565,0.0772481589643197,0.09752647982032099,0.11121899692875663,0.1254806538128471,0.184083536549048,0.43584419508948735]}
{"id": 1, "drone": 5, "position":(41.666666666666664,25.0,1.0), "time":392.9493533658073,"sensors":[43,30,21,19,46,17,1,0,48,10],"power":[0.09289193481785238,0.030858800860833584,0.12399667139983556,0.03217411604208789,0.0669972389181647,0.08333768644299434,0.30967210498376113,0.02832076204167898,0.0805465720697906,0.03312445791349007]}
{"id": 2, "drone": 2, "position":(33.333333333333336,41.666666666666664,1.0), "time":553.0258639747009,"sensors":[33,20,34,11,41,45,47,37,3,14],"power":[0.051162632343826134,0.10430253447874199,5.530258639747009,0.10088607488541358,0.21703357919184652,0.1279315017152462,0.04595461317712488,0.14316092662511917,0.14631858711228302,0.08240198693813704]}
{"id": 3, "drone": 2, "position":(8.333333333333334,41.666666666666664,1.0), "time":944.5715062667639,"sensors":[25,13,29,7,27,4,26,24,22],"power":[0.2581466197507505,0.4877928971625834,0.42101310295805666,0.198952753421402,0.1678280499311756,0.2663397975376379,2.456254085610445,0.11681656917074099,0.15]}
{"id": 4, "drone": 3, "position":(25.0,25.0,5.0), "time":259.9292696065503,"sensors":[43,19,20,8,15,38,36,31,0,16,49,10],"power":[0.03820865078795521,0.08885212107969225,0.026896494842872973,0.02206466216792044,0.01789559807806253,0.060346801351494755,0.0270787165734981,0.026977575045611428,0.06226631118755411,0.020844501710695806,0.030606254114128078,0.029033057484108563]}
{"id": 5, "drone": 3, "position":(41.666666666666664,8.333333333333334,5.0), "time":970.4531388130887,"sensors":[30,32,44,40,35,5,2,48],"power":[0.2392773048370457,0.14915505509113836,0.20215874941084086,0.13576637270527783,0.11164659945677975,0.52303337989734,0.5432995877373236,0.07472773798463953]}
{"id": 6, "drone": 0, "position":(16.666666666666668,41.666666666666664,1.0), "time":124.44023507127667,"sensors":[33,20,13,29,8,41,45,4,26,24,49],"power":[0.03690935864757697,0.01034852145131879,0.010068554841265,0.040087497005359074,0.01134422380469667,0.011356557383150912,0.013194499652187205,0.01591603132043122,0.044530628314568346,0.14618214238516705,0.008021890472965]}
{"id": 7, "drone": 0, "position":(33.333333333333336,16.666666666666668,1.0), "time":11.05729816591302,"sensors":[43,30,19,38,1,5,0,2,16,48,10],"power":[0.002307551628145347,8.237170368013833E-4,0.002057762614591313,0.0016748225013015542,0.002657675003830955,9.557933834839929E-4,0.00498820405371728,7.493360260130373E-4,0.0012138353041622816,0.017509844028283643,0.04638301354709724]}
{"id": 8, "drone": 1, "position":(25.0,41.666666666666664,1.0), "time":110.9100571636199,"sensors":[33,20,34,41,45,24,3],"power":[0.061928009008596886,0.03266358238266428,0.024925480113348428,0.07322288703810549,0.05870261451437024,0.03216766217438493,0.009043444852494278]}
{"id": 9, "drone": 1, "position":(8.333333333333334,8.333333333333334,1.0), "time":1069.0117413380406,"sensors":[9,39,23,42,12,28],"power":[0.09495630147575744,0.41449832151731986,0.38668174369125513,0.10873614244073074,0.42441881679339816,0.15]}
{"id": 10, "drone": 4, "position":(8.333333333333334,25.0,1.0), "time":160.2434494695507,"sensors":[9,8,15,31,27,4,49,42,6],"power":[0.0876855936932302,0.03675512295596216,0.12011970208346355,0.04891786068052088,0.02648656828814911,0.02746910626458278,0.035669922464978424,0.04126385755926927,0.7652875265057193]}
{"id": 11, "drone": 4, "position":(41.666666666666664,8.333333333333334,1.0), "time":259.9292696065503,"sensors":[30,32,44,40,35,1,5,2,48],"power":[0.09821280914257735,0.05280055652120139,0.07962533345673854,0.04759302586718388,0.038353400543220284,0.019421981389737903,1.1742825299669304,1.362638480832063,0.024753666551536397]}
{"id": 12, "drone": 6, "position":(25.0,8.333333333333334,1.0), "time":404.0066515317702,"sensors":[40,38,36,0,18,23,16,10],"power":[0.034527972969035994,0.051744284149577116,0.06387654700647806,0.02788459966672286,0.22344997528551144,0.05272338010250403,0.15541550758801098,0.04145947105509494]}
{"id": 13, "drone": 6, "position":(16.666666666666668,25.0,1.0), "time":405.1338691438175,"sensors":[9,19,8,15,38,36,31,0,4,16,49,6],"power":[0.042492316730923345,0.032484319978561826,0.22586732776086837,0.36991583219585594,0.07236537790011233,0.07378059464759443,0.8351541363875162,0.026540123050304287,0.03438710823127611,0.031110893766337643,0.536310213089124,0.0912650947210389]}
