LP RESULTS :
 Obj = 0.1*lambda1+0.9*lambda2 = 155.49976248901766 (lambda1 = 1536.9976248901762, lambda2 = 2.0) Resol time = 974 ms

{"id": 0, "drone": 2, "position":(33.333333333333336,8.333333333333334,4.0), "time":748.847343199553,"sensors":[23,0,12,37,17,40,13,26,30,41,31,14,21,16,36],"power":[0.049536847599680515,0.05143409908856099,0.06126820182937321,0.12688051872281714,0.14310512077483284,0.22491416466296335,0.11804539611798541,0.14277408982458,0.23460081268419986,0.10531037154559166,0.0922888586821276,0.051084182188336866,0.46922840088664713,0.1990024098173719,0.19111864759531602]}
{"id": 1, "drone": 2, "position":(8.333333333333334,25.0,1.0), "time":652.3079081618614,"sensors":[2,19,34,29,15,1,4,43,48,24,18,5],"power":[0.06528144138948108,0.06101102462665389,0.38773182164607434,0.4801992126567368,0.12591599980148563,0.06815920966750859,0.16970667154131786,0.13400351323135856,0.1513422602702756,0.0460084312455495,0.04134522826425996,0.079186009579394]}
{"id": 2, "drone": 6, "position":(41.666666666666664,25.0,1.0), "time":480.12040341447346,"sensors":[35,12,25,6,13,46,49,45,10,31,14,8],"power":[0.25600757728168155,0.040089030313798055,0.12224270607902663,0.03271343588886949,0.07739419997699339,1.6533570706388572,0.09277052934766418,0.7260227115426604,0.6216137186804992,0.05629729725647192,0.10632125263579066,0.16971333341816452]}
{"id": 3, "drone": 6, "position":(25.0,33.333333333333336,1.0), "time":480.12040341447346,"sensors":[2,20,48,27,32,9,18,33],"power":[0.032070714576074626,0.31758466233096455,0.04497610730580344,0.189638365529284,0.7599683674323569,0.06289405619036796,0.141751982247296,0.4145670646073581]}
{"id": 4, "drone": 4, "position":(8.333333333333334,33.333333333333336,1.0), "time":404.56931331384135,"sensors":[2,19,34,29,20,48,24,5],"power":[0.28318197551846164,0.10222856717428008,0.11011291827683826,0.4506120848217928,0.034593297454695644,0.19304207589065248,0.2426127606319549,0.644509972135475]}
{"id": 5, "drone": 4, "position":(25.0,8.333333333333334,5.0), "time":548.4120326318164,"sensors":[23,0,11,37,17,28,44,26,7,30,41,39,21,16],"power":[0.04063909659085312,0.0773379413324178,0.08500063231388184,0.05537538677022523,0.32968706120336516,0.08311956770582553,0.06245865940499445,0.29798460140832755,0.15968725298287795,0.23755779065037844,0.0860756654955379,0.16312915677445672,0.048851878832281814,0.15627710083626548]}
{"id": 6, "drone": 5, "position":(8.333333333333334,16.666666666666668,1.0), "time":102.89961339818001,"sensors":[34,11,29,15,1,4,43,38],"power":[0.010269950894021466,0.01202449563009919,0.007864945092973254,0.024084000198514373,0.1578032803841597,0.023511795908153887,0.01599648676864145,0.011813137553666428]}
{"id": 7, "drone": 5, "position":(41.666666666666664,41.666666666666664,3.0), "time":1056.8772214757028,"sensors":[25,6,42,22,47,9],"power":[0.17689187375514984,0.31579757464103986,0.18653471873358327,0.42465200812813625,1.2336824966002693,0.15]}
{"id": 8, "drone": 0, "position":(41.666666666666664,16.666666666666668,3.0), "time":239.73824905880673,"sensors":[35,12,40,13,46,49,45,10,31,14,21,36,8],"power":[0.02573835660766675,0.12040719188705483,0.017060379478600726,0.18069411931463994,0.0298390161385383,0.05722947065233581,0.028949454462763095,0.10466782452832904,0.042412003830055126,0.04762802247022663,0.026105631280513675,0.03316169139090384,0.024835451621868575]}
{"id": 9, "drone": 0, "position":(8.333333333333334,8.333333333333334,1.0), "time":781.7901033301347,"sensors":[11,3,28,44,1,7,38,39],"power":[0.06435279894025142,0.15,0.08084176093094045,0.11216232322965498,0.39297492698399616,0.06216832118876553,1.5995388993506692,0.058688132748100655]}
{"id": 10, "drone": 3, "position":(25.0,16.666666666666668,1.0), "time":68.29162921734334,"sensors":[23,0,11,17,13,26,7,30,39,18,31,14,16],"power":[0.05982405580946634,0.5411882403440631,0.024463922510074076,0.014179512273739524,0.0048014152182784976,0.020329826975904342,0.018179892663080597,0.016215363684683116,0.019586914393740957,0.008025514385550964,0.015182142924917421,0.00898417397815308,0.0051329179675369645]}
