LP RESULTS :
 Obj = 0.1*lambda1+0.9*lambda2 = 151.27581684595108 (lambda1 = 1494.7581684595107, lambda2 = 2.0) Resol time = 236 ms

{"id": 0, "drone": 2, "position":(25.0,16.666666666666668,1.0), "time":9.941619931929303,"sensors":[25,47,30,48,46,4,19,44,27],"power":[6.40029890881567E-4,0.008581912991355259,7.064165945732699E-4,0.002918882393847406,0.002089711516142982,0.0013900151521498373,0.001199722790087379,9.963481393758472E-4,0.003206523791257499]}
{"id": 1, "drone": 2, "position":(25.0,41.666666666666664,1.0), "time":697.9676310958715,"sensors":[14,49,18,5,40,20,38,26,37,41],"power":[0.06942074264032508,0.15,0.13832734036711122,0.3753723080791588,0.2849142304233091,0.04420559808972721,0.053885263686699346,0.07005993767723301,0.2228365920586455,0.07819831015843531]}
{"id": 2, "drone": 1, "position":(8.333333333333334,25.0,1.0), "time":745.3229705223054,"sensors":[43,15,23,36,7,17,10,32,4,28,27,42,29],"power":[0.3260319316285169,0.6577065826150184,0.09325801945276826,0.17775686001613888,0.21483211251167558,0.10174786887521176,0.8121923692474097,0.309026148546085,0.07070984371314396,1.1843461318826827,0.068216372527685,0.22211042327228117,0.10449411187652917]}
{"id": 3, "drone": 5, "position":(41.666666666666664,33.333333333333336,1.0), "time":415.9461333268666,"sensors":[34,1,35,18,20,2,38,33,3,12,8,31],"power":[0.3193986090992404,0.2170315141362895,0.057413643999855574,0.02882182017906237,0.04900813477324778,0.17269666885337034,0.12846504781607893,0.027755495838759144,0.06775457477613922,0.04483741801565156,0.0840092690109888,0.030108601729784336]}
{"id": 4, "drone": 5, "position":(25.0,8.333333333333334,2.0), "time":406.0045133949372,"sensors":[25,47,30,48,46,44,6,27,39],"power":[0.0519823063086133,0.0683134452037858,0.23880775758697229,0.28994831045132075,0.0695571647487702,0.09462969623255427,0.03127505559970109,0.027227167076299852,0.11904263918057874]}
{"id": 5, "drone": 3, "position":(8.333333333333334,8.333333333333334,3.0), "time":749.4351979372053,"sensors":[25,9,17,46,45,6],"power":[0.23006243419508646,0.15,0.21412091393539429,0.09663687840061802,0.4956931258487495,0.1290379315378267]}
{"id": 6, "drone": 3, "position":(33.333333333333336,33.333333333333336,1.0), "time":20.823826023855425,"sensors":[14,34,1,18,5,20,2,38,26,37,3],"power":[0.002264005027293977,0.013731522211586277,0.0059187978876370125,0.013679047031015515,0.006179843788163475,0.01722520225149642,0.006716879637741206,0.09742123969385136,0.0014007799663047272,0.001797481823732601,0.022265739745377166]}
{"id": 7, "drone": 4, "position":(8.333333333333334,41.666666666666664,1.0), "time":749.4351979372053,"sensors":[43,15,36,21,13,24,42,41,29],"power":[0.06149711317046022,0.053383313681093995,0.1306920854757675,2.0931631648031335,0.224418274939159,0.8487019832060845,0.11737114729515805,0.14314215857832197,0.08261942092372516]}
{"id": 8, "drone": 4, "position":(41.666666666666664,33.333333333333336,3.0), "time":56.07992669800752,"sensors":[34,1,35,18,20,2,38,3,12,8,31],"power":[0.029493249058925156,0.023027689670731922,0.007117490395258337,0.0035954624455425284,0.005750973083790784,0.018675900428384035,0.015154108342368338,0.008016626486383363,0.005589992205352831,0.010161938092816363,0.003688857612195045]}
{"id": 9, "drone": 0, "position":(41.666666666666664,8.333333333333334,1.0), "time":767.0690644757152,"sensors":[22,11,16,33,19,44,39,0],"power":[0.2718711375691003,0.26362762967197806,0.15,0.07170466372468758,0.11597946665510751,0.1453090644920233,0.07385293460034262,0.3561829384781026]}
{"id": 10, "drone": 0, "position":(41.666666666666664,16.666666666666668,1.0), "time":311.74297065692895,"sensors":[11,1,35,47,33,12,19,44,0],"power":[0.11599517876678911,0.024727226719975518,0.08546886560488615,0.02604891145160672,0.41348937225757654,0.1480064443111696,0.12425398952348922,0.025349296376957594,0.6087708449358615]}
{"id": 11, "drone": 6, "position":(41.666666666666664,41.666666666666664,1.0), "time":303.9406513149097,"sensors":[34,1,2,38,26,37,8,31],"power":[0.036030597002215094,0.020684009548093588,0.17127112367398262,0.039647981626073345,0.0785392823564623,0.030431020356058873,0.05582879289619485,0.18349543832515805]}
{"id": 12, "drone": 6, "position":(25.0,25.0,3.0), "time":303.9406513149097,"sensors":[14,23,18,5,20,47,32,3,4,27],"power":[0.10546625343935458,0.058356177241869166,0.047174695175884095,0.02251444104116319,0.06811529245236339,0.04705573035325223,0.028173965068193446,0.05196305899210026,0.13000957307335093,0.07203383488196301]}
