LP RESULTS :
 Obj = 0.1*lambda1+0.9*lambda2 = 121.57516950149552 (lambda1 = 1197.7516950149552, lambda2 = 2.0) Resol time = 1043 ms

{"id": 0, "drone": 6, "position":(25.0,41.666666666666664,1.0), "time":62.823800068161205,"sensors":[46,15,44,39,2],"power":[0.005210471532409563,0.14610411792876857,0.013594865629103855,0.04009585203946879,0.011424179860527102]}
{"id": 1, "drone": 6, "position":(8.333333333333334,25.0,1.0), "time":250.91925114504667,"sensors":[33,7,37,11,4,28,21,40,22,35,29],"power":[0.025153669782870952,0.0753912865721142,0.07508660341226708,0.04979396651212999,0.06002313584512283,0.03362071065238581,0.023311571235412346,0.5821014457044146,0.01930404797755864,0.13808069966752154,0.03533291071744341]}
{"id": 2, "drone": 1, "position":(33.333333333333336,8.333333333333334,1.0), "time":261.52895879262087,"sensors":[8,14,5,47,18,31,32,36,1,10,25,6,20,38,48],"power":[0.034169101842637446,0.29993100128131744,0.08379764610305776,0.021808145680644198,0.02916050159856518,0.06601399735801829,0.03675658571233311,0.050192406477699514,0.506923513675141,0.07512370969251699,0.1612872691762093,0.0500532617992082,0.02375831685298721,0.06193265053060223,0.269965935747783]}
{"id": 3, "drone": 1, "position":(25.0,8.333333333333334,1.0), "time":250.91925114504667,"sensors":[14,5,47,18,36,1,25,23,6,48],"power":[0.1739818203359654,0.02579233907391431,0.06577274467581162,0.033508619196421834,0.09512049452051917,0.03246315434647478,0.03661020595574,0.06701404006380964,0.037078461898667106,0.021962543542468346]}
{"id": 4, "drone": 3, "position":(8.333333333333334,41.666666666666664,1.0), "time":923.4103399164628,"sensors":[9,37,28,44,12,43,35],"power":[0.1691684598366378,0.07534651572980777,0.21802951733271336,0.13640513437089613,0.1766664483920183,1.063240688103162,0.06399941101207905]}
{"id": 5, "drone": 3, "position":(25.0,25.0,1.0), "time":236.265343098494,"sensors":[33,7,17,18,11,42,36,4,23,2,6,34,29],"power":[0.1336133251145928,0.030647045822677247,0.020364750133671627,0.06117180865883471,0.024392519008665906,0.030259476819583953,0.028076178251908016,0.036936652287980216,0.023231735911661153,0.04314240704272249,0.03566240896671706,0.12439257844146093,0.03386678756132552]}
{"id": 6, "drone": 4, "position":(41.666666666666664,41.666666666666664,1.0), "time":946.8324438699084,"sensors":[46,27,3,39,41,30],"power":[0.7057289039034454,0.15,0.1976723596685237,0.06496958216352912,0.09962655782223537,2.3791843439447646]}
{"id": 7, "drone": 4, "position":(16.666666666666668,25.0,2.0), "time":23.422103953445685,"sensors":[33,7,11,4,23,40,2,34,35,29],"power":[0.026484345736796425,0.030509740363286818,0.008642049462479916,0.028994176948907383,0.0023430221010061177,0.0065286219334648975,0.003801365197892003,0.0017000933699137567,0.0020257788360976,0.008665776976943282]}
{"id": 8, "drone": 5, "position":(25.0,33.333333333333336,1.0), "time":188.0954510768856,"sensors":[33,7,15,4,39,2,34],"power":[0.025626984154993194,0.01803462821872125,0.030542102602756825,0.02404603491798963,0.05766897833608149,0.2248229732547969,0.0661788431604411]}
{"id": 9, "drone": 5, "position":(41.666666666666664,16.666666666666668,1.0), "time":447.05817710123495,"sensors":[8,13,17,49,18,31,26,42,32,24,1,10,25,0,6,20,38,48,45,19],"power":[0.04024472601046745,0.07813085681237102,0.05989142951516232,0.0883496275221391,0.028335677633768687,0.049840311777496434,0.15271416878169183,0.06067053738276972,0.3450581885897544,0.05466515123814611,0.041241125911070035,0.13549582236840937,0.09185581220981553,0.11999472551822564,0.050002489528188275,0.06145267662374622,0.4704920380706405,0.056324708759406844,0.04972028758625836,0.1336443081634112]}
{"id": 10, "drone": 2, "position":(41.666666666666664,25.0,1.0), "time":250.91925114504681,"sensors":[13,17,26,3,42,32,24,0,34,38,41,45,19],"power":[0.07186914318762892,0.18149301626484998,0.06120854322641498,0.04595905952045787,0.09465940851314066,0.018918042259979003,0.14271110159213207,0.033514008769186664,0.01785044495892051,0.026919769729328625,0.1163541865653172,0.46867168719334296,0.7419535627383972]}
{"id": 11, "drone": 2, "position":(41.666666666666664,8.333333333333334,1.0), "time":238.24530797605257,"sensors":[8,14,5,49,31,26,32,1,10,25,0,20,38,48],"power":[0.24217208075667987,0.02135465300709957,0.04041001482302793,0.061650372477860906,0.4222652736832047,0.01804420691040708,0.21679427453269123,0.07923100233348775,0.7360353618017,0.042057836219450674,0.02222947877999452,0.24936198714793553,0.08199107516905749,0.15465141959113388]}
{"id": 12, "drone": 0, "position":(16.666666666666668,8.333333333333334,1.0), "time":398.1453785222973,"sensors":[14,47,11,36,23,21,22,16,29],"power":[0.02810809705871224,0.062419109643544184,0.045622378218060124,0.04115329162991776,0.11866568396369552,0.03353139432873942,0.11251404602616677,0.08389044399064498,0.05017948567258196]}
{"id": 13, "drone": 0, "position":(8.333333333333334,16.666666666666668,5.0), "time":288.99961829567155,"sensors":[7,11,23,21,40,22,16,29],"power":[0.018472579013537008,0.05756631795244521,0.01926776109224574,0.09315703443584818,0.06458999629439736,0.08691659773634079,0.08287211689709927,0.041736505387628964]}
