LP RESULTS :
 Obj = 0.1*lambda1+0.9*lambda2 = 105.5915126549992 (lambda1 = 1037.915126549992, lambda2 = 2.0) Resol time = 58222 ms

{"id": 0, "drone": 0, "position":(16.666666666666668,8.333333333333334,1.0), "time":764.245900989402,"sensors":[11,35,13,25,30,22,20,7],"power":[0.14999999999999997,0.17604652224049566,0.3306200406855012,0.14472251297038768,0.22139093948132324,0.05943469063403645,7.64245900989402,0.05069009062400236]}
{"id": 1, "drone": 0, "position":(16.666666666666668,41.666666666666664,1.0), "time":158.66923438770525,"sensors":[4,33,17,16,28,24,0,32,38,1],"power":[0.03202953381714034,0.02259846979720492,0.05033390259337259,0.048980394400187914,0.03517574024917267,0.15281795888235414,0.1670214810315296,0.0814979665088277,0.025061886466174653,0.08565342307526408]}
{"id": 2, "drone": 2, "position":(8.333333333333334,41.666666666666664,1.0), "time":525.0493450452451,"sensors":[4,33,17,16,28,23,9,24,0,32,1],"power":[0.15795275891356111,1.7215645067358754,0.13981282509763743,0.08704027184288755,0.2587600018743391,0.14999999729015953,0.062465212781636095,0.044491320046078385,0.15714470536621128,0.13453139344645587,0.048519364054542546]}
{"id": 3, "drone": 2, "position":(25.0,25.0,1.0), "time":512.8657815047469,"sensors":[40,48,45,5,6,8,29,36,19],"power":[0.5484997794512421,0.29067594807531,0.8818205321317281,1.1761338102867807,2.0807129525915284,0.134063028218887,0.07498240846890182,0.23275796588102587,0.03918870514767271]}
{"id": 4, "drone": 4, "position":(33.333333333333336,41.666666666666664,1.0), "time":35.041225067612544,"sensors":[37,10,12,46,31,24,38,49,14],"power":[0.016486549892092243,0.0026590132983873157,0.028906468262762844,0.009087272687578921,0.012871778903179967,0.002693198335328513,0.004314821511866103,0.043101527115072494,0.10787041867607035]}
{"id": 5, "drone": 4, "position":(41.666666666666664,41.666666666666664,1.0), "time":683.71857940791,"sensors":[37,10,12,27,39,46,31,49,44,14],"power":[0.10838879117801069,0.49913528023638537,0.14900903289170647,0.19970591625765657,0.15,0.23173018612893612,0.09253623779036702,0.2610443664030375,0.13101722341088476,0.09796056421901042]}
{"id": 6, "drone": 3, "position":(8.333333333333334,33.333333333333336,5.0), "time":3.5358556488063186E-5,"sensors":[4,33,28,23,9,0,32,29],"power":[1.4348408156213692E-8,6.668481950847684E-9,1.2861730628547525E-8,2.7098404679889106E-9,1.357017381041534E-8,6.0413062017513284E-9,7.304621854203371E-9,3.830975346591329E-9]}
{"id": 7, "drone": 3, "position":(41.666666666666664,8.333333333333334,2.0), "time":517.4998763777637,"sensors":[41,34,26,18,15,2,42],"power":[0.1460403087060169,0.08755237252700969,0.16167303349183854,0.13517581742253187,0.07318895369849646,0.10406547094993121,0.10590162612286116]}
{"id": 8, "drone": 3, "position":(41.666666666666664,25.0,1.0), "time":319.1553220744694,"sensors":[3,43,46,47,15,2,44,19],"power":[0.11312080680570138,0.1483914165554266,0.032942351798939215,0.42379566577882555,0.03190461818510299,0.03770404328468337,0.02146542000387407,0.3142989557524253]}
{"id": 9, "drone": 6, "position":(25.0,41.666666666666664,1.0), "time":319.1553220494292,"sensors":[37,17,12,48,16,31,24,0,32,38,1,49,14],"power":[0.04467877385968359,0.021854694515727618,0.043885643658629625,0.02831958583852665,0.029854311299455486,0.044591983306453004,0.2703044492054054,0.03692082552849728,0.0328714815664859,0.12062329202195923,0.09211104596281161,0.033250883626203966,0.10661651292893784]}
{"id": 10, "drone": 6, "position":(33.333333333333336,8.333333333333334,2.0), "time":273.66922556059,"sensors":[41,13,34,25,30,26,18,42],"power":[0.8340876499358255,0.023223104835506877,0.45433562231090596,0.05257167603712436,0.04336142367992197,0.07971254003454943,0.6834926221245354,0.04409837387713881]}
{"id": 11, "drone": 5, "position":(8.333333333333334,25.0,4.0), "time":354.19651175848514,"sensors":[4,28,9,8,21,29,36],"power":[0.03810553979797256,0.02917793252066492,0.08896897315653585,0.04688250484980316,0.034080150712621715,0.08710201291179655,0.034867622724701966]}
{"id": 12, "drone": 5, "position":(41.666666666666664,16.666666666666668,1.0), "time":201.25992809775892,"sensors":[3,41,43,47,18,15,2,19],"power":[0.059576234897285314,0.022731464432342075,0.01676566074486663,0.04212918796365935,0.028996300859447946,0.059852705553356714,0.11101814576279305,0.030206185441900932]}
{"id": 13, "drone": 1, "position":(8.333333333333334,16.666666666666668,2.0), "time":94.1745236276447,"sensors":[35,22,20,8,21,7,29],"power":[0.007286410534259721,0.04337825837182389,0.007710097974162864,0.00998747749453867,0.06641359141091166,0.021371696907741884,0.010235051911619653]}
{"id": 14, "drone": 1, "position":(8.333333333333334,8.333333333333334,1.0), "time":179.4947019329453,"sensors":[35,22,20,21,7],"power":[0.1313551420350436,0.0845548395082699,0.03421204261864961,0.04950625787646668,0.08754442747559842]}
