LP RESULTS :
 Obj = 0.1*lambda1+0.9*lambda2 = 145.13650331984374 (lambda1 = 1433.3650331984372, lambda2 = 2.0) Resol time = 129 ms

{"id": 0, "drone": 0, "position":(16.666666666666668,8.333333333333334,1.0), "time":248.54772701228535,"sensors":[36,4,7,47,28,25,23,9,34,49,48,16],"power":[0.07662849978081887,0.04756788617005591,0.018547777803709958,0.05142135455548544,0.04467051806869465,0.051328593381521875,0.020270044255422514,0.16578872897118968,0.02600324556944922,0.024239715088349365,0.04936649183595221,0.024693853895372705]}
{"id": 1, "drone": 0, "position":(25.0,8.333333333333334,1.0), "time":601.531631523952,"sensors":[36,4,41,27,40,28,46,23,9,8,34,48],"power":[0.13138097204906413,0.10526014853522603,0.1302007958326412,0.07472407331719712,0.07170857971262946,0.11186197862253039,0.09427400017192805,0.14163032836277573,0.27140564933972955,0.09865158378897093,0.2140873672624294,0.15235732598206556]}
{"id": 2, "drone": 2, "position":(8.333333333333334,33.333333333333336,2.0), "time":153.64263696413167,"sensors":[43,26,29,35,1,12,20,44,11,31],"power":[0.015800049925472303,0.39595985548435453,0.06744588391705017,0.04604101851738747,0.02816138038016252,0.012454610441323375,0.057846606113973485,0.04074033173803597,0.02373730348967081,0.07688112663400772]}
{"id": 3, "drone": 2, "position":(41.666666666666664,25.0,1.0), "time":408.6863096405245,"sensors":[2,40,3,32,22,33,17,0,21],"power":[0.04052889750938491,0.03301730615556099,0.18273482714261866,0.10277018000786294,0.11633824029756158,0.036814477538408434,0.03281819885676372,0.0968125155187621,0.03632114492828597]}
{"id": 4, "drone": 5, "position":(41.666666666666664,41.666666666666664,1.0), "time":526.1514830220805,"sensors":[2,6,42,13,14,32,22,33,39,18],"power":[0.08685932468165611,0.15000000000000002,0.05342674180784177,0.07252100445539497,0.15535352879437134,0.07843923930929725,0.055154091738419675,0.3010610168103097,0.037598804950229964,0.17220419480187535]}
{"id": 5, "drone": 5, "position":(16.666666666666668,41.666666666666664,1.0), "time":426.40954028503563,"sensors":[26,35,1,19,39,20,37,44,31],"power":[0.051294729629222977,0.1530691954157003,0.0729371939043583,0.11191364681325636,0.028720966582765746,0.16674164525161786,0.042453788686186475,0.030841233978809945,0.031420427188120326]}
{"id": 6, "drone": 4, "position":(25.0,25.0,1.0), "time":251.78122442531787,"sensors":[4,41,27,40,28,45,46,23,5,17,0,37,44,21],"power":[0.039523567252370634,0.04090060767551619,0.08979198360962001,0.03488369177980598,0.04267145266231742,0.783295610429663,0.033975518352575236,0.04753156342894268,2.2151419853352756,0.22424526877732157,0.04035722717327881,0.05228885871268862,0.02518937695842042,0.05428431438001764]}
{"id": 7, "drone": 4, "position":(41.666666666666664,8.333333333333334,1.0), "time":316.9732696970907,"sensors":[10,38,24,8],"power":[0.15,0.40097200458793303,0.16226646519176788,0.09272659299841299]}
{"id": 8, "drone": 6, "position":(33.333333333333336,33.333333333333336,5.0), "time":94.12617610753625,"sensors":[2,42,13,32,5,33,17,0,37,21],"power":[0.04652799855022843,0.007473440800696091,0.019918264194548545,0.02491993058797533,0.007429065418970094,0.0089897253813915,0.011840622688516652,0.007944597572382514,0.014978111615474675,0.037334584790166624]}
{"id": 9, "drone": 6, "position":(8.333333333333334,8.333333333333334,1.0), "time":583.2856746621999,"sensors":[36,7,47,30,25,9,49,15,16],"power":[0.046231786961021835,0.17660304508246574,1.926547914391561,0.15,0.09867140661847812,0.04877114838283589,0.4009889717693259,0.1525720413100496,0.09315776643745506]}
{"id": 10, "drone": 3, "position":(8.333333333333334,41.666666666666664,1.0), "time":251.78122442531793,"sensors":[26,29,35,1,19,20,11,31],"power":[0.05053583039548883,0.08246169820740816,0.05179172107946604,1.5713323248893867,0.03808635318674364,0.12109748054151107,0.1262626965103292,0.09817882371511812]}
{"id": 11, "drone": 3, "position":(8.333333333333334,25.0,1.0), "time":601.531631523952,"sensors":[43,26,29,35,12,20,44,31,16],"power":[0.1341999500745277,0.13273858464104185,0.05189885924643893,0.05096111201029016,0.17349461235515043,0.040998926155889376,0.1744548622022518,0.05095673544688228,0.16595789223777788]}
{"id": 12, "drone": 1, "position":(33.333333333333336,41.666666666666664,1.0), "time":404.401064428296,"sensors":[2,42,13,32,33,39,37,21],"power":[0.11309743302712587,0.37378094482212787,1.0185545220644392,0.0467521675191047,0.04629498016834119,0.18482570463259276,0.040279240985650215,0.046051380701864555]}
{"id": 13, "drone": 1, "position":(33.333333333333336,16.666666666666668,1.0), "time":10.322805223720216,"sensors":[4,41,27,40,28,45,46,23,5,8,17,0],"power":[7.445999632391953E-4,0.0059207311633297805,0.003095793213637691,0.040689052159923425,9.32320943664804E-4,0.0015904431089104748,0.02175048147549672,0.003010555693391557,8.783478548256806E-4,0.002225341024036492,0.0018836075549257469,0.004885659735576574]}
