LP RESULTS :
 Obj = 0.1*lambda1+0.9*lambda2 = 191.02219497197376 (lambda1 = 1892.2219497197375, lambda2 = 2.0) Resol time = 101 ms

{"id": 0, "drone": 2, "position":(25.0,41.666666666666664,1.0), "time":710.5999324676825,"sensors":[11,20,40,10,47,38,2,35,12,31],"power":[0.5769613297532395,0.1893881969724256,0.5626548614180885,0.04488380236768569,0.17111122952462407,0.056404557580058114,0.25443293506936115,0.11437899770652785,0.09990652836141957,0.14873356634833704]}
{"id": 1, "drone": 3, "position":(8.333333333333334,33.333333333333336,1.0), "time":120.33471856909978,"sensors":[45,20,22,1,30,36,9,44,26,18],"power":[0.09497991576042979,0.012472889758106342,0.024520517544150293,0.032890748734547344,0.10873249568564826,0.022091498173743295,0.1023743229329094,0.007802265754816166,0.06671174372591147,0.14556114469044656]}
{"id": 2, "drone": 3, "position":(8.333333333333334,41.666666666666664,1.0), "time":881.7767531804324,"sensors":[45,20,21,0,30,9,26,18,12],"power":[0.735174111916838,0.14405101838624032,0.27183261222284816,0.15,0.0930750016869025,0.06894041551321618,1.0997739353443612,0.1059660874938858,0.08861781591659959]}
{"id": 3, "drone": 5, "position":(25.0,25.0,5.0), "time":368.68429982600367,"sensors":[6,49,44,19,4,24],"power":[0.0822000748693255,0.07239427717308664,0.045461911589139065,0.04562034116294957,0.059137566747529215,0.06080802410735311]}
{"id": 4, "drone": 5, "position":(41.666666666666664,41.666666666666664,1.0), "time":1002.1114717495323,"sensors":[40,10,16,38,23,13,31],"power":[0.07993645700100838,1.197603596850471,0.1641709078183085,0.5379190122878119,0.14704302499191538,8.624782722524492,0.09567455058261277]}
{"id": 5, "drone": 6, "position":(25.0,8.333333333333334,5.0), "time":710.5999324676825,"sensors":[17,19,4,43],"power":[0.28140806320389045,0.06326019873801993,0.05955286084058529,0.11666670303753666]}
{"id": 6, "drone": 6, "position":(16.666666666666668,41.666666666666664,1.0), "time":179.51054550252286,"sensors":[45,11,20,40,30,2,35,26,12],"power":[0.02335107844397623,0.01928559419513612,0.5623525726534376,0.013639470201958284,0.015469210286247483,0.04308304118371754,0.035621002293472155,0.02551086974418373,0.05209231046002626]}
{"id": 7, "drone": 4, "position":(41.666666666666664,8.333333333333334,1.0), "time":562.0010794998911,"sensors":[41,32,15,33,14,25,29,46,5],"power":[0.1738627463587185,0.11114746640628644,0.15,0.8185356878610861,0.10177805816102495,0.18191026150415265,0.10036655728404553,0.23096406225464133,0.07239014107729837]}
{"id": 8, "drone": 4, "position":(41.666666666666664,41.666666666666664,5.0), "time":26.800350849404367,"sensors":[40,10,16,38,23,13,31],"power":[0.0016913008303292636,0.010106593131001249,0.0033630018328550454,0.007694851421326065,0.002956975008084606,0.015859553741045276,0.001933086372099596]}
{"id": 9, "drone": 0, "position":(41.666666666666664,25.0,1.0), "time":863.3101271208009,"sensors":[6,32,16,49,7,37,42,14,29,39,46,5,24],"power":[0.09507220291410502,0.12320003534939093,0.09155039603260816,0.11679495727910595,0.8134483393513252,3.9805116416759656,0.19600675504902507,0.22795042222211329,0.13005000779706397,0.8042539352644813,0.10112801158948433,0.12193218539788044,0.08919197589264688]}
{"id": 10, "drone": 1, "position":(8.333333333333334,8.333333333333334,1.0), "time":1181.622017252055,"sensors":[28,34,8,3,48,27,43],"power":[1.2937829754009178,0.3530341665915646,3.343829524808152,0.1381314388149681,0.09456827978443194,0.15,0.14782134655322807]}
{"id": 11, "drone": 1, "position":(8.333333333333334,25.0,1.0), "time":710.5999324676825,"sensors":[45,22,34,1,30,36,9,3,44,19,48,26,4,18],"power":[0.05641602696058292,0.12547948245584967,0.05136603817759108,1.6178471065554505,0.24341960496850887,1.336890331197901,0.630048387913408,0.0819148730762313,0.1638238028694909,0.054107087451528806,0.14564965013139428,0.04552177021500974,0.04680063540905552,0.2184110769405188]}
