LP RESULTS :
 Obj = 0.1*lambda1+0.9*lambda2 = 157.74842549009443 (lambda1 = 1559.484254900944, lambda2 = 2.0) Resol time = 307 ms

{"id": 0, "drone": 3, "position":(41.666666666666664,33.333333333333336,1.0), "time":795.8078064721057,"sensors":[4,45,36,13,33,43,26,21,6,16,1,34],"power":[0.11623953718672998,0.1146079880773645,1.5629415976149865,0.2514414991720021,0.1452071086071636,3.609356251340119,0.0883027821243672,6.766228515108943,0.13450682878388892,0.2043095656108121,0.40426712266925824,0.06147451436199459]}
{"id": 1, "drone": 3, "position":(33.333333333333336,8.333333333333334,1.0), "time":199.87735112095027,"sensors":[44,14,42,2,48,10,3,8,47],"power":[0.02337243474827046,0.031225708744662038,0.02341045438765172,0.03482518691551338,0.029433127682876255,0.04726414922901122,0.03370006340245481,0.8224505634685966,0.4325228639480015]}
{"id": 2, "drone": 5, "position":(41.666666666666664,33.333333333333336,5.0), "time":329.3739966287319,"sensors":[4,45,36,13,33,43,26,21,6,16,1],"power":[0.03605599945176646,0.03539201192263548,0.1426924471190271,0.07069831882423296,0.044201447961296575,0.17823628865772442,0.02807081761587353,0.19265084284695602,0.043697184383557644,0.060726406052762485,0.09151391596883594]}
{"id": 3, "drone": 5, "position":(41.666666666666664,8.333333333333334,1.0), "time":533.3163576394236,"sensors":[19,15,31,48,10,3,8,47,34],"power":[0.15,0.04922793087561042,0.05406373509766847,1.3847215011861058,0.05473180514241311,0.22359686527573133,0.14129935643978203,0.06646107859343373,0.03975956080083327]}
{"id": 4, "drone": 1, "position":(16.666666666666668,25.0,1.0), "time":109.13176209317453,"sensors":[35,24,32,39,46,30,20,41,9,25],"power":[0.010559931906170555,0.010050266776464029,0.012004366120119521,0.02059169170878038,0.03114720285657908,0.033753076865614934,0.09178302074555096,0.011459985745619843,0.02419474640241576,0.02409679628950178]}
{"id": 5, "drone": 1, "position":(25.0,8.333333333333334,1.0), "time":595.9304553511553,"sensors":[44,14,42,2,10,8,47,18],"power":[1.3243665450359619,0.16921654852716714,1.2826981268120232,0.11517481308448661,0.06459315833762451,0.10156743635958151,0.24181059602978694,0.09832400169639131]}
{"id": 6, "drone": 2, "position":(25.0,33.333333333333336,1.0), "time":203.9423610106915,"sensors":[29,35,39,46,30,22,28,20,33,26,40],"power":[0.018216866163748076,1.1754335869267032,0.022667224072179918,0.04181598585188073,0.02424499844174307,0.27356085013136605,0.2137162176846032,0.04834947792710389,0.019714608605528976,0.02792196488586862,0.059990712628870714]}
{"id": 7, "drone": 2, "position":(16.666666666666668,41.666666666666664,1.0), "time":759.6114385390974,"sensors":[0,29,5,35,11,39,46,30,27,22,28,12,17,40],"power":[0.31304234287859223,0.416183718928674,0.19704639768019203,0.05461240141948533,0.17650657628689198,0.15216135709239342,0.12561421050680593,0.09812629712157296,0.08444912223804005,0.05781817183826672,0.14461612590386747,2.4012069277417316,0.08005061868970627,0.0923101064071781]}
{"id": 8, "drone": 0, "position":(8.333333333333334,25.0,1.0), "time":121.4923306867832,"sensors":[24,32,39,46,30,38,23,20,41,17,9,25],"power":[0.10174505970049842,0.044583305958579844,0.01755953175145583,0.015396303528464663,0.024302800370533756,0.021025941775043192,0.018021104668613838,0.009867501327345147,0.06455641593902993,0.01469838848655941,0.08902265112959903,0.15344292742848056]}
{"id": 9, "drone": 0, "position":(8.333333333333334,8.333333333333334,1.0), "time":963.5537995497888,"sensors":[32,38,49,7,41,37,9,18],"power":[0.12444083246496873,0.2125650263056959,0.24785924889134336,0.20260496363388672,0.08652537660053138,0.15,0.08441191972623313,0.2612521944902239]}
{"id": 10, "drone": 4, "position":(8.333333333333334,33.333333333333336,1.0), "time":365.30636257119755,"sensors":[5,24,39,46,30,27,23,41,12,17,9,25],"power":[0.0668443860361839,0.03820467352303756,0.16777719303506128,0.08045009947581995,0.1292673601256911,0.12662477681256704,0.25647113383509496,0.02405047509757418,0.028427132792553256,0.7177217362732005,0.027485975575868685,0.21977598730525194]}
{"id": 11, "drone": 6, "position":(41.666666666666664,16.666666666666668,1.0), "time":230.3600907894148,"sensors":[13,15,31,48,26,10,3,8,47,34],"power":[0.024673504426287747,0.13762233761707973,0.09593626490233151,0.07470925797272047,0.01542458959112413,0.04884964136677337,0.49670040209961736,0.020103215953060576,0.01538415953964053,0.14065404984221186]}
