LP RESULTS :
 Obj = 0.1*lambda1+0.9*lambda2 = 143.69102176106927 (lambda1 = 1418.9102176106926, lambda2 = 2.0) Resol time = 721 ms

{"id": 0, "drone": 6, "position":(33.333333333333336,41.666666666666664,2.0), "time":1129.65665141334,"sensors":[10,13,12,48,22,17,11,24,14,20,35,0],"power":[0.14507040497707738,0.15208777606158871,0.07897166075988227,0.13052564800391983,2.7750953385043626,0.27794651793787056,0.15235450115246513,0.33927217989717773,0.2468063930884602,0.09023282195398552,0.22204363638901511,0.13336939741679363]}
{"id": 1, "drone": 6, "position":(16.666666666666668,41.666666666666664,1.0), "time":68.13157960660254,"sensors":[34,5,7,12,40,44,17,49,36,15,0,27,28],"power":[0.05563170048357608,0.022497349725067065,0.02026572020675326,0.016367746618246852,0.06279170984082172,0.027247164782234528,0.004596616169999615,0.03440957763514939,0.013337934523618315,0.010900034551552926,0.014556777608005746,0.24062534653738443,0.008286305129428441]}
{"id": 2, "drone": 3, "position":(8.333333333333334,25.0,1.0), "time":405.0286372527579,"sensors":[6,43,7,26,41,44,47,32,42,4,21,36,15,3,1],"power":[0.03606637811851642,0.039511386273433285,0.03380596132661403,1.9249091457926155,0.3858189466068517,0.02887828205802889,0.03988015050611391,0.11128814331145093,0.05848012345290833,0.03685735360982333,0.039707132837353463,0.031030378407686434,0.032983178406279345,0.04092139051130067,0.030933316816038524]}
{"id": 3, "drone": 3, "position":(8.333333333333334,41.666666666666664,1.0), "time":572.3829725922593,"sensors":[34,5,6,43,7,40,44,47,42,49,36,15,27,28],"power":[0.07067796775932776,1.514643156060895,0.1012131616500454,0.10195910511677542,0.07410772268822827,0.1848171001633685,0.2033888322400755,0.12024515801506412,0.06622512253892555,0.06010307375119968,0.5441421682307155,0.5099272836419289,0.09026611576967455,0.14171369487057156]}
{"id": 4, "drone": 2, "position":(8.333333333333334,33.333333333333336,1.0), "time":335.0736865053758,"sensors":[34,5,6,43,7,26,40,41,44,47,32,42,49,36,15],"power":[0.041192690248974186,0.050468458037947465,0.1011116318574571,0.11381008906353003,0.07633765259631317,0.09754591268896504,0.024831413358383084,0.08592095331635943,0.13470125376283726,0.1334624954036695,0.032282534504943235,0.10664477162920964,0.040473106979491316,0.2713509895396584,0.2972890836240681]}
{"id": 5, "drone": 2, "position":(8.333333333333334,25.0,5.0), "time":32.46887856601461,"sensors":[6,43,26,41,47,32,42,4,21,15,3],"power":[0.0022669905741231873,0.002462099546730529,0.018027806811153485,0.011162765256507098,0.002460132020260106,0.006429322183605891,0.0036320662095791025,0.0022485611817036205,0.0024862514226955948,0.002075942556199147,0.002615920798637094]}
{"id": 6, "drone": 4, "position":(41.666666666666664,8.333333333333334,2.0), "time":771.7285232441204,"sensors":[8,9,37,33],"power":[0.14196777513641046,0.10332654864846397,0.2563361031640639,0.20100979220071818]}
{"id": 7, "drone": 4, "position":(25.0,25.0,3.0), "time":182.82864493705324,"sensors":[46,7,12,48,41,2,45,17,31,16,20,38,35,1],"power":[0.31018883288905597,0.011553644088250981,0.019231916826411333,0.03842622030227914,0.01195114220751165,0.12551414607401243,0.18775801653205076,0.017961758794564738,0.07792481683399902,0.012658431227606787,0.05660811757401632,0.12777341021458138,0.02388104919714604,0.11511539692763977]}
{"id": 8, "drone": 1, "position":(16.666666666666668,8.333333333333334,1.0), "time":434.28557736179675,"sensors":[25,4,21,29,3,23,18],"power":[0.10969163283138098,0.1305725688396682,0.11486025210551018,0.13941410369776508,0.029831242295064515,0.08567762818330353,0.07387318034546245]}
{"id": 9, "drone": 1, "position":(16.666666666666668,33.333333333333336,1.0), "time":5.8244630876823305,"sensors":[34,5,46,7,26,12,48,40,41,44,2,45,17,49,36,15,20,35,27,1],"power":[0.004293379809619286,5.77464937276593E-4,7.127021542205497E-4,0.028671756766597833,8.11110824134186E-4,0.0026985717329398137,7.826966146423308E-4,5.437005299640532E-4,0.001338373972873405,0.0027774226482470995,0.001042770285977989,0.0010617276920944294,5.247483171339087E-4,0.0058722854977760345,0.001156917259699818,9.455030240098108E-4,6.414015026910431E-4,5.125177747484228E-4,8.716087359448839E-4,0.0010658562368257723]}
{"id": 10, "drone": 5, "position":(8.333333333333334,8.333333333333334,1.0), "time":547.1271244301233,"sensors":[39,25,4,21,29,3,23,18],"power":[0.15,0.040308367168619026,0.088046726385596,0.07456239396679341,0.049870962188770955,0.17072914492182698,0.45164089808504865,0.47172338438219463]}
{"id": 11, "drone": 5, "position":(41.666666666666664,25.0,1.0), "time":256.7846876313381,"sensors":[30,10,8,9,19,16,24,14],"power":[0.4200925979621079,0.05344551085052212,0.027647711249292675,0.04667345135153602,0.8710647598955271,0.21818907034576895,0.01904357353654697,0.017026197473932168]}
{"id": 12, "drone": 0, "position":(33.333333333333336,16.666666666666668,1.0), "time":390.3970067352341,"sensors":[30,46,8,37,31,19,16,38,33],"power":[0.024879579895707566,0.02928491609442721,0.700504772158845,0.057738406768702746,0.1183610279385686,0.0289098841801705,0.05036719283548536,0.04425816623538063,0.047366721400671156]}
{"id": 13, "drone": 0, "position":(25.0,33.333333333333336,1.0), "time":32.468878566014574,"sensors":[34,46,7,12,48,44,2,45,17,31,49,24,20,38,35,0,27,1],"power":[0.007715500496472596,0.007176170942609287,0.0062216480998575395,0.032730104062519756,0.10191100816903936,0.002420072517818517,0.02344308364000958,0.010556244719654164,0.02742991389099871,0.002460256465277632,0.009141956136383553,0.006066610512403656,0.03824176743092852,0.003118392786439926,0.03540156175529079,0.0020738249752006357,0.002839440535205596,0.0063681420355806775]}
