LP RESULTS :
 Obj = 0.1*lambda1+0.9*lambda2 = 211.66941193341066 (lambda1 = 2098.6941193341063, lambda2 = 2.0) Resol time = 719 ms

{"id": 0, "drone": 4, "position":(16.666666666666668,8.333333333333334,1.0), "time":180.98410716932977,"sensors":[0,5,34,9],"power":[0.042756387702919,0.019622673945449524,0.06860422343143605,0.050565905604095795]}
{"id": 1, "drone": 4, "position":(41.666666666666664,41.666666666666664,1.0), "time":1293.6201121874462,"sensors":[43,39,19,46,29,17,1,36,33],"power":[1.8523922922875757,0.11406023182431627,0.17313353568215334,0.23731453899210123,0.08346061778246314,0.288621431275775,0.3277669321494703,0.39318298312529837,0.13605415689359504]}
{"id": 2, "drone": 3, "position":(41.666666666666664,25.0,1.0), "time":667.7838389627271,"sensors":[49,28,39,6,16,2,19,29,27,1,25,8,21,41],"power":[0.612256355003661,0.14999999999999997,0.2823787358452683,0.6346539344766562,0.16334514778499298,1.7729294588347873,0.09142308575458917,0.11864918859513103,0.07132755477581136,0.10928970652580257,0.057782522245813955,0.07777033511442902,0.1402554552297701,0.06544967870296928]}
{"id": 3, "drone": 3, "position":(33.333333333333336,8.333333333333334,1.0), "time":1430.910280371379,"sensors":[32,31,0,27,25,21,41,9],"power":[0.4789079327546432,0.31790916175585254,0.107243612297081,0.20465744063482358,0.3868822684791583,0.16565016231630061,0.38814343164415094,0.21208885303816719]}
{"id": 4, "drone": 6, "position":(16.666666666666668,41.666666666666664,1.0), "time":163.89009458060156,"sensors":[13,24,18,14,26,30,23,42,37,40,38,48,35,20,11],"power":[0.014292750697305755,0.038019026362488516,0.17735617484295396,0.024120790610098034,0.03861458621446869,0.04415677237139624,0.01948011808606352,0.035551803916553104,0.044573274544421816,1.6389009458060155,0.013094465562123351,0.024165251917878765,0.24691577016021735,0.01803876006596987,0.12514497746026107]}
{"id": 5, "drone": 6, "position":(8.333333333333334,33.333333333333336,1.0), "time":762.1144523635057,"sensors":[18,15,26,22,44,23,12,37,40,38,48,4,3,11],"power":[0.0775522383731299,0.097756770132535,0.20243295277210868,0.11255368886896211,0.06079847530682476,0.14095444930510265,0.1535897927974047,0.14634249378687142,0.06832542785247903,1.8531782822804899,0.07689043981654838,0.16028831222465473,0.07134757448581293,0.08330863397807114]}
{"id": 6, "drone": 2, "position":(8.333333333333334,41.666666666666664,1.0), "time":334.6498627763822,"sensors":[18,14,26,30,37,40,38,48,35,11],"power":[0.04026219669515078,0.1398636072133136,0.03983794939021156,0.10584322762860378,0.035014327233351926,0.06364375791156492,0.04440700644154799,0.46971054953151953,0.08080862078509618,0.038523674683214854]}
{"id": 7, "drone": 5, "position":(16.666666666666668,25.0,1.0), "time":170.25587065088982,"sensors":[15,26,22,23,12,37,5,45,38,4,3,11],"power":[0.1591649237260009,0.034286747571750646,0.5205866377641405,0.07110957073304616,0.2778655329376352,0.029469355317863776,0.0793940796064764,0.11674859615860511,0.02907236824851915,0.034199786066918134,0.2568729145871118,0.012082413914297862]}
{"id": 8, "drone": 5, "position":(25.0,41.666666666666664,1.0), "time":530.493670778794,"sensors":[13,24,18,26,23,42,37,46,40,8,35,20,11],"power":[0.2918954814684057,0.11198097363751147,0.15460461257854316,0.04603162997728193,0.03431930060965205,5.30493670778794,0.0662209615238895,0.1342246681727406,0.1310708257195199,0.03840137876525536,0.08158295317152194,1.002282406525744,0.14207130425341027]}
{"id": 9, "drone": 1, "position":(8.333333333333334,8.333333333333334,1.0), "time":1255.4052811956687,"sensors":[47,10,34,7],"power":[0.15,0.3316511645256004,0.11603600059008402,0.270190605097302]}
{"id": 10, "drone": 1, "position":(25.0,33.333333333333336,1.0), "time":137.29016818393302,"sensors":[13,18,26,22,16,23,42,12,37,46,29,45,40,8,20,11],"power":[0.01039123392919698,0.031311569963031,0.02480150656473856,0.01719750131824555,0.0099291310737025,0.02897404826122286,0.033031155516801296,0.013612899070248903,0.03289946620053733,0.017676245612122297,0.022113036305028946,0.033251403841394876,0.015402570781123602,0.033828286120315666,0.02642363842122781,0.034585552590307725]}
{"id": 11, "drone": 0, "position":(41.666666666666664,41.666666666666664,2.0), "time":137.29016818393302,"sensors":[43,39,19,46,17,1,36,33],"power":[0.15349973608674433,0.011671022698519051,0.017878550229158168,0.024304978587204523,0.029377066976723536,0.03277043582413694,0.0396454516144514,0.013945843106404962]}
{"id": 12, "drone": 0, "position":(8.333333333333334,16.666666666666668,1.0), "time":365.6954451714611,"sensors":[15,10,22,44,12,5,4,3],"power":[0.07912520434881504,0.061221505507935196,0.025737279127354594,0.08920152469317523,0.027884009905541032,0.08474400070241644,0.08194112064810856,0.07671259724045255]}
