LP RESULTS :
 Obj = 0.1*lambda1+0.9*lambda2 = 151.26788083432217 (lambda1 = 1476.6788083432216, lambda2 = 4.0) Resol time = 49463 ms

{"id": 0, "drone": 0, "position":(8.333333333333334,41.666666666666664,1.0), "time":1120.488620623001,"sensors":[33,31,1,27,12,32,5,39,4,18,0],"power":[0.9742544229488536,1.3919218252863315,3.584169951363372,0.16688007850749403,0.32233036636938867,0.7988209446335458,0.26085206568235797,0.15,1.308374377066412,0.34922483828816936,1.0567250899982596]}
{"id": 1, "drone": 0, "position":(8.333333333333334,25.0,1.0), "time":91.26710858891468,"sensors":[27,10,32,5,29,16,4,6],"power":[0.014983018640098085,0.00672924614432328,0.008412595663202927,0.014153077851083372,0.06038042046682624,0.019441290930566194,0.006053204975267752,0.1456029923544711]}
{"id": 2, "drone": 0, "position":(25.0,33.333333333333336,1.0), "time":88.92173920558407,"sensors":[35,37,27,21,7,2,23,34,18],"power":[0.008276136596994865,0.006194281275302102,0.009517621279684025,0.016294488010963743,0.08241645519465397,0.02414327073619278,0.007297238993750746,0.06752091437145898,0.0075450607495642285]}
{"id": 3, "drone": 0, "position":(41.666666666666664,25.0,1.0), "time":176.00133992572205,"sensors":[13,35,38,8,14,30,23,17,20],"power":[0.1204498098396697,0.04231065351073812,0.053762722761145076,0.016159406908118013,0.021476448025497776,0.06736511814831035,0.015954938140515327,0.0819331559686735,0.01207439064028947]}
{"id": 4, "drone": 1, "position":(16.666666666666668,25.0,1.0), "time":69.74826384723971,"sensors":[27,29,26,7,2,6,34],"power":[0.014264825724448111,0.08329448569538664,0.009593308132084222,0.004766363525232831,0.008522239987480825,0.02332415272845113,0.007653512834737978]}
{"id": 5, "drone": 1, "position":(41.666666666666664,41.666666666666664,1.0), "time":697.0435130507103,"sensors":[19,35,37,15,21,28,25,17,22,20],"power":[0.17617167770137615,0.06722206732587462,0.2421429900284894,0.22315665675315835,0.11270341232621887,0.15,6.970435130507103,0.05148382320325919,0.22644660227422533,0.7920793940367451]}
{"id": 6, "drone": 1, "position":(33.333333333333336,25.0,1.0), "time":219.07945991705387,"sensors":[13,35,38,8,21,26,7,14,2,30,23,17,34],"power":[0.036128340760443,0.06490400433992065,0.06353182439738993,0.12429794255188589,0.02407094798150228,0.015419942641489616,0.05339747743963099,0.03212421026047831,0.0815740411285507,0.5638231715510762,0.16629135732068692,0.01658302082806731,0.05495710608741325]}
{"id": 7, "drone": 1, "position":(41.666666666666664,8.333333333333334,1.0), "time":490.807571528218,"sensors":[13,36,38,14],"power":[0.0469071724794893,0.14999999999999997,0.04730327860837,0.09929209668020936]}
{"id": 8, "drone": 2, "position":(25.0,8.333333333333334,1.0), "time":765.734017552026,"sensors":[26,9],"power":[0.14761753396649,0.15]}
{"id": 9, "drone": 2, "position":(25.0,25.0,1.0), "time":31.724426343144707,"sensors":[35,8,29,26,7,2,30,23,34],"power":[0.0021009304192428258,0.00954265053999619,0.0029205580959295154,0.006887940700023257,0.00941970384048223,0.063396373129246,0.003997794478260772,0.012666561927750014,0.020786451985613293]}
{"id": 10, "drone": 2, "position":(8.333333333333334,16.666666666666668,1.0), "time":18.1108201165803,"sensors":[24,10,11,29,16,6],"power":[0.0021020797441547593,0.01383502280246264,0.0034323577100142644,0.0034045357418575877,0.022798433922190955,0.005982864027384919]}
{"id": 11, "drone": 2, "position":(8.333333333333334,8.333333333333334,1.0), "time":661.1095443314708,"sensors":[24,10,11,3,16],"power":[0.6766502960128341,0.6780270644039149,0.20659457202476855,0.15,0.10776027514724285]}
