LP RESULTS :
 Obj = 0.1*lambda1+0.9*lambda2 = 179.46115982634868 (lambda1 = 1749.6115982634867, lambda2 = 5.0) Resol time = 3919 ms

{"id": 0, "drone": 1, "position":(41.666666666666664,25.0,1.0), "time":337.52267326284283,"sensors":[33,16,28,12,22,6,17,21,10],"power":[0.23007666023315398,0.06325659445201774,0.04135733444389927,0.047703065944956505,1.1934895390732665,0.12038346342566898,0.07683185491656169,0.062271339271161165,0.10387817055057387]}
{"id": 1, "drone": 1, "position":(41.666666666666664,16.666666666666668,1.0), "time":204.25741729453347,"sensors":[38,33,28,12,22,13,21,19,37,10],"power":[0.07496847148245767,0.23687553835234815,0.06231682192723619,0.043668232284210094,0.04695245428634312,0.03735113243489157,0.05651568189508676,0.07994264978400252,0.032055415817679546,0.046121829449426124]}
{"id": 2, "drone": 1, "position":(41.666666666666664,8.333333333333334,1.0), "time":155.71820729802948,"sensors":[30,38,33,28,12,13,21,19,37],"power":[0.0296565456223253,0.1337389508770318,0.014348181037709405,0.019395724284226784,0.010683793233360502,0.13785261725556475,0.011635252803393491,0.39656997949333533,0.04396616744148984]}
{"id": 3, "drone": 1, "position":(8.333333333333334,25.0,2.0), "time":315.61832601494825,"sensors":[5,9,29,20,25,1,15,2,34],"power":[0.10438022584436395,0.038805784906270326,0.09675499319407435,0.1323159071207712,0.06612202886645384,0.05620218654876043,0.9259116305296157,0.1397047470068301,0.03369500986968208]}
{"id": 4, "drone": 1, "position":(8.333333333333334,41.666666666666664,1.0), "time":736.494974393133,"sensors":[9,31,27,35,18,36,7],"power":[0.21240738190318875,0.14999999999999997,1.8884626680765688,0.15547830179114724,0.5505602644287328,0.7181283207925095,0.4478418550878927]}
{"id": 5, "drone": 2, "position":(8.333333333333334,8.333333333333334,1.0), "time":754.4070299580553,"sensors":[5,32,0,29,14,26,25,34],"power":[0.07095960488712684,1.9317408718692581,0.13707691232704852,0.08399667624111082,0.21947723697071095,0.15,0.07013555782344885,0.1564520091812012]}
{"id": 6, "drone": 2, "position":(41.666666666666664,41.666666666666664,1.0), "time":782.293108822693,"sensors":[23,11,16,3,6,17],"power":[0.06341033148535952,0.19184414506710146,0.07442765987348902,0.15,0.10495528284758386,0.06568435442014577]}
{"id": 7, "drone": 2, "position":(25.0,8.333333333333334,1.0), "time":40.4226166801933,"sensors":[14,8,28,24,13],"power":[0.00522286220545466,0.03018515493021638,0.003033252717598937,0.16241917704354494,0.003358317129273401]}
{"id": 8, "drone": 2, "position":(16.666666666666668,8.333333333333334,1.0), "time":71.28888501235367,"sensors":[32,0,14,8,25,24],"power":[0.009010917236384303,0.012923087672951472,0.08286378099485421,0.007596998790575918,0.0082670301641282,0.015622232613165582]}
{"id": 9, "drone": 2, "position":(33.333333333333336,41.666666666666664,1.0), "time":101.19995779019212,"sensors":[23,11,16,4,6,17],"power":[0.09285504683812337,0.11916527597048941,0.014389139486499732,0.018397208986032105,0.008047710083809386,0.011337605302164778]}
{"id": 10, "drone": 0, "position":(25.0,41.666666666666664,1.0), "time":604.8304244712801,"sensors":[23,11,4,35],"power":[0.5368544212727068,0.0847129302969065,0.13160279101396788,0.13477657340787408]}
{"id": 11, "drone": 0, "position":(8.333333333333334,33.333333333333336,1.0), "time":408.28619939907384,"sensors":[9,27,20,1,35,15,18,2,36,7],"power":[0.5732097955159764,0.09259547815586379,0.04941553466830302,0.09379781345123957,0.03524039793540988,0.0733236897586437,0.07245982968037241,0.15950383268572052,0.04755255927691586,0.027240479798979565]}
{"id": 12, "drone": 0, "position":(41.666666666666664,8.333333333333334,1.0), "time":262.01479692218345,"sensors":[30,38,33,28,12,13,21,19,37],"power":[0.049900740019278154,0.2250320284484471,0.024142557290060238,0.03263566186427996,0.01797677974188297,0.23195377176593882,0.01957772603035862,0.6672771568934932,0.0739784167408306]}
{"id": 13, "drone": 0, "position":(33.333333333333336,8.333333333333334,1.0), "time":402.95002284541755,"sensors":[30,38,8,28,12,24,13,19],"power":[0.07044271435839654,0.04067217560971069,0.11221784627920768,0.0851624515087701,0.05301254297960682,0.07765790736495781,0.36122480995118206,0.07213518537980197]}
{"id": 14, "drone": 0, "position":(25.0,25.0,1.0), "time":71.53015462553077,"sensors":[39,16,25,28,12,17],"power":[0.15,0.005948734782487767,0.005725096731913788,0.005053157863975478,0.009476604493175845,0.005866798256431889]}
