LP RESULTS :
 Obj = 0.1*lambda1+0.9*lambda2 = 158.0483203183538 (lambda1 = 1544.483203183538, lambda2 = 4.0) Resol time = 4140 ms

{"id": 0, "drone": 0, "position":(25.0,8.333333333333334,1.0), "time":370.8660508042153,"sensors":[12,16,30,18,23,5,9,8,21,27,6,14],"power":[0.054896717524417174,0.2156878874468013,0.08566505467225938,0.12862177465937252,0.026518518727579616,0.03967683513749367,0.02689640410448584,0.03990497332261856,0.10575136907140896,0.02605018792851423,0.09318766472729799,2.7081642555977004]}
{"id": 1, "drone": 0, "position":(41.666666666666664,33.333333333333336,1.0), "time":219.0773581480637,"sensors":[10,15,20,38,1,24],"power":[0.05304413113486568,0.018922410989899583,0.0559289579336165,0.06528128806524848,0.5357656128471202,0.24846818911088006]}
{"id": 2, "drone": 0, "position":(8.333333333333334,41.666666666666664,1.0), "time":566.0281527332844,"sensors":[4,29,32,39,34,3,7],"power":[0.049602376152692466,0.14760035826912626,0.03877662656749581,0.15,0.053332430148734546,0.753369056312192,1.0239180390754805]}
{"id": 3, "drone": 0, "position":(25.0,33.333333333333336,1.0), "time":388.5116414979743,"sensors":[4,10,29,15,2,38,34,9,22,24,27,11],"power":[0.04924986292160013,0.06279939170848917,0.0441067666587034,0.11795456482722662,0.040446790204490775,0.03885208220136397,0.10383942685282897,0.025393272810220198,0.08681632949798793,0.02663436284779168,0.03564223722189027,0.44669220577859114]}
{"id": 4, "drone": 2, "position":(8.333333333333334,33.333333333333336,1.0), "time":300.9717930468096,"sensors":[4,29,32,25,34,3,22,37,7],"power":[0.09798223789108235,0.06654823848252003,0.06984295331759811,0.03470386165490931,0.05215533857912535,0.03041517247149427,0.019679899656209192,0.04127999415381507,0.03518456231966503]}
{"id": 5, "drone": 2, "position":(41.666666666666664,25.0,1.0), "time":589.5805586799202,"sensors":[10,20,38,1,31,24,19,13],"power":[0.10263023309081319,0.0940710420663835,0.1692368865257289,0.14485268289301484,0.04523500564602582,0.08808069960314277,0.05278298453221481,0.15150605486558985]}
{"id": 6, "drone": 2, "position":(41.666666666666664,8.333333333333334,1.0), "time":445.8216582454788,"sensors":[5,31,33,19],"power":[0.07580730670853526,0.21457821514001696,0.15,0.13702984930306944]}
{"id": 7, "drone": 2, "position":(25.0,16.666666666666668,1.0), "time":208.1091932113295,"sensors":[28,12,16,30,25,9,22,19,27,6,14],"power":[0.03251650459744164,0.04525601524440234,0.016786703556976857,0.07497630029821871,0.01377584677457152,0.09771032308529387,0.02273321014019598,0.01479036339008846,0.14166056657716386,1.0970094492736813,0.049007126277556115]}
{"id": 8, "drone": 1, "position":(8.333333333333334,25.0,1.0), "time":265.11058262165335,"sensors":[0,28,4,32,25,34,22,37],"power":[0.056439780294868944,0.04453141987469979,0.051030600149913424,0.04138042011490608,0.12089454289444498,0.018737597893528996,0.02652832776622306,0.6328511085652521]}
{"id": 9, "drone": 1, "position":(33.333333333333336,8.333333333333334,1.0), "time":275.84906897712403,"sensors":[16,18,5,31,21,19,6,14],"power":[0.09789619219294823,0.021378225340627464,0.09854105153269556,0.08824373860591891,0.06082664089349539,0.0838462407112415,0.023980431182621817,0.050091137210460344]}
{"id": 10, "drone": 1, "position":(8.333333333333334,8.333333333333334,1.0), "time":965.5079591679932,"sensors":[0,28,12,30,23,26,35,8,17,36],"power":[0.20990172499527837,0.07295207552785817,0.1303275258708607,0.07918889276337726,0.17371561719833026,0.19280441178604718,0.5376360947676826,0.1400954265548005,0.28537261623484295,0.15]}
{"id": 11, "drone": 1, "position":(33.333333333333336,41.666666666666664,1.0), "time":38.015592416767085,"sensors":[10,15,2,38,1,24],"power":[0.004519569396486367,0.023634657736200274,0.10955320979550923,0.002875933710149089,0.0044408958120147075,0.007472575253691831]}
