LP RESULTS :
 Obj = 0.1*lambda1+0.9*lambda2 = 124.69187043412866 (lambda1 = 1192.9187043412865, lambda2 = 6.0) Resol time = 20397 ms

{"id": 0, "drone": 2, "position":(8.333333333333334,16.666666666666668,1.0), "time":490.79791679488636,"sensors":[25,39,37,28,5,7,2,3,17,4,22],"power":[0.1885371235586331,2.083834869648,0.18191031185551024,0.48521573823814657,0.1005380336684291,0.07536984462138391,0.04978651908838059,0.06587713194077652,1.2013788242709638,0.1704394833770801,0.08404257402259585]}
{"id": 1, "drone": 2, "position":(41.666666666666664,8.333333333333334,1.0), "time":304.00856674278066,"sensors":[33,15,34,10,12,36],"power":[0.09917486128001834,0.032532596780618754,0.18692169528389246,0.062187175558921524,0.06365512148791196,0.06554372647978376]}
{"id": 2, "drone": 2, "position":(41.666666666666664,41.666666666666664,1.0), "time":43.69490321109718,"sensors":[6,16,0,27,30,9],"power":[0.0231589243302696,0.0050254001404424434,0.011691818829175188,0.004958557860021493,0.015479692319935585,0.004934890781800914]}
{"id": 3, "drone": 2, "position":(25.0,41.666666666666664,1.0), "time":16.79192398385834,"sensors":[13,8,31,9,32],"power":[0.0020831683302113863,0.003229927399425823,0.0020886277030669246,0.0076968643539787164,0.01687050271313647]}
{"id": 4, "drone": 2, "position":(33.333333333333336,25.0,1.0), "time":125.58509508875576,"sensors":[20,29,24,21,16,27,14,30,18,19],"power":[0.052549376803463096,0.0080002971858087,0.06991371265731991,0.013605689743370772,0.017239656232031615,0.029303361614280817,0.924606260001191,0.009848398666701752,0.010621973399756943,0.09773954616433064]}
{"id": 5, "drone": 2, "position":(8.333333333333334,41.666666666666664,1.0), "time":212.0402985199082,"sensors":[11,1,13,26,23,31,35],"power":[0.4929036746507168,0.4201681753862007,0.054754231051022714,0.06012340579441359,0.06728778063771078,0.0842189679875898,0.038424507037445405]}
{"id": 6, "drone": 1, "position":(41.666666666666664,33.333333333333336,1.0), "time":44.346774309100965,"sensors":[6,21,16,0,27,14,30],"power":[0.0028415045388051783,0.015598466531299794,0.09226681087637707,0.08008686634340109,0.0496728984561845,0.0037304385207271333,0.026869943808883148]}
{"id": 7, "drone": 1, "position":(41.666666666666664,8.333333333333334,1.0), "time":412.3718900925236,"sensors":[33,15,34,10,12,36],"power":[0.1345255675979275,0.04412878415821907,0.2535496075304199,0.08435368581716797,0.08634487851208825,0.0889066734591211]}
{"id": 8, "drone": 1, "position":(33.333333333333336,8.333333333333334,1.0), "time":48.99938370043415,"sensors":[33,15,34,18,36,38],"power":[0.006871243265303848,0.05233562162266928,0.006738979211097582,0.008400534211681117,0.007703144525382786,0.013637233440385386]}
{"id": 9, "drone": 1, "position":(41.666666666666664,25.0,1.0), "time":101.66921862470237,"sensors":[24,21,16,0,27,14,30,34,10,19],"power":[0.007048401348040788,0.12079584372532944,0.0445355545881459,0.014980487576433416,0.0324237038583351,0.02129996822602013,0.00875919264419564,0.00950198711542351,0.007464726304908668,0.009505967966495617]}
{"id": 10, "drone": 1, "position":(8.333333333333334,33.333333333333336,1.0), "time":534.6792258307335,"sensors":[11,1,13,37,5,26,23,3,31,4,35],"power":[0.1506790038797075,0.11028643021285808,0.12720026042647548,0.07082877996172175,0.04946196633157093,0.09989960866931405,2.27285675194115,0.0945653066325307,0.07690996777062273,0.059826656042326,0.11157549296255467]}
{"id": 11, "drone": 1, "position":(25.0,8.333333333333334,1.0), "time":50.852211783794026,"sensors":[15,2,18,22,38],"power":[0.018020209220597022,0.014946843602256604,0.01657712963135377,0.009291048323572698,0.1204264881619304]}
{"id": 12, "drone": 0, "position":(25.0,25.0,1.0), "time":83.19558503646591,"sensors":[20,29,24,14,3,18,19,32],"power":[0.0847508098684267,0.04553420943983953,0.0650158072526218,0.017853899076857385,0.008826133181113844,0.011498177542701661,0.032605351619826924,0.006103113894856936]}
{"id": 13, "drone": 0, "position":(16.666666666666668,8.333333333333334,1.0), "time":17.837114466125644,"sensors":[25,39,2,18,17,22,38],"power":[0.0014904295455693893,0.0012017364661105966,0.030440258215557882,0.001758086268908871,0.0011308102446398992,0.012749031412927965,0.0026990561288401027]}
{"id": 14, "drone": 0, "position":(8.333333333333334,8.333333333333334,1.0), "time":352.67000796848583,"sensors":[25,39,28,7,2,17,22],"power":[0.2184532951880321,0.06682630304310748,0.03540385767044417,0.0746301553786161,0.0476415188841579,0.07409423364943353,0.05418089746618906]}
{"id": 15, "drone": 0, "position":(25.0,16.666666666666668,1.0), "time":37.371882967180554,"sensors":[20,29,15,24,14,2,18,19,22,38],"power":[0.004222081945353912,0.004344915525988157,0.0029827882178986597,0.004119554995957931,0.0043841946615050765,0.007184860209647033,0.10240845157011791,0.010149134249346797,0.00732950120050903,0.013237222268844814]}
{"id": 16, "drone": 0, "position":(33.333333333333336,41.666666666666664,1.0), "time":617.598137223839,"sensors":[6,0,27,8,30,9,32],"power":[0.12399957113092609,0.04324082725099085,0.05811353123446198,0.14677007260057764,0.18432138372707882,1.198479121933692,0.12702638339201375]}
{"id": 17, "drone": 0, "position":(16.666666666666668,25.0,1.0), "time":84.24597667920094,"sensors":[20,29,39,24,13,37,28,23,3,4,22],"power":[0.008477731382756265,0.09212057784836362,0.006224394923463196,0.006961589474940096,0.006001417636656393,0.015632667081398544,0.0072540223217557875,0.006230296768028965,0.1424847028213619,0.02898548918251217,0.007344548087952161]}
