LP RESULTS :
 Obj = 0.1*lambda1+0.9*lambda2 = 136.18447100934443 (lambda1 = 1307.8447100934443, lambda2 = 6.0) Resol time = 99222 ms

{"id": 0, "drone": 0, "position":(41.666666666666664,33.333333333333336,1.0), "time":199.17037872457894,"sensors":[8,25,5,26,33,9,12,34],"power":[0.25411408131561436,0.15702492643380672,0.013789560979211638,0.04039934432245317,0.020584096254843073,0.05548642606380617,0.023770116167453646,0.014006133506797523]}
{"id": 1, "drone": 0, "position":(33.333333333333336,25.0,1.0), "time":81.47605469263003,"sensors":[30,5,39,0,2,27,4,12,3,34],"power":[0.04950857832140832,0.12491304850197928,0.020674230107080204,0.03219446978154469,0.00659242334742835,0.11048294527968855,0.008986546221312364,0.3845461208611083,0.006896951324451876,0.10144420399564322]}
{"id": 2, "drone": 0, "position":(25.0,16.666666666666668,1.0), "time":64.93235915485185,"sensors":[30,23,35,5,37,39,0,2,27,12,3,34],"power":[0.012849948609071625,0.00781798111424489,0.014814525411307865,0.007187768466828368,0.005070331976143136,0.0487918338808579,0.022815528824176926,0.009483131321422446,0.01325467106072326,0.004751905432619084,0.012357534028326239,0.006598325071642567]}
{"id": 3, "drone": 0, "position":(41.666666666666664,8.333333333333334,1.0), "time":385.96303576351374,"sensors":[23,29,2,24,4,13],"power":[0.05204862032710393,0.119704433400549,0.08214966214576899,0.059318771538232964,0.07602288541971654,0.06968840885136521]}
{"id": 4, "drone": 0, "position":(8.333333333333334,16.666666666666668,1.0), "time":191.10788891753418,"sensors":[16,35,37,1,32,28,6,22,7,11,15],"power":[0.02360598735861208,0.03549765308654083,0.05140014228162146,0.08299634745248255,0.48828560992675346,0.016302766717682146,0.015695212861197523,0.03494624899530122,0.08743952854251459,0.025445923721861025,0.057899848285660964]}
{"id": 5, "drone": 0, "position":(8.333333333333334,8.333333333333334,1.0), "time":385.19499284035436,"sensors":[16,1,32,7,11,15],"power":[0.20605214012293396,0.7703710480046768,0.04926071792974343,0.31960891135473807,0.09676775533264852,0.3286756910795729]}
{"id": 6, "drone": 1, "position":(8.333333333333334,16.666666666666668,5.0), "time":270.344007456652,"sensors":[16,35,37,1,32,28,22,7,11,15],"power":[0.025124271737853466,0.03826711624345221,0.052231713772748586,0.0711915758083752,0.12736608277088135,0.018407360397441893,0.03701888747102156,0.07179537658533461,0.027786320945491313,0.0590986648739993]}
{"id": 7, "drone": 1, "position":(33.333333333333336,16.666666666666668,1.0), "time":30.129378551434513,"sensors":[30,23,5,39,0,2,27,4,12,34],"power":[0.0416589348406553,0.005894676664639205,0.004119774354475803,0.007976374506573788,0.007892016319907465,0.026027601722194725,0.015169438998044203,0.007026604001551211,0.004671601266949617,0.013381011894336249]}
{"id": 8, "drone": 1, "position":(41.666666666666664,41.666666666666664,1.0), "time":407.85645730971436,"sensors":[8,25,26,33,9,36],"power":[0.10313133583943278,0.17728234162767859,3.8236336491726717,0.5707106250185903,0.09451357393619382,0.15]}
{"id": 9, "drone": 1, "position":(41.666666666666664,16.666666666666668,1.0), "time":3.3039887300304045,"sensors":[30,2,27,4,12,34],"power":[5.746363796281289E-4,7.216431542683086E-4,3.7399023781595274E-4,0.03303988730030404,2.3614943509374587E-4,7.227514680326886E-4]}
{"id": 10, "drone": 1, "position":(16.666666666666668,41.666666666666664,1.0), "time":191.10788891753407,"sensors":[38,20,10,14,21,17,31,19],"power":[0.12154141614541988,0.03427691450272837,0.07120140785014566,0.0873375786509409,0.04557217054679317,0.06277882232760836,0.03224941856871467,0.014631905770836819]}
{"id": 11, "drone": 1, "position":(8.333333333333334,33.333333333333336,1.0), "time":405.102989128062,"sensors":[20,10,37,18,28,6,22,19],"power":[0.8939141460303003,0.031831214754840624,0.03394809093624298,0.08077602859898211,0.05130127645975525,0.35529272852432314,0.06424356842610968,1.5865990094982991]}
{"id": 12, "drone": 2, "position":(16.666666666666668,16.666666666666668,1.0), "time":4.0848167474832735,"sensors":[35,37,39,1,0,32,22,7,3,15],"power":[0.0135059568695071,0.0015369053759505254,4.576365598922812E-4,6.673659095120007E-4,3.057086304316415E-4,9.439818333524735E-4,7.754027690927683E-4,0.0010450421074161395,7.416900384027204E-4,2.748661909650303E-4]}
{"id": 13, "drone": 2, "position":(8.333333333333334,25.0,1.0), "time":260.86321262920274,"sensors":[20,35,37,32,28,6,22,3,19],"power":[0.03713918874478084,0.03175379146143851,0.09860134280252368,0.10070682004246433,0.06398859642512005,0.23801993257458637,0.200679313356725,0.021282855605886202,0.04847499433113706]}
{"id": 14, "drone": 2, "position":(33.333333333333336,8.333333333333334,1.0), "time":266.18774895411264,"sensors":[30,23,29,2,24,4,13],"power":[0.026557116578419956,0.870905649076124,0.03029556659945103,0.21097070227475473,0.09068122846176704,0.024924077057116283,0.11251375845024307]}
{"id": 15, "drone": 2, "position":(25.0,41.666666666666664,1.0), "time":215.14375760157742,"sensors":[38,14,21,17],"power":[0.14245738348922338,0.022450610688749678,1.1583469492905538,0.027877792009986257]}
{"id": 16, "drone": 2, "position":(8.333333333333334,41.666666666666664,1.0), "time":450.77061941864093,"sensors":[38,20,10,14,18,17,31,6,19],"power":[0.03372514491829931,0.13757284038577328,0.251637016540314,0.10002258621780635,0.06922397140101688,0.059343385662408724,0.11775058143128539,0.03615611653942123,0.10376084019039888]}
{"id": 17, "drone": 2, "position":(25.0,25.0,1.0), "time":110.79455474242206,"sensors":[30,35,5,37,39,0,27,22,12,3,34],"power":[0.018850785270816642,0.01616095692775215,0.04667553118324828,0.01027561469439801,0.07209992494559582,0.09005390047037595,0.02833281080961959,0.009387416126745428,0.023533483966420198,0.10961588725688375,0.013847574063547736]}
