LP RESULTS :
 Obj = 0.1*lambda1+0.9*lambda2 = 106.87664386614425 (lambda1 = 1014.7664386614424, lambda2 = 6.0) Resol time = 40471 ms

{"id": 0, "drone": 1, "position":(33.333333333333336,8.333333333333334,1.0), "time":30.50363509793371,"sensors":[15,6,26,8,32],"power":[0.0061591690232130234,0.07128805176609923,0.003254177771195939,0.00659363635187525,0.00569939403730663]}
{"id": 1, "drone": 1, "position":(41.666666666666664,25.0,1.0), "time":164.92301071488004,"sensors":[15,34,37,5,11,25],"power":[0.021750592196930013,0.04823125792980022,0.20692029349219995,1.1253995349991728,0.024985851797317615,0.04616337105097989]}
{"id": 2, "drone": 1, "position":(41.666666666666664,33.333333333333336,1.0), "time":437.0436729319195,"sensors":[34,37,1,2,5,11,25,24],"power":[0.5108469362531997,0.1681015640845685,0.03705015537954565,0.07485407320839547,0.087356004675795,0.4254466660704792,0.035694429826790185,0.06062219313424519]}
{"id": 3, "drone": 1, "position":(41.666666666666664,41.666666666666664,1.0), "time":73.30884913887502,"sensors":[34,1,2,11,22,24],"power":[0.008770621442121701,0.022716602144607034,0.015113434882968497,0.015113726961936507,0.004644210790018048,0.021770563983946615]}
{"id": 4, "drone": 1, "position":(16.666666666666668,8.333333333333334,1.0), "time":260.68846827496486,"sensors":[14,7,19,8,31,10,32,35,18,23,39],"power":[0.03880008233075346,0.30139048289353104,0.12837435103853845,0.01724758077846918,0.02111078324365127,0.07777652155086243,0.04858548359980566,0.017133719259732883,0.12241111015144598,0.5959682428123211,0.022127848053463493]}
{"id": 5, "drone": 1, "position":(25.0,33.333333333333336,1.0), "time":48.298802502869236,"sensors":[12,13,9,4,30,11,22,29,27,24,38],"power":[0.00535145287946743,0.0035717866917977454,0.00307658365982722,0.12335186193451454,0.012837497556861106,0.0035794516472316446,0.014904324734800191,0.023843483545465862,0.01933185275694919,0.0040241695984400685,0.0098290336906592]}
{"id": 6, "drone": 2, "position":(41.666666666666664,16.666666666666668,1.0), "time":305.0273737244445,"sensors":[15,6,26,37,5,25],"power":[0.4730208686734779,0.04211495444575764,0.14181864856556328,0.033837466679786245,0.0730007528442504,0.05479271135335854]}
{"id": 7, "drone": 2, "position":(8.333333333333334,33.333333333333336,1.0), "time":269.4082969119234,"sensors":[21,36,28,13,9,17,16,0,3,30,35,20,33,38],"power":[0.14483815404081063,0.06664464102717155,0.06853490753262967,0.10205390282829468,0.03108994242167054,0.029381829505851144,0.035103113820274354,0.025977929776249818,0.3143018192581126,0.047183691396486725,0.018472804348789628,0.21178630507920782,0.3600895026019838,0.05609939004479089]}
{"id": 8, "drone": 2, "position":(25.0,8.333333333333334,1.0), "time":59.67920378743603,"sensors":[7,19,6,8,32,18,23],"power":[0.018215252697758817,0.008673436998296312,0.012524559112266832,0.016768355410858426,0.08672497288790433,0.004716609092324208,0.021505347273320787]}
{"id": 9, "drone": 2, "position":(8.333333333333334,8.333333333333334,1.0), "time":83.18650676895584,"sensors":[14,7,19,31,10,35,18,23,39],"power":[0.0964990416545336,0.009937612033025631,0.01295221196316524,0.016864937948556345,0.07649172648292508,0.005768577292003392,0.031496391292206424,0.010323557299470177,0.014730987501732405]}
{"id": 10, "drone": 2, "position":(8.333333333333334,16.666666666666668,1.0), "time":157.44158494758994,"sensors":[14,7,31,0,10,35,18,39],"power":[0.014700876014712937,0.014682940510812191,1.2608384195904343,0.061857275131768474,0.0765574517349881,0.07280556176297456,0.010485389427081222,1.135314983779333]}
{"id": 11, "drone": 2, "position":(25.0,41.666666666666664,1.0), "time":140.02347252109456,"sensors":[12,13,9,4,30,22,29,27,24,38],"power":[0.2323848071947665,0.010343506548805306,0.02057545588175732,0.025556838173348372,0.015756720149712536,0.11138704710768264,0.18042878111159913,0.3343285613928999,0.02231868202213443,0.00931537535823339]}
{"id": 12, "drone": 0, "position":(41.666666666666664,16.666666666666668,1.0), "time":74.31570904468185,"sensors":[15,6,26,37,5,25],"power":[0.1152450051258588,0.010260727300653204,0.03455215607445588,0.008244031667976789,0.017785625736387093,0.013349487768871373]}
{"id": 13, "drone": 0, "position":(41.666666666666664,41.666666666666664,1.0), "time":291.1921033728986,"sensors":[34,1,2,11,22,24],"power":[0.03483802754536129,0.09023324247584734,0.060032491908636035,0.06003365208356777,0.018447397883584064,0.08647545818227763]}
{"id": 14, "drone": 0, "position":(8.333333333333334,25.0,1.0), "time":77.01410051757591,"sensors":[21,36,13,31,0,3,30,10,35,20,33,38,39],"power":[0.005218535316295024,0.005541156663072165,0.0052198957990703485,0.017495542523809176,0.07132961479735161,0.007562723233305263,0.006365813736026319,0.0049373969915274835,0.03526044490249817,0.007065978212689999,0.0207824542598709,0.010548063955962502,0.020595150394221225]}
{"id": 15, "drone": 0, "position":(8.333333333333334,41.666666666666664,1.0), "time":471.2524389474973,"sensors":[21,36,28,13,9,17,16,3,30,20,33,38],"power":[0.5773063725504677,0.07781420230975628,1.887823232075341,0.16366388849550176,0.1494881758546018,0.12061817049414883,0.36355358789422704,0.23458324964177107,0.03880895997061559,0.18432072393086735,0.06387385137925419,0.031892286963074244]}
{"id": 16, "drone": 0, "position":(25.0,16.666666666666668,1.0), "time":92.22275951830831,"sensors":[7,6,8,32,23],"power":[0.02111689294585725,0.013811707375223286,0.10939042745879714,0.008990149474983397,0.010226723059940289]}
{"id": 17, "drone": 0, "position":(16.666666666666668,33.333333333333336,1.0), "time":8.769327260481845,"sensors":[21,28,12,13,9,4,3,30,22,35,20,29,27,33,38],"power":[0.001855040809635827,7.201823929582087E-4,5.543801929135133E-4,0.004160827034554019,0.0016601510339614438,0.0010912998921370806,0.0023217743827833336,0.06764300685100366,6.170194839150646E-4,5.588924340008559E-4,8.183354894110705E-4,9.820536293272542E-4,0.0013666807327955399,9.069101261186996E-4,0.03231584998727972]}
