LP RESULTS :
 Obj = 0.1*lambda1+0.9*lambda2 = 162.89185726013855 (lambda1 = 1574.9185726013852, lambda2 = 6.0) Resol time = 11032 ms

{"id": 0, "drone": 0, "position":(8.333333333333334,8.333333333333334,1.0), "time":666.7160182607291,"sensors":[19,24,11,32,14,0,16],"power":[0.0630383596132425,0.7935545336598219,0.06442507484946045,0.05672243151562988,0.15,0.10200194087222081,0.04856529882341849]}
{"id": 1, "drone": 0, "position":(41.666666666666664,8.333333333333334,1.0), "time":236.90345273925868,"sensors":[7,13,5,12,36,37,21,38],"power":[0.060311158158539775,0.029649252055377176,0.289037970295661,0.22497670539903364,0.05840244775755523,0.028297421506458982,0.08247615762511547,0.028615428382722876]}
{"id": 2, "drone": 0, "position":(25.0,16.666666666666668,1.0), "time":40.35848906620792,"sensors":[13,11,3,23,9,37,31,0,29],"power":[0.008752259396486583,0.0031443860546444408,0.0831803908071326,0.03685437150560055,0.013681998916599361,0.0032848993595916594,0.002787027392940307,0.006679741528546128,0.0061849341567506355]}
{"id": 3, "drone": 0, "position":(41.666666666666664,25.0,1.0), "time":291.04902703295915,"sensors":[7,4,17,5,25,8,26,31,38],"power":[0.03399706161084714,1.1504039717632777,0.1088542153550856,0.019087819194077284,0.03461635878451186,0.34922216529984274,0.049732041369076614,0.12699595323382312,0.04205918055244637]}
{"id": 4, "drone": 0, "position":(41.666666666666664,41.666666666666664,1.0), "time":115.27136075304583,"sensors":[20,1,34,30,25,6],"power":[0.017092336171983087,0.12289684144863333,0.022788480642783823,0.031466532285518316,0.011321502009635383,0.049845227255765984]}
{"id": 5, "drone": 0, "position":(8.333333333333334,41.666666666666664,1.0), "time":224.62022474918442,"sensors":[35],"power":[0.11341671559045374]}
{"id": 6, "drone": 1, "position":(41.666666666666664,8.333333333333334,1.0), "time":314.3440725647355,"sensors":[7,13,5,12,36,37,21,38],"power":[0.0800260817537234,0.03934120221474143,0.3835206775503724,0.2985186285366853,0.07749343905116003,0.03754747605646519,0.10943652773986576,0.037969435193964146]}
{"id": 7, "drone": 1, "position":(8.333333333333334,25.0,1.0), "time":230.7413755333121,"sensors":[19,11,32,18,33,0,16,28,29],"power":[0.14294458637627183,0.06405283742820911,0.02465374737086206,0.9375957448875829,0.6064752124757733,0.018990137119526487,0.2643474365249545,0.08167990916116061,0.04516958295022883]}
{"id": 8, "drone": 1, "position":(33.333333333333336,8.333333333333334,1.0), "time":566.6507625988681,"sensors":[22,13,5,12,15,37,21],"power":[0.13128816920593944,0.7165491103635145,0.0773594829380302,0.14489225128477548,0.09325257731768911,0.797275005874912,0.03961124514618083]}
{"id": 9, "drone": 1, "position":(8.333333333333334,16.666666666666668,1.0), "time":317.909410603831,"sensors":[19,24,11,32,18,33,0,16,28,29],"power":[0.384168693945891,0.1413102183503468,0.18387771576017142,0.06862382111350805,0.06653620727732104,0.07881685878265429,0.08293517165942069,0.2286504049306155,0.06832009083883937,0.045132151266729814]}
{"id": 10, "drone": 1, "position":(33.333333333333336,25.0,1.0), "time":42.90809019400494,"sensors":[4,3,23,8,9,26,31],"power":[0.013960034487925545,0.005575115610046913,0.008412926099264957,0.004939826756847527,0.010617595085994169,0.0537402328936839,0.02738791765769472]}
{"id": 11, "drone": 1, "position":(25.0,8.333333333333334,1.0), "time":102.36486110663358,"sensors":[22,13,3,23,15,37,0],"power":[0.01871183079406057,0.02947035785161813,0.01178053274344139,0.008695769565702324,0.05674742268231088,0.03349319493278392,0.010705419956353058]}
{"id": 12, "drone": 2, "position":(41.666666666666664,33.333333333333336,1.0), "time":164.57414687282596,"sensors":[20,1,4,17,30,25,8,26,31,6],"power":[0.019585218948100835,0.024430433817565784,0.03460519738791936,0.027220244475687758,0.013520463398820222,0.040862424638328336,0.060792256546931954,0.02508778689395215,0.014117602477922321,0.04244228272277657]}
{"id": 13, "drone": 2, "position":(41.666666666666664,16.666666666666668,1.0), "time":117.67360782985668,"sensors":[7,13,4,17,5,12,8,36,31,38],"power":[0.08689520995840425,0.011982001508448406,0.024113302759092504,0.013925540169226662,0.06212549677425733,0.010597022328402319,0.012826092614087408,0.014104113191284755,0.03450334079350215,0.041355955870866656]}
{"id": 14, "drone": 2, "position":(25.0,25.0,1.0), "time":109.99659085160718,"sensors":[2,3,23,10,9,26,31,29],"power":[0.008143163112700889,0.046942929743623796,0.09377263747356272,0.009907021117078262,0.33846939466886783,0.021439938843287345,0.009079775833080091,0.02244285523804047]}
{"id": 15, "drone": 2, "position":(41.666666666666664,41.666666666666664,1.0), "time":643.476200525557,"sensors":[20,1,34,30,25,6],"power":[0.09541408608523437,0.6860437152414617,0.12721151935721617,0.17565477241288735,0.06319971456752443,0.2782496644382306]}
{"id": 16, "drone": 2, "position":(16.666666666666668,25.0,1.0), "time":15.11148087793128,"sensors":[19,11,18,3,23,33,10,9,0,16,29],"power":[0.002046000866698803,0.004421357554982924,0.002249596168948553,0.0025210310957552843,0.0022642953558694454,0.0019377082800081644,9.9377264670263E-4,0.002614968557451558,0.0022328594034222676,0.0028434197622021684,0.031070476388250244]}
{"id": 17, "drone": 2, "position":(25.0,41.666666666666664,1.0), "time":524.0865456436071,"sensors":[2,20,27,35,10,39],"power":[0.5128877155066967,0.13277335108899677,0.15,0.036583284409546245,0.255829060179973,0.3271780329379783]}
