LP RESULTS :
 Obj = 0.1*lambda1+0.9*lambda2 = 125.61830807261776 (lambda1 = 1211.1830807261776, lambda2 = 5.0) Resol time = 20628 ms

{"id": 0, "drone": 0, "position":(41.666666666666664,33.333333333333336,1.0), "time":122.54931449227934,"sensors":[27,18,30,19,37,25,6,15],"power":[0.24389154286598225,0.07781004102491675,0.03538232770295841,0.00932979218766187,0.01519905228068869,0.03951943210801695,0.013234794866878584,0.034085430419464866]}
{"id": 1, "drone": 0, "position":(33.333333333333336,16.666666666666668,1.0), "time":105.94477708267385,"sensors":[34,19,17,32,14,10,4,16],"power":[0.1003831584259738,0.017337060834772045,0.114241409366693,0.012476578301663474,0.03443981701263055,0.011082317031074665,0.240349846247183,0.018932380450627093]}
{"id": 2, "drone": 0, "position":(25.0,33.333333333333336,1.0), "time":33.05390313041478,"sensors":[30,3,37,25,6,2],"power":[0.005425150374974749,0.005351889910183683,0.010649349180085619,0.0022906024037870083,0.008126849922680854,0.0505813625816349]}
{"id": 3, "drone": 0, "position":(8.333333333333334,8.333333333333334,1.0), "time":769.5130092728824,"sensors":[26,35,24,11,1,33,22,0,20,28,39],"power":[0.11608836234801402,0.3471812893984808,0.21540331951671265,0.20148123374949684,0.20333081488387217,0.8922368531337125,0.07312641105376096,0.09900821665046204,0.29565381385710954,1.2745482620631938,0.10600750825786669]}
{"id": 4, "drone": 0, "position":(41.666666666666664,41.666666666666664,1.0), "time":180.12207674315965,"sensors":[27,18,30,29,37,25,6,15,5],"power":[0.07255901367035432,0.014019992373593467,0.02088878434154373,0.04548981137487416,0.01626329000199382,0.07527320881324952,0.02046260831061766,0.44919144286480783,0.014383852755135344]}
{"id": 5, "drone": 2, "position":(33.333333333333336,8.333333333333334,1.0), "time":226.8511591261152,"sensors":[8,34,17,32,14,10,38,4,16],"power":[0.07752394887029711,0.07895455812709705,0.03069536149917819,0.03778755051235255,0.029052759764320736,0.35889027314907235,0.04272521047518645,0.061178218513027655,0.08677683545013719]}
{"id": 6, "drone": 2, "position":(8.333333333333334,33.333333333333336,1.0), "time":213.20744616325365,"sensors":[36,21,3,23,9,31],"power":[0.038343870791083465,0.022058007479894837,0.02706827915876268,0.11961619814684783,0.251832458315185,0.09849521556348846]}
{"id": 7, "drone": 2, "position":(41.666666666666664,25.0,1.0), "time":108.70946274441465,"sensors":[27,34,18,30,19,14],"power":[0.012913042470947838,0.00941336151995376,0.058169966601129004,0.01316105110480494,0.08873505577673789,0.022296383313783013]}
{"id": 8, "drone": 2, "position":(33.333333333333336,41.666666666666664,1.0), "time":624.7842479765161,"sensors":[27,30,12,29,37,25,6,15,2,5],"power":[0.11119742667484725,0.1282754360511272,0.16337356356767935,0.10451018862403072,0.22815405744224057,0.3324269078509972,0.4963477758634505,0.2119828778696669,0.06875317090582214,0.13561614724450533]}
{"id": 9, "drone": 2, "position":(25.0,8.333333333333334,1.0), "time":37.630764716053214,"sensors":[8,34,17,32,22,10,4,39],"power":[0.0024248847557036468,0.002936235787108856,0.004532371378308796,0.09849545856177676,0.0024591106291051916,0.006096949422860986,0.00667334912924357,0.0032729102776844097]}
{"id": 10, "drone": 1, "position":(41.666666666666664,8.333333333333334,1.0), "time":448.27339312915535,"sensors":[8,34,7,13,19,14,10,38,4,16],"power":[0.14636352599694605,0.11086098331398331,0.18729537840937566,0.1499999999996654,0.037554655090675314,0.09356219983334517,0.09945078549474848,0.12464144510064008,0.03405872360087799,0.9559728359984676]}
{"id": 11, "drone": 1, "position":(8.333333333333334,8.333333333333334,1.0), "time":396.31903271242993,"sensors":[26,35,24,11,1,33,22,0,20,28,39],"power":[0.05978849859654518,0.17880731206906308,0.11093826121870921,0.10376802822964505,0.10472061018377138,0.4595249753067385,0.03766198640610739,0.05099178334953796,0.15226933412900734,0.6564252043555338,0.05459659892262354]}
{"id": 12, "drone": 1, "position":(8.333333333333334,41.666666666666664,1.0), "time":77.74146489471762,"sensors":[36,21,23,9,31],"power":[0.45275304586579573,0.1100831855631339,0.005527951192878701,0.023335637374855073,0.030897478311133677]}
{"id": 13, "drone": 1, "position":(16.666666666666668,16.666666666666668,1.0), "time":7.7202740248117045,"sensors":[3,17,32,33,22,28,39],"power":[9.241585069396125E-4,5.308577560094217E-4,0.0012404126242278222,0.0017699495534865138,0.03675249191102399,9.458134512356044E-4,0.03537402493299045]}
{"id": 14, "drone": 1, "position":(16.666666666666668,33.333333333333336,1.0), "time":281.128915965063,"sensors":[36,21,3,23,2,9,31],"power":[0.027347493664023524,0.017858806956971257,0.11665567242411408,0.07642121676881146,0.03066546651254295,0.11959395938103339,0.02060730612537958]}
