LP RESULTS :
 Obj = 0.1*lambda1+0.9*lambda2 = 139.64439389785153 (lambda1 = 1351.4439389785152, lambda2 = 5.0) Resol time = 2000 ms

{"id": 0, "drone": 0, "position":(8.333333333333334,41.666666666666664,1.0), "time":246.62294525131512,"sensors":[9,30,14,3,27],"power":[0.052159437072708856,0.05252005672944961,0.0162029164351854,0.2510114443736726,0.04876916466004746]}
{"id": 1, "drone": 0, "position":(41.666666666666664,41.666666666666664,1.0), "time":676.6481438403442,"sensors":[36,6,34,1,19],"power":[0.24134643503149716,3.427114651902634,0.14999999999999997,0.17100341567567792,0.04673726439438185]}
{"id": 2, "drone": 0, "position":(25.0,33.333333333333336,1.0), "time":268.0947998825922,"sensors":[8,2,24,14,28,7,19],"power":[0.7268004065340755,0.01958739800709189,0.13514397067847775,0.1248530703910186,0.05880438134905575,0.021148214024779143,0.10903952661688708]}
{"id": 3, "drone": 0, "position":(25.0,25.0,1.0), "time":133.5189849573679,"sensors":[11,26,8,2,24,31,14,28,7,19],"power":[0.016531921897205565,0.0283644032276792,0.018693178550789044,0.03754783109138642,0.010447222176622764,0.01340221899574458,0.01512456590892576,0.3990652611833506,0.04650075734773125,0.009658126365042003]}
{"id": 4, "drone": 0, "position":(16.666666666666668,41.666666666666664,1.0), "time":26.559065046895793,"sensors":[8,24,30,14,3,27],"power":[0.004451002359949086,0.001909979404535575,0.01455023691462934,0.0071720790965117106,0.0176649641332923,0.009749738310831813]}
{"id": 5, "drone": 1, "position":(8.333333333333334,41.666666666666664,1.0), "time":462.61480469083625,"sensors":[9,30,14,3,27],"power":[0.09784056292729112,0.09851701252487743,0.030393396747601543,0.4708467421624552,0.09148109702912073]}
{"id": 6, "drone": 1, "position":(16.666666666666668,25.0,1.0), "time":104.04316156113998,"sensors":[21,26,8,2,17,31,14,28,37,4],"power":[0.008115547694053439,0.018152231373610245,0.009207689380152692,0.1603319342293923,0.007878011846602796,0.08228163861253528,0.013499953610722459,0.03777654038975951,0.04255217516908696,0.019112020945172937]}
{"id": 7, "drone": 1, "position":(16.666666666666668,8.333333333333334,1.0), "time":183.92271556588588,"sensors":[11,21,38,5,10,26,15,17,12],"power":[0.011686240114169657,0.15837383115234402,0.012397923254190197,0.011726512224138244,0.09768414932265983,0.025997431940648567,0.20776365886963657,0.03066550872483096,0.03004002344294233]}
{"id": 8, "drone": 1, "position":(8.333333333333334,8.333333333333334,1.0), "time":451.8600363760501,"sensors":[21,38,5,10,23,15,17,12],"power":[0.09241443647604135,0.2691497832148934,0.20405169135920098,0.05231585067734015,0.15,0.040943583084836005,0.1627746166504761,1.7474878938948948]}
{"id": 9, "drone": 1, "position":(8.333333333333334,25.0,1.0), "time":149.00322078460317,"sensors":[2,17,31,37,4],"power":[0.02022945518552212,0.01983606181166893,0.047686036421689885,0.10744782483091304,0.2601838289098594]}
{"id": 10, "drone": 2, "position":(41.666666666666664,25.0,1.0), "time":278.96725985842016,"sensors":[36,0,18,7,1,33],"power":[0.029185136568116898,0.04013833246787849,0.15,0.030418594340356625,0.027764851526089332,0.024158758458498925]}
{"id": 11, "drone": 2, "position":(41.666666666666664,8.333333333333334,1.0), "time":765.2740220490895,"sensors":[32,29,13,20,25,0,39,16,22,35,33],"power":[0.19199869928789923,0.08985477359788825,2.7172200354123874,0.45312220531552144,0.14114857836908795,0.13534862877957582,0.5387123329744993,3.583173746727752,0.15,0.09974112328682529,0.13624077671548734]}
{"id": 12, "drone": 2, "position":(33.333333333333336,25.0,1.0), "time":32.3689453258524,"sensors":[11,36,24,28,7,33,19],"power":[0.003533031826796353,0.002753823664719371,0.0024988277403638903,0.004282213526796582,0.03410417155358292,0.004465233831243213,0.002464901824675794]}
{"id": 13, "drone": 2, "position":(25.0,16.666666666666668,1.0), "time":74.81945463693965,"sensors":[11,29,21,26,2,15,31,28,7,33],"power":[0.07135656125742347,0.005359157997230095,0.010896668646385117,0.11236467310304973,0.01500366214614214,0.01201277449572775,0.0066301059700302626,0.01393567307776967,0.017828262733550062,0.010525221272262157]}
{"id": 14, "drone": 2, "position":(33.333333333333336,8.333333333333334,1.0), "time":200.01425710821385,"sensors":[32,11,29,13,20,25,15,39,16,35,33],"power":[0.013490153232083897,0.04689224490440501,0.2010067487499224,0.03644323732021115,0.015237746875754705,0.19372378683579647,0.014387361812718383,0.027931970204203925,0.032307821489406696,0.05025887671317476,0.06184354304639537]}
