LP RESULTS :
 Obj = 0.1*lambda1+0.9*lambda2 = 132.7614342370416 (lambda1 = 1282.6143423704161, lambda2 = 5.0) Resol time = 3431 ms

{"id": 0, "drone": 2, "position":(16.666666666666668,16.666666666666668,1.0), "time":16.245955175265728,"sensors":[16,9,4,31,0,32,5,25,28,2,27,11],"power":[0.009348766499892068,0.01190570356220407,0.0038917186184528984,0.012642247673264157,0.004827476883179426,0.0029857272248217754,0.019874612680697543,0.004163871587987068,0.0164783699286434,0.08604241553960276,0.001208950248894592,0.02285316073703751]}
{"id": 1, "drone": 2, "position":(41.666666666666664,41.666666666666664,1.0), "time":151.25452770112287,"sensors":[12,24,29,30],"power":[0.02756286482348897,0.0358318193862596,0.049215530034990684,0.17318282158149914]}
{"id": 2, "drone": 2, "position":(41.666666666666664,8.333333333333334,1.0), "time":219.75295562900646,"sensors":[13,34,10,33,18,6],"power":[0.05414338298861288,0.058407137271920526,0.04451779842415009,0.1712920864783344,0.1239263471702252,0.053662135081907515]}
{"id": 3, "drone": 2, "position":(8.333333333333334,25.0,1.0), "time":504.4938829730387,"sensors":[8,35,3,16,9,28,2,37],"power":[0.03631902451685502,0.15,0.16850316921765246,0.09853274512482108,0.034466636431900705,0.044231487051401376,0.06578596272856717,0.1503927256984781]}
{"id": 4, "drone": 2, "position":(16.666666666666668,8.333333333333334,1.0), "time":390.86702089198235,"sensors":[16,9,4,31,0,22,32,5,25,28,15,2,27,11],"power":[0.06092381158346399,0.18208737684430976,0.07059285376546177,0.11108506410051729,0.037412365981089296,0.046126840603829655,0.2745352440094039,0.24812687833786848,0.036226384926686554,0.12980531574132526,0.07496616607946366,0.0669021569684094,0.1487910497511054,0.07055918679383488]}
{"id": 5, "drone": 1, "position":(25.0,25.0,1.0), "time":57.234873005095764,"sensors":[36,14,1,4,31,0,25,2,11],"power":[0.08417774677213287,0.00850834232956436,0.019212742011791357,0.006149976272728747,0.005835687458348527,0.01609560344921863,0.014745181487667878,0.005692979755039396,0.009391419390597]}
{"id": 6, "drone": 1, "position":(25.0,33.333333333333336,1.0), "time":130.57855181514756,"sensors":[36,14,1,24,38,7],"power":[0.06411595172747664,0.15374315943910707,0.07000525646968118,0.01614763712468149,0.013509212671508768,0.012396362409051745]}
{"id": 7, "drone": 1, "position":(8.333333333333334,41.666666666666664,1.0), "time":557.6802600858273,"sensors":[8,26,23,38,21,20,37,39],"power":[0.621888883517775,0.8387758677376961,0.061430548313790134,0.06224687759522976,0.13801623244380345,0.21575562174801224,0.044029743804316984,4.08710424019282]}
{"id": 8, "drone": 1, "position":(41.666666666666664,8.333333333333334,1.0), "time":520.6911928055481,"sensors":[13,34,10,33,18,6],"power":[0.12828943569916307,0.1383921407902075,0.1054822015758499,0.4058661262200666,0.29363590284098856,0.1271491482074188]}
{"id": 9, "drone": 1, "position":(25.0,16.666666666666668,1.0), "time":16.42946465879728,"sensors":[36,16,13,9,4,31,0,5,25,28,15,34,2,11],"power":[0.0017063015003904803,0.0010873022890147703,0.0016134579509690804,0.0017095214912827195,0.02744322854901415,0.009872435649126115,0.05402805952740884,0.003615133875954155,0.10434229275915002,0.0016725205752167523,0.0014843777286340047,0.0017388030249939788,0.002906237231879179,0.009988414072247003]}
{"id": 10, "drone": 0, "position":(8.333333333333334,41.666666666666664,1.0), "time":8.028169406624016,"sensors":[8,26,23,38,21,20,37,39],"power":[0.008952494227083814,0.012074723174440392,8.84332625524541E-4,8.960842155162262E-4,0.0019868332702906275,0.0031059422500591296,6.338367474884452E-4,0.058836519007772516]}
{"id": 11, "drone": 0, "position":(33.333333333333336,41.666666666666664,1.0), "time":753.7985643708179,"sensors":[12,1,17,24,29,7,30],"power":[0.13628538375649424,0.06078200151852744,0.15,0.9462809402194251,0.1007844699650093,0.28395450837989805,0.13916370440547357]}
{"id": 12, "drone": 0, "position":(41.666666666666664,25.0,1.0), "time":147.8206832655076,"sensors":[34,6,19],"power":[0.00973212550768926,0.022150612904656263,0.15]}
{"id": 13, "drone": 0, "position":(25.0,8.333333333333334,1.0), "time":240.2587230853836,"sensors":[13,9,4,31,0,22,32,5,25,28,15,34,2,18,11],"power":[0.04429425173090994,0.020964817025520454,0.1138007669146476,0.06265943780431223,0.03763649415910379,0.10387315939617034,0.01709585221976451,0.044941910876829194,0.044114522743311006,0.0181228150145131,0.29101982893047834,0.022166599168715957,0.016238803939900542,0.019418525011185492,0.037207819006283595]}
{"id": 14, "drone": 0, "position":(16.666666666666668,41.666666666666664,1.0), "time":132.708202242083,"sensors":[8,26,14,23,38,21,7,39],"power":[0.023784266609440746,0.03074871949225976,0.026180701961897635,0.08768511906068532,0.21412369649543583,0.009996934285905928,0.012785603758316472,0.023712285010073997]}
