LP RESULTS :
 Obj = 0.1*lambda1+0.9*lambda2 = 150.96645232298306 (lambda1 = 1464.6645232298306, lambda2 = 5.0) Resol time = 2432 ms

{"id": 0, "drone": 0, "position":(41.666666666666664,25.0,1.0), "time":428.8217069134444,"sensors":[7,11,38,20,13,21,6,14],"power":[0.14515224472439728,0.6301702090205921,0.034022759917404076,0.0839521111688467,0.19370940302448972,0.11506149431470072,0.07065370115982929,0.07189308002601431]}
{"id": 1, "drone": 0, "position":(41.666666666666664,41.666666666666664,1.0), "time":524.86997051763,"sensors":[11,38,9,12,23,13,21,19,39,14],"power":[0.03396033676826146,0.039014103041854084,0.15000000000000002,0.26341268813247526,0.058181494636572934,0.049214337569303324,0.09029301512199694,0.4206404322703099,0.5704491619561903,0.1219215982172689]}
{"id": 2, "drone": 0, "position":(16.666666666666668,8.333333333333334,1.0), "time":282.3016236817883,"sensors":[28,17,30,4,37,27,8,10,25,5],"power":[0.02298159880309956,0.018225220536265067,0.04401825671136316,0.039310253277992445,0.02333670388429278,0.07059161558454542,0.06194549680424669,0.2829828910793979,0.038298000505274966,0.0659203411242348]}
{"id": 3, "drone": 0, "position":(41.666666666666664,16.666666666666668,1.0), "time":68.39493884180376,"sensors":[7,11,0,6,2,26],"power":[0.00484775527559529,0.007131813142484206,0.01564617479219906,0.02019115963078707,0.017118243105902552,0.01191905874823356]}
{"id": 4, "drone": 0, "position":(16.666666666666668,41.666666666666664,1.0), "time":160.27628327516774,"sensors":[16,18,36,33,3,29,22],"power":[0.059489099154881014,0.016197778250510355,0.011033859056594611,0.8617801011686285,0.7745566263204133,0.1266250954879329,0.10356620455133621]}
{"id": 5, "drone": 1, "position":(33.333333333333336,33.333333333333336,1.0), "time":51.347458082556315,"sensors":[11,38,20,23,13,21,14],"power":[0.008117587393804726,0.30091631005466646,0.05387412549163615,0.007444712351276926,0.015940137670876136,0.010090196710708802,0.021359697424623937]}
{"id": 6, "drone": 1, "position":(8.333333333333334,25.0,1.0), "time":611.4931538211571,"sensors":[31,17,36,37,35,1,5],"power":[1.0558003955351674,0.266629260404326,0.178509829671033,0.042944911427442084,0.07866074363646268,0.11387473292436802,0.05490196529134446]}
{"id": 7, "drone": 1, "position":(25.0,8.333333333333334,1.0), "time":385.5083946576944,"sensors":[28,32,4,37,27,8,2,10,25],"power":[0.09745867347422568,0.025831965473583372,0.7113308290204715,0.029458481268588382,1.2254684743215019,0.08805450319575331,0.0469341325883468,0.03668579636575595,0.6009410919854801]}
{"id": 8, "drone": 1, "position":(25.0,41.666666666666664,1.0), "time":375.1923440257774,"sensors":[38,16,18,23,33,3,29,22],"power":[0.04124815881290951,0.0897384878538696,0.1338022217494896,0.15690553425383438,0.08683606277200143,0.0590108173557332,0.02993322131466894,0.046433795448663766]}
{"id": 9, "drone": 1, "position":(25.0,16.666666666666668,1.0), "time":41.12317264266744,"sensors":[28,32,4,37,27,2,10,25],"power":[0.1662153174953805,0.025528883332049047,0.004938012542172641,0.017578702458242598,0.005670759911747662,0.005338795923672535,0.0030453630553116057,0.004463332875729442]}
{"id": 10, "drone": 2, "position":(8.333333333333334,8.333333333333334,1.0), "time":552.748326838577,"sensors":[15,17,30,35,10,5],"power":[0.15000000000000507,0.06357154003918776,0.10637200022660978,0.08035839859912765,0.2342079936078369,0.2998933688311388]}
{"id": 11, "drone": 2, "position":(25.0,25.0,1.0), "time":83.28399950031691,"sensors":[28,38,32,20,16,36,37],"power":[0.014665543258658075,0.010084974884734622,0.09504937504815053,0.012173763339520352,0.006744446645580412,0.008638237968548441,0.027302587336105282]}
{"id": 12, "drone": 2, "position":(8.333333333333334,33.333333333333336,1.0), "time":181.48450606711867,"sensors":[31,16,36,33,3,29,1],"power":[0.08803416850191165,0.019321002874626975,0.04849656838588131,0.019588075781479225,0.0233201952811145,0.04246146844185691,0.03612526707563199]}
{"id": 13, "drone": 2, "position":(16.666666666666668,16.666666666666668,1.0), "time":18.121418888330243,"sensors":[28,31,32,17,36,37,27,10,5],"power":[0.002723284144365102,0.001173287651943284,0.0035897761462339566,0.003993944201963596,0.0015267713435207562,0.009378613625330452,0.0013912637502668866,0.005729642395666795,0.0049714094883802394]}
{"id": 14, "drone": 2, "position":(41.666666666666664,8.333333333333334,1.0), "time":629.0262719354882,"sensors":[34,0,6,2,26,24],"power":[0.1760937617205017,0.20778477855269534,0.05915513920938365,0.1427724511751688,0.1712383178837374,0.15000000000000005]}
