LP RESULTS :
 Obj = 0.1*lambda1+0.9*lambda2 = 142.89865953792372 (lambda1 = 1392.986595379237, lambda2 = 4.0) Resol time = 4504 ms

{"id": 0, "drone": 2, "position":(8.333333333333334,16.666666666666668,1.0), "time":599.3324190073366,"sensors":[5,22,31,13,38,21,4,34,10,18],"power":[0.1395481075398656,0.2725181199814461,0.1415451104515765,1.165339671177141,0.07575330162173938,0.3949751507178017,0.1943986378794721,0.058116039614969126,0.18917501184939936,0.5119919629309725]}
{"id": 1, "drone": 2, "position":(33.333333333333336,16.666666666666668,1.0), "time":59.11873604330653,"sensors":[2,1,9,16,20,0,26,12,29,35,33],"power":[0.00524669880840177,0.003945413549065831,0.08398554496307337,0.004298094673661415,0.003771101247752194,0.004914585458741021,0.3090230738728368,0.008873588828838444,0.007667913301014935,0.11125509815899887,0.006162221314632648]}
{"id": 2, "drone": 2, "position":(41.666666666666664,41.666666666666664,1.0), "time":704.9565332939144,"sensors":[24,7,6,11,32,28,3],"power":[0.10490936896906085,0.3109212113198787,0.4619301936923414,0.06988742637098469,0.1127341192835122,0.3371122648059222,0.1277402257390486]}
{"id": 3, "drone": 2, "position":(25.0,8.333333333333334,1.0), "time":29.578907034679666,"sensors":[5,9,16,26,12,10,33],"power":[0.0028505765562109545,0.006205606138460854,0.16223389537807115,0.002555792529401227,0.0021903495807948773,0.002722956221861981,0.2957890703467967]}
{"id": 4, "drone": 0, "position":(41.666666666666664,8.333333333333334,1.0), "time":738.3518913443844,"sensors":[1,9,30,20,39,26,12,35,19],"power":[0.2067196230699384,0.05980884889846578,0.22742001037705092,0.22223418477587675,0.1536793640471271,0.05060225076734967,0.7553893002841706,0.04723365172766868,0.15000000000000008]}
{"id": 5, "drone": 0, "position":(41.666666666666664,41.666666666666664,1.0), "time":302.9942439648098,"sensors":[24,7,6,11,32,28,3],"power":[0.04509063103093915,0.13363566816851113,0.1985401697723898,0.030038005062496834,0.04845375229270371,0.14489272881672707,0.05490346041741023]}
{"id": 6, "drone": 0, "position":(41.666666666666664,25.0,1.0), "time":229.15058760760178,"sensors":[2,1,20,32,0,28,26,29,35],"power":[0.14475330119159824,0.02037119642952645,0.01845241907552865,0.052072383220155324,0.8948212946903893,0.022599901265708246,0.024161472601922033,1.247184620508863,0.03790546311973861]}
{"id": 7, "drone": 0, "position":(8.333333333333334,8.333333333333334,1.0), "time":122.48987246244123,"sensors":[5,22,31,13,38,21,4,34,10,18],"power":[0.055278675530682296,0.07824026938215456,0.008454889548420523,0.027893592371055254,0.07424669837826063,0.008988471853739095,0.06859729635118586,0.1356916082777764,0.027691486973099325,0.02202657952959296]}
{"id": 8, "drone": 1, "position":(8.333333333333334,41.666666666666664,1.0), "time":1071.5136010162203,"sensors":[17,25,27,36,14],"power":[0.17666045666725538,0.19517604176707753,0.4793590751494145,0.15000000000000002,0.12146889859069467]}
{"id": 9, "drone": 1, "position":(16.666666666666668,33.333333333333336,1.0), "time":130.76187369731437,"sensors":[17,8,25,15,37,27,14,23],"power":[0.2717470170820003,0.13308198176614566,0.09697432731989628,0.037348972614843205,0.02698025931020926,0.043346894011522516,0.3860774514170082,0.11356056924048029]}
{"id": 10, "drone": 1, "position":(25.0,33.333333333333336,1.0), "time":82.40139778442713,"sensors":[17,8,25,11,15,37,14,23],"power":[0.014594646895356785,0.016918018233854328,0.013469380318261703,0.021999017410357518,0.041693867798453584,0.11248577993358401,0.0197665896590659,0.06565130915449459]}
{"id": 11, "drone": 1, "position":(25.0,41.666666666666664,1.0), "time":108.30972288127515,"sensors":[17,25,11,15,37,14,23],"power":[0.014239325475966857,0.019711042614606548,0.037702608045093025,0.0709571595867032,0.010533960756206738,0.016895810280208767,0.022643068683371254]}
