LP RESULTS :
 Obj = 0.1*lambda1+0.9*lambda2 = 129.37014321406667 (lambda1 = 1239.7014321406666, lambda2 = 6.0) Resol time = 8367 ms

{"id": 0, "drone": 0, "position":(8.333333333333334,16.666666666666668,1.0), "time":541.1594829952301,"sensors":[36,15,28,0,1,25],"power":[0.12953944848324622,0.1598382543939166,0.07343697288410192,0.0869133940143228,0.06579329018980962,0.1417060887483993]}
{"id": 1, "drone": 0, "position":(41.666666666666664,8.333333333333334,1.0), "time":334.3077079266309,"sensors":[24,38,6,11,5,10,35],"power":[0.07598297435216662,0.14953101029342833,0.11592513655966365,0.04310396340762226,0.09147126975401,0.14999999999955135,0.03758551702225127]}
{"id": 2, "drone": 0, "position":(33.333333333333336,33.333333333333336,1.0), "time":8.451300491593258,"sensors":[2,9,16,12,39,32,23,30,4,19,22],"power":[9.39300446404771E-4,0.0017057555845900602,6.820484375345444E-4,0.0018015968200913418,0.04996037141796522,0.0032767917177727282,0.0014338269399603322,0.001341120618714373,6.344744046242113E-4,9.06528298390041E-4,7.827417841815514E-4]}
{"id": 3, "drone": 0, "position":(41.666666666666664,16.666666666666668,1.0), "time":317.6290447634233,"sensors":[24,38,6,11,16,5,3,34,19,35],"power":[0.07056421850456848,0.028428569896395146,0.022688666451539326,0.08799010405710386,0.06539825431695663,0.2541870455659276,0.07376903931581498,0.033447483715845924,0.06689051344779154,0.3281966002681236]}
{"id": 4, "drone": 0, "position":(25.0,25.0,1.0), "time":28.38748673110772,"sensors":[9,16,39,34,23,4,18,19,13,22,21],"power":[0.014344747253836344,0.004183565128098017,0.0024857457924539047,0.004052337202432572,0.010876765439817233,0.12500055298141713,0.0049448505393421055,0.0036668332497325736,0.0032533248917901818,0.0069372444007665575,0.0029321618542467454]}
{"id": 5, "drone": 0, "position":(33.333333333333336,16.666666666666668,1.0), "time":9.76640923267783,"sensors":[24,6,16,5,3,34,4,18,19,7,35],"power":[0.0074285049618551015,8.779239046953902E-4,0.009061648672015133,0.005976330217384327,6.97552159440548E-4,0.01618494032458082,6.563302579534508E-4,0.001180844115196293,0.004038069509071904,0.0012875844706240524,0.00432084472607371]}
{"id": 6, "drone": 2, "position":(41.666666666666664,25.0,1.0), "time":185.2028281542436,"sensors":[11,16,12,39,5,32,3,30,19,35],"power":[0.018905932535273874,0.037178915704184454,0.02345485273744602,0.024386599679362023,0.021046178866743297,0.06369211595628724,0.646195251731232,0.03351102641771397,0.0537839482366732,0.05626993584474453]}
{"id": 7, "drone": 2, "position":(41.666666666666664,33.333333333333336,1.0), "time":55.21155938408158,"sensors":[2,12,39,32,3,30,19],"power":[0.005842761412554554,0.14886529578070576,0.014913679876897052,0.05737056731116364,0.010361508818759906,0.2536666593530701,0.004063578662717461]}
{"id": 8, "drone": 2, "position":(16.666666666666668,41.666666666666664,1.0), "time":488.99427871090774,"sensors":[27,17,23,13,22,26,37,21,29],"power":[0.3625875497775633,0.11490344103030892,0.035022795652583004,0.06162638583684995,0.05909335917725041,0.4413806080119519,0.41876902360807844,0.1372202361848338,0.1709394261595424]}
{"id": 9, "drone": 2, "position":(16.666666666666668,33.333333333333336,1.0), "time":13.81504780867499,"sensors":[9,27,23,4,0,1,13,22,26,37,21,29],"power":[0.0025797494318514436,0.003852601801857387,0.003245108932922609,0.0018057088039632894,0.0024638820162078,0.0017634187194520946,0.03373390834621333,0.007957442028995594,0.001128979763830923,0.005474902015753791,0.02133869314150622,0.0022021878028780804]}
{"id": 10, "drone": 2, "position":(33.333333333333336,25.0,1.0), "time":40.93217297604353,"sensors":[24,9,16,39,5,32,3,34,23,30,4,19,35],"power":[0.0032022997571372275,0.0064663939759714,0.033495567741211194,0.010471882905841418,0.00441143069753824,0.009839098932810028,0.0057098280099023525,0.007534366928083012,0.00486777943314224,0.0027062814076419524,0.006210386236072643,0.055999371496387854,0.009696038680606402]}
{"id": 11, "drone": 2, "position":(8.333333333333334,41.666666666666664,1.0), "time":455.54554510671113,"sensors":[27,17,8,13,26,37,21,29],"power":[0.03654377523539293,0.035096558969691084,0.15,0.03365395743178044,0.06610728714134496,0.04514297274503207,0.032474749414615735,1.2912180947416467]}
{"id": 12, "drone": 1, "position":(25.0,33.333333333333336,1.0), "time":70.63070737031343,"sensors":[9,39,27,23,4,13,22,37,21],"power":[0.12490335375375074,0.012224998849360048,0.01855763437049557,0.17729219235220517,0.015692547315969276,0.01159020325843028,0.08239021860093194,0.018761881055086593,0.028801571533308437]}
{"id": 13, "drone": 1, "position":(25.0,8.333333333333334,1.0), "time":536.7276144450535,"sensors":[24,6,33,34,18,7,20,14],"power":[0.07167580679229935,0.053659246811647195,0.13732720340100626,0.08878087182905764,0.12420530822399374,1.3428972405156705,0.20504259858289708,0.036392539035771956]}
{"id": 14, "drone": 1, "position":(33.333333333333336,41.666666666666664,1.0), "time":185.0253078956576,"sensors":[2,12,39,27,32,30],"power":[0.1432179381410407,0.02640022378236013,0.035556721478120314,0.01324485632287311,0.01582142608196638,0.015577042581468968]}
{"id": 15, "drone": 1, "position":(8.333333333333334,25.0,1.0), "time":37.04956595343879,"sensors":[36,0,1,13,25],"power":[0.0027582106941621545,0.06093193543076084,0.08332813436069579,0.006142220234935809,0.008293911251600668]}
{"id": 16, "drone": 1, "position":(16.666666666666668,8.333333333333334,1.0), "time":162.49341654255795,"sensors":[33,15,31,28,18,7,20,14],"power":[0.012672796598993721,0.07754326632657081,0.028544933333694122,0.024144046032491602,0.02594744802495129,0.03528222674292397,0.024195039951709744,0.04820455019634815]}
{"id": 17, "drone": 1, "position":(8.333333333333334,8.333333333333334,1.0), "time":247.7748199336454,"sensors":[36,15,31,28,14],"power":[0.03647977714721731,0.2366154627108156,0.12145506666630577,0.6060855587193782,0.06540291076787996]}
