LP RESULTS :
 Obj = 0.1*lambda1+0.9*lambda2 = 161.8465880248863 (lambda1 = 1573.465880248863, lambda2 = 5.0) Resol time = 97346 ms

{"id": 0, "drone": 2, "position":(33.333333333333336,16.666666666666668,1.0), "time":82.80158212103282,"sensors":[35,1,5,11,21,34],"power":[0.15274213038379902,0.09123062995399024,0.045566429021710625,0.017392261932385515,0.0054676432615729945,0.014320548759367018]}
{"id": 1, "drone": 2, "position":(8.333333333333334,41.666666666666664,5.0), "time":225.69064755578444,"sensors":[24,38,29,25],"power":[0.03341788720698455,0.03463192400751955,0.038503291949568995,0.01635689938663323]}
{"id": 2, "drone": 2, "position":(16.666666666666668,25.0,1.0), "time":85.13255228956189,"sensors":[22,36,26,14,13,6,7,34,37],"power":[0.006927008833106447,0.008017145017763837,0.012826962171840688,0.009410845460951368,0.005447911574804511,0.005702865596003565,0.07427253958655355,0.009412721220173831,0.02409764352448881]}
{"id": 3, "drone": 2, "position":(16.666666666666668,41.666666666666664,1.0), "time":431.39738534921736,"sensors":[24,38,29,26,33,8,20,25,37],"power":[0.34161660922805936,0.06617053231045142,0.8450025686385603,0.046471364488651176,0.24976287001917416,0.08014858152342895,0.13113284649071308,0.3011490381717088,0.07304800413300129]}
{"id": 4, "drone": 2, "position":(8.333333333333334,25.0,1.0), "time":748.4437129332746,"sensors":[22,36,0,14,13,6,7,37],"power":[0.31851575368766294,0.2831321005581403,0.1418228149066632,0.24175526232647324,0.42687657873865187,0.07011166908360984,0.06577672424154275,0.08417431019233873]}
{"id": 5, "drone": 1, "position":(25.0,8.333333333333334,1.0), "time":203.11839847887592,"sensors":[28,23,18,35,1,32,9,11,34],"power":[0.01287139870913195,0.21592707789985435,0.03182196009922134,0.031275857021727194,0.014457109132678447,0.014014936374685828,0.09929404814125656,0.018581063903353207,0.04681097018371715]}
{"id": 6, "drone": 1, "position":(25.0,16.666666666666668,1.0), "time":11.97703793763204,"sensors":[23,35,1,9,7,34],"power":[0.0010915344798581859,0.002392604754286311,0.003650344261699261,9.245667480339441E-4,0.0012523822538107307,0.08812604428209503]}
{"id": 7, "drone": 1, "position":(41.666666666666664,8.333333333333334,1.0), "time":913.5358839951014,"sensors":[28,31,35,10,32,5,11,12,39,21],"power":[0.13712860129086152,0.1624796437622444,0.1344935817776284,0.2344929184709766,0.19420499963307747,0.15131453289464503,0.6087934457912224,0.2582247309966828,0.1881784820337767,3.5538867670587733]}
{"id": 8, "drone": 1, "position":(41.666666666666664,25.0,1.0), "time":420.3367361840969,"sensors":[1,3,5,27,15],"power":[0.04066191665162896,0.07524035425100158,0.09066057793082258,0.0328399527340831,0.15000000000000002]}
{"id": 9, "drone": 1, "position":(25.0,33.333333333333336,1.0), "time":24.497823653079994,"sensors":[3,27,19,29,26,7,33,25,37],"power":[0.0023717848669594197,0.00604732122063242,0.0023228189148023037,0.003059556927047519,0.09070167333950815,0.00595298404155438,0.007183546680146831,0.006932341650579207,0.005404389772789271]}
{"id": 10, "drone": 0, "position":(33.333333333333336,41.666666666666664,1.0), "time":538.2643309686958,"sensors":[3,27,19,30,16,33,8,20],"power":[0.0876376786192121,0.12667744941272258,1.0586073353144185,0.1481516514948939,0.08021466558291734,0.039588797810238906,0.06985141847656537,0.03761405504845933]}
{"id": 11, "drone": 0, "position":(8.333333333333334,41.666666666666664,1.0), "time":241.31641059502434,"sensors":[24,38,29,33,25,37],"power":[0.04644023178704504,0.04919754368202905,0.055951963263043664,0.017793394372456365,0.022037350863539945,0.017580296540282488]}
{"id": 12, "drone": 0, "position":(8.333333333333334,8.333333333333334,1.0), "time":733.9593234814863,"sensors":[22,18,4,9,36,2,14,6,17],"power":[0.062355809776068825,0.175417755724249,0.7509036071320468,0.04978138511070724,0.08476511813904511,0.6449058599880323,0.10252312361605705,0.3444182893658459,0.15000000000000002]}
{"id": 13, "drone": 0, "position":(8.333333333333334,33.333333333333336,1.0), "time":42.67799542870466,"sensors":[0,29,13,7,25,37],"power":[0.008177185093336783,0.007434422414452034,0.006043601353482566,0.002745369876538583,0.0035563214361269135,0.008592785190251358]}
{"id": 14, "drone": 0, "position":(41.666666666666664,41.666666666666664,1.0), "time":17.247819774947416,"sensors":[3,27,19,30,16],"power":[0.0024360772330566977,0.001570278376694734,0.005214682092854763,0.0018483485051060628,0.0697853344170773]}
