LP RESULTS :
 Obj = 0.1*lambda1+0.9*lambda2 = 193.72261930069467 (lambda1 = 1892.2261930069467, lambda2 = 5.0) Resol time = 13069 ms

{"id": 0, "drone": 1, "position":(41.666666666666664,41.666666666666664,1.0), "time":1470.8560649009967,"sensors":[3,10,28,22,19],"power":[0.6044367995144179,0.15421048368898504,0.15,1.3748899513870103,1.1494679834362092]}
{"id": 1, "drone": 1, "position":(33.333333333333336,33.333333333333336,1.0), "time":41.837337029093675,"sensors":[1,38,10,22,37,13,5,11,21],"power":[0.01652449084158758,0.0030673833051434347,0.003229983979090814,0.0032285853482875207,0.02814831830937414,0.03635529664129537,0.0032935909699530015,0.004461161439813968,0.006768176109519164]}
{"id": 2, "drone": 1, "position":(8.333333333333334,8.333333333333334,1.0), "time":253.21402206429013,"sensors":[4,2,33,20,6,34,0],"power":[0.10811345021581868,0.06698605068017274,0.054868498323008524,0.24815484854574207,0.060253669452088696,0.045399297620013164,0.029587635576791258]}
{"id": 3, "drone": 1, "position":(25.0,25.0,1.0), "time":85.27682332237036,"sensors":[1,23,30,38,25,32,12,15,37,13,5,21],"power":[0.019131176439700682,0.008844692111285662,0.009605401200742818,0.4483224517303091,0.02397742399236128,0.011898580468927661,0.019248965922749203,0.05937616393569036,0.02404412473065298,0.010782652719325929,0.03618800543309507,0.1807155099226621]}
{"id": 4, "drone": 1, "position":(33.333333333333336,16.666666666666668,1.0), "time":41.04194569019615,"sensors":[1,38,9,14,32,29,17,15,37,13,16,5,21],"power":[0.005092322824251408,0.004729447026155707,0.004369973049350372,0.007087667012459112,0.08124931241528133,0.0028927723387628516,0.005841501265570874,0.00331603347552425,0.002798546817471788,0.0030012144023513127,0.002843868252549342,0.015562889403557857,0.005574596821350601]}
{"id": 5, "drone": 0, "position":(41.666666666666664,25.0,1.0), "time":614.8596538749094,"sensors":[1,35,37,13,16,5],"power":[0.11006840006795712,0.15000000000000002,0.055915769373505494,0.13910219975590427,0.16459997796086173,0.046733117013977525]}
{"id": 6, "drone": 0, "position":(33.333333333333336,25.0,1.0), "time":64.83465655302786,"sensors":[1,38,32,15,37,13,5,21],"power":[0.16299055107575913,0.013206890171867165,0.01206218065663733,0.006001404705140984,0.0339520994547414,0.0474165274072436,0.034110467932032956,0.028852280173623686]}
{"id": 7, "drone": 0, "position":(16.666666666666668,25.0,1.0), "time":216.0194317604372,"sensors":[23,30,38,25,31,12,15,5,21],"power":[0.14115530788871433,0.3786440279079117,0.04684464230648277,0.6067953634756698,0.025396820844843893,1.5782939202547281,0.0813063978836444,0.014111929247383588,0.02556847013192484]}
{"id": 8, "drone": 0, "position":(25.0,8.333333333333334,1.0), "time":89.56347606893264,"sensors":[4,26,9,14,32,29,17,20,18],"power":[0.008565099966034249,0.13052244076210096,0.02483759538314547,0.010375920887746932,0.014058767612497275,0.46535935149036156,0.40680799893913133,0.006368127519633926,0.14542493800559342]}
{"id": 9, "drone": 0, "position":(8.333333333333334,41.666666666666664,1.0), "time":906.9489747496394,"sensors":[39,31,27,8],"power":[0.1489702583492219,0.1602840480275507,0.2185607360011842,0.20082496106101141]}
{"id": 10, "drone": 2, "position":(25.0,41.666666666666664,1.0), "time":79.87193128400725,"sensors":[10,31,37,11,8],"power":[0.021904758111288336,0.00923752739692885,0.005141141314254206,0.145538838560186,0.015200107783278375]}
{"id": 11, "drone": 2, "position":(8.333333333333334,8.333333333333334,1.0), "time":1030.5013735463322,"sensors":[4,2,33,20,6,34,0],"power":[0.43998771489024124,0.27261214316494664,0.22329751893411764,1.0099121296436018,0.2452134705076454,0.18476085239696557,0.12041236442320871]}
{"id": 12, "drone": 2, "position":(41.666666666666664,8.333333333333334,1.0), "time":627.6968284033592,"sensors":[9,14,24,7,36,16],"power":[0.08508181627961618,0.2682561303783619,0.11726580857724017,0.15000000000000002,0.70931459972299,0.061348795251215255]}
{"id": 13, "drone": 2, "position":(33.333333333333336,8.333333333333334,1.0), "time":147.88686789039053,"sensors":[26,9,14,24,32,29,17,36,18],"power":[0.019477559237899022,0.21052703907802894,0.3051664883486635,0.032734191422759816,0.030731158846656385,0.02493594452322628,0.04434237922039027,0.026693693400432088,0.015334047369510962]}
{"id": 14, "drone": 2, "position":(8.333333333333334,41.666666666666664,1.0), "time":6.269191882857967,"sensors":[39,31,27,8],"power":[0.001029741650778097,0.0011079470629792856,0.0015107786989100754,0.0013881819714350592]}
