LP RESULTS :
 Obj = 0.1*lambda1+0.9*lambda2 = 144.30436577110035 (lambda1 = 1389.0436577110033, lambda2 = 6.0) Resol time = 287754 ms

{"id": 0, "drone": 2, "position":(25.0,8.333333333333334,1.0), "time":354.87476458077725,"sensors":[35,26,14,29,17,15],"power":[1.3055384230056335,0.1281356807545921,0.3610801301329238,0.05794225080006213,0.02647543804090694,0.03991426905275891]}
{"id": 1, "drone": 2, "position":(16.666666666666668,16.666666666666668,1.0), "time":9.529494236204384,"sensors":[35,33,37,8,34,29,3,7,20,36,28,17,15],"power":[0.0014820966604191215,0.0018330634955303507,7.646400546002735E-4,0.0024199627752631084,0.002612252734841233,0.0035523163728041706,0.001058899783727028,0.0012482669218432758,0.0017456817741696865,9.663403903895796E-4,0.003317927120370221,0.036020727549529986,0.02397264690641266]}
{"id": 2, "drone": 2, "position":(8.333333333333334,25.0,1.0), "time":72.84915538693322,"sensors":[33,2,34,3,7,22,20,36,28,17,15],"power":[0.012248078659307573,0.009621343073543169,0.009297669059293507,0.01742219084023474,0.015901485703074883,0.008849547886007784,0.13272237912293877,0.016158421914062367,0.018711067046300184,0.00830105774125951,0.0052806522349000615]}
{"id": 3, "drone": 2, "position":(8.333333333333334,8.333333333333334,1.0), "time":784.7310740092793,"sensors":[13,37,29,28,17,15],"power":[0.12873839783119495,1.3239738837755697,0.1965758348879559,0.1252447420837752,0.0498869924776111,0.1273028713920411]}
{"id": 4, "drone": 2, "position":(16.666666666666668,25.0,1.0), "time":32.297097317572806,"sensors":[33,2,8,34,3,7,22,20,36,23,28,17,24,27,15],"power":[0.1921639989571947,0.004099329202839645,0.010854895258067043,0.07626049136695594,0.057595978524936364,0.08947405551161688,0.0030173947059984178,0.008579405431755434,0.048062523029419574,0.002239875986189,0.005322799826801931,0.010451513777379321,0.002613153766438535,0.003882091289371355,0.004173109290229801]}
{"id": 5, "drone": 2, "position":(8.333333333333334,8.333333333333334,2.0), "time":134.7620721802366,"sensors":[13,37,29,28,15],"power":[0.02126160216880503,0.17545431942257186,0.03207264616421775,0.020742955795396097,0.021957387289540217]}
{"id": 6, "drone": 0, "position":(25.0,33.333333333333336,1.0), "time":74.86355977165334,"sensors":[33,2,8,9,34,38,3,7,36,23,24,27,25],"power":[0.00918070155843514,0.005665681277375952,0.007048862739883587,0.005547493736349332,0.007535021283342132,0.013304984845077715,0.009212461361016137,0.009797465105635917,0.010059193902409034,0.3238756951737678,0.04304324692546454,0.12645087354166706,0.009295410092437548]}
{"id": 7, "drone": 0, "position":(33.333333333333336,8.333333333333334,1.0), "time":31.891034298380873,"sensors":[35,26,31,14,4],"power":[0.004947513184627014,0.0037647943574916206,0.0021860755371707484,0.007890865576702367,0.01062897049019724]}
{"id": 8, "drone": 0, "position":(25.0,25.0,1.0), "time":134.76207218023643,"sensors":[33,31,8,34,38,3,7,36,23,17,24,27],"power":[0.03728821562188691,0.024769138178195805,0.11499339190732959,0.046411210840628575,0.03804829200308555,0.021851967479718282,0.024992854835480208,0.02235073353021277,0.021126232371522547,0.01886427041331314,0.0620997013741925,0.020822847104700243]}
{"id": 9, "drone": 0, "position":(41.666666666666664,41.666666666666664,1.0), "time":883.3759603194749,"sensors":[0,9,11,16,19,10,39,12,21],"power":[0.19460823914112169,0.20055413656058055,0.27198175165838406,1.0638530940907218,0.06854607685398814,0.25906385601998083,0.15,0.07201612786179616,0.22254209400904487]}
{"id": 10, "drone": 0, "position":(33.333333333333336,41.666666666666664,1.0), "time":167.4975620360224,"sensors":[0,9,11,16,10,23,12,21,24,27],"power":[0.04681930466888519,1.048377089932711,0.017905896141883648,0.04269322179120769,0.013913802349544811,0.023057308287146,0.07798387213820382,0.01755072286503056,0.010951662131324293,0.010851277048673202]}
{"id": 11, "drone": 0, "position":(16.666666666666668,33.333333333333336,1.0), "time":96.65346910523526,"sensors":[33,30,2,8,34,3,7,22,20,36,23,24,27,25],"power":[0.02262169169652524,0.01884610310570368,0.07073994271360799,0.007061360285840343,0.014430232279520996,0.04285850201036744,0.03632671406355731,0.037298250816530765,0.006952533671136121,0.05240278723350667,0.018149979465131475,0.008183164407144297,0.045455095834843647,0.020423014065476135]}
{"id": 12, "drone": 1, "position":(33.333333333333336,25.0,1.0), "time":74.18744111283384,"sensors":[31,5,8,38,19,1,23,24],"power":[0.0984439047889002,0.008658458503642295,0.0076215270336163436,0.16882084224834745,0.01486690344841406,0.012259562809058953,0.0056661368142035574,0.02310907139543583]}
{"id": 13, "drone": 1, "position":(33.333333333333336,8.333333333333334,1.0), "time":153.3184854668973,"sensors":[35,26,31,14,4],"power":[0.023785532359890612,0.01809952488791627,0.010509718416133957,0.0379359147754046,0.051099554890012534]}
{"id": 14, "drone": 1, "position":(16.666666666666668,41.666666666666664,1.0), "time":8.11215523331412,"sensors":[30,32,6,2,22,23,27,25],"power":[0.002093218164931209,0.0016226198033786993,9.407751970960243E-4,0.0018241286304993215,0.0017926837814319068,9.198168142702576E-4,0.0014997925416948847,0.03701646886919205]}
{"id": 15, "drone": 1, "position":(41.666666666666664,25.0,1.0), "time":76.51485069380908,"sensors":[31,5,11,38,19,1,10],"power":[0.014091163079599307,0.1413415414963577,0.01150290335235546,0.011159018666014747,0.06938895854850625,0.38983664030081977,0.011012138725008544]}
{"id": 16, "drone": 1, "position":(41.666666666666664,8.333333333333334,1.0), "time":531.0287588452205,"sensors":[4,18],"power":[0.4214937182641893,0.1499999999999999]}
{"id": 17, "drone": 1, "position":(8.333333333333334,41.666666666666664,1.0), "time":545.8819663589285,"sensors":[30,32,6,2,22,25],"power":[0.8311200125850842,0.14837738019662128,1.089922657492402,0.1287266541640183,0.17079374999228575,0.08326510697289426]}
