LP RESULTS :
 Obj = 0.1*lambda1+0.9*lambda2 = 158.00117237952452 (lambda1 = 1544.0117237952452, lambda2 = 4.0) Resol time = 7262 ms

{"id": 0, "drone": 1, "position":(25.0,8.333333333333334,3.0), "time":671.7440618737905,"sensors":[12,7,0,17,25,13,19],"power":[0.14454547928642558,0.10571519439471139,0.19798950118423905,0.11548558737515768,0.06969325598026677,0.062130530899418286,0.3695979110697257]}
{"id": 1, "drone": 1, "position":(8.333333333333334,8.333333333333334,1.0), "time":732.1300290558373,"sensors":[10,39,32,16,0,13,33],"power":[0.15,0.21517298774632987,0.057968031337590285,0.13443447733102298,0.08558898760143534,0.18665573865530533,0.20629437293836805]}
{"id": 2, "drone": 1, "position":(41.666666666666664,41.666666666666664,1.0), "time":140.13763286561732,"sensors":[23,1,34,24,8,37,27,6,36],"power":[0.012876537769942723,0.02513940309805595,0.028021509186184488,0.11753926654494297,0.013365669100057325,0.015110573911497182,0.15,0.500846754485243,0.011089235849735505]}
{"id": 3, "drone": 2, "position":(8.333333333333334,41.666666666666664,1.0), "time":236.45287079239642,"sensors":[2,28,29,21,15,35,14,11],"power":[0.032542047698864825,0.15,0.13723674830514107,0.01755166272014758,0.021733301944706036,0.02299052453030967,0.020589419872568224,0.022817791715621125]}
{"id": 4, "drone": 2, "position":(25.0,41.666666666666664,1.0), "time":519.1521020041303,"sensors":[23,2,1,22,18,34,29,8,21,15,3,5,11],"power":[0.29959982644487254,0.17976691908103587,0.09836606785757511,0.057695238850899284,0.12447994658849144,0.03344903613189915,0.04999181476565423,0.15996456004194856,0.11073038869856532,0.16861195225807193,2.5575836171776194,0.1253016054069263,0.15894950511616193]}
{"id": 5, "drone": 2, "position":(41.666666666666664,25.0,1.0), "time":788.4067509987185,"sensors":[34,31,24,26,37,36],"power":[0.09282681319544726,7.884067509987185,0.06597730816626855,0.15,0.12152435654896174,0.15916240159299025]}
{"id": 6, "drone": 0, "position":(25.0,41.666666666666664,2.0), "time":207.55098090724613,"sensors":[23,2,1,22,18,29,8,21,15,3,5,11],"power":[0.10410101520451506,0.0675361036614776,0.03731467888485217,0.022115330902692253,0.0476180455301981,0.019620070700575355,0.060502889788127866,0.04266570202189849,0.06362740614647559,0.5933573827746168,0.047470145102515654,0.0603202584816283]}
{"id": 7, "drone": 0, "position":(41.666666666666664,8.333333333333334,1.0), "time":189.62545201569236,"sensors":[12,17,20],"power":[0.02999768395536224,0.015164004731463928,0.15]}
{"id": 8, "drone": 0, "position":(25.0,25.0,2.0), "time":334.95359613289884,"sensors":[22,30,7,38,37,17,25,36,5,4,19],"power":[0.14163792503963019,0.3482610321377373,0.04428480560528862,0.519525388099727,0.025034198039396834,0.03195190684045945,0.13569811272792398,0.030557203309922638,0.06199537721341306,0.03236159052283495,0.02592698864356944]}
{"id": 9, "drone": 0, "position":(8.333333333333334,25.0,1.0), "time":811.8816947394079,"sensors":[39,32,16,35,9,14,33,4],"power":[0.13070026066748774,0.3876092689931983,0.09493747827805625,0.36255889611376646,0.15,0.19058651219558348,0.11613389798437096,0.48912618795683055]}
