LP RESULTS :
 Obj = 0.1*lambda1+0.9*lambda2 = 149.05504978981125 (lambda1 = 1445.5504978981123, lambda2 = 5.0) Resol time = 2137 ms

{"id": 0, "drone": 1, "position":(41.666666666666664,8.333333333333334,1.0), "time":445.33458023647427,"sensors":[20,18,17,6,14,32,10,5,23,22],"power":[0.0338251504113374,0.14889941173192336,0.1604730782556946,0.3953917993349758,0.15,0.16975107575108445,0.08873061387549347,0.052892188209023146,0.04720947370068925,0.042115317696277535]}
{"id": 1, "drone": 1, "position":(8.333333333333334,41.666666666666664,1.0), "time":292.3794669259932,"sensors":[24,37,9],"power":[0.020355323389857252,0.06386460097936573,0.08389530707964325]}
{"id": 2, "drone": 1, "position":(8.333333333333334,8.333333333333334,1.0), "time":333.5779127742378,"sensors":[33,1,27,7,8,15],"power":[0.026389394516477233,0.06190630841205152,0.1067570214782571,0.09712553482849526,0.04275441888560082,0.033177671322389045]}
{"id": 3, "drone": 1, "position":(41.666666666666664,25.0,1.0), "time":338.9603214375163,"sensors":[26,30,29,20,18,25,13,39,2,10,5,11,23,22,16,21],"power":[0.08278977785104685,0.05200660175170959,0.026974637715797507,0.03835617688565669,0.032334035675953984,0.03360595933123062,0.41976343972135255,0.07742490950184959,0.02670890262966987,0.07538081536307241,0.13416878210464758,0.05669684073742711,0.05751503781220392,0.11479355449365096,1.0439607230042138,0.08025036623834422]}
{"id": 4, "drone": 1, "position":(25.0,25.0,1.0), "time":35.29821652389077,"sensors":[26,30,29,12,20,25,15,2,31,24,11,23,28],"power":[0.004158801081692076,0.007276217344925812,0.031656995808760705,0.0054454255908756724,0.004117104897498612,0.010000308741243141,0.003235048474911091,0.006682010316167841,0.004417987497228011,0.0023285053955145584,0.00661026446915061,0.002765201917841714,0.06449561851126384]}
{"id": 5, "drone": 0, "position":(8.333333333333334,41.666666666666664,1.0), "time":394.3377342519941,"sensors":[24,37,9],"power":[0.027453610850021428,0.08613539902063427,0.11315119237335418]}
{"id": 6, "drone": 0, "position":(16.666666666666668,8.333333333333334,1.0), "time":348.12755945664213,"sensors":[1,27,7,8,15,31],"power":[0.036107594985165525,0.19643334098803295,0.052874465171504736,0.10724558111439925,0.10554018707686405,0.07474029357294684]}
{"id": 7, "drone": 0, "position":(25.0,16.666666666666668,1.0), "time":49.166693341389475,"sensors":[30,29,20,27,25,15,31,11,23,28,22],"power":[0.00944251415189258,0.008261604913217443,0.010775867106943268,0.004320436970084662,0.013828309610495635,0.013700187978067744,0.07084171892982515,0.008848454077786878,0.006384707239188267,0.013314729182451922,0.003154915023017168]}
{"id": 8, "drone": 0, "position":(8.333333333333334,25.0,1.0), "time":649.9985788013913,"sensors":[33,12,1,0,3,36],"power":[0.35892608738672993,0.10286703563634529,0.15866048886199446,0.15,1.1508530672727288,0.6791242640892724]}
{"id": 9, "drone": 0, "position":(16.666666666666668,41.666666666666664,1.0), "time":3.9199320466952976,"sensors":[12,19,24,4],"power":[4.175925548884784E-4,0.0010570146421200238,0.0017427012984202693,6.576699702063363E-4]}
{"id": 10, "drone": 2, "position":(41.666666666666664,16.666666666666668,1.0), "time":284.6126781667928,"sensors":[30,20,18,25,6,13,39,10,5,11,23,22,16],"power":[0.04102717653828211,0.05837523022703129,0.20692814443431698,0.027808820926506845,0.03410367100751803,0.10653076957309782,0.0725750904981504,1.2684313899513353,0.6025179902027715,0.0447625528449811,0.0994296657827624,0.19353348914823684,0.09198422863309474]}
{"id": 11, "drone": 2, "position":(33.333333333333336,25.0,1.0), "time":98.7983311823872,"sensors":[26,30,29,20,35,18,25,13,2,10,5,11,23,28,22,16],"power":[0.06622400625831797,0.10016008319605593,0.08813013391694428,0.027012223745201795,0.007127500283468937,0.008495257547055093,0.06475660139052375,0.03253313149087629,0.028498881041783653,0.0071043464939812406,0.01685986496731987,0.09705606462360979,0.025820519037189616,0.03822296493847167,0.028622793593340263,0.025966999950034493]}
{"id": 12, "drone": 2, "position":(41.666666666666664,41.666666666666664,1.0), "time":799.6387129668151,"sensors":[35,34,38,21],"power":[0.07836785677807753,0.16002181244586147,0.14999999999999997,0.06976905411725204]}
{"id": 13, "drone": 2, "position":(25.0,41.666666666666664,1.0), "time":23.884017494319163,"sensors":[35,19,2,24,4],"power":[0.007073681973898169,0.06994257870326341,0.0023755046505399184,0.009862795730008499,0.06218799573073622]}
{"id": 14, "drone": 2, "position":(25.0,33.333333333333336,1.0), "time":238.61675808779796,"sensors":[26,29,12,35,19,2,24,4,28],"power":[0.029261986327292586,0.04372553172293145,0.04529752070859242,0.06684078001113068,0.07900040665461655,0.08573470136183871,0.088257063336178,0.08782746521333229,0.033966687367812554]}
