LP RESULTS :
 Obj = 0.1*lambda1+0.9*lambda2 = 127.64645934176724 (lambda1 = 1240.4645934176724, lambda2 = 4.0) Resol time = 70515 ms

{"id": 0, "drone": 2, "position":(33.333333333333336,8.333333333333334,1.0), "time":515.7657650575192,"sensors":[7,35,8,33,13,0,12,9],"power":[0.14391233774446702,0.12354045208102614,0.04250709323425822,0.8123268042055106,0.044653970902006505,0.03837844727308721,0.03477364538717855,0.08326188121820993]}
{"id": 1, "drone": 2, "position":(41.666666666666664,41.666666666666664,1.0), "time":656.9369927294523,"sensors":[32,21,34,18,20,5,39,19,15,24,29],"power":[0.20177178595595557,0.17499431834910095,0.07887135039035494,1.2295275881842418,0.09377195809784716,0.15823420649564224,2.84148971954846,0.15462325744615643,0.26116523058680946,0.14196697084600357,0.18626729201267136]}
{"id": 2, "drone": 2, "position":(25.0,41.666666666666664,1.0), "time":14.953846989966507,"sensors":[2,32,14,21,22,20,4,19,27,29,36],"power":[0.0013142905389956988,0.0011885388128776615,0.0040947402475626235,0.002135347224608894,0.0011233629880093878,0.0030787504901789247,0.008057467769027812,0.0029954183219670573,0.001317342628738852,0.0024034114800693643,0.038180832651511426]}
{"id": 3, "drone": 2, "position":(41.666666666666664,16.666666666666668,1.0), "time":52.80798864073418,"sensors":[7,8,33,30,6,12],"power":[0.006087662255532969,0.09481398845241638,0.007061940398130766,0.12101058726189988,0.013561152248367877,0.01904983468770391]}
{"id": 4, "drone": 0, "position":(8.333333333333334,41.666666666666664,1.0), "time":561.1457581074628,"sensors":[2,38,4,25,11,27,23],"power":[0.41776623326473883,0.15,0.057412764108801376,0.5751274874502499,0.8846879400258446,0.2704292246130694,0.9337112470126284]}
{"id": 5, "drone": 0, "position":(16.666666666666668,41.666666666666664,1.0), "time":37.384507360489664,"sensors":[2,14,4,25,11,27,36,23],"power":[0.040061867073643155,0.0025421511522839644,0.05301717555446508,0.0036862633409316396,0.003893177189349219,0.030667522514006586,0.0063219438735750005,0.004126194264503222]}
{"id": 6, "drone": 0, "position":(25.0,8.333333333333334,1.0), "time":500.18396253480523,"sensors":[35,33,3,31,13,0,10,9],"power":[0.08595433628505161,0.051835748229802435,0.10068911860728312,0.16722823394608752,0.11883206687405103,0.11162155272691278,0.07011092071674173,1.3908363967581758]}
{"id": 7, "drone": 0, "position":(8.333333333333334,25.0,1.0), "time":141.7503654149147,"sensors":[17,1],"power":[0.321934559153612,0.15]}
{"id": 8, "drone": 1, "position":(25.0,33.333333333333336,1.0), "time":241.03491168538565,"sensors":[14,34,22,4,19,29,36],"power":[0.3083440252953038,0.032041282476878936,0.13076825089003455,0.03143982144568383,0.021499793462186747,0.020548499160468067,0.08920732550865729]}
{"id": 9, "drone": 1, "position":(33.333333333333336,25.0,1.0), "time":213.581545087451,"sensors":[14,8,34,30,22,13,6,12],"power":[0.02296294646069152,0.04285863937147467,0.048534976012452026,0.028989412738115783,0.018108386121956043,0.016278850616282405,0.18975557538018734,0.09617651992511747]}
{"id": 10, "drone": 1, "position":(33.333333333333336,41.666666666666664,1.0), "time":68.06224757171333,"sensors":[32,14,21,34,18,20,4,5,39,19,24,29,36],"power":[0.03129397330743504,0.014782346376982558,0.11406506842636013,0.012515307420879423,0.00797817415363011,0.059309690188828756,0.004438609468864317,0.005253667982382221,0.01007497298051555,0.6806224757171333,0.008033029153996429,0.3355400530331864,0.01628989796625634]}
{"id": 11, "drone": 1, "position":(8.333333333333334,8.333333333333334,1.0), "time":717.7858890731222,"sensors":[3,31,37,26,16,28,10],"power":[0.14184376809193439,0.06419836471027893,1.3171783809444526,0.15000000000000002,3.215910408950209,1.2361537296788554,0.2114148226615549]}
