LP RESULTS :
 Obj = 0.1*lambda1+0.9*lambda2 = 154.1332912622424 (lambda1 = 1496.3329126224241, lambda2 = 5.0) Resol time = 6738 ms

{"id": 0, "drone": 2, "position":(33.333333333333336,41.666666666666664,1.0), "time":305.73426587032316,"sensors":[30,16,23,7,36,14,33,22,4,8],"power":[0.02553957255088885,0.046849048712975794,0.14771561733273772,0.06290144850313108,0.13877685053502165,0.07932668021363684,0.08485626004595974,0.0193253900482521,0.02896868290798056,0.13505806542698356]}
{"id": 1, "drone": 2, "position":(8.333333333333334,8.333333333333334,1.0), "time":954.461773087359,"sensors":[39,18,21,15,19,3,11],"power":[0.15,0.08375101141298512,0.3693450685654613,1.6246102622518814,4.709129164150222,1.4603611457012509,0.1011588534252923]}
{"id": 2, "drone": 2, "position":(41.666666666666664,25.0,5.0), "time":130.27857903808695,"sensors":[30,31,9,4,24],"power":[0.026693190781205016,0.012990652896037324,0.02364259095401016,0.01058125610341665,0.008907861041946987]}
{"id": 3, "drone": 2, "position":(25.0,41.666666666666664,1.0), "time":87.57888130848796,"sensors":[0,16,27,7,36,33,22,4,13,29,8],"power":[0.007886611304385612,0.3979165050921719,0.026530857361183362,0.08262987296951317,0.005611186169317214,0.06962307969572729,0.04757890035367,0.005850984161373122,0.007011643271386759,0.009760857963468912,0.014941934573016428]}
{"id": 4, "drone": 2, "position":(33.333333333333336,33.333333333333336,1.0), "time":18.279413318166974,"sensors":[30,16,23,31,36,14,4],"power":[0.0119765878862059,0.0012264988972174207,0.003688940582046896,0.0012156349087396345,0.004769589429118936,0.0019719090077263413,0.019322808140918597]}
{"id": 5, "drone": 0, "position":(41.666666666666664,25.0,1.0), "time":170.43033541580002,"sensors":[30,38,31,9,4,24],"power":[0.04890503803945282,0.012821247324177588,0.022501923094905178,0.04330001889173991,0.017468002674687042,0.015112818363885056]}
{"id": 6, "drone": 0, "position":(41.666666666666664,8.333333333333334,1.0), "time":673.2067084664927,"sensors":[38,17,12,25,2],"power":[0.07359190771617842,0.08313064130840987,0.06463861194795079,0.15,0.2828540470575821]}
{"id": 7, "drone": 0, "position":(25.0,8.333333333333334,1.0), "time":541.871139535065,"sensors":[38,17,18,12,5,32,2,26],"power":[0.0670006336055436,0.08147002986688329,0.16257729976293855,0.20972076911884896,3.385315758221094,0.14706631783044505,0.06448982744972906,1.5022685932568747]}
{"id": 8, "drone": 0, "position":(33.333333333333336,8.333333333333334,1.0), "time":18.562827612106048,"sensors":[38,17,12,31,5,32,2,26],"power":[0.00511639989803789,0.006796383706800958,0.01659134565913763,0.0018015160703143654,0.005173515707001843,0.002933682169554912,0.03621893554865116,0.0024878341245622194]}
{"id": 9, "drone": 0, "position":(33.333333333333336,16.666666666666668,1.0), "time":92.26190159296023,"sensors":[30,38,17,12,31,5,4,2,26],"power":[0.006346345334613555,0.5866705560246855,0.269084936646109,0.032745719263898514,0.11149027303000357,0.01137604003115721,0.0058680807622158776,0.014569401044120711,0.0065435951462327595]}
{"id": 10, "drone": 1, "position":(8.333333333333334,41.666666666666664,1.0), "time":432.1420053040975,"sensors":[34,27,10,6,1,22,13,29,37],"power":[1.6398527241951468,0.06579276089248107,0.08250332070469397,0.14675783344546597,0.18388864676526157,0.04088697058947805,0.3081295412397089,0.1869677834153476,0.24641886128976823]}
{"id": 11, "drone": 1, "position":(16.666666666666668,33.333333333333336,1.0), "time":28.490648283826562,"sensors":[34,0,16,28,27,10,1,22,13,29],"power":[0.003560077119918504,0.08998949781373332,0.003081182121467585,0.0024924156403140284,0.0062176199558431925,0.037085054960826785,0.010134812007391695,0.007116637569474336,0.007216496439139793,0.004302888101931072]}
{"id": 12, "drone": 1, "position":(16.666666666666668,41.666666666666664,1.0), "time":29.387669676935534,"sensors":[34,0,16,27,10,7,6,1,33,22,13,29,37],"power":[0.005589039930650223,0.004395616902440522,0.008770695056696193,0.14020599812624,0.006440483030963241,0.004468678527355738,0.0032421665545339998,0.008741366689884175,0.0033914846407134655,0.035092101439125556,0.020887204444757314,0.04990455584063478,0.0031547153043032013]}
{"id": 13, "drone": 1, "position":(41.666666666666664,33.333333333333336,1.0), "time":506.39658270557896,"sensors":[30,23,36,9,14,4,24],"power":[0.18043123245874995,0.130645787532784,0.16360917006325384,0.08305739015424989,0.103279459866516,0.06194018524941071,0.1264234277351158]}
{"id": 14, "drone": 1, "position":(8.333333333333334,25.0,1.0), "time":499.91600665198814,"sensors":[0,35,28,10,1,20,11],"power":[0.04772827397944055,0.15000000000000002,0.5456568816008015,0.06814192200494795,0.042377999534300784,0.7792760793095052,0.23386458833652662]}
