LP RESULTS :
 Obj = 0.1*lambda1+0.9*lambda2 = 134.4548599898559 (lambda1 = 1299.548599898559, lambda2 = 5.0) Resol time = 106788 ms

{"id": 0, "drone": 0, "position":(25.0,41.666666666666664,1.0), "time":383.2493140007057,"sensors":[21,25,37,38],"power":[0.09107012717459745,0.08365031060167248,0.937004825994993,0.24386230355482041]}
{"id": 1, "drone": 0, "position":(16.666666666666668,25.0,1.0), "time":41.174151474133254,"sensors":[15,4,10,26,36,27,31,39,6,18],"power":[0.002920921699911708,0.0050869239496012545,0.003734884435694997,0.0164378143305788,0.1113229809110191,0.005078195657460905,0.003621936827803722,0.0033117381596984223,0.013493858391421263,0.002633008316083128]}
{"id": 2, "drone": 0, "position":(41.666666666666664,41.666666666666664,1.0), "time":408.5049494299705,"sensors":[24,0,21,7,28,13],"power":[1.4043456854858776,0.06333761432807751,0.08110554643406215,0.15000000000000002,0.09979265923297106,0.03166281233226793]}
{"id": 3, "drone": 0, "position":(33.333333333333336,25.0,1.0), "time":5.8654259388541865,"sensors":[12,5,14,35,16,4,10,26,22,27,31,32],"power":[8.030730864551119E-4,0.0030830735033316077,5.109004685791758E-4,0.017981971827620732,0.0010856988597747602,0.0010826966250055221,3.7471840228969636E-4,3.9401379253187267E-4,0.0014138707709618328,0.0011172498051285923,0.0015967560910466131,3.728922688464908E-4]}
{"id": 4, "drone": 0, "position":(41.666666666666664,25.0,1.0), "time":460.7547590548546,"sensors":[12,5,0,14,35,16,22,28,13,32],"power":[0.029749563025920987,0.6232444063107798,0.0965717553047901,0.2281556458440683,0.12068933795955446,0.12850795480438737,4.607547590548546,0.07112035630998997,0.09744178224280695,0.14835542842902336]}
{"id": 5, "drone": 1, "position":(8.333333333333334,16.666666666666668,1.0), "time":192.72306532262633,"sensors":[15,33,26,36,8,6,18],"power":[0.2571436150326716,0.16237155389134336,0.014138235587580823,0.02496096362888805,0.042599168276999035,0.020574635731597655,0.121531769178547]}
{"id": 6, "drone": 1, "position":(25.0,8.333333333333334,1.0), "time":536.1898701316857,"sensors":[12,29,4,23,17,10,26,27,11,31,6],"power":[0.07140368431335714,0.14058632483934685,0.056213647699007364,0.08309950163485771,0.05008205410790541,0.15363746495846295,0.03695980461332177,0.05624900956645964,3.823968191160079,0.04758812601159025,0.0492411351538907]}
{"id": 7, "drone": 1, "position":(16.666666666666668,16.666666666666668,1.0), "time":73.92444864929894,"sensors":[15,4,33,10,26,36,27,11,31,6,18],"power":[0.007824362057106597,0.011534460332171636,0.007291421000450029,0.01909810938207866,0.0331580119082733,0.013716055460082786,0.01083384774058609,0.00912860593863491,0.007279470850648159,0.08292717477123687,0.005843111678473654]}
{"id": 8, "drone": 1, "position":(8.333333333333334,8.333333333333334,1.0), "time":204.96799080687202,"sensors":[15,33,8,18],"power":[0.026095723077109882,0.08050808516570761,0.1074008317229843,0.01999211082686921]}
{"id": 9, "drone": 1, "position":(16.666666666666668,41.666666666666664,1.0), "time":291.7432249880757,"sensors":[2,25,37,20,30,3,39,38],"power":[0.04748128187374601,0.06634968939832751,0.041414635769597766,0.0469409510978096,0.02080017678322421,0.027518836590130016,0.04748927348303727,0.041546300087831285]}
{"id": 10, "drone": 2, "position":(41.666666666666664,33.333333333333336,1.0), "time":71.44758645255504,"sensors":[24,5,0,14,35,21,22,28,13],"power":[0.011530879364699856,0.010420355730045117,0.07367603769376688,0.004779161744146801,0.011328690212824788,0.007115947754524648,0.016582958867863054,0.11323532869845775,0.020895405424925094]}
{"id": 11, "drone": 2, "position":(8.333333333333334,41.666666666666664,1.0), "time":951.78092910802,"sensors":[1,2,9,20,30,3,39,19],"power":[0.15,4.884486777794781,0.229555900126665,2.91554325449497,0.33894118571703286,0.33028635626878744,0.32038457884312815,0.1723246049381728]}
{"id": 12, "drone": 2, "position":(33.333333333333336,8.333333333333334,1.0), "time":70.39200005417656,"sensors":[12,29,34,16,23,17,10,11,31],"power":[0.024310907611119738,0.009413675160653145,0.008583377820189822,0.007525944597878639,0.261847603486116,0.05460101919621178,0.007348926145578855,0.01262154954480429,0.0049620404443459845]}
{"id": 13, "drone": 2, "position":(25.0,16.666666666666668,1.0), "time":116.97659243550763,"sensors":[12,4,23,17,10,26,27,11,31,6],"power":[0.024565815989874836,0.18279537814218588,0.010621423276232856,0.008807508173406427,0.5368987877228257,0.04891211976770772,0.16951171167030427,0.028583780909454834,0.08536787276002751,0.0455912130767184]}
{"id": 14, "drone": 2, "position":(41.666666666666664,8.333333333333334,1.0), "time":88.95149184826334,"sensors":[12,34,14,16,23,17,32],"power":[0.011922404415653802,0.14141662217981016,0.007189578131541882,0.012880401737958957,0.025592960419544883,0.036509418522476335,0.007855312695902708]}
