LP RESULTS :
 Obj = 0.1*lambda1+0.9*lambda2 = 144.71917485303516 (lambda1 = 1393.1917485303513, lambda2 = 6.0) Resol time = 447441 ms

{"id": 0, "drone": 0, "position":(8.333333333333334,25.0,1.0), "time":93.41211530537377,"sensors":[35,39,3,34,30],"power":[0.02715336255174853,0.006885877734571137,0.15747051916407986,0.0434383322737205,0.011377401409891607]}
{"id": 1, "drone": 0, "position":(8.333333333333334,41.666666666666664,1.0), "time":457.8023141244364,"sensors":[20,10,5,15,22,33],"power":[0.06245442133172926,0.05627656533116096,0.15,0.029941712541584165,0.044948510827407424,0.14105554457369066]}
{"id": 2, "drone": 0, "position":(41.666666666666664,33.333333333333336,1.0), "time":141.53691918539434,"sensors":[26,0,25,12,36,6,8,4],"power":[0.017884733402566022,0.050467858263708636,0.009967822687244676,0.012663382125197685,0.02442572142789832,0.04131715378780414,0.026674090545021165,0.04160001934003344]}
{"id": 3, "drone": 0, "position":(41.666666666666664,25.0,1.0), "time":43.72266504323341,"sensors":[1,0,13,36,9,4],"power":[0.007704275129635704,0.03204882902594509,0.003399991164070304,0.00627751479042479,0.008202640884837025,0.005056262453031638]}
{"id": 4, "drone": 0, "position":(41.666666666666664,8.333333333333334,1.0), "time":254.26185118760847,"sensors":[32,17,1,9,31,38,19,7],"power":[0.07845146753438521,0.06192183999369552,0.0171095364832779,0.05718574988484858,0.541779354348909,0.041811702945778254,0.08250561957964764,0.15015845237622658]}
{"id": 5, "drone": 0, "position":(33.333333333333336,8.333333333333334,1.0), "time":402.45588368431044,"sensors":[32,17,37,1,9,23,18,31,38,19,28,7],"power":[0.3800034815632115,0.13827961345997736,0.041478127050894084,0.045288189677476186,0.05904266980274208,0.03018373690577524,0.12943491336401178,0.06975436566429498,0.10854219944044056,0.06749438042035234,0.1424134382455802,0.08818156786378853]}
{"id": 6, "drone": 2, "position":(33.333333333333336,25.0,1.0), "time":167.62475039879348,"sensors":[1,0,13,36,9,27,14],"power":[0.07097365960552683,0.0673369478460087,0.12564667616592204,0.09814856481416223,0.02058226796315651,0.03435681875914998,0.03202950549163473]}
{"id": 7, "drone": 2, "position":(25.0,33.333333333333336,1.0), "time":0.00213864607898336,"sensors":[20,13,35,36,39,10,2,27,15,33,14],"power":[3.5668824959676055E-7,2.9896664472399875E-7,2.0812676123114314E-7,4.4331460975173275E-7,7.844968849336932E-7,3.041078147612501E-7,4.527605659743073E-6,2.3967391229717515E-6,2.0453901774984916E-7,1.9248656733905388E-7,2.2187676395886595E-7]}
{"id": 8, "drone": 2, "position":(8.333333333333334,8.333333333333334,1.0), "time":156.52711980337313,"sensors":[24,11,16,23,29,30],"power":[0.03321738106670978,0.07319630332393234,0.05598604520308335,0.013388707098974174,0.358753239154616,0.011601702612273312]}
{"id": 9, "drone": 2, "position":(16.666666666666668,41.666666666666664,1.0), "time":122.34621549096626,"sensors":[20,35,39,10,2,15,22,33],"power":[0.3187928954489428,0.00877316985130765,0.02032000623451123,0.2909078459982512,0.01668975311941396,0.05722179172653594,0.0785995903150845,0.08107010919590375]}
{"id": 10, "drone": 2, "position":(25.0,25.0,1.0), "time":71.60991885552892,"sensors":[1,13,35,36,39,2,27,14],"power":[0.008542056176368832,0.06682894686203632,0.007404391577270311,0.01227955928117749,0.012222079887688185,0.01573561234871045,0.04549432781645185,0.10171617784829072]}
{"id": 11, "drone": 2, "position":(16.666666666666668,25.0,1.0), "time":63.677078144391714,"sensors":[13,35,39,2,3,27,33,14],"power":[0.005568680056025251,0.04791473051556788,0.01620991068704639,0.01030456587441361,0.006671109059759761,0.008194688495791974,0.004531802234336293,0.011608720157929305]}
{"id": 12, "drone": 2, "position":(41.666666666666664,41.666666666666664,1.0), "time":811.404527191219,"sensors":[26,25,12,21,6,8,4],"power":[1.8846991836080011,0.43516364192802465,0.2764204409940885,0.14999967307185755,1.1702874665769791,1.2381909683427543,0.10334349296713607]}
{"id": 13, "drone": 1, "position":(25.0,33.333333333333336,1.0), "time":44.77626251046339,"sensors":[20,13,35,36,39,10,2,27,15,33,14],"power":[0.007467886741659653,0.006259384896634115,0.004357494485842279,0.009281559738207467,0.016424802029483043,0.006367024202389804,0.0947932720410131,0.05017988773079079,0.004282378857540194,0.004030039918062817,0.004645374625387749]}
{"id": 14, "drone": 1, "position":(16.666666666666668,8.333333333333334,1.0), "time":650.1871718590958,"sensors":[24,37,16,23,29,18,28],"power":[0.11678262435793757,0.10852187294910592,0.8366535678173722,0.6300429226334159,0.0888267270106496,0.07472937192647128,0.08673354078281212]}
{"id": 15, "drone": 1, "position":(16.666666666666668,33.333333333333336,1.0), "time":28.98469726129629,"sensors":[20,35,39,10,2,27,15,22,33],"power":[0.007656401697293671,0.015913275240112462,0.06902439482782208,0.005734326400439193,0.012749153550292637,0.00425027446950769,0.0025306236055839125,0.0022120190139416156,0.014676584371621842]}
{"id": 16, "drone": 1, "position":(8.333333333333334,16.666666666666668,1.0), "time":586.4074828033408,"sensors":[11,35,16,29,3,34,30],"power":[0.08974660044589493,0.03848336765139398,0.13129264998233453,0.1823879634889445,0.11506952794981448,0.15701970995945763,0.12702089597783506]}
{"id": 17, "drone": 1, "position":(41.666666666666664,16.666666666666668,1.0), "time":1.578240674009976,"sensors":[32,1,0,9,31,7],"power":[3.873161861046134E-4,3.8228292771445805E-4,1.4636486432766254E-4,0.0049866714644156,6.73933228521634E-4,1.0558019444597863E-4]}
{"id": 18, "drone": 1, "position":(25.0,41.666666666666664,1.0), "time":81.25612494512484,"sensors":[20,39,10,2,27,15,22,33],"power":[0.0279499301763365,0.008912144101994441,0.03363076120776169,0.014775210293304756,0.007521605989185459,0.05602328872973802,0.024239879843566445,0.007748716648022753]}
{"id": 19, "drone": 1, "position":(41.666666666666664,41.666666666666664,1.0), "time":0.0017684770200933864,"sensors":[26,25,12,21,6,8,4],"power":[4.1077503074049725E-6,9.484503412790261E-7,6.024654551464225E-7,3.269281424487122E-7,2.5506716097690168E-6,2.6986690369861615E-6,2.2523979884757595E-7]}
