LP RESULTS :
 Obj = 0.1*lambda1+0.9*lambda2 = 156.63622196699225 (lambda1 = 1521.3622196699225, lambda2 = 5.0) Resol time = 5864 ms

{"id": 0, "drone": 1, "position":(25.0,41.666666666666664,1.0), "time":50.79681103300475,"sensors":[23,6,34,5,27,19,9,28,33],"power":[0.017863480252362535,0.01910370700535039,0.06778864247376425,0.012858772687322132,0.013166445813895608,0.0065387806879357155,0.005579050203337746,0.003298308584418091,0.0034998791303881656]}
{"id": 1, "drone": 1, "position":(25.0,8.333333333333334,2.0), "time":5.694246082441623E-4,"sensors":[8,2,11,10,12,1,36,0,14],"power":[6.272467797869487E-8,7.983861326235237E-8,5.047533240444646E-7,5.858125777949312E-7,1.887136450756441E-7,6.250944142090038E-7,1.2635545703233952E-7,1.2266438471275274E-7,7.030545022122415E-8]}
{"id": 2, "drone": 1, "position":(33.333333333333336,25.0,1.0), "time":6.216162083517649,"sensors":[8,24,30,26,29,37,27,12,9,3,33,21],"power":[9.347326866611453E-4,6.067290826617951E-4,0.046689635578396095,7.68935377282137E-4,0.0016793069038689397,0.0011247767629034167,6.476716039749443E-4,5.180316470128561E-4,0.0014067801948667883,0.0010175541456165437,0.0018664973854930055,4.5022918869881397E-4]}
{"id": 3, "drone": 1, "position":(16.666666666666668,41.666666666666664,1.0), "time":56.147825979009156,"sensors":[23,34,32,27,28,35],"power":[0.06285838886485934,0.010050568588622995,0.009815096611394033,0.004814986247849901,0.026231397290524844,0.004681396218426444]}
{"id": 4, "drone": 1, "position":(33.333333333333336,41.666666666666664,1.0), "time":61.644177726363864,"sensors":[6,34,5,38,27,19,9,33,4],"power":[0.16110439303454668,0.012026188999769438,0.09436589470816768,0.009940874656272622,0.008803161004473368,0.13729799299324003,0.005315302089394144,0.009529031383358968,0.017169076652394907]}
{"id": 5, "drone": 1, "position":(41.666666666666664,8.333333333333334,2.0), "time":1346.556673423419,"sensors":[8,24,15,26,13,22,0,16,31],"power":[0.18533183202136766,0.20725351955250437,0.24646399446052095,0.2910416835588963,0.9634865173720916,0.7172448881980139,0.23474279466598388,0.9661676277322885,0.15000000000000002]}
{"id": 6, "drone": 2, "position":(25.0,8.333333333333334,1.0), "time":94.74968588902601,"sensors":[8,2,11,10,12,1,36,0,14],"power":[0.010700286248216444,0.01405444533283884,0.10020712405286665,0.1253646973026217,0.03448937725338151,0.13027696614206682,0.021736839873216215,0.021391725726423325,0.012018411864945565]}
{"id": 7, "drone": 2, "position":(8.333333333333334,41.666666666666664,1.0), "time":565.7794607765715,"sensors":[23,39,32,28],"power":[0.06236803999153786,0.14999999999999997,0.10247392454239358,0.3736209773256665]}
{"id": 8, "drone": 2, "position":(25.0,33.333333333333336,1.0), "time":84.72338350040744,"sensors":[23,30,6,34,5,29,32,37,27,9,35,33],"power":[0.006910090891239221,0.008629079046055302,0.010317759221487772,0.05295408234644853,0.00583309959653531,0.008914694223183603,0.00658035998415585,0.009282549431810977,0.3885226286883263,0.10174040834889364,0.009139867128617704,0.01579864889514651]}
{"id": 9, "drone": 2, "position":(8.333333333333334,16.666666666666668,1.0), "time":345.4200063150626,"sensors":[2,18,17],"power":[0.05493975619414494,1.4697997768899156,0.0725568622461121]}
{"id": 10, "drone": 2, "position":(16.666666666666668,8.333333333333334,1.0), "time":430.6896831888549,"sensors":[2,11,10,12,1,36,18,14],"power":[0.1117921256976725,0.052284313167889895,0.044638074786049815,0.039222882394279235,0.22383137280510462,0.12826303377132653,0.060107636501001954,0.20373432248273338]}
{"id": 11, "drone": 0, "position":(8.333333333333334,25.0,1.0), "time":483.768269731333,"sensors":[32,18,35,17],"power":[0.0836804739770194,0.07321185400573817,0.12589514886479222,0.0774431377538879]}
{"id": 12, "drone": 0, "position":(25.0,16.666666666666668,1.0), "time":42.461646824264015,"sensors":[8,2,30,29,11,37,10,12,1,0],"power":[0.00790259653726609,0.012758241430649435,0.00317776268232136,0.018738332450615087,0.004169171254622046,0.02279715536873343,0.011669973405138735,0.06357009769153191,0.01017336104176245,0.0028010585324396847]}
{"id": 13, "drone": 0, "position":(41.666666666666664,41.666666666666664,1.0), "time":289.02928516116145,"sensors":[6,5,38,19,20,33,4,21,25],"power":[0.03617974061660742,0.04275718926935186,0.1400591253437274,0.0986222705952283,0.07777259192950221,0.023564164159832073,0.23094764305959636,0.03268639052102915,0.038368079918524325]}
{"id": 14, "drone": 0, "position":(41.666666666666664,33.333333333333336,1.0), "time":600.3418723563676,"sensors":[30,19,3,20,7,33,4,21,25],"power":[0.07174410582625017,0.06020225717060249,0.15264042761699628,0.08232335185043686,0.15000000000000002,0.14369280345491986,0.0505263856707036,0.6266816199356463,0.12707694761068103]}
{"id": 15, "drone": 0, "position":(25.0,25.0,2.0), "time":105.76114559679638,"sensors":[2,30,34,29,37,27,12,9,35,33],"power":[0.010795410428698355,0.019759416866977072,0.007180517591392321,0.12066766642233236,0.13475245160477595,0.01799773964472506,0.012199422300149445,0.03595845916350769,0.010283587788163654,0.011654859973138807]}
