LP RESULTS :
 Obj = 0.1*lambda1+0.9*lambda2 = 170.81043132405068 (lambda1 = 1663.1043132405066, lambda2 = 5.0) Resol time = 5104 ms

{"id": 0, "drone": 1, "position":(41.666666666666664,8.333333333333334,1.0), "time":976.047446759525,"sensors":[36,29,5,23,34,24,31],"power":[0.2749154878053223,0.11679845711964448,0.30035667122407106,0.1592129816402022,0.16785905040485127,0.10930913321971751,3.2227628569957263]}
{"id": 1, "drone": 1, "position":(8.333333333333334,8.333333333333334,1.0), "time":270.68897844841786,"sensors":[14,17,3,10,33,13,21],"power":[0.15588100377905748,0.09724138691816742,0.026842707562028435,1.1449175651828811,0.45602074190551867,0.0813157268698938,0.022676490524795277]}
{"id": 2, "drone": 1, "position":(25.0,25.0,1.0), "time":84.8961605180573,"sensors":[20,22,29,0,18,2,19,25,37,15,6,32],"power":[0.014523786421332065,0.008199745790837864,0.006500937717045428,0.02518217520125123,0.016249930690802234,0.1000898652982538,0.013228459259285832,0.009695376082422937,0.0064635170238362145,0.005966056665528325,0.0954804812139688,0.006177388429139636]}
{"id": 3, "drone": 1, "position":(16.666666666666668,8.333333333333334,1.0), "time":307.07197124883675,"sensors":[20,14,17,10,33,13,21],"power":[0.05068383085959164,0.10694274657584238,0.052758613081831725,0.06355265506453174,0.09039504737812634,0.03268986752963023,0.12732350947520454]}
{"id": 4, "drone": 1, "position":(16.666666666666668,33.333333333333336,1.0), "time":24.399756265670298,"sensors":[22,0,16,12,25,37,8,15,6],"power":[0.0034590286281716448,0.0045881245761941955,0.002035285665606247,0.005185194097223793,0.03800550163222549,0.010776593599811103,0.0029908525458272836,0.006899378972048427,0.0038804928009200947]}
{"id": 5, "drone": 0, "position":(8.333333333333334,25.0,1.0), "time":83.41938376501164,"sensors":[20,0,30,16,3,12,25,13,15,6],"power":[0.0054100832008433675,0.012986731048972633,0.045600321229573186,0.45739801972821464,0.008376684772926215,0.10607398780996834,0.015959543833045348,0.012857731629426775,0.05599817757257434,0.005988997566447396]}
{"id": 6, "drone": 0, "position":(25.0,16.666666666666668,1.0), "time":18.537730169659124,"sensors":[36,20,29,0,5,18,2,19,6],"power":[0.0017799904675394073,0.008396020896129109,0.0033398751765861697,0.0025501051499190195,0.0011849984991777502,0.019451734370136562,0.011351696974285773,0.0028891300090186176,0.003493852970278399]}
{"id": 7, "drone": 0, "position":(8.333333333333334,41.666666666666664,1.0), "time":878.9201286743598,"sensors":[35,27,12,7,25,8,9,38],"power":[0.2584973784885406,2.4792067612988165,0.060499545233275165,0.22601348396062798,0.060991083420494106,4.069602362829621,0.18133157074829567,0.15]}
{"id": 8, "drone": 0, "position":(33.333333333333336,16.666666666666668,1.0), "time":153.6155484036341,"sensors":[36,29,5,23,18,2,19],"power":[0.04567350625682061,1.0607467396196422,0.07362031065884399,0.020011184959639574,0.11429833493906119,0.03112213812339535,0.13173201971413226]}
{"id": 9, "drone": 0, "position":(25.0,41.666666666666664,1.0), "time":528.6115222278426,"sensors":[22,11,26,37,39,32],"power":[0.28054484886400294,0.15,0.11823967955263412,0.19285190653253872,0.08094922538750979,0.0964246707470244]}
{"id": 10, "drone": 2, "position":(16.666666666666668,25.0,1.0), "time":56.00027982521118,"sensors":[20,0,30,16,2,12,25,37,13,15,6],"power":[0.012955141608522859,0.26336596757903513,0.0038415132274859333,0.009151121562430944,0.008043836021437671,0.014504354123636314,0.02534849503181661,0.004175785239487963,0.003568631820152802,0.031165804445654297,0.041156175448385755]}
{"id": 11, "drone": 2, "position":(41.666666666666664,8.333333333333334,1.0), "time":363.33850116160806,"sensors":[36,29,5,23,34,24,31],"power":[0.10233865332768811,0.04347880473304035,0.11180925998911116,0.0592678217710395,0.062486363734667795,0.04069086678028249,1.1996894515196905]}
{"id": 12, "drone": 2, "position":(41.666666666666664,41.666666666666664,1.0), "time":705.4110779832545,"sensors":[26,28,39,1,4,32],"power":[0.11564249185173944,0.15,0.14225114509502482,0.7209339672012417,0.09541147406112994,0.07962206667841767]}
{"id": 13, "drone": 2, "position":(8.333333333333334,16.666666666666668,1.0), "time":511.6494453459985,"sensors":[20,0,30,14,16,3,12,10,33,13,15],"power":[0.058632278796646876,0.041634215603484334,0.1287142970607587,0.039683783507135036,0.0985390949914773,0.11478060766504514,0.04988324548922379,0.16297555037454922,0.06226847332383542,2.2900040729960893,0.04997058234419543]}
{"id": 14, "drone": 2, "position":(33.333333333333336,33.333333333333336,1.0), "time":26.705008924433947,"sensors":[22,26,19,37,39,4,32],"power":[0.006544383396038936,0.002869208247889029,0.0021503910175633117,0.0019325080964153422,0.002245404042152998,0.054588525938870036,0.053019854874239374]}
