LP RESULTS :
 Obj = 0.1*lambda1+0.9*lambda2 = 145.5071897651688 (lambda1 = 1419.0718976516878, lambda2 = 4.0) Resol time = 56471 ms

{"id": 0, "drone": 2, "position":(8.333333333333334,41.666666666666664,1.0), "time":7.315932021045342,"sensors":[15,1,16,19,5],"power":[7.791827316071652E-4,0.005811707049248015,0.0013288157490244045,0.0012963520643484055,0.00964907903737663]}
{"id": 1, "drone": 2, "position":(16.666666666666668,41.666666666666664,1.0), "time":636.8863101381023,"sensors":[15,1,16,10,19,37,5,17],"power":[0.18980693263212833,0.1710436865670327,0.14867118425097567,0.08726387820046431,0.17852659434443305,0.1010142251535806,0.32304113527490547,0.042310980253777386]}
{"id": 2, "drone": 2, "position":(25.0,41.666666666666664,1.0), "time":552.7481966977284,"sensors":[15,10,21,19,25,36,37,32],"power":[0.07699280722765375,0.4149563730516688,0.0600519671239308,0.042674239969153975,0.06958069390736246,0.11348782903263387,1.2658257168852212,0.09130892618047749]}
{"id": 3, "drone": 2, "position":(16.666666666666668,25.0,1.0), "time":222.1214587948121,"sensors":[15,3,22,29,4,34,7,11,17],"power":[0.03466142702974965,0.03730682802854975,0.03790777892282788,0.021921143124316932,0.03185858875052758,0.12215711090225075,0.08756215647589319,0.05456592073340187,0.19985026114588494]}
{"id": 4, "drone": 0, "position":(33.333333333333336,8.333333333333334,1.0), "time":465.173024266488,"sensors":[14,28,39,38,31,20],"power":[0.04608682561144537,0.7812146526913241,0.24901071585259396,0.05279931454476458,0.05595150409130179,0.04356063580837143]}
{"id": 5, "drone": 0, "position":(8.333333333333334,25.0,2.0), "time":61.336479417182034,"sensors":[22,34,7,11,17],"power":[0.004819561649835341,0.004064003540188157,0.062437843524103996,0.1965721297119271,0.017207286848599526]}
{"id": 6, "drone": 0, "position":(33.333333333333336,41.666666666666664,1.0), "time":229.43739081585738,"sensors":[13,27,10,21,25,23,36,37,32,30,9],"power":[0.020475738103060685,0.020875414124276872,0.04931284877440613,0.11598488641427371,0.621914574706115,0.07068265136858838,0.03651217096736612,0.05859907899860444,0.08539227840598163,0.026063514422714006,0.020626157820566416]}
{"id": 7, "drone": 0, "position":(8.333333333333334,8.333333333333334,1.0), "time":663.1250031521624,"sensors":[33,12,3,35,0,22,29,26,4,6,2,24],"power":[0.15000000000000002,0.17602879530143473,0.05241738210260225,0.1502775891933441,0.6417863570120328,0.08501451854511878,0.10729715713740509,0.4056634283632408,0.045963525978951064,0.4806601485807383,0.21742457383253816,6.631250031521624]}
{"id": 8, "drone": 1, "position":(25.0,8.333333333333334,1.0), "time":269.7316778732529,"sensors":[3,22,29,28,4,39,38,31,20],"power":[0.04176972809427706,0.030437433248232715,0.04440053958488684,0.03212286494332469,0.05477134413783738,0.25835159379929934,0.40343884169860134,0.6525938961686899,0.10643936419162861]}
{"id": 9, "drone": 1, "position":(25.0,16.666666666666668,1.0), "time":199.47169477250955,"sensors":[3,22,29,14,28,4,34,39,38,31],"power":[0.06384190069204378,0.038514846884071724,0.03813713827978916,0.01415656195750566,0.01624122786864453,0.08756778880762348,0.023778885557561115,0.05451036350267766,0.023927410502588134,0.044110729260726414]}
{"id": 10, "drone": 1, "position":(41.666666666666664,25.0,2.0), "time":312.98221486782177,"sensors":[27,14,18,23],"power":[0.06863054488606626,0.08975661243104974,0.9207830908031251,0.024994461471867374]}
{"id": 11, "drone": 1, "position":(41.666666666666664,41.666666666666664,1.0), "time":636.8863101381021,"sensors":[13,27,8,21,25,23,32,30,9],"power":[0.14135328975705697,0.12987755809946963,0.15,0.13831001589332168,0.2425010423427243,0.24937646156479182,0.07267833652181346,0.1770153602499442,0.17468770291852065]}
