LP RESULTS :
 Obj = 0.1*lambda1+0.9*lambda2 = 157.4754231648395 (lambda1 = 1529.754231648395, lambda2 = 5.0) Resol time = 1015766 ms

{"id": 0, "drone": 1, "position":(8.333333333333334,25.0,4.0), "time":62.14580433805202,"sensors":[2,21,24,16,10,9,8],"power":[0.006944382710713429,0.009180422230852595,0.005571250380913781,0.017450366250178248,0.0046096691434174605,0.015902795543850216,0.012415970984468335]}
{"id": 1, "drone": 1, "position":(41.666666666666664,33.333333333333336,1.0), "time":158.79867715901605,"sensors":[19,4,20,15,33,14,39,7,1,0],"power":[0.07427313746609929,0.09563196521961176,0.04513148774173201,0.03939058105490879,0.03395395643210561,0.12033189657128993,0.024043958784281255,0.05051490480950486,0.08747888548546182,0.0268613604325162]}
{"id": 2, "drone": 1, "position":(25.0,25.0,1.0), "time":137.47455564020615,"sensors":[11,35,16,12,6,25,17,0,8,36],"power":[0.05101616945877244,0.028189562383284544,0.009359702445338534,0.19505588603797822,0.025569907594715655,0.042045104947276236,0.011563865597480256,0.01466214420162584,0.009158146644211055,0.014803663680562386]}
{"id": 3, "drone": 1, "position":(41.666666666666664,25.0,1.0), "time":422.37513504079396,"sensors":[19,4,20,31,13,14,7,1,0,22],"power":[0.042203230040353194,0.09556621400984391,0.04803684156761214,0.07117767990009456,0.07285542775185011,0.07615373880408005,1.577076207448429,0.5270400747152761,0.22049014954074117,0.055029269244324254]}
{"id": 4, "drone": 1, "position":(41.666666666666664,8.333333333333334,1.0), "time":748.960059470329,"sensors":[5,31,38,23,22,32],"power":[0.15,0.06195652675598386,0.05109454747952418,1.9011449018086803,0.07993913439739041,0.08295976819135856]}
{"id": 5, "drone": 0, "position":(25.0,41.666666666666664,1.0), "time":685.0480906799592,"sensors":[28,27,33,35,37,3,25,17,30,36],"power":[0.1867812161047504,0.14031515127144173,0.05536600007247284,0.07179121065534318,0.25390839069601295,0.09422554574357653,0.09468983626881507,0.09886597851850827,0.05815582399786023,0.1832783686298791]}
{"id": 6, "drone": 0, "position":(16.666666666666668,16.666666666666668,1.0), "time":112.88094606873369,"sensors":[11,29,38,16,6,10],"power":[0.0090866973553547,0.010246773899437237,0.007210629751136848,0.007350322059946504,0.037948670039180364,0.07507243097889407]}
{"id": 7, "drone": 0, "position":(8.333333333333334,33.333333333333336,1.0), "time":626.708528166768,"sensors":[2,35,21,24,16,17,9,8,30,36],"power":[0.6038047075943536,0.0656366474674949,0.1408195777691474,1.0304145911179232,0.25162780875088614,0.11111942299990815,0.13458178569586154,0.3289575543042012,0.05898081346050014,0.04764480921499588]}
{"id": 8, "drone": 0, "position":(8.333333333333334,8.333333333333334,1.0), "time":83.23241453802052,"sensors":[10,26],"power":[0.023892979594269406,0.14999999999999986]}
{"id": 9, "drone": 0, "position":(25.0,16.666666666666668,1.0), "time":21.884252194913593,"sensors":[11,29,38,34,12,6,10,32],"power":[0.012630160400618777,0.003841972459125562,0.007040338299722047,0.00239010193018523,0.0022122497489372637,0.07965921821906492,0.0018228567580548909,0.002696521025373195]}
{"id": 10, "drone": 2, "position":(41.666666666666664,41.666666666666664,1.0), "time":481.2213527952653,"sensors":[19,4,20,15,33,37,14,3,39,1],"power":[0.11530809399108555,0.05838951558937999,0.05683167069065585,1.8065692611889548,0.4175912053500291,0.049468447635805504,0.07493685625299933,0.055774454256423606,0.12595604121571874,0.030785563032104914]}
{"id": 11, "drone": 2, "position":(25.0,8.333333333333334,1.0), "time":646.0289739144184,"sensors":[11,29,38,34,6,10,18,32],"power":[0.0544604087361101,4.725028129642985,0.4280442029310879,0.746185482601056,0.14844936532733632,0.044602063525364055,0.14999999999999997,0.2894209802151289]}
{"id": 12, "drone": 2, "position":(25.0,33.333333333333336,1.0), "time":5.365108293487481,"sensors":[28,4,2,35,16,37,14,12,25,17,8,36],"power":[3.6438625187141795E-4,4.848055196677409E-4,3.8009120008241184E-4,0.0024728222487636472,3.738538206838402E-4,4.696207255239909E-4,4.718813196331368E-4,0.0025995212047962447,0.013265058783897193,0.0013788366399137585,4.835560673762124E-4,0.0036499083093510087]}
{"id": 13, "drone": 2, "position":(16.666666666666668,41.666666666666664,1.0), "time":41.2023721770272,"sensors":[28,27,2,35,24,16,17,8,30,36],"power":[0.05809643739657632,0.00968484872855899,0.008895228353551528,0.005471728999542203,0.005061876671548107,0.0028339782528006502,0.012379292224968658,0.004598405730998875,0.03367942597960645,0.010979962467911995]}
{"id": 14, "drone": 2, "position":(41.666666666666664,16.666666666666668,1.0), "time":355.9364244681975,"sensors":[11,31,13,7,1,23,0,22],"power":[0.022806564049143965,0.09872706974971131,0.0771445722481499,0.05122398432555638,0.03542952715951569,0.09633052420353823,0.05300456712666369,0.1044699835319391]}
