LP RESULTS :
 Obj = 0.1*lambda1+0.9*lambda2 = 140.63410565958833 (lambda1 = 1370.3410565958834, lambda2 = 4.0) Resol time = 3083 ms

{"id": 0, "drone": 2, "position":(8.333333333333334,41.666666666666664,1.0), "time":198.25368589013488,"sensors":[1,0,11,27,28],"power":[0.035154544687904125,0.11855094973458234,0.04936312720386178,0.05694006195111768,0.05001670060700595]}
{"id": 1, "drone": 2, "position":(41.666666666666664,16.666666666666668,1.0), "time":51.91998890969511,"sensors":[26,22,3,19,15,24,8,34,13],"power":[0.016541397052144635,0.008351264376824558,0.01279567837234322,0.022731749834215824,0.015486472457743147,0.007541328516989188,0.03407884336973169,0.006344032832495469,0.004181866422118256]}
{"id": 2, "drone": 2, "position":(41.666666666666664,8.333333333333334,1.0), "time":385.4003469980811,"sensors":[17,3,39,15,8,34,13],"power":[0.0446342274759215,0.031002798152393086,0.07688208940986059,0.2270194564518599,0.03305424334346056,0.1515479961053851,0.0697120175122056]}
{"id": 3, "drone": 2, "position":(41.666666666666664,25.0,1.0), "time":734.7670347979633,"sensors":[5,26,12,22,3,19,32,24,8,21],"power":[0.14999999999999997,0.4579229133354231,0.0930379411497961,0.24238409257012083,0.10620152347526368,1.570693559640488,0.0608229950585784,0.23964281486789613,0.2903041339425557,0.09412823760912496]}
{"id": 4, "drone": 0, "position":(33.333333333333336,41.666666666666664,1.0), "time":577.4115147094981,"sensors":[30,12,32,4,16,35,31,21,29],"power":[0.16021321318467827,0.13498062580085657,0.09703775987022409,0.14806300963515817,0.3827581147815611,0.7790784404121912,0.1822523451807877,0.13386007777195233,0.10056171832315805]}
{"id": 5, "drone": 0, "position":(25.0,16.666666666666668,1.0), "time":187.45808664731408,"sensors":[6,22,10,24,2,33,20,7,13,38],"power":[0.10599986405038427,0.015122169086081251,0.1360988935287916,0.014633105042371886,0.02976985257625398,0.616550170339203,0.022052020273824868,0.34315260386750707,0.019885649061564294,0.026147280449792917]}
{"id": 6, "drone": 0, "position":(8.333333333333334,8.333333333333334,1.0), "time":126.61029148669157,"sensors":[18,9,23,14],"power":[0.009561610686131407,0.010712807750951294,0.08816336226931656,0.10120495016381376]}
{"id": 7, "drone": 0, "position":(25.0,8.333333333333334,1.0), "time":478.86116375237964,"sensors":[6,17,10,25,39,33,20,7,13,38],"power":[0.03628289307113814,0.07182715772362291,0.08893366687982211,0.13903436772539582,0.03351692604580347,0.14929242499237622,1.031886643303849,0.06451304051598596,0.1237816784053785,0.995408884131239]}
{"id": 8, "drone": 1, "position":(25.0,41.666666666666664,1.0), "time":23.289324776439905,"sensors":[30,0,4,16,35,31,21,29],"power":[0.02116375612118137,0.002229992100650773,0.0019369903648418349,0.0041041091166438325,0.007706523930858174,0.03140180410272226,0.0015043245940724837,0.049438281676841944]}
{"id": 9, "drone": 1, "position":(8.333333333333334,33.333333333333336,1.0), "time":565.6035671114699,"sensors":[36,9,37,1,0,11,27,28],"power":[0.10410102666363788,0.04345940301637271,0.09138424641545118,0.43975915787909875,0.08616884781658116,0.10063687279613663,1.52343407419792,0.6422168366526175]}
{"id": 10, "drone": 1, "position":(8.333333333333334,16.666666666666668,1.0), "time":633.4261971969864,"sensors":[18,36,9,37,10,23,2,14],"power":[0.14507377700236465,0.045898973336362114,0.5780221522042271,0.18169816782223577,0.05625881140754995,0.06183663773068342,0.12023014742374605,0.5738860266108553]}
{"id": 11, "drone": 1, "position":(33.333333333333336,8.333333333333334,1.0), "time":148.02196751098688,"sensors":[6,17,25,39,15,33,20,7,13,38],"power":[0.009644933193756191,0.049164588291876865,0.010965632274604181,0.03960098454433593,0.011589353310152956,0.015189494264814201,0.0281502939420841,0.01428622387331195,1.2469655554809593,0.018730066668373235]}
