LP RESULTS :
 Obj = 0.1*lambda1+0.9*lambda2 = 147.4270867977018 (lambda1 = 1420.270867977018, lambda2 = 6.0) Resol time = 841782 ms

{"id": 0, "drone": 1, "position":(25.0,8.333333333333334,1.0), "time":27.029705709599092,"sensors":[38,0,35,10,27,6,19,11,37],"power":[0.0017602259484902003,0.008967919593347251,0.006040316679691111,0.0030429633044617445,0.0028737448052963493,0.024891808609790567,0.0017757705902740535,0.0038790024606150985,0.00745149083539806]}
{"id": 1, "drone": 1, "position":(8.333333333333334,8.333333333333334,1.0), "time":123.76186109435054,"sensors":[22,38,5,28,29,36,25,15,18,37],"power":[0.030941083091219155,0.03627425719270262,0.06103803800081433,0.04787642098294262,0.017520646501917078,0.02138560923885494,0.11795279305914483,0.02158610904865128,0.00970509793478364,0.009357686603111787]}
{"id": 2, "drone": 1, "position":(16.666666666666668,33.333333333333336,1.0), "time":174.3903100884527,"sensors":[21,13,9,23,7,34,26,8],"power":[0.10158163602016054,0.016389217949233603,0.05925803968249379,0.01897303522053079,0.02230564566822873,0.027035735248922145,1.3085114581043096,0.15351921986901404]}
{"id": 3, "drone": 1, "position":(41.666666666666664,41.666666666666664,1.0), "time":995.3802745861958,"sensors":[1,4,32,14,3,24,31,39,30],"power":[0.19127937609816772,0.09463828913071039,0.07868643743613792,0.523395170401286,0.21111878665119585,0.14999999999999997,2.2449108354669134,1.0456440695775584,0.06649927747087943]}
{"id": 4, "drone": 1, "position":(41.666666666666664,16.666666666666668,1.0), "time":3.484316865368367,"sensors":[0,17,35,16,27,19,20,11],"power":[3.0496996859342653E-4,0.00800042980562852,2.752113830278747E-4,2.898946896812987E-4,9.12682573615262E-4,9.172555601208535E-4,9.237371445763539E-4,2.9155848074458127E-4]}
{"id": 5, "drone": 1, "position":(41.666666666666664,25.0,1.0), "time":96.22439963308182,"sensors":[17,1,4,32,14,30,20],"power":[0.022215022850271146,0.017889764492612786,0.01332056747822119,0.013383867714567581,0.00965098137400746,0.01703483240105446,0.11728267405961337]}
{"id": 6, "drone": 0, "position":(25.0,41.666666666666664,2.0), "time":96.22439963308216,"sensors":[3,9,23,26,39,8],"power":[0.021316258377443404,0.04053493507171387,0.022610433816942666,0.0101492296325304,0.0074285991897687165,0.020825851489861325]}
{"id": 7, "drone": 0, "position":(25.0,33.333333333333336,1.0), "time":86.42322647585388,"sensors":[21,4,3,9,23,26,8,30],"power":[0.00575100252094937,0.015230470923665335,0.008801381556377353,0.045176873943797734,0.005640952699119583,0.022940652493411165,0.05739703176816266,0.013873923306820577]}
{"id": 8, "drone": 0, "position":(8.333333333333334,25.0,1.0), "time":60.48291730709661,"sensors":[21,13,29,12,36,7,34,26,15,18],"power":[0.015224105548781312,0.011339394656419303,0.012938715536410376,0.018885157259543258,0.016135423680737875,0.008089030840413264,0.22062685347994368,0.004927394575996634,0.0154366030678847,0.05291355700260593]}
{"id": 9, "drone": 0, "position":(16.666666666666668,41.666666666666664,1.0), "time":15.524992610891786,"sensors":[21,9,23,7,26,8],"power":[0.0018397357615103187,0.005030151301994941,0.027204586812597593,0.0014702885181294384,0.003224567583394161,0.0037922759787924407]}
{"id": 10, "drone": 0, "position":(8.333333333333334,41.666666666666664,1.0), "time":504.29331688655896,"sensors":[21,2,23,7,26],"power":[0.06572357589570545,0.15,0.07813598703088188,0.16043194425916035,0.0410580843669924]}
{"id": 11, "drone": 0, "position":(8.333333333333334,16.666666666666668,1.0), "time":657.3220150635326,"sensors":[22,13,5,28,29,12,10,36,25,34,15,18],"power":[0.11905891690878395,0.1129566738608081,0.13832241094085676,0.04274927337082662,0.5094070948090038,0.13111484274045673,0.048574743908133655,4.764846379449807,0.0985136582688667,0.1004408342353555,2.1994370278073614,0.5308638443583052]}
{"id": 12, "drone": 2, "position":(33.333333333333336,16.666666666666668,1.0), "time":103.19502861179657,"sensors":[0,17,35,10,27,6,19,11],"power":[0.04464406818206474,0.012548901243516118,0.08690695954472664,0.008606444281771274,0.051239223653677966,0.02283160639115316,0.022834685585039968,0.01388679307707487]}
{"id": 13, "drone": 2, "position":(16.666666666666668,8.333333333333334,1.0), "time":365.3103416872908,"sensors":[38,13,28,10,36,25,6,37],"power":[0.11196551685881069,0.02562060723689848,0.13133417871171837,0.03975158129728684,0.030892399496721144,0.030332799801417343,0.030557700476069028,0.13319082256149437]}
{"id": 14, "drone": 2, "position":(41.666666666666664,33.333333333333336,1.0), "time":242.24296728188696,"sensors":[1,4,32,14,3,31,39,30,20],"power":[0.42272290227330256,0.06475887139680116,0.057929694849294555,0.3226446708950549,0.02372287546445559,0.02958518360213562,0.038436854672346414,0.05850007167659153,0.03179358879581051]}
{"id": 15, "drone": 2, "position":(33.333333333333336,8.333333333333334,1.0), "time":17.8004587198904,"sensors":[0,35,27,6,19,11],"power":[0.015299909561577967,0.003939023298687711,0.014476392713942658,0.01360200634227669,0.009753226845564398,0.04281774925587597]}
{"id": 16, "drone": 2, "position":(41.666666666666664,8.333333333333334,1.0), "time":625.7796057748133,"sensors":[0,17,16,27,6,19,11,33],"power":[0.06382881009572493,0.10723564610058377,0.15237907199049572,0.18817397357330914,0.04721843285722028,0.6527521643734377,0.18125892396387108,0.15000000000000002]}
{"id": 17, "drone": 2, "position":(25.0,16.666666666666668,1.0), "time":65.94246590132678,"sensors":[13,0,35,10,27,6],"power":[0.01029095405051339,0.016954322598691635,0.052838489093866355,0.050024267208346865,0.006404737924785641,0.014785836143019721]}
