LP RESULTS :
 Obj = 0.1*lambda1+0.9*lambda2 = 133.4993698229629 (lambda1 = 1289.993698229629, lambda2 = 5.0) Resol time = 20761 ms

{"id": 0, "drone": 0, "position":(8.333333333333334,25.0,1.0), "time":499.2173567302905,"sensors":[20,25,29,12,34,17,5,37,26],"power":[0.03642227618217537,0.14731355268582774,1.4672855489341359,0.08670491982718888,0.0431325327113176,0.13250097186482324,0.11737741023391514,0.11582446580996625,0.05555876631025183]}
{"id": 1, "drone": 0, "position":(41.666666666666664,25.0,1.0), "time":54.35446506730549,"sensors":[22,27,8,23,16,2],"power":[0.005859071325955035,0.011165427935138432,0.13359292688740784,0.005002191858609021,0.005731368144509447,0.01926808702329578]}
{"id": 2, "drone": 0, "position":(8.333333333333334,41.666666666666664,1.0), "time":521.5122676368146,"sensors":[20,0,1,9,21,24,34,10,39,31,14,13,15],"power":[0.1408224860108026,0.08132891433728863,0.13606641395699567,0.29612365514109357,0.10659313979215654,0.35302141998397424,0.21211035395527764,2.7163968578600235,0.05178212756342449,0.8780664637510389,0.037055349857312445,0.158800816457726,0.12927023685998473]}
{"id": 3, "drone": 0, "position":(25.0,41.666666666666664,1.0), "time":176.89455512204856,"sensors":[20,0,21,22,24,39,18,3,14,13,15],"power":[0.014713675577316652,0.04753267490390085,0.024456082418274145,0.014206117849152667,0.014796126591545382,0.09033422334224547,0.1502695336789781,0.07237638060998976,0.1710786252419106,0.023374705307657614,0.01590334945382766]}
{"id": 4, "drone": 0, "position":(33.333333333333336,33.333333333333336,1.0), "time":38.01505367317057,"sensors":[22,27,36,8,3,2],"power":[0.128893696333404,0.002618739570454522,0.00395418242290119,0.0061845755466401935,0.0031455785937112867,0.012606145993441861]}
{"id": 5, "drone": 1, "position":(16.666666666666668,41.666666666666664,1.0), "time":11.428164975609157,"sensors":[20,0,9,21,24,34,17,10,39,18,31,14,13,15],"power":[0.004615954741673818,0.025744366617933636,9.252145363062421E-4,0.008569817224023836,0.010093976275112862,9.142573378241335E-4,8.905634561901041E-4,0.0025152362047533624,0.015328067922643572,0.0014393023697442692,0.0040250463875788805,0.007728595673676992,0.021829294059574494,0.004826413686187574]}
{"id": 6, "drone": 1, "position":(41.666666666666664,33.333333333333336,1.0), "time":6.155210455374403,"sensors":[22,33,36,8,23,2],"power":[0.0010411144914883482,5.742861672741945E-4,0.0016980301090922935,0.0023229205834533685,0.002367262298578981,0.008278774296990738]}
{"id": 7, "drone": 1, "position":(41.666666666666664,41.666666666666664,1.0), "time":935.0699877537261,"sensors":[30,33,36,23,3,2,28],"power":[0.38191783411796393,0.2896970065950512,5.5994259666858355,0.21815846350127344,0.07447804079629895,0.10984699268627207,0.15]}
{"id": 8, "drone": 1, "position":(33.333333333333336,16.666666666666668,1.0), "time":113.03940755687789,"sensors":[32,19,27,8,38,16,7],"power":[0.010054465991332176,0.07403801830205853,0.12277229319092456,0.007899576982498734,0.012236065069116363,0.0415737035816844,0.011357901047504762]}
{"id": 9, "drone": 1, "position":(8.333333333333334,16.666666666666668,1.0), "time":224.30092748804188,"sensors":[25,4,29,12,5,35,37,26,11],"power":[0.0668273253685029,0.025214604133518507,0.07701677354413226,1.395991192516094,0.026872233077202042,0.05328525442057429,0.08854576594507223,0.3293392961316055,0.03852856235818328]}
{"id": 10, "drone": 2, "position":(41.666666666666664,8.333333333333334,1.0), "time":564.2073272529813,"sensors":[32,6,19,16,7],"power":[0.18011484288714555,0.15,0.14202181179070675,0.20058637208676272,1.587004201053214]}
{"id": 11, "drone": 2, "position":(8.333333333333334,33.333333333333336,1.0), "time":64.58190563146195,"sensors":[20,0,1,9,21,29,24,34,17,10,5,31,13],"power":[0.022293835307497213,0.007297062852134998,0.013933586043004292,0.0050037932249950515,0.013883846736163694,0.009031458812893361,0.007823591530713497,0.043729964700159225,0.017505528629746456,0.010403057424636073,0.005750356688882921,0.00826579899081357,0.005635663506214424]}
{"id": 12, "drone": 2, "position":(25.0,16.666666666666668,1.0), "time":94.8004034442597,"sensors":[25,19,27,38,35,11],"power":[0.008846462835807175,0.011268527108066898,0.013443539303482492,0.13441337846017568,0.009529290084730191,0.02470075334143984]}
{"id": 13, "drone": 2, "position":(8.333333333333334,8.333333333333334,1.0), "time":559.0470867219041,"sensors":[4,12,35,37,26,11],"power":[0.12478539586648149,0.1547524988569098,0.16660716801724804,0.049784160285511185,0.2097229026314721,0.05726825126686006]}
{"id": 14, "drone": 2, "position":(16.666666666666668,16.666666666666668,1.0), "time":7.356975179022404,"sensors":[25,29,12,17,38,35,26,11],"power":[0.004307071422481638,7.962098325773414E-4,0.0015114764082837554,5.450392093362937E-4,0.0033505564707079537,0.003763060286992733,9.26706993159632E-4,0.029502433033516816]}
