LP RESULTS :
 Obj = 0.1*lambda1+0.9*lambda2 = 139.14191266555466 (lambda1 = 1355.4191266555465, lambda2 = 4.0) Resol time = 3617 ms

{"id": 0, "drone": 1, "position":(41.666666666666664,41.666666666666664,1.0), "time":383.0696316519274,"sensors":[12,5,13,16,8,22,20],"power":[0.3526286324069483,0.1236958103824205,0.039480999382742764,0.0840828316814949,0.047167331189860336,0.15000000000000002,0.04631801191002512]}
{"id": 1, "drone": 1, "position":(25.0,33.333333333333336,1.0), "time":103.23500775385968,"sensors":[37,13,4,18,14,0,6,24,8,20,39,33],"power":[0.10132067695289766,0.029301539133885193,0.036201028857121134,0.050729513005780755,0.0331040651395051,0.0698029733326535,0.007981765972149859,0.013852928976887982,0.011780536354168905,0.02280293934053767,0.03136054395119375,0.017686654240682345]}
{"id": 2, "drone": 1, "position":(8.333333333333334,41.666666666666664,1.0), "time":610.6772185231335,"sensors":[21,28,4,9,25,14,39],"power":[0.733872897646862,0.15,0.048817141964163,2.2049707804532397,0.8094575697791065,0.0511911525548452,0.051237187788035425]}
{"id": 3, "drone": 1, "position":(25.0,41.666666666666664,1.0), "time":258.437268726626,"sensors":[37,12,13,4,18,14,0,6,20,39],"power":[0.03284409973325491,0.020264678372300005,0.06977289948054759,0.04916165328502723,0.019315813021784548,0.09234372719501396,0.09391492073087718,0.1420182340278492,0.08642189909491775,0.09627342266766489]}
{"id": 4, "drone": 2, "position":(8.333333333333334,16.666666666666668,1.0), "time":333.5580727135942,"sensors":[29,3,34,23,2,11,1,7,19],"power":[0.02643138713180909,0.03757270852827881,0.05101188875755227,0.07708974886418177,0.10966568683158283,0.054326608442640464,0.16056771454758817,0.1065221392321033,0.807234986448812]}
{"id": 5, "drone": 2, "position":(41.666666666666664,33.333333333333336,1.0), "time":285.78809872941497,"sensors":[31,12,5,10,13,16,30,8,20,27],"power":[0.0879447076241545,0.05892236710351139,0.02710871764794904,0.021469568045820536,0.02950362377106477,1.7500871000497655,0.06398003611164182,0.12430701501890389,0.024834550187401397,0.027956992787404742]}
{"id": 6, "drone": 2, "position":(25.0,8.333333333333334,1.0), "time":709.4334852641275,"sensors":[38,29,15,32,35,26,17],"power":[1.4902975972969552,0.0754357038630396,0.11399073614534236,0.8795551902385914,0.0894867936645436,0.1731833012689926,0.14999999999999997]}
{"id": 7, "drone": 2, "position":(33.333333333333336,8.333333333333334,1.0), "time":26.639469948408518,"sensors":[38,15,32,35,26],"power":[0.00859849197734073,0.004870838729386961,0.004907127847327544,0.06051320633545666,0.0021811694375874235]}
{"id": 8, "drone": 0, "position":(25.0,25.0,1.0), "time":197.321208276979,"sensors":[37,29,34,4,18,15,0,24,8,26,7,33],"power":[0.04988550967973587,0.054768359082824694,0.016076237785766126,0.018887458944754743,0.07995467397243479,0.031434928638190314,0.017623236360745705,0.5220775911316626,0.012758675216237374,0.03637465571631947,0.017682984820319773,0.9108793486527078]}
{"id": 9, "drone": 0, "position":(8.333333333333334,8.333333333333334,1.0), "time":708.8207312760926,"sensors":[23,36,1,19],"power":[0.06081976404173096,0.15,0.5415800318666586,0.11682674972733874]}
{"id": 10, "drone": 0, "position":(8.333333333333334,25.0,1.0), "time":100.10301226444983,"sensors":[21,3,34,23,2,11,1,7,19],"power":[0.007184485086550406,0.187386390026954,0.082911873456682,0.012090487094087264,0.09693399171077839,0.31542358437158496,0.006433634863241172,0.030020684083542734,0.024979532272589186]}
{"id": 11, "drone": 0, "position":(41.666666666666664,25.0,1.0), "time":349.174174838026,"sensors":[31,10,16,30,8,27],"power":[1.4571085594282593,0.253187673582612,0.075320371158042,0.08601996388835821,0.06040162422862247,0.374765551256808]}
