LP RESULTS :
 Obj = 0.1*lambda1+0.9*lambda2 = 126.52484343119298 (lambda1 = 1229.2484343119297, lambda2 = 4.0) Resol time = 3864 ms

{"id": 0, "drone": 2, "position":(25.0,8.333333333333334,1.0), "time":586.1241772444752,"sensors":[23,30,8,24,2,13],"power":[0.08872739087788939,0.3783475464757813,0.03997327286243779,0.12075271619410148,0.15,0.04451499795800788]}
{"id": 1, "drone": 2, "position":(8.333333333333334,41.666666666666664,1.0), "time":438.5463574775012,"sensors":[39,34,26,37,28,32,11,12,10,7,22,19,36],"power":[1.16440076096705,0.10475860402813388,0.05302566833758084,0.04311208533778449,0.12611939147285278,0.20694631516139572,0.10329614790700495,2.263923295728342,0.0403262699886257,0.15,0.07986729809507198,0.04501044587929847,0.03421380367068452]}
{"id": 2, "drone": 2, "position":(16.666666666666668,41.666666666666664,1.0), "time":106.9888054174508,"sensors":[39,34,25,26,20,28,32,11,12,10,22,0,19,36],"power":[0.01853414310130369,0.051400829873806224,0.01700875305782399,0.1907809429549292,0.01953733359693093,0.015083141650486857,0.014945590828315713,0.025808847947053015,0.01867172068870982,0.07946429536512045,0.013392332799882018,0.03486422509412006,0.03836049417412149,0.08173748295211447]}
{"id": 3, "drone": 2, "position":(41.666666666666664,25.0,2.0), "time":97.58909417250254,"sensors":[27,29,15,5,1,4,35,31,33],"power":[0.028737596054229146,0.01266991365806604,0.07127554610215152,0.01806431709906603,0.01922616746016597,0.006399262125857465,0.006486615549491645,0.017005928959816494,0.014573770259996625]}
{"id": 4, "drone": 0, "position":(8.333333333333334,16.666666666666668,2.0), "time":152.06093690058108,"sensors":[3,37,6,16],"power":[0.1760064469207466,0.009820298577466071,0.017015022876890468,0.06619507227531359]}
{"id": 5, "drone": 0, "position":(33.333333333333336,25.0,1.0), "time":248.23238275860925,"sensors":[18,27,21,29,15,1,4,35,33],"power":[0.03802417084968314,0.07136368909957107,0.027043088769592202,0.01916121993698062,0.10070948238428848,1.5272737998753427,0.12216304956792058,0.11149601535877827,0.06256218962571689]}
{"id": 6, "drone": 0, "position":(16.666666666666668,41.666666666666664,1.0), "time":185.83085758528483,"sensors":[39,34,25,26,20,28,32,11,12,10,22,0,19,36],"power":[0.03219229987366393,0.08927906297088861,0.029542821371442488,0.331370988786282,0.03393476021235473,0.026198190895335687,0.025959276299122657,0.04482787080924634,0.0324312609589143,0.1380230211702326,0.023261393372504036,0.06055632477629273,0.06662905994658005,0.14197136321494544]}
{"id": 7, "drone": 0, "position":(41.666666666666664,8.333333333333334,1.0), "time":643.1242570674546,"sensors":[27,29,5,38,23,30,8,24,13,33],"power":[0.06179080382369272,0.2227907021282805,0.13193568290093396,0.15,0.16090078488971973,0.05032274849712933,0.1706706082323109,0.1339411811069984,0.2646459830684909,0.07286404011428649]}
{"id": 8, "drone": 1, "position":(41.666666666666664,41.666666666666664,1.0), "time":795.4109212695756,"sensors":[18,14,21,17,9,31],"power":[0.08026740782478557,0.6105289390042639,0.14023545510324734,0.17096642329337564,0.15,0.18894163961409477]}
{"id": 9, "drone": 1, "position":(25.0,33.333333333333336,1.0), "time":145.77813932976198,"sensors":[18,21,34,25,26,20,11,1,10,4,35,0,36],"power":[0.037923070236424654,0.02398706529223874,0.01658311877187536,0.4446381799861244,0.029142361624077132,0.16542871623764063,0.011641319139358643,0.011610950867311481,0.012820644552573007,0.04545045572320831,0.05207119672148926,0.06669204832495108,0.017339501527248707]}
{"id": 10, "drone": 1, "position":(8.333333333333334,8.333333333333334,1.0), "time":71.15894653242631,"sensors":[3,6,16],"power":[0.020835696004752664,0.13298497712310953,0.005350240321464254]}
{"id": 11, "drone": 1, "position":(8.333333333333334,25.0,2.0), "time":216.90042718016568,"sensors":[34,3,37,28,11,22,16],"power":[0.014311808713379734,0.027172226527361402,0.1136092855770708,0.0339292093283644,0.025478918364254803,0.045989483836326506,0.07845468740322216]}
