LP RESULTS :
 Obj = 0.1*lambda1+0.9*lambda2 = 117.1497908698729 (lambda1 = 1126.497908698729, lambda2 = 5.0) Resol time = 121414 ms

{"id": 0, "drone": 0, "position":(16.666666666666668,25.0,1.0), "time":101.26594162041516,"sensors":[19,18,21,14,12],"power":[0.08570587353558985,0.008508245185185616,0.007797658284634983,0.015484157564044228,0.020226742491081307]}
{"id": 1, "drone": 0, "position":(8.333333333333334,41.666666666666664,1.0), "time":327.02183030719067,"sensors":[24,15,13,22],"power":[0.6774687522781494,0.22686115098154772,0.1363644282337062,0.16893454362128998]}
{"id": 2, "drone": 0, "position":(33.333333333333336,41.666666666666664,1.0), "time":337.15051226101514,"sensors":[9,3,11,32,39,4,10,31,8],"power":[0.051326767470538465,0.023216982493760644,0.048852580461033225,0.04775411510342312,0.304036247647864,0.024147721152394292,0.055664130495801725,0.056001752473720905,0.07800035804792677]}
{"id": 3, "drone": 0, "position":(25.0,41.666666666666664,1.0), "time":329.7790379539743,"sensors":[11,39,4,10,22,31,8],"power":[0.06280733843552377,0.232733024611446,0.10231370365738043,0.08657230955107068,0.03572115746667014,0.2821381484614536,0.043956858198372376]}
{"id": 4, "drone": 0, "position":(33.333333333333336,16.666666666666668,1.0), "time":31.280586556135376,"sensors":[38,1,3,33,37,2,26,5,17,34,36],"power":[0.009332058901789314,0.002381878340935267,0.0020190166443670218,0.017226392752399924,0.0021851240253967993,0.014217442961800544,0.021120831923924152,0.018375086276516663,0.002932733450706614,0.003131746412358548,0.006359150017320704]}
{"id": 5, "drone": 2, "position":(33.333333333333336,25.0,1.0), "time":248.97613096537063,"sensors":[3,33,11,32,2,26,5,10],"power":[0.09191618200446008,0.08572445959760883,0.038387740230446166,0.07168446859962836,0.5093668325777353,0.12431613503289281,0.09299751899317779,0.026397252986803045]}
{"id": 6, "drone": 2, "position":(41.666666666666664,41.666666666666664,1.0), "time":459.56835848373936,"sensors":[9,3,32,39,8],"power":[0.09867323252946143,0.03284781885741226,0.04606481411128341,0.03863568839468015,0.03675436116550742]}
{"id": 7, "drone": 2, "position":(41.666666666666664,8.333333333333334,1.0), "time":171.43711076669865,"sensors":[38,29,1,6,33,37,35,17,34,36],"power":[0.03168983145009341,0.11011979490875204,0.14705835071504467,0.022966107623863575,0.013787413250859144,0.10788200899724588,0.012169746261601395,0.035671765275838964,0.02993916308713463,0.1448842190688304]}
{"id": 8, "drone": 2, "position":(8.333333333333334,8.333333333333334,1.0), "time":61.17589025602306,"sensors":[18,0,23,21,14,7,28,27,20,25,12],"power":[0.012895606345886745,0.008785674090582847,0.006108651927829905,0.020723718722958077,0.008479572466650884,0.01861574739038073,0.03763393148172379,0.0046261464448472955,0.06315388450261582,0.2317859758106781,0.008648392203047563]}
{"id": 9, "drone": 2, "position":(16.666666666666668,8.333333333333334,1.0), "time":185.34041822689755,"sensors":[18,0,21,14,7,28,20,25,12],"power":[0.1325394610398305,0.14078684604491537,0.030015456464816622,0.05858167439310671,0.5802716394198306,0.26402677097885013,0.044331324337595374,0.03147595719032068,0.03614062222414025]}
{"id": 10, "drone": 1, "position":(16.666666666666668,41.666666666666664,5.0), "time":130.09255480191356,"sensors":[24,15,13,4,10,22,31],"power":[0.023005559409862496,0.013317459208173489,0.013635571766293883,0.02353857519022527,0.008214832873222324,0.05549993094437619,0.017589082521385063]}
{"id": 11, "drone": 1, "position":(33.333333333333336,8.333333333333334,1.0), "time":470.92732751944754,"sensors":[38,29,1,6,33,37,26,5,35,17,34,36],"power":[2.2115171597588352,0.10526840916575426,0.046318172098191085,0.14460342235646,0.04060377014273029,0.04007481789181415,0.04100559454067397,0.03862739473030578,0.1378302537383986,0.5701059289517609,0.678516407870378,0.0944007358002093]}
{"id": 12, "drone": 1, "position":(8.333333333333334,25.0,1.0), "time":510.1575174980005,"sensors":[19,15,23,21,14,30,27,20,16,12],"power":[0.06382262346819596,0.04567583321980551,0.14589052290591614,0.0698545829075064,0.040278306344876315,0.1491580737612897,0.14168742313904908,0.03518624098373663,0.163230197646634,0.07469407989480936]}
{"id": 13, "drone": 1, "position":(16.666666666666668,16.666666666666668,1.0), "time":5.6536898743091,"sensors":[19,18,0,23,21,14,7,28,20,25,12],"power":[4.7150299621438415E-4,0.005334475532777602,4.2747986450198067E-4,4.412859149089E-4,0.001463542586007041,0.02492466909375258,0.0015887157094442647,0.0010914098247892328,0.0011977102245219512,5.952321259675247E-4,0.013014932392970538]}
{"id": 14, "drone": 1, "position":(8.333333333333334,16.666666666666668,1.0), "time":9.666819005059097,"sensors":[18,23,21,14,30,7,28,27,20,16,25,12],"power":[0.002137042547501379,0.006083544722206338,0.02739061795503172,0.0022516201375796644,8.419262387103072E-4,0.001539391255377669,0.0015870792814222216,0.003686430416103708,0.00613083995153225,6.993907293104916E-4,0.0029814342021289952,0.004091140524977224]}
