LP RESULTS :
 Obj = 0.1*lambda1+0.9*lambda2 = 203.09498053999462 (lambda1 = 1994.9498053999462, lambda2 = 4.0) Resol time = 6173 ms

{"id": 0, "drone": 0, "position":(41.666666666666664,25.0,1.0), "time":2.9101687519265624,"sensors":[11,33,25,2,8,14,32,0],"power":[3.052169463762982E-4,5.062241953503144E-4,3.369209645709993E-4,0.0019678719974035256,0.001000978909472791,5.997737051711094E-4,4.411237602277108E-4,0.003065686411309473]}
{"id": 1, "drone": 0, "position":(33.333333333333336,41.666666666666664,1.0), "time":2.91016875192677,"sensors":[15,17,31,18,10,13,35,6],"power":[0.0039608871356398845,4.99826082262369E-4,3.97373129029745E-4,2.819889496142862E-4,3.984199539787078E-4,0.0012366000898977856,0.004118009472113999,3.3248923391495207E-4]}
{"id": 2, "drone": 0, "position":(41.666666666666664,41.666666666666664,1.0), "time":1161.1786039650656,"sensors":[11,15,17,31,4,13,35],"power":[0.22149342524813162,0.1460391128643601,1.8732627469367638,0.6787465107236766,0.15000000000000002,0.11455196812116648,0.24303702694826818]}
{"id": 3, "drone": 0, "position":(41.666666666666664,8.333333333333334,2.0), "time":827.9508639310272,"sensors":[20,2,5,37,8,28,14,32,30],"power":[0.22550328821489127,0.05287114303661391,1.1158064526754077,0.1290778485179362,0.09974935742052733,0.09515265300965921,0.07209491209220617,0.10368108751978426,1.2707433579699]}
{"id": 4, "drone": 2, "position":(25.0,25.0,4.0), "time":752.1807574729488,"sensors":[16,25,29,39,18,38,1,14,0,23,6],"power":[0.5670909600070748,0.22650858231570306,0.20503154592804354,0.09834364649365782,0.17730567834616043,0.15666326222234067,0.05626315015106478,0.05390394521341533,0.04774865601205557,0.054272166847623,0.08862986902345507]}
{"id": 5, "drone": 2, "position":(8.333333333333334,25.0,2.0), "time":518.486521082314,"sensors":[29,27,39,22,1,9],"power":[0.06683602209294626,0.03537610242779593,0.15003076538354432,0.04369468014892206,0.19010507480765645,0.15]}
{"id": 6, "drone": 2, "position":(8.333333333333334,8.333333333333334,1.0), "time":280.03925748641456,"sensors":[7,34,27,36,3,26,19,24,23],"power":[0.15,0.2516582529082422,0.2675464115274116,0.06697805787284074,0.19000154684182877,0.2545326648563506,0.04038792264768875,0.6131860287157743,0.030112684463412136]}
{"id": 7, "drone": 2, "position":(16.666666666666668,41.666666666666664,1.0), "time":444.243269358269,"sensors":[21,10,22,6],"power":[0.09907900953907592,0.14960158004602128,0.12732467818882556,0.06878880022272822]}
{"id": 8, "drone": 1, "position":(8.333333333333334,41.666666666666664,1.0), "time":384.73107157819084,"sensors":[21,22,12],"power":[0.06126919277020761,0.05281545741899046,0.15]}
{"id": 9, "drone": 1, "position":(25.0,8.333333333333334,5.0), "time":610.3786161186697,"sensors":[36,37,38,28,19,23],"power":[0.08302194212715926,0.10144287596491962,0.05840141748563398,0.15024453395663415,0.13638423391388085,0.06879585263663422]}
{"id": 10, "drone": 1, "position":(41.666666666666664,16.666666666666668,1.0), "time":168.97908502013172,"sensors":[20,25,2,5,37,8,14,32,0,30],"power":[0.013924619185883122,0.01092392295526058,0.08292367749908071,0.024831586942238273,0.022072050768759535,0.27545267270517115,0.05713662661527752,0.06298456142074828,0.026049537870657155,0.01945719884749702]}
{"id": 11, "drone": 1, "position":(41.666666666666664,33.333333333333336,1.0), "time":830.8610326829539,"sensors":[11,17,33,31,2,18,13,0],"power":[0.3317263303226735,0.4266361501457392,0.1494937758046497,0.05648030091188033,0.0685106203743384,0.06180040009435881,0.10105598754284077,0.1733007349837264]}
