LP RESULTS :
 Obj = 0.1*lambda1+0.9*lambda2 = 141.3455679662047 (lambda1 = 1368.4556796620468, lambda2 = 5.0) Resol time = 4189 ms

{"id": 0, "drone": 1, "position":(25.0,41.666666666666664,1.0), "time":117.77347983431727,"sensors":[27,35,26,23,11,20],"power":[0.14450186166138485,0.15404228550426105,0.136145285971996,0.03737323382500516,0.020244508434819227,0.01205638618359909]}
{"id": 1, "drone": 1, "position":(8.333333333333334,25.0,1.0), "time":109.87100005548932,"sensors":[8,34,22,31,25,7,4,13,29,10,24,5,32,3,33,36],"power":[0.02933341904934173,0.007901709269401265,0.024682889063391604,0.05279259329870178,0.03392517963699394,0.007365398720038453,0.030714980631211697,0.007592970585207019,0.007884262209770718,0.031992116462287244,0.019794705555684158,0.07073984202941361,0.05228799132234867,0.08499140254462574,0.01714068658130722,0.25334890046749253]}
{"id": 2, "drone": 1, "position":(41.666666666666664,33.333333333333336,1.0), "time":241.68592301487305,"sensors":[6,16,15,30,12,18],"power":[0.08180629266113344,0.087795902786754,0.030099373300498913,0.028680490338165988,0.01656474810782358,0.07517319133417913]}
{"id": 3, "drone": 1, "position":(33.333333333333336,41.666666666666664,1.0), "time":497.0137802245057,"sensors":[27,35,26,23,11,20,18],"power":[0.05279630912917854,0.05497277220732693,0.07332631560608711,0.10226409075542282,0.26230164052779886,0.11012756896918065,0.16553365283970758]}
{"id": 4, "drone": 1, "position":(25.0,8.333333333333334,1.0), "time":402.11149653286145,"sensors":[39,7,2,28,38,1,0,9],"power":[0.08960822155710896,0.05511916351959891,0.0908009060163366,0.1207871753708864,0.13012574672332705,0.031424571571615184,0.03851236012971431,0.08378042325803607]}
{"id": 5, "drone": 0, "position":(25.0,25.0,2.0), "time":192.14928877337485,"sensors":[8,7,15,13,26,0,3,12,17],"power":[0.031059185252089085,0.015623719792292299,0.014826349805563466,0.12727517745492536,0.012649669140298433,0.04872832144710313,0.015907302110640478,0.0168153144934653,0.03579316616427424]}
{"id": 6, "drone": 0, "position":(16.666666666666668,41.666666666666664,1.0), "time":129.72170192882754,"sensors":[34,27,14,21,35,24,26,23,33],"power":[0.02911488612176046,0.05371048316977653,0.03284712951146445,0.02684290938062651,0.053336909962884996,0.017661177325162977,0.029704091963645353,0.010362675419571981,0.020875841898773544]}
{"id": 7, "drone": 0, "position":(41.666666666666664,41.666666666666664,1.0), "time":296.96962994814584,"sensors":[6,16,30,11,20,18],"power":[0.07331456677739556,0.06220409721324598,0.12141235354050489,0.04160395932918249,0.02781604484722026,0.5740018089140134]}
{"id": 8, "drone": 0, "position":(33.333333333333336,25.0,1.0), "time":176.6351175205657,"sensors":[15,13,0,12,17],"power":[0.12969649959264043,0.0151318519598676,0.05411879565289608,0.11661993739871125,0.1854140045157968]}
{"id": 9, "drone": 0, "position":(8.333333333333334,8.333333333333334,1.0), "time":572.9799414911324,"sensors":[39,37,25,7,2,29,10],"power":[0.09666488901687269,0.15,0.052651967147633386,0.05989435493304432,0.07907720599134445,0.11614279910934058,0.06037212691676917]}
{"id": 10, "drone": 2, "position":(33.333333333333336,8.333333333333334,1.0), "time":171.09046354444368,"sensors":[28,38,1,0,9,17],"power":[0.4100905487959749,0.01987425327667293,0.1185754284283848,0.018282715759671317,0.7854311245411777,0.012695841574390288]}
{"id": 11, "drone": 2, "position":(8.333333333333334,33.333333333333336,1.0), "time":33.611074246947055,"sensors":[8,34,22,31,19,14,4,24,5,32,3,33,36],"power":[0.003048261311428747,0.020701675376997353,0.0022771086471593312,0.003276123776427517,0.005173460930468376,0.007595996708964282,0.004968055554301265,0.16713322688799379,0.029759170836009537,0.013352299809694265,0.005295287917104658,0.11672321207074011,0.0044364732210140125]}
{"id": 12, "drone": 2, "position":(8.333333333333334,25.0,4.0), "time":594.2607853062362,"sensors":[8,22,31,25,4,10,24,5,32,3,33,36],"power":[0.12938908030837715,0.10916791321244797,0.1918244856927556,0.14626039211336336,0.1331232897493839,0.13761806267079227,0.08979706694220074,0.21704074301533308,0.18498362116584208,0.23823553518810422,0.07920081849162175,0.4160886813367673]}
{"id": 13, "drone": 2, "position":(8.333333333333334,41.666666666666664,1.0), "time":478.1494037552316,"sensors":[34,19,14,21,24,5,32,33],"power":[0.5545234642114099,0.1653095601023013,4.589774576810214,0.12315709061937348,0.11885415930068645,0.03993395728021868,0.03118167295454925,0.14238212658816712]}
{"id": 14, "drone": 2, "position":(8.333333333333334,16.666666666666668,1.0), "time":91.34395280918878,"sensors":[8,22,31,25,7,2,4,29,10,5,32,3,36],"power":[0.013553755727390005,0.013872089077001094,0.022348249762673855,0.04473452391113431,0.01670524602586345,0.012304135624451477,0.008213519979171042,0.02597293868088869,0.0683839694641141,0.006528584093174666,0.006836217118669381,0.01625437933949738,0.030566712599559932]}
