LP RESULTS :
 Obj = 0.1*lambda1+0.9*lambda2 = 190.59085757259936 (lambda1 = 1860.9085757259934, lambda2 = 5.0) Resol time = 4423 ms

{"id": 0, "drone": 0, "position":(25.0,41.666666666666664,1.0), "time":361.04280082201007,"sensors":[7,19,32,27,17,2,21,0,10,36,37,14,33,5],"power":[0.0346300322011643,0.1374845917958107,0.027305825390730655,0.12903329629555987,0.07159038493551523,0.022900142906127133,0.05123205228753669,0.04759687217949557,0.11615949972708677,0.24842541312475538,0.12901360881459276,0.08314212733425999,0.1439040052473109,0.3001021199722514]}
{"id": 1, "drone": 0, "position":(25.0,8.333333333333334,1.0), "time":507.6142443428108,"sensors":[34,4,26,35],"power":[0.12408714103502157,0.07409791943045219,0.15,0.07503758797164775]}
{"id": 2, "drone": 0, "position":(25.0,33.333333333333336,1.0), "time":10.900332949580674,"sensors":[19,17,2,1,28,24,25,0,10,36,37,14,33,5],"power":[0.0080277691552615,0.0013844585625312305,0.00173123961100691,0.0018646976370068715,0.0020270900477641998,0.0022103545421696407,7.188537712532226E-4,0.004064285450725585,0.0016133918535363016,0.00445353564880117,0.002495841098757413,0.029736500268493768,0.026140893339727057,0.002474056062549577]}
{"id": 3, "drone": 0, "position":(41.666666666666664,41.666666666666664,1.0), "time":925.184327019816,"sensors":[7,39,20,23,17,2,12,38,10,18,5],"power":[0.17739294329725444,3.0792084843961636,0.2423545848165662,0.20910236576090918,0.2036382862180645,0.09192049921176926,1.0869085737285067,0.15000000000000008,0.13654330049880675,0.23470355803641588,0.07142695965562616]}
{"id": 4, "drone": 0, "position":(25.0,16.666666666666668,1.0), "time":56.16687059177525,"sensors":[34,4,35,1,24],"power":[0.07341278117491169,0.02310862256266693,0.055209054702070055,0.00525281541717155,0.013095155726180654]}
{"id": 5, "drone": 1, "position":(41.666666666666664,25.0,1.0), "time":475.70015820592687,"sensors":[20,23,2,1,28,6,8,25,0],"power":[0.047890342432610554,0.09984812480176353,0.06833985066383524,0.06931162761780116,0.07641158638134374,0.23435893676198277,0.15,0.2210777804484673,0.03002278446983462]}
{"id": 6, "drone": 1, "position":(33.333333333333336,33.333333333333336,1.0), "time":51.13820223418973,"sensors":[19,20,23,17,2,1,28,6,12,24,25,0,10,36,14,33,5],"power":[0.019153233964326458,0.003740830170215714,0.0127741620839425,0.01716397909358559,0.2189412343905234,0.014842505192670073,0.05508601244915732,0.009228403454960097,0.005006752423866899,0.004292682861756451,0.017150335441169385,0.14847352575301564,0.012730976368980471,0.004087956729355825,0.01896047562765825,0.011186648769695922,0.0115731004637082]}
{"id": 7, "drone": 1, "position":(8.333333333333334,41.666666666666664,1.0), "time":482.0784506487726,"sensors":[31,32,30,9,21,16,37],"power":[0.20016733447542884,0.3261715278710401,0.05077869173121496,0.2604972586951278,0.14160307054038448,0.15,0.055837181171601774]}
{"id": 8, "drone": 1, "position":(16.666666666666668,16.666666666666668,1.0), "time":22.671850679234122,"sensors":[34,4,35,24],"power":[0.002249395650181095,0.05543294827655675,0.017102660550075068,0.0025200769171486656]}
{"id": 9, "drone": 1, "position":(8.333333333333334,8.333333333333334,1.0), "time":829.3199139578691,"sensors":[11,13],"power":[0.22943263696733143,0.15]}
{"id": 10, "drone": 2, "position":(25.0,25.0,1.0), "time":12.419084403172716,"sensors":[34,4,19,35,2,1,28,6,24,25,0,14,33],"power":[0.0017648110088064406,0.0017558195533875342,0.0011673314237320282,0.0026506967762083456,0.0010702854448545063,0.0037678721244007955,0.0021596517713710407,0.0013746740458628539,0.12419084403172717,9.84184938749483E-4,0.0017588414029340855,0.0022251289444163726,0.0015390638630086637]}
{"id": 11, "drone": 2, "position":(25.0,41.666666666666664,2.0), "time":61.56429261698446,"sensors":[7,19,32,27,17,21,0,10,36,37,14,33,5],"power":[0.00583883638655132,0.021671619847636502,0.004470916877595898,0.020966703704440103,0.011831128610830388,0.008698075835906134,0.008031415515130121,0.018708222821005167,0.036754882842008445,0.019781311899520204,0.013492722511150001,0.022837176023282238,0.04322171294535891]}
{"id": 12, "drone": 2, "position":(41.666666666666664,8.333333333333334,1.0), "time":1136.425552571482,"sensors":[29,15],"power":[1.5511999471883882,0.14999999999999994]}
{"id": 13, "drone": 2, "position":(33.333333333333336,25.0,1.0), "time":19.39249622650414,"sensors":[34,19,23,2,1,28,6,24,25,0,14,33],"power":[0.0024540144103629446,0.0015393873543800905,0.0020285559555839588,0.005134493930325752,0.05496048201094937,0.014315659350363363,0.03441301656043951,0.0036908859210173285,0.011733703801310728,0.004066540229099365,0.002443045314016901,0.0012474605387897445]}
{"id": 14, "drone": 2, "position":(8.333333333333334,33.333333333333336,1.0), "time":631.107149907851,"sensors":[3,32,30,9,21,37,22],"power":[0.15,0.16983583569787147,0.8969424612474584,0.17607854569044729,0.053094044209559994,0.05336355988375565,0.15489592476912234]}
