LP RESULTS :
 Obj = 0.1*lambda1+0.9*lambda2 = 131.94340451057687 (lambda1 = 1265.4340451057685, lambda2 = 6.0) Resol time = 149079 ms

{"id": 0, "drone": 0, "position":(8.333333333333334,8.333333333333334,1.0), "time":530.7591593012777,"sensors":[5,39,24],"power":[0.08134537416479844,0.052814267523254965,0.15]}
{"id": 1, "drone": 0, "position":(33.333333333333336,16.666666666666668,1.0), "time":62.11110660973793,"sensors":[30,0,19,16,8,10,28,9,15,35,20],"power":[0.0055791912837597595,0.005739313885783045,0.008785810942314065,0.005070050832003513,0.008084545181482635,0.0070124423395279715,0.06439683921750022,0.008930340357905055,0.0067507215833400485,0.00554308272356836,0.007614529632947603]}
{"id": 2, "drone": 0, "position":(33.333333333333336,25.0,1.0), "time":52.22550845611579,"sensors":[4,30,0,6,22,3,23,10,28,9],"power":[0.015659017257247172,0.01072231860785586,0.0076579256576786,0.011612387639508892,0.007602626164997485,0.008664244944892449,0.0044734564944054825,0.10726093545864561,0.0067858997605926095,0.0035886029872935514]}
{"id": 3, "drone": 0, "position":(25.0,16.666666666666668,1.0), "time":64.46764141165389,"sensors":[11,0,19,5,22,16,8,3,18,28,15,20],"power":[0.007161739061773053,0.01958369123603793,0.00994359355322399,0.011859988131349648,0.0045343420568800565,0.05727596227168767,0.016995702512869467,0.004703639913015506,0.006621987588158692,0.005980453793136666,0.0585077809130394,0.13814957367370578]}
{"id": 4, "drone": 0, "position":(25.0,41.666666666666664,1.0), "time":516.3241360894596,"sensors":[1,21,7,22,29,3,38,23,26,33,13,36],"power":[0.1488867527087569,0.26011257120313525,0.2634792534170719,0.04739604497030172,0.2082480272934878,0.04607662759051937,0.047165529954003554,0.11614444363492038,0.05080475303771543,5.163241360894595,0.05284673687174539,0.18321544147317173]}
{"id": 5, "drone": 0, "position":(25.0,25.0,1.0), "time":39.54649323752401,"sensors":[4,0,21,22,16,14,3,10,15,20],"power":[0.004162309474876503,0.10923847485716724,0.0035307301173682078,0.026440256023926856,0.008031969957389517,0.004480404330123387,0.029144596561955536,0.007020480508814624,0.003757546911832825,0.006152158620243049]}
{"id": 6, "drone": 2, "position":(41.666666666666664,33.333333333333336,1.0), "time":68.44962471287366,"sensors":[4,30,6,23,10],"power":[0.016930203567240364,0.01580677967917397,0.08093494397990558,0.008922457145139949,0.011264825165059694]}
{"id": 7, "drone": 2, "position":(25.0,33.333333333333336,1.0), "time":53.6583218057223,"sensors":[4,0,21,22,29,14,3,23,10,33,36],"power":[0.009605250600671284,0.0077805943633417205,0.0452700706653302,0.06586434211834302,0.006349657757275133,0.0045089106963200265,0.05878361413837191,0.01309804662621504,0.007177911840546918,0.013062559083783086,0.0045607627593632185]}
{"id": 8, "drone": 2, "position":(25.0,8.333333333333334,1.0), "time":488.31554477976425,"sensors":[11,37,19,5,16,8,18,15,20],"power":[0.46855296583553374,0.15,0.46784895399767823,0.12025997285847949,0.07198681843904094,2.787738154913662,0.744488985194839,0.2230894157410898,0.125807556480548]}
{"id": 9, "drone": 2, "position":(8.333333333333334,41.666666666666664,1.0), "time":537.632666843203,"sensors":[2,25,27,29,26,34,13,36],"power":[0.14839355675918683,0.19865465364228208,0.3636964279978993,0.06493620158112906,0.09430434448882964,0.10252528319296081,0.33595700240130016,0.057575336286015646]}
{"id": 10, "drone": 2, "position":(8.333333333333334,16.666666666666668,1.0), "time":96.35159096022208,"sensors":[5,32,16,39,14,31],"power":[0.011286519610180016,0.021126539184211108,0.007635198499876707,0.10801331042379254,0.008183952115031354,0.025138699886983543]}
{"id": 11, "drone": 2, "position":(41.666666666666664,16.666666666666668,1.0), "time":21.026296003987284,"sensors":[30,6,17,10,28,9,35],"power":[0.004281824504458911,0.001326931509291732,0.001511108587171578,0.0013468093983961763,0.011681917708258344,0.08096845344763907,0.010475309257218034]}
{"id": 12, "drone": 1, "position":(8.333333333333334,25.0,1.0), "time":473.6060279534926,"sensors":[32,39,14,34,31],"power":[1.2329183027517296,0.21429139182698198,0.16233176502318508,0.04747471680703917,0.12486130011301647]}
{"id": 13, "drone": 1, "position":(41.666666666666664,8.333333333333334,1.0), "time":270.43988811110506,"sensors":[19,17,28,9,35],"power":[0.020112578973759728,0.1484888914128284,0.05982664162802143,0.057067353000053125,0.16401198808684223]}
{"id": 14, "drone": 1, "position":(41.666666666666664,25.0,1.0), "time":11.223827037742508,"sensors":[4,30,6,10,28,9,35],"power":[0.0015747229343536849,0.11223827037742508,0.005531907290836675,0.0024784335683749243,0.0013282478924912917,0.0023381231705035684,7.623135318924526E-4]}
{"id": 15, "drone": 1, "position":(16.666666666666668,41.666666666666664,1.0), "time":14.305365759063761,"sensors":[1,21,2,7,25,27,29,26,33,13,36],"power":[0.0011132472912431172,0.003645209813960636,0.001960838586948293,0.0023033729136666863,0.001976259287336528,0.001084954189300224,0.030979892232541075,0.00489090247345389,0.002964922416651364,0.021811453841112893,0.015563271062235349]}
{"id": 16, "drone": 1, "position":(33.333333333333336,33.333333333333336,1.0), "time":14.436464562002854,"sensors":[4,30,6,21,22,3,38,23,10,33],"power":[0.06295226196274632,0.0013716155473474834,0.004030153549700543,0.0016104143080842746,0.002416144337862154,0.002627276851246429,0.0010787832441264671,0.013533691027239671,0.006438161720651375,0.001573890194846993]}
{"id": 17, "drone": 1, "position":(41.666666666666664,41.666666666666664,1.0), "time":481.4224716823673,"sensors":[4,6,12,38,23],"power":[0.03911623420281031,0.04789060754005072,0.15,0.14874947207726688,0.0591952861335884]}
