LP RESULTS :
 Obj = 0.1*lambda1+0.9*lambda2 = 126.88704316257846 (lambda1 = 1214.8704316257845, lambda2 = 6.0) Resol time = 612690 ms

{"id": 0, "drone": 2, "position":(16.666666666666668,33.333333333333336,1.0), "time":54.10854598969488,"sensors":[24,0,9,35,37,30,31,13,28,8,27,26,4],"power":[0.003652671658393072,0.22346447102894446,0.09098201287435297,0.039179343465441295,0.003732546483232432,0.030162647604839346,0.03589587559064658,0.009179989406746034,0.07958318408217685,0.003681746533957274,0.008126460097790124,0.003623903430865705,0.005449987807124809]}
{"id": 1, "drone": 2, "position":(33.333333333333336,25.0,1.0), "time":104.40730737106148,"sensors":[7,16,25,38,21,3,2,17,14,18],"power":[0.21790448084032993,0.014337162128152229,0.13303022526161473,0.019023209811873835,0.013989004659381575,0.01561141382037123,0.018887942875930177,0.010502573175103272,0.02059107781105043,0.039867242581347995]}
{"id": 2, "drone": 2, "position":(25.0,8.333333333333334,1.0), "time":0.004641832594643347,"sensors":[39,36,38,21,6,11],"power":[1.185611952203637E-6,4.664486020143056E-7,3.516302145869613E-7,9.251785191403697E-7,2.4859752474347914E-5,7.192258189037127E-6]}
{"id": 3, "drone": 2, "position":(33.333333333333336,33.333333333333336,1.0), "time":7.398030262691918,"sensors":[7,29,16,25,30,3,4,14,18],"power":[0.0022421483321071866,0.0012305676889084085,0.0018172003303096253,6.886795337675525E-4,7.376445008624194E-4,4.886981390731286E-4,0.002190696785072661,0.017643278932361537,0.0017034445672126988]}
{"id": 4, "drone": 2, "position":(8.333333333333334,8.333333333333334,1.0), "time":864.4228483016356,"sensors":[23,12,22,19,20],"power":[0.3351058559438294,0.15,0.26162210198351105,0.23952304134001048,0.19522209477374877]}
{"id": 5, "drone": 2, "position":(8.333333333333334,41.666666666666664,1.0), "time":111.6014059200034,"sensors":[24,0,9,37,15,32,31,13,28,26,1],"power":[0.23695854737419614,0.012019344750108732,0.021169128187198606,0.014075634298120776,0.027760653845055425,0.23550429753367957,0.018480483350254946,0.12369927857801004,0.009729553270519137,0.016458597500173124,0.054972752262574774]}
{"id": 6, "drone": 2, "position":(16.666666666666668,16.666666666666668,1.0), "time":72.92765194811435,"sensors":[23,36,35,19,21,27,6],"power":[0.016168780431964333,0.0809815722942229,0.0063346151602821695,0.02667533786239782,0.011128709247537397,0.021288283636821937,0.008918027659622085]}
{"id": 7, "drone": 0, "position":(41.666666666666664,41.666666666666664,1.0), "time":27.84828937021274,"sensors":[29,16,34,5],"power":[0.05574380799453846,0.004470789971615018,0.008698934887467407,0.09319172015410526]}
{"id": 8, "drone": 0, "position":(41.666666666666664,8.333333333333334,1.0), "time":682.209032241322,"sensors":[10,38,2,17,33],"power":[0.15,0.09852872026010791,0.05513185392227681,0.18172663163854458,0.24041859416867095]}
{"id": 9, "drone": 0, "position":(25.0,33.333333333333336,1.0), "time":76.71312569007179,"sensors":[7,0,9,35,30,31,28,4,14],"power":[0.014167971585085459,0.011501806441232098,0.011226802651770864,0.01528421475308834,0.08589752250539652,0.014274194579394509,0.025316080739789682,0.04625131286710419,0.031426234909170486]}
{"id": 10, "drone": 0, "position":(25.0,8.333333333333334,1.0), "time":339.21111590662355,"sensors":[39,36,38,21,6,11],"power":[0.0866409430196452,0.034086655986893526,0.02569607478179493,0.06760925377890654,1.8166756784200497,0.5255885205785384]}
{"id": 11, "drone": 0, "position":(41.666666666666664,25.0,1.0), "time":87.89490044384694,"sensors":[7,16,25,38,3,2,17,18],"power":[0.011476685238821564,0.024973174856580318,0.016117291423809948,0.0100794242806303,0.3915569918239057,0.07486138252662108,0.014961631889014792,0.10528249851060452]}
{"id": 12, "drone": 0, "position":(25.0,16.666666666666668,1.0), "time":0.9939679737074234,"sensors":[7,25,36,38,21,27,6,11],"power":[9.15903247231276E-5,1.638037808077219E-4,4.54386167562274E-4,1.4375791687494787E-4,0.004526952405969186,8.820137308302504E-5,2.2491074074585803E-4,1.769816074436872E-4]}
{"id": 13, "drone": 1, "position":(16.666666666666668,25.0,1.0), "time":25.959061181452817,"sensors":[23,0,9,36,35,30,19,31,21,28,8,27],"power":[0.0017753569653077637,0.0064761501703283035,0.002874182547680203,0.007601908401847601,0.02773119141045801,0.0029585939675257265,0.002639327656490619,0.0018758201572417457,0.0019692100418238338,0.0030651080586650377,0.0020314855730138594,0.0791501014316038]}
{"id": 14, "drone": 1, "position":(8.333333333333334,33.333333333333336,1.0), "time":420.8547658529426,"sensors":[24,0,9,35,37,15,32,30,31,13,28,8,27,26,1],"power":[0.04976486308771819,0.1291109138654165,0.10822645114557078,0.06042536011179512,0.2604787570145003,0.12223969047554453,0.06004434662829865,0.027155803153315304,0.061708085856434544,0.31409736069552613,0.05125357058592766,0.15492430525378648,0.04140288250504709,0.2723997660660881,0.09502724773742519]}
{"id": 15, "drone": 1, "position":(33.333333333333336,41.666666666666664,1.0), "time":394.3972120279456,"sensors":[29,16,34,5,4,14],"power":[0.17116773150646863,0.033434496153674664,0.14130106511253485,0.05418708180698995,0.11734658156700661,0.07859461531543434]}
{"id": 16, "drone": 1, "position":(25.0,8.333333333333334,5.0), "time":345.3138431102298,"sensors":[39,36,21,6,11],"power":[0.06335787136840258,0.026875010700875057,0.05077594468789615,0.20986384105922481,0.13956601420426482]}
{"id": 17, "drone": 1, "position":(16.666666666666668,41.666666666666664,1.0), "time":14.243535885177835,"sensors":[24,0,9,35,32,30,31,13,28,4],"power":[0.0033167468165416704,0.0025475550543555157,0.006397226763488882,0.0010452750989360415,0.0017430669656044813,0.003087788268061427,0.01776554046601619,0.002630385963793216,0.005021307025160256,0.0013470027788071452]}
{"id": 18, "drone": 1, "position":(41.666666666666664,33.333333333333336,1.0), "time":14.102013568030358,"sensors":[7,29,16,3,5,2,14,18],"power":[0.0012217498363892609,0.003227021379595727,0.07096717655966914,0.002792520979536509,0.0026211980389288826,0.001118820675171823,0.0017447930319829472,0.004654465172252264]}
