LP RESULTS :
 Obj = 0.1*lambda1+0.9*lambda2 = 135.5513389978541 (lambda1 = 1301.5133899785408, lambda2 = 6.0) Resol time = 28027 ms

{"id": 0, "drone": 2, "position":(8.333333333333334,33.333333333333336,1.0), "time":287.2469758924299,"sensors":[23,22,14,15,11,26,30,35],"power":[0.034572953493499634,0.12978230822408182,0.03206566412820535,0.019825864914374935,0.10110421875977223,0.04897266115778342,0.7744388216778708,0.08773279038773649]}
{"id": 1, "drone": 2, "position":(8.333333333333334,16.666666666666668,1.0), "time":16.140357773693538,"sensors":[4,16,24,7,35,1],"power":[0.003919286039569663,0.0018565683697045392,0.00635916691270492,0.0033994370975415685,0.002214318170138327,0.018105083020234992]}
{"id": 2, "drone": 2, "position":(25.0,8.333333333333334,3.0), "time":310.59519160183675,"sensors":[29,28,9,39,6],"power":[0.18517186711870337,0.05320275711007403,0.10740467983155584,0.35841841522481827,0.030445886905307976]}
{"id": 3, "drone": 2, "position":(8.333333333333334,41.666666666666664,1.0), "time":384.0998794575482,"sensors":[22,8,14,10,11,30,34],"power":[0.4433745694751041,0.06446333764629913,0.037097644869880216,0.029151961045209264,0.04439863959456367,0.05343282596710111,0.13448964447049705]}
{"id": 4, "drone": 2, "position":(25.0,25.0,1.0), "time":63.140836509208384,"sensors":[23,2,14,15,26,28,9,31,13],"power":[0.013348942004443901,0.12489208110455677,0.004371741418018749,0.01659237179894275,0.0102747007683157,0.01191164670810699,0.005011297615462154,0.012983486109932534,0.00607204950173595]}
{"id": 5, "drone": 2, "position":(16.666666666666668,41.666666666666664,1.0), "time":240.29014874382437,"sensors":[23,22,8,14,10,15,26,31,5,13,34],"power":[0.02831527761884588,0.0694239309311943,0.12015352618743884,0.11288434117018016,0.10941286584575569,0.027490958027691928,0.02806835405303259,0.034260417465429925,0.06550924844345364,0.03701608450755949,0.015510355529502935]}
{"id": 6, "drone": 0, "position":(41.666666666666664,8.333333333333334,1.0), "time":723.4544148325054,"sensors":[33,3,12,21,37,20,0,6,25],"power":[0.05947499444177465,3.281091263359765,0.2077323742679739,0.15,0.3311311612435031,0.15218319493448879,0.054616447397445436,0.17317331927946472,0.06549752301753772]}
{"id": 7, "drone": 0, "position":(33.333333333333336,41.666666666666664,1.0), "time":223.64968363940423,"sensors":[18,27,32,17,36,5,13,19],"power":[0.11972030271448295,0.016808270009658087,0.02049019453419383,0.04561212645270035,0.0824049112982123,0.0302207322979983,0.037386448772715034,0.02643280811584259]}
{"id": 8, "drone": 0, "position":(25.0,16.666666666666668,1.0), "time":60.58796115313871,"sensors":[2,24,29,28,9,39],"power":[0.012913050794673399,0.007407554491997936,0.00492704707658463,0.09867781441914125,0.03758402255298984,0.023652195412148514]}
{"id": 9, "drone": 0, "position":(41.666666666666664,41.666666666666664,1.0), "time":104.45478372446128,"sensors":[18,27,32,17,36,19],"power":[0.028001909836078472,0.01805126882219683,0.1260180546381104,1.0445478372446129,0.015623855483762914,0.2404213210530222]}
{"id": 10, "drone": 0, "position":(41.666666666666664,16.666666666666668,1.0), "time":130.46821331314993,"sensors":[33,3,37,0,25],"power":[0.10904177067745743,0.02869884412514646,0.18714888615458983,0.09880765079222019,0.08450247698246198]}
{"id": 11, "drone": 0, "position":(25.0,33.333333333333336,1.0), "time":58.89833331589732,"sensors":[23,2,14,10,15,26,31,36,5,13],"power":[0.01937719026373897,0.010465941886941806,0.017656005500726782,0.0037565484246879026,0.06609833756456955,0.013502547457422494,0.13195822822262024,0.010874357089855392,0.02561874193631679,0.07949061686751714]}
{"id": 12, "drone": 1, "position":(16.666666666666668,33.333333333333336,1.0), "time":32.558206957248174,"sensors":[23,22,14,10,15,26,31,30,35,5,13],"power":[0.05056692542161723,0.007406665322120488,0.032315766197971524,0.0023650953822339036,0.016886809101448033,0.0691102515409534,0.01431669714512468,0.004785987590328647,0.006210332378259321,0.006647320021974353,0.006013357223486149]}
{"id": 13, "drone": 1, "position":(8.333333333333334,8.333333333333334,1.0), "time":1195.6675454132214,"sensors":[4,38,16,24,7,1],"power":[11.956675454132215,0.15,2.186472264058562,0.18612385446859456,11.956675454132215,0.11935436320302627]}
{"id": 14, "drone": 1, "position":(33.333333333333336,33.333333333333336,1.0), "time":12.793206456300808,"sensors":[18,2,27,15,17,31,36,5,13],"power":[8.606941657423384E-4,0.0017289262138451978,0.002540939729342676,0.0012520045333383049,0.0011313637594808474,0.0015151459904243507,0.0355405540662179,0.0014080295916648628,0.0024615141765292115]}
{"id": 15, "drone": 1, "position":(25.0,41.666666666666664,1.0), "time":14.57157298114089,"sensors":[18,23,8,14,10,15,31,36,5,13],"power":[0.0014170932836936264,0.0012247667010920305,0.002065401404534407,0.003483700375748669,0.005313529302113115,0.0018609205765495742,0.0028093564074876303,0.0018104040058968178,0.02110408098160605,0.008820662060580848]}
{"id": 16, "drone": 1, "position":(41.666666666666664,33.333333333333336,1.0), "time":16.80533253212836,"sensors":[33,27,32,17,36,0,19],"power":[0.0012728039690224743,0.11259952143889057,0.00349175082769578,0.003360200342311915,0.0037459180560546926,0.0014226627772198877,0.0030010570674513506]}
{"id": 17, "drone": 1, "position":(8.333333333333334,25.0,1.0), "time":29.11752563850646,"sensors":[23,24,11,26,30,35,1],"power":[0.0025939444967617246,0.003731081007456933,0.004497141645663975,0.0036916672626949457,0.00920656161638043,0.05384255906386603,0.0125405537767397]}
