LP RESULTS :
 Obj = 0.1*lambda1+0.9*lambda2 = 143.35925150399626 (lambda1 = 1388.5925150399626, lambda2 = 5.0) Resol time = 329359 ms

{"id": 0, "drone": 2, "position":(25.0,8.333333333333334,1.0), "time":638.2565122696109,"sensors":[36,12,2,25],"power":[0.04606735840061416,0.12341986456427088,0.1402884318678755,0.11427037821605315]}
{"id": 1, "drone": 2, "position":(33.333333333333336,25.0,1.0), "time":55.40652838722893,"sensors":[21,34,18,39,3,37,23,1,26],"power":[0.012939169922956831,0.04176754002947091,0.01071145873753792,0.016545592983779445,0.005809642165323827,0.0038573950005038513,0.005716250120155066,0.009401048463778407,0.0070741493968438296]}
{"id": 2, "drone": 2, "position":(33.333333333333336,41.666666666666664,1.0), "time":216.72516902984137,"sensors":[21,30,17,6,37,22,16,1,15],"power":[0.022312972401927773,0.20816664227306972,0.12264073600903727,0.02186913792359202,0.08283805885875266,0.49616561299251216,0.017510921571327186,0.04772024663171984,0.044561901119525876]}
{"id": 3, "drone": 2, "position":(41.666666666666664,25.0,1.0), "time":439.9221051520537,"sensors":[19,21,34,18,23],"power":[0.15000000000000002,0.1242808221794848,0.08447138624593507,0.11905716113105744,0.09157905463243436]}
{"id": 4, "drone": 2, "position":(16.666666666666668,33.333333333333336,1.0), "time":38.28220020122737,"sensors":[14,9,13,6,39,3,37,10,20,28,16,7,0,26],"power":[0.002807471688687295,0.008913698317295436,0.015833556784051836,0.004848955848378813,0.0036215792816821643,0.005953562344957982,0.0026445698044601095,0.003882772375182412,0.012456898276169798,0.17135133329457314,0.01433171064434408,0.04144403347492463,0.1020562157829439,0.008887044085043337]}
{"id": 5, "drone": 1, "position":(25.0,41.666666666666664,3.0), "time":101.83819192893725,"sensors":[30,17,13,6,37,20,22,16,7,1,15,0,26],"power":[0.01538019810041445,0.07225294479650483,0.008612213485879339,0.07892935807229852,0.034558585185114475,0.00940178276081615,0.011455063082307138,0.02657641613176778,0.0159349559998378,0.015638012712427048,0.021734272314260283,0.011154897990790986,0.007208407806892783]}
{"id": 6, "drone": 1, "position":(25.0,25.0,1.0), "time":120.8879522462141,"sensors":[31,9,34,39,12,3,37,28,16,7,1,26],"power":[0.008431610380916651,0.0077336273307799155,0.01765757178415493,0.2317284154268413,0.017523617547609893,0.19776626866842226,0.008302308202560066,0.012877014897988271,0.01604985306877781,0.02082159745940355,0.016378926799716687,0.0988553282813655]}
{"id": 7, "drone": 1, "position":(41.666666666666664,8.333333333333334,1.0), "time":560.0862183937289,"sensors":[5,36,18,23,27],"power":[0.14999999999999997,0.0868550478491171,0.08052234544902612,0.12457257894555805,0.16109450525969818]}
{"id": 8, "drone": 1, "position":(8.333333333333334,8.333333333333334,1.0), "time":533.2735230458618,"sensors":[35,33,31,4,32,8,11,29,25,38],"power":[0.07648126084871587,0.054297107099077896,0.05285959226786062,0.07983025246897388,0.07265611167302234,0.38038395939103403,0.11431324281906795,0.12639437575246382,0.1387029448963252,0.6259027831274837]}
{"id": 9, "drone": 1, "position":(33.333333333333336,8.333333333333334,1.0), "time":72.50662942522057,"sensors":[34,36,18,2,23],"power":[0.006103501940439087,0.01707759375026873,0.008157232221698802,0.00971156813212449,0.0077658811466105575]}
{"id": 10, "drone": 0, "position":(25.0,41.666666666666664,1.0), "time":362.84336141708576,"sensors":[30,17,13,6,37,20,28,22,16,7,1,15,0,26],"power":[0.061149665977514485,0.43830526153238286,0.0351891928229332,0.5095378549767358,0.1462102084186325,0.03696711074762533,0.023178044580009473,0.04529869957149465,0.10804201872062195,0.06171896097743617,0.060990803641310376,0.08370382656621385,0.04405962493224322,0.027975070429854535]}
{"id": 11, "drone": 0, "position":(8.333333333333334,16.666666666666668,1.0), "time":159.40090556864322,"sensors":[35,33,31,4,32,9,8,12,11,29,25,38],"power":[0.4263762853935126,0.24982463457684984,0.07158505309046907,0.15081173719216046,0.2064271517840133,0.019028323017421904,0.011420047247188727,0.013215653222665548,0.09306915365547853,0.02360562424753623,0.013717885435346222,0.08117303044426903]}
{"id": 12, "drone": 0, "position":(8.333333333333334,33.333333333333336,1.0), "time":114.2116159149835,"sensors":[33,14,9,13,10,20,28,7,0],"power":[0.007551490976252461,0.06286306456977626,0.033069783801411866,0.03260925294175922,0.04095729833725178,0.027894858051415075,0.027875914242402444,0.010080452088397859,0.02660789619864779]}
{"id": 13, "drone": 0, "position":(8.333333333333334,41.666666666666664,1.0), "time":675.8746212940279,"sensors":[14,13,10,20,28,24,0],"power":[0.06232508650405566,0.24203462765941344,1.4258007801772246,0.26915132585304846,0.05484754238374714,0.15,0.10433268525779256]}
{"id": 14, "drone": 0, "position":(8.333333333333334,25.0,1.0), "time":76.26201084522224,"sensors":[35,33,31,14,4,32,9,11,28,0],"power":[0.02328236303044053,0.04282320432987575,0.017123744260753197,0.02200437723748078,0.016153607399516438,0.019628168811669493,0.08125456753309084,0.00899852385078022,0.010558288835819142,0.005125019486725233]}
