LP RESULTS :
 Obj = 0.1*lambda1+0.9*lambda2 = 134.06709440809738 (lambda1 = 1286.6709440809736, lambda2 = 6.0) Resol time = 40173 ms

{"id": 0, "drone": 0, "position":(8.333333333333334,25.0,1.0), "time":125.56419347069806,"sensors":[14,11,3],"power":[0.014750090229981534,0.00980386335987618,0.11810448512194592]}
{"id": 1, "drone": 0, "position":(16.666666666666668,8.333333333333334,1.0), "time":40.45706269905108,"sensors":[35,8,26,12,5,1],"power":[0.003937401546006494,0.0064459080192742395,0.060481416020018004,0.015966074142839994,0.004110040195268632,0.010724822657197345]}
{"id": 2, "drone": 0, "position":(33.333333333333336,16.666666666666668,1.0), "time":33.15833616996118,"sensors":[35,22,8,24,36,4,16,27,34,6,20,28,38,21,2,1],"power":[0.0032171067647683723,0.008963052158800729,0.005714696574154042,0.0045713763168099796,0.002382422884159173,0.004545522180732258,0.0534754510851109,0.006262327020866186,0.002233650668773888,0.017619333185400755,0.011268421211241327,0.004971675119029827,0.005997236355661079,0.009076675920633272,0.00332861845973064,0.002133437052704393]}
{"id": 3, "drone": 0, "position":(41.666666666666664,16.666666666666668,1.0), "time":50.843518377889,"sensors":[22,36,15,4,17,16,27,34,6,20,38,9,21,19,2],"power":[0.04488781543540841,0.011955584507596265,0.007740383756791299,0.00855934252486837,0.00839179866188319,0.006276079028707873,0.0032300003808656123,0.008559810212735339,0.03583465110170714,0.003947685452787625,0.00564045182136507,0.0036125239844550677,0.0666680704199591,0.012012947954884735,0.003481781142256984]}
{"id": 4, "drone": 0, "position":(8.333333333333334,41.666666666666664,1.0), "time":699.7912460008367,"sensors":[32,14,39,33],"power":[0.07976304890178773,0.32316740757173285,0.15,1.0444691764042926]}
{"id": 5, "drone": 0, "position":(25.0,41.666666666666664,1.0), "time":336.8565873625363,"sensors":[32,10,30,23,18],"power":[0.0702369510982123,0.05980189084475011,0.04664822323971304,0.05213587813409599,0.062680727577909]}
{"id": 6, "drone": 1, "position":(33.333333333333336,8.333333333333334,1.0), "time":24.00143024628428,"sensors":[22,8,15,4,25,16,34,6,20,21,1],"power":[0.005707948344997463,0.006228996037343404,0.0036686524552356926,0.013815191993581076,0.008264656503877879,0.00299541325094587,0.004354107805693284,0.0023249766663142168,0.025249215552427706,0.005096018973257428,0.004073355160024565]}
{"id": 7, "drone": 1, "position":(33.333333333333336,25.0,1.0), "time":101.04025069417052,"sensors":[35,22,24,36,30,16,27,6,28,37,38,21,2],"power":[0.007169775124595449,0.006375333329432059,0.02264999806062605,0.01277144713415584,0.014446513090611849,0.03250434602218383,0.32802541386221484,0.0274389886225314,0.022836303767739766,0.015488812888406273,0.3951872333687497,0.006599272537136148,0.12458557506251948]}
{"id": 8, "drone": 1, "position":(25.0,33.333333333333336,1.0), "time":19.262123323370695,"sensors":[24,10,30,27,28,37,38,2,18],"power":[0.0029462768077897095,0.0014531624220084332,0.06727782909797866,0.0028898365284685287,0.0024952796896055935,0.0015951227890982473,0.001492576810515232,0.0019760948494886243,0.002071658366295163]}
{"id": 9, "drone": 1, "position":(8.333333333333334,8.333333333333334,1.0), "time":528.0972461336139,"sensors":[11,26,12,5],"power":[0.07466350047586061,0.06951101580502994,1.2919282711541606,0.14588995980473138]}
{"id": 10, "drone": 1, "position":(25.0,25.0,1.0), "time":28.00303261811117,"sensors":[35,24,30,16,27,28,38,2],"power":[0.008517224314645206,0.12470581594655587,0.009599920990778577,0.005748040337374864,0.009763884972203225,0.07356857086270273,0.004107565734934835,0.0034292847750440436]}
{"id": 11, "drone": 1, "position":(41.666666666666664,41.666666666666664,1.0), "time":586.266861065423,"sensors":[7,10,23,37,31,29,18],"power":[0.32900167880461084,0.1545920323719708,0.05227112189121523,0.11863053059556682,0.1499999999999999,0.3517152561133368,0.14177559851083857]}
{"id": 12, "drone": 2, "position":(41.666666666666664,8.333333333333334,1.0), "time":639.4999964448632,"sensors":[13,22,15,4,25,17,34,0,6,20,9,21,19],"power":[0.16291260534335789,0.36823045926284037,1.8988202062354993,0.9075129836819207,0.13846251167972332,0.16995848506738176,3.3420396576789586,0.16586642902938697,0.06607466726869493,0.0663096641577721,0.17499600466829426,0.3111070243581473,0.1379870520451166]}
{"id": 13, "drone": 2, "position":(25.0,8.333333333333334,1.0), "time":37.26316230319213,"sensors":[35,8,26,4,25,16,20,1],"power":[0.004186151012921555,0.08970073698416989,0.010967434209359701,0.002549068350193716,0.0032942251175536535,0.003304846628734884,0.014360162226927464,0.1547894342807175]}
{"id": 14, "drone": 2, "position":(25.0,16.666666666666668,1.0), "time":119.95358186714564,"sensors":[35,8,24,26,16,27,6,20,28,1],"power":[0.12297234123706559,0.04321029834794829,0.038351332005521786,0.009040133965591758,0.04184486822255,0.014990717368451595,0.008107483365795252,0.02886485139884078,0.04612817056094769,0.01891395876759673]}
{"id": 15, "drone": 2, "position":(41.666666666666664,25.0,1.0), "time":45.83802449640444,"sensors":[22,36,16,27,6,37,38,21,2,29],"power":[0.00393269693227853,0.12289054547409471,0.003850955424391802,0.006164377660202621,0.013727082615192497,0.0073121273311215,0.01423442986606099,0.004733058406951792,0.01319864571096253,0.0033604471215911034]}
{"id": 16, "drone": 2, "position":(33.333333333333336,41.666666666666664,1.0), "time":168.2164181617096,"sensors":[7,10,30,23,37,29,18],"power":[0.01471187390867409,1.0876756158733243,0.012027513580932556,0.045592999974688776,0.03244508051767343,0.01573315178686956,0.9569345102365907]}
{"id": 17, "drone": 2, "position":(8.333333333333334,16.666666666666668,1.0), "time":275.8997608076689,"sensors":[11,12,3],"power":[0.06553263616426243,0.0616891917531272,0.03189551487805094]}
