LP RESULTS :
 Obj = 0.1*lambda1+0.9*lambda2 = 163.34602466995236 (lambda1 = 1588.4602466995234, lambda2 = 5.0) Resol time = 1997 ms

{"id": 0, "drone": 1, "position":(33.333333333333336,25.0,1.0), "time":2.6698046904941615,"sensors":[27,34,18,0,35,2,9,3,28,38],"power":[1.771436319038995E-4,7.701182884719801E-4,4.0667596838827165E-4,4.8153050874438E-4,0.002112670818474811,4.323566893775455E-4,0.026698046904941614,0.005744699993660127,2.53772305501926E-4,1.7144390777515086E-4]}
{"id": 1, "drone": 1, "position":(8.333333333333334,25.0,1.0), "time":72.34892401643847,"sensors":[39,30,33,4,21,24,38],"power":[0.008436044629058606,0.017264177911499742,0.019292198365889524,0.2945089834392883,0.06809841265554083,0.005579324760607956,0.005653022640169621]}
{"id": 2, "drone": 1, "position":(41.666666666666664,8.333333333333334,1.0), "time":951.3207541566569,"sensors":[34,20,28,23],"power":[0.09447183150914305,0.28946935612170643,0.06462292736185025,0.14999999999999997]}
{"id": 3, "drone": 1, "position":(25.0,41.666666666666664,1.0), "time":276.69834937635096,"sensors":[29,1,2,15,22,6,31,19],"power":[0.17627732479133418,0.36970035543503504,0.025660310840917314,0.06497614045707113,0.025874787396249262,0.06550068924287669,0.09739011468320481,1.1649396014467672]}
{"id": 4, "drone": 1, "position":(8.333333333333334,41.666666666666664,1.0), "time":285.42241445958274,"sensors":[39,30,32,24,14],"power":[0.03351906594176182,0.019159138841575385,0.10914237019981493,0.21339437365091263,0.0984343869128618]}
{"id": 5, "drone": 2, "position":(8.333333333333334,8.333333333333334,1.0), "time":382.12138704661965,"sensors":[33,12,8,21,36,16,7],"power":[0.027048752580756872,0.37017325448545657,0.7651488027763769,0.02890606335227159,0.13235166167422868,0.0260241082561419,1.6825536425782182]}
{"id": 6, "drone": 2, "position":(25.0,25.0,1.0), "time":140.47910399820944,"sensors":[27,34,30,33,18,29,0,35,2,6,9,3,38],"power":[0.04490939989894209,0.010741518220869033,0.013759620257153406,0.012757927550234957,0.26400928781118443,0.012136223570063227,0.12600026872344985,0.011441551111329969,0.0978469079088789,0.022393066882370905,0.030148022703402888,0.018865258725326458,0.05896748427408574]}
{"id": 7, "drone": 2, "position":(8.333333333333334,33.333333333333336,1.0), "time":380.26216365116517,"sensors":[39,30,4,21,24,14],"power":[0.10804488942918031,0.11410676098658812,0.0583936462345785,0.031451101609650346,0.27562564962692365,0.09909627839126313]}
{"id": 8, "drone": 2, "position":(41.666666666666664,25.0,1.0), "time":411.00223664048355,"sensors":[34,17,35,9,3,28,25],"power":[0.0759943807524671,0.15,0.3591384716871058,0.09069320643787221,0.13361957096789678,0.2681119529873087,0.07279768592413566]}
{"id": 9, "drone": 2, "position":(16.666666666666668,8.333333333333334,1.0), "time":274.59535536304566,"sensors":[27,33,12,8,11,36,13,16,7],"power":[0.023971545842733488,0.024513036556366937,0.025108529509106168,0.04557236929124366,0.09099388934013364,0.017648338325771326,0.02770141682710778,0.0737590304444504,0.042985836819466786]}
{"id": 10, "drone": 0, "position":(16.666666666666668,41.666666666666664,1.0), "time":397.6016828142633,"sensors":[30,29,1,15,32,6,31,19,24],"power":[0.037867630660631126,0.045759712385135196,0.040079900971838,0.08502385954292888,0.04085762980018508,0.0723071827490904,0.0541442895563107,0.08819661376416385,0.10037483110995535]}
{"id": 11, "drone": 0, "position":(25.0,8.333333333333334,1.0), "time":260.61949970212754,"sensors":[27,0,11,13,16],"power":[0.025272161732503448,0.020800772597791114,0.9066379682110716,0.12236933083419137,0.05021686129940777]}
{"id": 12, "drone": 0, "position":(41.666666666666664,41.666666666666664,1.0), "time":768.0253695817889,"sensors":[5,37,10,1,26,22,25],"power":[0.2684361643425763,0.16044882275357839,0.15,0.05144135245772496,0.2560678078089306,0.2899508482434867,0.18315847995527212]}
{"id": 13, "drone": 0, "position":(25.0,16.666666666666668,1.0), "time":25.428890038235892,"sensors":[27,34,33,18,0,2,9,11,13,38],"power":[0.016939773311269272,0.003132644844299632,0.002620082527855414,0.01060130954509299,0.022065662028906526,0.0018392021605097028,0.00246072395378326,0.006034381741370683,0.0016053411873857494,0.008085891056964013]}
{"id": 14, "drone": 0, "position":(16.666666666666668,25.0,1.0), "time":136.78480456310712,"sensors":[27,30,33,18,0,2,6,4,21,38],"power":[0.03872997558264775,0.06446234983277802,0.06735132115213859,0.034793293832585205,0.023772522769801956,0.024221222400316524,0.017242648690627985,0.03507599176444355,0.02154442238253277,0.07712215812100505]}
