LP RESULTS :
 Obj = 0.1*lambda1+0.9*lambda2 = 159.34424991473108 (lambda1 = 1557.4424991473109, lambda2 = 4.0) Resol time = 8319 ms

{"id": 0, "drone": 1, "position":(8.333333333333334,33.333333333333336,1.0), "time":159.96225152981538,"sensors":[20,18,29,3,16,5,39,26,35,31],"power":[0.0387857804827099,0.05599568180146076,0.04205373052655858,0.020518869085581853,0.04693076221321323,0.3786708502673814,0.02542643580955842,0.04734429943072942,0.09183964615497957,0.012106908359753669]}
{"id": 1, "drone": 1, "position":(25.0,41.666666666666664,1.0), "time":619.1357735196698,"sensors":[23,22,6,3,19,7],"power":[0.044310564332484946,0.04856036625310168,0.09058454454328499,0.045235399656513096,0.14999999999999997,0.058505995132309994]}
{"id": 2, "drone": 1, "position":(33.333333333333336,25.0,1.0), "time":77.64766696121752,"sensors":[14,4,6,11,30,17,33,9,15,8],"power":[0.005352000881244078,0.036918045651072526,0.00873331133225897,0.03362792565217799,0.027548180776450246,0.7764766696121752,0.007177849469004965,0.029611875918326702,0.12445175429325304,0.016536438651635267]}
{"id": 3, "drone": 1, "position":(41.666666666666664,41.666666666666664,1.0), "time":700.6968071366271,"sensors":[23,22,37,28,34,7,13],"power":[0.3652493840498211,0.2938704801076472,0.15,0.36008358465429197,0.23141543112237864,0.2856309162678307,0.2826047254335483]}
{"id": 4, "drone": 2, "position":(16.666666666666668,25.0,1.0), "time":62.16599769813956,"sensors":[18,38,6,3,9,35,10],"power":[0.02929680498500306,0.006090862678409168,0.008572177560831565,0.025423935829765786,0.0074094815880432425,0.009245148156223163,0.07150289260710059]}
{"id": 5, "drone": 2, "position":(25.0,33.333333333333336,1.0), "time":7.414532049513666,"sensors":[22,6,3,17,9,35,7,15],"power":[5.202871039031702E-4,0.02984834767341174,0.0021410497482153663,7.262035078435152E-4,0.0019959188744387603,6.980798267474859E-4,5.435861344939776E-4,0.0014292083869346089]}
{"id": 6, "drone": 2, "position":(8.333333333333334,41.666666666666664,1.0), "time":358.0357283123381,"sensors":[29,16,5,26,35,0,31],"power":[0.464780726311754,0.030061017122074134,0.1326291859909822,0.07648517647885325,0.06994115183446972,0.1499999999999989,0.13996861610794073]}
{"id": 7, "drone": 2, "position":(41.666666666666664,8.333333333333334,1.0), "time":1129.8262410873197,"sensors":[14,1,12,25,33,36,21,27,8],"power":[0.3230919967256548,2.0248471030435997,0.331730636051647,0.2586082776455115,0.2726415329500828,0.20975370105898575,0.15000000000000002,0.43183503959917297,0.11609475293597893]}
{"id": 8, "drone": 0, "position":(8.333333333333334,25.0,1.0), "time":429.3256699942925,"sensors":[20,32,18,38,3,16,5,39,26,35,10],"power":[0.1112142195172901,0.0795644609639951,0.2599718348796692,0.07245822659546428,0.045147009805262345,0.08067022927942166,0.0554784853181052,0.1755174447556728,0.03192564417151588,0.05484695252318876,0.07946528228254515]}
{"id": 9, "drone": 0, "position":(41.666666666666664,25.0,1.0), "time":67.64385351037865,"sensors":[14,4,11,30,17,33,15,8],"power":[0.010997515514022851,0.11308195434892747,0.11796304418875883,0.18313938513286745,0.01427162377326806,0.004420420036327366,0.009779515696552893,0.029450726227130797]}
{"id": 10, "drone": 0, "position":(8.333333333333334,8.333333333333334,1.0), "time":1005.0418772624499,"sensors":[24,32,38,2],"power":[0.397625842426511,0.10468515873485691,0.2683016646694202,0.1500000000000005]}
{"id": 11, "drone": 0, "position":(25.0,25.0,1.0), "time":55.43109838018937,"sensors":[18,6,3,17,9,10,15],"power":[0.0036070552603325798,0.01749178671007378,0.011533735874661633,0.012154066174636907,0.1109827236191913,0.009871201427309902,0.014339521623259448]}
