LP RESULTS :
 Obj = 0.1*lambda1+0.9*lambda2 = 111.99786992231132 (lambda1 = 1065.9786992231132, lambda2 = 6.0) Resol time = 65810 ms

{"id": 0, "drone": 1, "position":(25.0,25.0,2.0), "time":187.9197859044788,"sensors":[2,6,25,1,4,28,0,3],"power":[0.02091533249629119,0.027228050267231282,0.050650815424860614,0.016593145339488496,0.017432309171614934,0.43248711526732897,0.1140218362791981,0.024376690001229887]}
{"id": 1, "drone": 1, "position":(33.333333333333336,41.666666666666664,1.0), "time":78.5797453611977,"sensors":[30,15,25,1,4,3,17],"power":[0.06987358627457517,0.05144347621830608,0.008534758478565012,0.011801917175485167,0.006869506915935038,0.017327299306963924,0.03906468625865591]}
{"id": 2, "drone": 1, "position":(33.333333333333336,8.333333333333334,1.0), "time":365.37880070587204,"sensors":[2,10,26,31],"power":[0.08713626897848453,1.806686653993947,0.15,0.21612435936010224]}
{"id": 3, "drone": 1, "position":(41.666666666666664,33.333333333333336,1.0), "time":81.90165001810529,"sensors":[15,25,37,32,33,7,3,17,16],"power":[0.006051144612601368,0.005266635147011396,0.0089378078232522,0.007325170455019565,0.045629381544651286,0.029837784774347315,0.005662705198278822,0.01637245471778669,0.007680579971436095]}
{"id": 4, "drone": 1, "position":(41.666666666666664,25.0,1.0), "time":25.759089362357148,"sensors":[38,32,33,0,7],"power":[0.004748401679370973,0.029152175284896567,0.036146537515059765,0.001966820964260048,0.002447274828047436]}
{"id": 5, "drone": 1, "position":(8.333333333333334,8.333333333333334,1.0), "time":326.4396278711023,"sensors":[5,39,11,35,18,14,23,34],"power":[0.08110727719180298,0.09835737314985964,0.42215192284674463,0.0795302250896687,0.08654087867006063,0.6416506300908665,0.127428729148476,0.08034272397711001]}
{"id": 6, "drone": 2, "position":(8.333333333333334,16.666666666666668,1.0), "time":9.099476576014807,"sensors":[5,36,39,11,35,18,14,23],"power":[0.04762391796745707,5.947613892639513E-4,6.934965282690164E-4,0.005373108727434479,0.0868970359725859,0.0016288175111048916,0.0010754410155121422,8.915764108000843E-4]}
{"id": 7, "drone": 2, "position":(41.666666666666664,41.666666666666664,1.0), "time":597.8400957500907,"sensors":[30,20,15,37,33,7,17,16],"power":[0.047773226014614395,0.14999999999999974,0.050560476734523976,0.18023263932846503,0.03859271910890622,0.11771494039760506,0.09326167013777809,0.18500060835169163]}
{"id": 8, "drone": 2, "position":(16.666666666666668,8.333333333333334,1.0), "time":84.55320598430418,"sensors":[2,5,39,11,35,18,14,34],"power":[0.006096962369142011,0.007469867990412266,0.11396896564514808,0.01904611994218614,0.00804260253762066,0.1751153636313987,0.019864722084145667,0.05598841407944496]}
{"id": 9, "drone": 2, "position":(25.0,16.666666666666668,1.0), "time":33.518240746855135,"sensors":[2,10,28,0,18,31],"power":[0.03585143615608226,0.004484419257474691,0.010639946077020183,0.003692133097339781,0.0036168187723676433,0.0035109765058654123]}
{"id": 10, "drone": 2, "position":(41.666666666666664,16.666666666666668,1.0), "time":285.42987928781343,"sensors":[10,38,32,33,31],"power":[0.02339515063938305,0.14525159832062903,0.19138955655454948,0.029631361831382718,0.08146551299007812]}
{"id": 11, "drone": 2, "position":(8.333333333333334,8.333333333333334,1.0), "time":55.53780087803503,"sensors":[5,39,11,35,18,14,23,34],"power":[0.013798936850328103,0.01673372880770601,0.07182151745559438,0.013530629947168648,0.01472336590607138,0.10916525410733345,0.02167969444072391,0.013668861943445024]}
{"id": 12, "drone": 0, "position":(16.666666666666668,33.333333333333336,1.0), "time":30.560513100665816,"sensors":[9,19,6,8,27,21,25,36,1,4,24,28,22,3],"power":[0.00881900856049749,0.002273511045476262,0.05837728922646554,0.003723282057237603,0.015756457765012197,0.005768496219055729,0.0028898944077511875,0.002458745278989034,0.0061118790400075925,0.010129727254350554,0.002682126855188136,0.0024551016987793685,0.0031275284046743844,0.002658186082796982]}
{"id": 13, "drone": 0, "position":(16.666666666666668,41.666666666666664,1.0), "time":43.889540152174966,"sensors":[9,19,30,6,8,27,21,13,15,1,4,24,22],"power":[0.004700501502956099,0.021065697459731924,0.0033615161639365186,0.004950673074902957,0.09506253920427514,0.020534246523826703,0.10743826943275442,0.007455737936250477,0.0028025483814448594,0.007972116864912733,0.011386446731311315,0.00499138655204355,0.006101278713034836]}
{"id": 14, "drone": 0, "position":(8.333333333333334,41.666666666666664,1.0), "time":676.6958245257299,"sensors":[9,19,8,27,21,13,36,24,12,22,29],"power":[0.11879865737289066,0.27307874365959445,0.17510679519576852,0.05369613915354973,0.27571334622566224,0.1425442620637495,0.05187933390283544,0.7110165189569893,0.1591696539805344,1.2011660167762952,0.16261337071947943]}
{"id": 15, "drone": 0, "position":(8.333333333333334,33.333333333333336,1.0), "time":183.86366270178326,"sensors":[9,19,6,8,27,21,36,24,22,29],"power":[0.8436570992702368,0.013120356868316089,0.03704011894098325,0.013391982255280465,0.015629541604157783,0.024621010100051865,0.09506715942891157,0.07216165216544604,0.07085929169355568,0.06511613367479491]}
{"id": 16, "drone": 0, "position":(25.0,41.666666666666664,1.0), "time":14.615267169977685,"sensors":[19,30,8,27,21,15,25,1,4,3,17],"power":[0.001086332994410998,0.011862761348623005,0.0023122974787002683,0.0047737580527262334,0.0017548032452862825,0.005952378212545401,0.0018005286575353394,0.00981199614656077,0.006268779837459532,0.003576421836391212,0.002170675132228903]}
{"id": 17, "drone": 0, "position":(25.0,33.333333333333336,1.0), "time":116.35389157278169,"sensors":[30,6,27,15,25,1,4,28,0,3,17],"power":[0.01712891019825082,0.022403868490416957,0.039609856900727346,0.03419403061152855,0.11871560688448068,0.13738733517350837,0.09791323008932859,0.016778183116860232,0.030319209659202068,0.11748999948289841,0.021509005661554698]}
