LP RESULTS :
 Obj = 0.1*lambda1+0.9*lambda2 = 107.52056903830416 (lambda1 = 1021.2056903830415, lambda2 = 6.0) Resol time = 35016 ms

{"id": 0, "drone": 0, "position":(8.333333333333334,41.666666666666664,1.0), "time":73.83459519557962,"sensors":[34,31,2,7],"power":[0.004983979698175202,0.013176577052569135,0.12277872372138232,0.024074936013191606]}
{"id": 1, "drone": 0, "position":(33.333333333333336,8.333333333333334,1.0), "time":68.4209278842043,"sensors":[23,30,33,9,18,8,4,35,29,38,20,25],"power":[0.014003049186958752,0.0056604187426564775,0.1043376438839003,0.01951225558566129,0.24664753077295765,0.006423443312147861,0.01366995527531136,0.022423215573402024,0.038660727033500875,0.011202164133294822,0.0075945293254077945,0.019559878356813845]}
{"id": 2, "drone": 0, "position":(41.666666666666664,33.333333333333336,1.0), "time":419.85575723747564,"sensors":[11,0,19,24,16,3,12,22,13],"power":[0.6915818871553926,0.09588777934722101,0.15236383288133684,0.06805618658258476,0.046529017467717725,0.05618850430116414,0.8008861837399601,0.03378153368968692,0.04563984657705129]}
{"id": 3, "drone": 0, "position":(33.333333333333336,33.333333333333336,1.0), "time":7.3329428604964875,"sensors":[36,11,39,0,19,16,27,28,3,12,22,13,6],"power":[0.0012090132071060618,0.003552082337887195,6.830437048866662E-4,0.0012509131402513164,6.622630982567052E-4,0.012263421862937099,8.237380700417598E-4,5.85740397068615E-4,0.02028427654697772,0.0010314187245351013,6.668585114378947E-4,0.002489170365621301,6.34332147527888E-4]}
{"id": 4, "drone": 0, "position":(33.333333333333336,16.666666666666668,1.0), "time":6.78850758735961,"sensors":[33,39,0,9,18,35,29,38,20],"power":[0.0010830680517049335,0.0012127635364279207,8.98730083837695E-4,0.0014305648701680718,0.0018161277183638283,7.874179316343998E-4,0.0011810480337497197,0.02272330597002177,0.0015597992773348952]}
{"id": 5, "drone": 0, "position":(25.0,8.333333333333334,1.0), "time":444.97295961797624,"sensors":[30,33,18,8,35,5,29,20,25],"power":[0.11727249866931412,0.04529312350377138,0.13713048838104944,0.28918305020042195,1.4009083474584092,0.13681726615174233,0.6846327330113506,0.11106159744960892,0.03226130600822524]}
{"id": 6, "drone": 2, "position":(8.333333333333334,16.666666666666668,1.0), "time":280.7423485678385,"sensors":[17,26,32,37,14,21],"power":[0.14450308473725082,0.02172038135795953,0.04822858035787608,0.044443188241962354,0.06301650394075477,0.01800557289946722]}
{"id": 7, "drone": 2, "position":(33.333333333333336,41.666666666666664,1.0), "time":184.4900080286805,"sensors":[36,11,19,16,27,28,3,22,13],"power":[0.0232457026904444,0.02322543308419305,0.022535336197148342,0.047128528338322824,0.34911091080394724,0.02162031867419269,0.04937484813907062,0.11057427158088048,0.508567878583501]}
{"id": 8, "drone": 2, "position":(8.333333333333334,33.333333333333336,1.0), "time":69.81835917988694,"sensors":[34,1,10,32,14,31,2,6,21,7],"power":[0.011465383971192556,0.014281598497096586,0.012616023655349681,0.01432458000608202,0.006791800821394222,0.035137080079245535,0.02359137737055585,0.0052255650714375405,0.0063005460669055624,0.09663221831343842]}
{"id": 9, "drone": 2, "position":(41.666666666666664,25.0,1.0), "time":391.7673838189114,"sensors":[11,0,24,12,38],"power":[0.09338841470777791,0.6965792266932952,0.08194381341741527,0.1442572230864701,0.06192207247662191]}
{"id": 10, "drone": 2, "position":(16.666666666666668,33.333333333333336,1.0), "time":41.392061183590336,"sensors":[34,36,1,10,26,32,14,28,31,2,6,21,7],"power":[0.2038991132975994,0.009704119984597005,0.1069792697575864,0.032463872480331564,0.003164947365562913,0.007236667167450554,0.005043922727968559,0.00820416455049795,0.06801732537325982,0.003629898908061753,0.03045695069146102,0.010887652027152969,0.014666831178298765]}
{"id": 11, "drone": 2, "position":(25.0,25.0,1.0), "time":52.99552960413409,"sensors":[34,36,1,10,26,39,14,16,3,6,21,38,20],"power":[0.007129419211928304,0.005990510300788996,0.007683343508712684,0.008789085023312455,0.019732795277478517,0.11814749760610208,0.005502786470806342,0.006040413758400817,0.0055161518156325385,0.011615431827571663,0.014770082073970117,0.004636036176157283,0.010095655282853278]}
{"id": 12, "drone": 1, "position":(16.666666666666668,8.333333333333334,1.0), "time":178.96698931819623,"sensors":[30,26,37,8,35,5,29,20],"power":[0.027067082588029368,0.011630070441567995,0.01859938583301395,0.06133367932889045,0.025277146526495656,0.10203605752627512,0.018306757944003497,0.01783704506134869]}
{"id": 13, "drone": 1, "position":(41.666666666666664,8.333333333333334,1.0), "time":501.0232952935016,"sensors":[23,33,9,18,4,15,38,25],"power":[0.13599695081304122,0.258384273564026,0.7141636546679908,0.07354775157229847,0.14587217927218393,0.1502318611078485,0.04951642124390866,0.10761004970741497]}
{"id": 14, "drone": 1, "position":(25.0,41.666666666666664,1.0), "time":62.93852674896364,"sensors":[34,36,16,27,28,3,22,13,6],"power":[0.006507915334608455,0.028329861363782616,0.011842146989659394,0.013785446064081946,0.10214731322878631,0.01064599472460938,0.004977336217993815,0.0168247847640982,0.009285554683181752]}
{"id": 15, "drone": 1, "position":(8.333333333333334,8.333333333333334,1.0), "time":55.13222467291416,"sensors":[17,37,5],"power":[0.005496915262749183,0.08695742592502412,0.005047518008785833]}
{"id": 16, "drone": 1, "position":(16.666666666666668,25.0,1.0), "time":164.69728521303273,"sensors":[34,1,10,26,32,39,14,31,6,21,20,7],"power":[0.041633609826986696,0.06586366245735212,0.17183957375493245,0.08973179266937979,0.09495805092903131,0.021456178620841496,0.1988981962443033,0.027476992474452195,0.033355447113481464,0.7911964086203515,0.013438773276841898,0.014626014495071017]}
{"id": 17, "drone": 1, "position":(25.0,33.333333333333336,1.0), "time":58.44736913642553,"sensors":[34,36,1,10,26,39,16,28,3,31,13,6,21],"power":[0.01646273547640461,0.11181717601459444,0.011817465732235482,0.009136065482799601,0.004020012888070236,0.008500516531854851,0.02619647158295386,0.017442463149453715,0.019452045093913215,0.006192025020472265,0.009582571469931902,0.05942671846534871,0.008421492132567165]}
