LP RESULTS :
 Obj = 0.1*lambda1+0.9*lambda2 = 151.9613574946096 (lambda1 = 1483.613574946096, lambda2 = 4.0) Resol time = 25812 ms

{"id": 0, "drone": 1, "position":(25.0,41.666666666666664,5.0), "time":290.6015400963494,"sensors":[11,3,16,27,1,29,20,36],"power":[0.0340697053468249,0.029308277767788368,0.10482945213970621,0.03807105137829104,0.020044246637027866,0.06388562748738867,0.051559716059717944,0.05290453568617459]}
{"id": 1, "drone": 1, "position":(8.333333333333334,8.333333333333334,1.0), "time":760.3540756277777,"sensors":[26,9,10,18,17,30,15],"power":[0.552640935696745,0.174256422982486,0.05081864192133755,0.11499634509132736,0.41853670864086695,0.15,0.20875372796128705]}
{"id": 2, "drone": 1, "position":(33.333333333333336,41.666666666666664,1.0), "time":381.47825704335537,"sensors":[11,3,16,23,27,1,38,5,29,36,6],"power":[0.23705164642454726,0.06184659068737249,0.11736460854057691,0.17585370493041114,0.0732747471207437,0.1049124802599593,0.02563790183151535,0.11819612119210003,0.09363881898617572,0.22287483510673015,0.03816042937681286]}
{"id": 3, "drone": 1, "position":(8.333333333333334,16.666666666666668,1.0), "time":51.179702178616424,"sensors":[26,10,8,18,4,17,15],"power":[0.0036869505520233195,0.01799112648362169,0.006289044100378884,0.012432098239569611,0.0047597978171968845,0.0065636842411232,0.0036213362869012716]}
{"id": 4, "drone": 2, "position":(8.333333333333334,41.666666666666664,1.0), "time":664.7286271978121,"sensors":[32,7,24,31,19,4,20,37,22],"power":[0.15,0.2075227277273665,0.07858670538546804,0.07194257644185865,0.0977393619492148,0.04195781559643944,0.045507550415631454,0.17247110913469824,0.08524215259828416]}
{"id": 5, "drone": 2, "position":(41.666666666666664,41.666666666666664,1.0), "time":588.6117721095769,"sensors":[11,23,1,38,5,0,36,6],"power":[0.10369261358084844,0.766343117775937,0.09043485505831395,0.14923011786529472,2.4691618595330103,0.15,0.06086660459510707,0.18613417788693445]}
{"id": 6, "drone": 2, "position":(25.0,41.666666666666664,1.0), "time":221.14643181044266,"sensors":[11,3,16,27,1,21,29,20,36,22],"power":[0.03511569337778558,0.02932292278608641,0.25440849404027926,0.03865420150096526,0.020555906649827996,0.017167699411167792,0.07051380786830634,0.05293273352465059,0.055998335115229975,0.016821221359322947]}
{"id": 7, "drone": 2, "position":(8.333333333333334,33.333333333333336,1.0), "time":9.126743828262,"sensors":[7,24,31,8,19,4,22],"power":[6.723056253779599E-4,0.005096212670273235,0.0050099560229910035,0.001702537528511593,0.00787717098614228,0.00398258151096788,0.0028238084287639425]}
{"id": 8, "drone": 0, "position":(25.0,25.0,1.0), "time":262.67900531251325,"sensors":[3,2,21,29,33,22],"power":[0.048334184270487385,0.1715664339681543,0.13283230058883222,0.028129623785244584,0.13738167922461195,0.018530589593060545]}
{"id": 9, "drone": 0, "position":(41.666666666666664,25.0,1.0), "time":424.2636722191251,"sensors":[25,35,38,28,34,14],"power":[1.8790236511153962,0.15,0.06396856199232533,0.16263668698671438,0.59478690046116,0.18061024935952105]}
{"id": 10, "drone": 0, "position":(8.333333333333334,25.0,1.0), "time":311.3966741927131,"sensors":[24,2,31,10,8,19,18,4,33,22],"power":[0.06631708194425878,0.029452606475073535,0.07495006256198182,0.10752595831940823,0.1437141482444092,0.06484605098649429,0.02257155666910359,0.25428771308136905,0.02274330952553853,0.0388267247636247]}
{"id": 11, "drone": 0, "position":(41.666666666666664,8.333333333333334,1.0), "time":485.2742232217471,"sensors":[13,28,39,12],"power":[0.3188372774359455,0.038257061095357266,3.888861339729432,0.15]}
