LP RESULTS :
 Obj = 0.1*lambda1+0.9*lambda2 = 112.83648673987523 (lambda1 = 1083.3648673987523, lambda2 = 5.0) Resol time = 49472 ms

{"id": 0, "drone": 0, "position":(25.0,41.666666666666664,1.0), "time":31.313883704395064,"sensors":[1,12,22],"power":[0.06775669837099955,0.0036706039653726062,0.01410765449393595]}
{"id": 1, "drone": 0, "position":(16.666666666666668,8.333333333333334,1.0), "time":634.1344220081261,"sensors":[14,28,6,37,8,5,23,31,9,26,30,39,27,36],"power":[0.12369573977630782,0.1491658075421428,0.13386904540636801,0.1331359277748234,0.08851830125453625,0.4320568021811086,0.26115932803048564,0.38589981606995355,0.05352655426500464,0.8760136133458152,0.11357667064925797,0.1296034587565161,0.3333359431153669,0.0703733267590945]}
{"id": 2, "drone": 0, "position":(8.333333333333334,25.0,1.0), "time":27.265012536115844,"sensors":[14,19,6,17,0,16,32,18,36],"power":[0.0028455539174784294,0.12071311246703242,0.003171596161575162,0.0018279152378679192,0.0057092305212428345,0.004915423338735973,0.0020620993952969887,0.002131249478809182,0.004976286888057482]}
{"id": 3, "drone": 0, "position":(8.333333333333334,16.666666666666668,1.0), "time":5.619000127459888,"sensors":[14,28,19,6,31,16,30,36],"power":[0.0012293483649121902,3.708614742163308E-4,9.139632651220087E-4,0.008091239126565517,0.0012620208267191165,5.765723298441346E-4,0.0026721713452543825,0.04684173284597734]}
{"id": 4, "drone": 0, "position":(41.666666666666664,25.0,1.0), "time":385.0325490226544,"sensors":[10,3,20,29,34,11,33],"power":[0.08566282953492846,0.10017595494049117,0.05555130935574046,0.045927259076192994,0.5162007831856701,0.10000036338861557,0.046850610512648085]}
{"id": 5, "drone": 2, "position":(25.0,25.0,1.0), "time":60.00611670681852,"sensors":[25,14,28,24,21,22,16,32,7,38,2],"power":[0.08029844371790741,0.006083198964102915,0.007075374362676402,0.16438555918157194,0.05533270943073209,0.00659294205927146,0.015221269018907187,0.026613497536276037,0.09872860659235942,0.14662545841833505,0.20071251018051178]}
{"id": 6, "drone": 2, "position":(41.666666666666664,33.333333333333336,1.0), "time":219.24956934860126,"sensors":[10,34],"power":[0.06433717046501006,0.021743268686261148]}
{"id": 7, "drone": 2, "position":(25.0,8.333333333333334,1.0), "time":87.82570575898876,"sensors":[14,35,28,37,8,5,23,31,9,26,27],"power":[0.00766600744101954,0.018794272655088144,0.025001149460417208,0.016864072225268915,0.1683620231680254,0.00888048741605741,0.15412166819050852,0.005818498366152188,0.05005203165165687,0.044082239529419094,0.015482389572405447]}
{"id": 8, "drone": 2, "position":(8.333333333333334,41.666666666666664,1.0), "time":616.8153252894,"sensors":[12,17,0,18],"power":[0.08943486945813618,0.14817208476213206,0.07087944050896818,0.3112785740097456]}
{"id": 9, "drone": 2, "position":(25.0,33.333333333333336,1.0), "time":99.46815029495637,"sensors":[25,1,24,0,21,22,16,32,7,38,2],"power":[0.04034457728306837,0.03877468436318101,0.037763632285923346,0.00958559548687686,0.04839128134348023,0.1835426882888498,0.008450441555519255,0.032970445769053204,0.032894138647909646,0.016978187410487303,0.014571185595110704]}
{"id": 10, "drone": 1, "position":(16.666666666666668,25.0,1.0), "time":166.0268694745883,"sensors":[25,14,28,19,6,24,0,21,16,32,7,38,2,36],"power":[0.05047384587845661,0.04153656781559794,0.01819167043883943,0.028372924267852928,0.01375042293708099,0.02997484680503251,0.04180733028663818,0.049347376731146676,0.7008325154910012,0.08835395729936173,0.0200067936085261,0.063831553825347,0.046004440665669534,0.014043536665926138]}
{"id": 11, "drone": 1, "position":(33.333333333333336,8.333333333333334,1.0), "time":129.7527533232136,"sensors":[35,28,13,3,20,8,23,4,9,29,15,33],"power":[0.1489342940832906,0.008377807415532172,0.021998579208823393,0.014633384061029117,0.01099009623275453,0.038099860629379916,0.014846215923580559,0.03288172229246406,0.04642141408337488,0.03186817387070788,0.011734377503189317,0.013088393956780593]}
{"id": 12, "drone": 1, "position":(16.666666666666668,41.666666666666664,1.0), "time":167.05349655786463,"sensors":[1,12,0,22,18],"power":[0.043468617265850606,0.0568945265764927,0.022673745733668253,0.021057181333582177,0.01455628561023191]}
{"id": 13, "drone": 1, "position":(41.666666666666664,8.333333333333334,1.0), "time":567.7572370372011,"sensors":[35,13,3,20,4,29,15,11,33],"power":[0.0873761316929181,0.19540038486321393,0.07423220417669057,0.1700651972961374,0.11711827770753591,0.13172965430718012,0.14726762254833964,0.04999963661131318,0.2070304823630166]}
{"id": 14, "drone": 1, "position":(8.333333333333334,8.333333333333334,1.0), "time":52.77451100602251,"sensors":[14,6,5,31,26,30,39,27,36],"power":[0.004678789958282187,0.018298603666845152,0.01590138747148811,0.06492530081304641,0.005652082238254893,0.1017207667796796,0.02039654124357406,0.006978928487696676,0.013765116840994697]}
