LP RESULTS :
 Obj = 0.1*lambda1+0.9*lambda2 = 141.50892715564427 (lambda1 = 1370.0892715564428, lambda2 = 5.0) Resol time = 99001 ms

{"id": 0, "drone": 0, "position":(8.333333333333334,33.333333333333336,1.0), "time":321.5098490999734,"sensors":[8,4,21,17,31],"power":[0.08892993679079188,0.05626934988011885,0.09353820936631087,0.1022553931526652,0.039485374871925424]}
{"id": 1, "drone": 0, "position":(41.666666666666664,8.333333333333334,3.0), "time":18.666188075221726,"sensors":[38,29,22,18,9,23,6,16],"power":[0.00135460217934572,0.008295219522501377,0.002315942806525651,0.006565642672273383,0.004231737707202243,0.005624673337436145,0.008617656846318558,0.004114535372344522]}
{"id": 2, "drone": 0, "position":(25.0,25.0,1.0), "time":258.3533987971926,"sensors":[7,34,4,21,28,36,31],"power":[0.1206342324391888,0.03483924123940849,0.016408293072498407,0.02445978334987659,0.03532637722091063,0.1064639742442191,0.050546978253018134]}
{"id": 3, "drone": 0, "position":(41.666666666666664,25.0,1.0), "time":122.95694288812314,"sensors":[38,26,5,9,33,37,23,28,36],"power":[0.08756376921864448,0.020957491322037496,0.026017200045365146,0.022263464069906175,0.01891904229050717,0.011966688703645756,0.015488768648738615,0.012817611101796886,0.008709752664878221]}
{"id": 4, "drone": 0, "position":(41.666666666666664,41.666666666666664,1.0), "time":648.6028926959497,"sensors":[1,26,12,5,33,27,37,39,15],"power":[0.21939198492206552,0.08976439920038577,0.05525668133380114,0.10803400537976497,0.18541538314166436,0.14436330775161924,0.39059718040049385,0.1584433920268363,0.12701993347095336]}
{"id": 5, "drone": 1, "position":(33.333333333333336,16.666666666666668,1.0), "time":9.733173096870665,"sensors":[38,22,7,9,13,23,6,28,0,36],"power":[0.002493477100856077,6.962526575244058E-4,7.512858110226709E-4,0.002803888844209809,0.0010746285808444626,0.0015367258911201049,7.073148693801152E-4,0.04754467518837419,7.810909382986901E-4,0.0037979788069325495]}
{"id": 6, "drone": 1, "position":(8.333333333333334,8.333333333333334,1.0), "time":710.4745154036536,"sensors":[25,2,24,20,32,19,11,30],"power":[0.09536461907966994,0.258671116211251,0.15,0.16338456000125737,0.1631709320307121,0.045335730323862164,0.1370109152223203,0.08493663491836244]}
{"id": 7, "drone": 1, "position":(41.666666666666664,33.333333333333336,1.0), "time":75.15703229316328,"sensors":[38,1,26,5,33,27,37,15],"power":[0.005645284680785613,0.0074656873445738785,0.039278109477576734,0.1102103028347549,0.26838546461791857,0.005636692248380786,0.10105064198214567,0.006070083834218952]}
{"id": 8, "drone": 1, "position":(25.0,41.666666666666664,1.0), "time":220.93409235942968,"sensors":[1,12,35,34,4,39,15,3],"power":[0.02852500756651971,0.09350407978651556,0.07270249761409192,0.06193355913321947,0.03583390185621273,0.019009315431608036,0.05519904194175492,0.02987743289092151]}
{"id": 9, "drone": 1, "position":(16.666666666666668,41.666666666666664,1.0), "time":353.79045840332344,"sensors":[35,34,4,21,3],"power":[0.2785293501905587,0.02742716568247364,0.1485093249744129,0.048422490155854585,0.12012256710907847]}
{"id": 10, "drone": 2, "position":(33.333333333333336,25.0,1.0), "time":12.648647425498782,"sensors":[38,7,5,34,9,33,28,36],"power":[0.0031539687393400736,9.66836625305392E-4,0.002232968814912481,0.0012892385184247528,0.0012943936166320248,0.0011921167250419239,0.0036218590786795857,0.00543350445026014]}
{"id": 11, "drone": 2, "position":(25.0,33.333333333333336,1.0), "time":15.102943266857588,"sensors":[12,7,5,35,34,4,15,21,36,31],"power":[0.001239238879683003,0.0010357458021860407,9.631100723536619E-4,0.0010709769037248644,0.024510795426467575,0.0034384871450028574,0.0015271035524867128,0.0021856082181744675,0.0010471505735192119,0.0017506650684389472]}
{"id": 12, "drone": 2, "position":(25.0,8.333333333333334,1.0), "time":365.25298239471243,"sensors":[22,7,10,14,13,28,0,36,30],"power":[0.07213773547516032,0.02661189932229506,0.13917438393872367,0.15,3.652529823947124,0.031217294521267175,0.564642424007332,0.02454763926018896,0.11332108151542587]}
{"id": 13, "drone": 2, "position":(8.333333333333334,25.0,1.0), "time":381.5095728749329,"sensors":[8,25,2,32,21,17,19,31,11],"power":[0.12117741957294693,0.07200304977543569,0.047774931663178206,0.040639260458413415,0.06573378397834687,0.047744606847334455,0.10466426967613705,0.08667180084002325,0.0695498845200642]}
{"id": 14, "drone": 2, "position":(41.666666666666664,8.333333333333334,1.0), "time":595.5751255944382,"sensors":[38,29,22,10,18,9,23,6,16,28],"power":[0.04978889808102872,0.3735192612033566,0.08327320940332654,0.03829015969230673,0.27299397432382727,0.14849337451568825,0.2150733861656154,0.37387153533733825,0.14588546462765753,0.040316320311151774]}
