LP RESULTS :
 Obj = 0.1*lambda1+0.9*lambda2 = 134.90560177924007 (lambda1 = 1304.0560177924006, lambda2 = 5.0) Resol time = 10066 ms

{"id": 0, "drone": 2, "position":(25.0,41.666666666666664,1.0), "time":211.4536609602839,"sensors":[18,1,13,12,24,9,25,29,38,22],"power":[0.04736942689158589,0.08294518896453293,0.12512689319604176,0.02518128370972553,0.30715420025383317,0.029772172534605845,0.015815795815750315,0.07208435382569454,0.018007340591299575,0.07949006426177525]}
{"id": 1, "drone": 2, "position":(41.666666666666664,41.666666666666664,1.0), "time":155.1263003261214,"sensors":[18,13,17,26,20,9,21,29],"power":[0.010348248253765,0.013058313119826942,0.07710801061646003,0.021573975223548262,0.9687336483137761,0.02047928721904195,0.021759968037453708,0.02105452258855432]}
{"id": 2, "drone": 2, "position":(16.666666666666668,8.333333333333334,1.0), "time":404.44417749140456,"sensors":[30,32,36,10,0,28,14,33,23,34,8],"power":[0.23043459646282116,0.20230055801871097,0.09037866403993469,0.20048920114116242,0.03271203221371264,0.04773503523648582,0.40692159669314937,0.19138630048683436,0.03218382075150717,0.026337551882163763,0.09391345872358944]}
{"id": 3, "drone": 2, "position":(16.666666666666668,16.666666666666668,1.0), "time":15.626512973812964,"sensors":[30,32,10,0,28,14,15,33,37,5,7,34,35,8],"power":[0.02362214550530791,0.0014516372007590908,0.0013169058260136804,0.002338613210206319,0.033537257482022666,0.002380905715176694,0.002665167728712546,0.0010045902934000739,0.0023500937988950796,0.0038284331141505133,0.0017845389109102945,0.001449543561951347,0.001850914605190961,0.0027538461991718703]}
{"id": 4, "drone": 2, "position":(25.0,8.333333333333334,1.0), "time":517.4053660407784,"sensors":[30,32,36,10,0,28,14,33,37,5,2,23,34],"power":[0.07863654595244937,0.3750458122860233,0.056714817495739665,0.03656803394699554,0.12363639109387425,0.03683431247733798,0.044536295703894994,0.12646138028379897,0.036935516165386095,0.03829537959146164,0.14814526166237693,0.11781617924849282,0.13557479684703638]}
{"id": 5, "drone": 1, "position":(8.333333333333334,33.333333333333336,1.0), "time":175.27300065325272,"sensors":[11,16,39,15,31,6,25,38,35],"power":[0.041762308207923565,0.04981514282815327,0.08719805276341631,0.024153645185416572,0.2744547881242013,0.15981677182471918,0.024105471275935455,0.06156413355598869,0.027931079240835772]}
{"id": 6, "drone": 1, "position":(8.333333333333334,41.666666666666664,1.0), "time":876.3800505832432,"sensors":[11,16,3,39,31,6,25,27,38],"power":[0.14558800368175803,0.09728689238026335,0.15,0.0654364804202006,0.27811940236520544,0.509268042020361,0.7948542471728992,0.21102080959405753,0.1821180704799533]}
{"id": 7, "drone": 1, "position":(8.333333333333334,25.0,1.0), "time":22.009752269374353,"sensors":[11,16,39,28,15,31,6,38,7,35],"power":[0.0014676521104997078,0.002897964791583379,0.009512404369672026,0.0025574738401588767,0.005976820478276743,0.00268845220046739,0.0019323157371512662,0.0019432945622617442,0.0014294151893798539,0.11624217752441449]}
{"id": 8, "drone": 1, "position":(8.333333333333334,8.333333333333334,1.0), "time":30.733261759444645,"sensors":[30,32,36,10,14,33,8],"power":[0.005043401992906303,0.002126976073310468,0.0029065184643256373,0.01766878055600674,0.023949505718466203,0.0030228759248495892,0.053332695077238375]}
{"id": 9, "drone": 1, "position":(41.666666666666664,25.0,1.0), "time":199.65995252708854,"sensors":[4,26,21,19],"power":[0.05925654444770424,0.05407825393269533,0.0619808810926543,0.023616325842660536]}
{"id": 10, "drone": 0, "position":(33.333333333333336,41.666666666666664,1.0), "time":642.1986246369775,"sensors":[18,1,13,12,17,26,20,24,9,21,29,22],"power":[0.17511191889399264,0.06705481103546707,0.546143735474318,0.07307534100487548,0.048859841328223526,0.06917554069794975,0.1267877090778982,0.231794982653065,0.2354095089986538,0.05467488934292623,1.7789987422077707,0.09271317044914933]}
{"id": 11, "drone": 0, "position":(16.666666666666668,25.0,1.0), "time":18.939553326246312,"sensors":[30,0,39,28,15,37,5,38,7,35],"power":[0.0019179824084027664,0.0012241465567635263,0.0015559411759815366,0.0075145374177587095,0.09447314310319523,0.00324106273681636,0.004875836139107832,0.002266330705775578,0.010403859312109106,0.00397582862955877]}
{"id": 12, "drone": 0, "position":(41.666666666666664,33.333333333333336,1.0), "time":307.07114030221305,"sensors":[4,12,17,26,20,21],"power":[0.077600788883763,0.023251761817626736,0.024032148055316456,0.4959483551245962,0.08646750384668148,0.8676434027679006]}
{"id": 13, "drone": 0, "position":(41.666666666666664,16.666666666666668,1.0), "time":202.16623274026279,"sensors":[4,2,19,34],"power":[0.013142666668532721,0.020387301314401682,0.28456461213871465,0.012901009401851772]}
{"id": 14, "drone": 0, "position":(25.0,25.0,1.0), "time":133.68046678670103,"sensors":[0,28,15,37,12,5,7,34,22],"power":[0.024616497757183893,0.023239840167234085,0.0227312235043989,0.16299442192660635,0.03447547082397384,0.10300035115528001,0.14657729400235306,0.01697749647678665,0.017211639327445835]}
