LP RESULTS :
 Obj = 0.1*lambda1+0.9*lambda2 = 148.69830492838773 (lambda1 = 1441.9830492838773, lambda2 = 5.0) Resol time = 3919 ms

{"id": 0, "drone": 2, "position":(16.666666666666668,8.333333333333334,1.0), "time":210.2413751371563,"sensors":[7,15,34,11,0,20,16,1,6,35,21,32],"power":[0.014790192894481186,0.06580186208205935,0.10483435410257268,0.04806671844185111,0.08630784054907577,0.04274813096784188,0.036145403027377565,0.023762506972657877,0.06225731119693827,0.11958940794777995,0.12881465506295464,0.02327296351611755]}
{"id": 1, "drone": 2, "position":(41.666666666666664,25.0,1.0), "time":315.9929874691197,"sensors":[10,37,33,29],"power":[0.08311001442083175,0.14304124679904087,0.03784411816289911,0.2396812257736751]}
{"id": 2, "drone": 2, "position":(33.333333333333336,8.333333333333334,1.0), "time":132.85887138261484,"sensors":[22,7,25,5,15,19,28,16,36,2,12,35],"power":[0.010423996439363894,0.06110208558654045,0.04008305408430814,0.037784002176608274,0.018621511957973555,0.193938280593068,0.03030355163659432,0.03420202128661602,0.03687766272019153,0.06354440485594927,0.03541181194865667,0.012317040946772771]}
{"id": 3, "drone": 2, "position":(8.333333333333334,8.333333333333334,1.0), "time":519.1075594678736,"sensors":[34,11,0,20,1,6,35,21,32],"power":[0.14579966235643624,0.0833108507322495,0.10163970375131978,0.14164124636787426,0.1262374930273421,0.08887327257704902,0.03405426095795463,0.06661094839180974,0.05329642484118064]}
{"id": 4, "drone": 2, "position":(25.0,8.333333333333334,1.0), "time":263.782255827113,"sensors":[7,25,15,34,11,19,0,16,2,6,12,35,21],"power":[0.11737153218520162,0.06218263551214388,0.6501594869384879,0.023769909700016616,0.018622430825899376,0.0818569486456528,0.026871706373833036,1.0547907005712085,0.053604947212584596,0.02255654417250233,0.02439611512597434,0.30406698379883007,0.05288334893610581]}
{"id": 5, "drone": 0, "position":(8.333333333333334,41.666666666666664,1.0), "time":904.7348294194275,"sensors":[38,31,39,26,3,23,30,9,27,13,14],"power":[0.29585957270986607,0.12441394205086376,0.16050516206300897,0.6882663932287142,0.12168527476407401,0.07092925052302347,0.12101083599457294,0.2760981521890478,0.2687310160551206,0.2735960896592713,0.16096550468694792]}
{"id": 6, "drone": 0, "position":(8.333333333333334,25.0,1.0), "time":144.3749860796744,"sensors":[34,23,30,0,17,32],"power":[0.00945020375340257,0.018411194668919585,0.046852792363281284,0.010997595989840332,0.07016928777463474,0.036497568542160005]}
{"id": 7, "drone": 0, "position":(8.333333333333334,16.666666666666668,1.0), "time":140.85050862948174,"sensors":[34,0,17,32],"power":[0.04377589692333381,0.03953453585898354,0.011555305436522813,0.08032774234981264]}
{"id": 8, "drone": 0, "position":(41.666666666666664,33.333333333333336,1.0), "time":45.21061436478669,"sensors":[10,37,29],"power":[0.0669158619414582,0.006958753200959135,0.004308090917132657]}
{"id": 9, "drone": 0, "position":(8.333333333333334,33.333333333333336,1.0), "time":206.8121107905081,"sensors":[38,26,23,30,17,27,14],"power":[0.01565188279316271,0.04464519298003965,0.046072765865793966,0.41322419920273584,0.06827540678884216,0.01724367905266202,0.048976875734149904]}
{"id": 10, "drone": 1, "position":(25.0,33.333333333333336,1.0), "time":60.773421033310655,"sensors":[18,24,14],"power":[0.11340491652317482,0.22164144741263683,0.009710595656461872]}
{"id": 11, "drone": 1, "position":(8.333333333333334,41.666666666666664,1.0), "time":186.06112299426684,"sensors":[38,31,39,26,3,23,30,9,27,13,14],"power":[0.06084430769878303,0.025586057949136227,0.0330083132965976,0.14154381358958476,0.025024900267184694,0.014586788942262924,0.02488620014117676,0.05678031903104838,0.05526524789886953,0.05626576321982707,0.03310298398107558]}
{"id": 12, "drone": 1, "position":(33.333333333333336,41.666666666666664,1.0), "time":490.0917646069784,"sensors":[8,18],"power":[0.14734571333451585,0.03305220147172432]}
{"id": 13, "drone": 1, "position":(25.0,41.666666666666664,1.0), "time":30.482422465265174,"sensors":[8,18,24,26,3,14],"power":[0.002654286665484189,0.0035428820051008904,0.004890376311800059,0.0025805711606663364,0.003289824968741334,0.003735880473579811]}
{"id": 14, "drone": 1, "position":(41.666666666666664,8.333333333333334,1.0), "time":674.5743181840568,"sensors":[4,22,7,25,5,19,28,36,33,2,12],"power":[0.15,0.21894176880318955,0.04957642135431586,0.047734310403547975,0.6626109789087196,0.0822753072967284,0.19918752234565243,3.5253132446428967,0.14906359871884842,0.0807629798211412,0.09019207292536899]}
