LP RESULTS :
 Obj = 0.1*lambda1+0.9*lambda2 = 144.15552473060015 (lambda1 = 1396.5552473060013, lambda2 = 5.0) Resol time = 5984 ms

{"id": 0, "drone": 1, "position":(25.0,41.666666666666664,1.0), "time":497.51319397582085,"sensors":[36,0,3,8,37,16,22,6,39,33],"power":[0.04215949879705649,0.14991302604800766,1.0116315864488268,0.15,0.5722100695635246,0.033092101451040815,0.23357773707448737,0.17280286256002933,0.05000357020033677,0.057042944481321994]}
{"id": 1, "drone": 1, "position":(41.666666666666664,33.333333333333336,1.0), "time":13.083156679554847,"sensors":[36,2,24,39,5],"power":[8.382986425748321E-4,0.005488778727156808,0.0013013436545048617,9.496384712119802E-4,0.024789810143325278]}
{"id": 2, "drone": 1, "position":(8.333333333333334,16.666666666666668,1.0), "time":212.6848282334677,"sensors":[9,29,35,34,4,14,38],"power":[0.01641716936259892,0.024276777517868872,0.05098747327137601,0.15120590442209275,0.02042625600299996,0.01364638210059048,0.065070062765475]}
{"id": 3, "drone": 1, "position":(41.666666666666664,8.333333333333334,1.0), "time":641.2013170044836,"sensors":[23,17,19,25,27,10],"power":[0.30000388922494564,0.20304827018467278,0.15,1.1252686370672755,0.2788109178246148,0.08103907574090914]}
{"id": 4, "drone": 1, "position":(25.0,8.333333333333334,1.0), "time":32.072751412172465,"sensors":[13,4,1,27,14,11,38,28],"power":[0.00671592948541727,0.007881277625715574,0.04513129504867341,0.0035274928666688666,0.010431153402386007,0.08178626113341855,0.0020758230371472185,0.0024060785635363815]}
{"id": 5, "drone": 0, "position":(8.333333333333334,41.666666666666664,1.0), "time":723.8146595073208,"sensors":[0,16,32,21,18,33,12,31,7,20],"power":[0.09329833560690749,0.44893228464889046,0.0758572756275028,0.09962801879988215,0.15,0.09058359994114214,1.1358551204790635,0.09999841491116486,0.09181034695780865,0.08020772040370991]}
{"id": 6, "drone": 0, "position":(8.333333333333334,16.666666666666668,1.0), "time":121.04894860471302,"sensors":[9,29,35,34,4,14,38],"power":[0.00934378397798377,0.013817056996762951,0.029019371446353887,0.08605839873555625,0.011625543926338102,0.007766798503000676,0.03703443611293744]}
{"id": 7, "drone": 0, "position":(8.333333333333334,8.333333333333334,1.0), "time":94.67782451027392,"sensors":[9,34,4,1,14,38,28],"power":[0.07336382650332285,0.00766304731110154,0.018680478376781117,0.00598426895889671,0.013563996265793563,0.07513789364262895,0.021441517683598237]}
{"id": 8, "drone": 0, "position":(33.333333333333336,33.333333333333336,1.0), "time":69.37213895262566,"sensors":[26,36,3,22,6,39,5,15],"power":[0.006357524400608199,0.03131317722114069,0.011203541682877292,0.008770774781795465,0.011608224459485695,0.040133237015342896,0.012890762994889267,0.006129296374315755]}
{"id": 9, "drone": 0, "position":(16.666666666666668,8.333333333333334,1.0), "time":387.64167573156845,"sensors":[9,13,4,1,14,11,38,28],"power":[0.05087522015609445,0.04395295190241106,3.1739391007909905,0.22070380274745185,1.4565752746855922,0.06436355548262643,0.19122254937223718,0.1261524037528654]}
{"id": 10, "drone": 2, "position":(25.0,16.666666666666668,1.0), "time":10.307281906525924,"sensors":[26,29,13,4,15,1,14,11],"power":[0.0014325326126412954,0.0011288168792526435,0.0757467579713026,0.001229176961899366,0.0010542505682005587,0.0017074019974717392,0.0011830656331997397,0.0038501833839548224]}
{"id": 11, "drone": 2, "position":(25.0,25.0,1.0), "time":109.60779275345867,"sensors":[26,36,29,13,39,15,33],"power":[0.2520215946017632,0.03948539645316044,0.023293136495002788,0.02358436064086911,0.0325685968131293,0.1170958881880428,0.007701356651974623]}
{"id": 12, "drone": 2, "position":(8.333333333333334,25.0,5.0), "time":528.4944496951141,"sensors":[29,35,34,32,21,31,7,20],"power":[0.08717842262814798,0.06999315528227011,0.15137191272693903,0.07416035879801094,0.0987911946740861,0.11217227747380894,0.08063446732498564,0.13662718487568196]}
{"id": 13, "drone": 2, "position":(25.0,33.333333333333336,1.0), "time":65.61960106940145,"sensors":[26,36,29,0,3,37,22,6,39,15,33],"power":[0.02091269636095991,0.03620362888606763,0.005256184653079968,0.005271165724468939,0.014205122240756159,0.005866068448305706,0.0067555274303740575,0.006997683315385656,0.04190037584409014,0.02572056486944094,0.013332747909702996]}
{"id": 14, "drone": 2, "position":(41.666666666666664,25.0,1.0), "time":682.5261218815057,"sensors":[23,2,24,17,30,5,10],"power":[0.07586261368571816,0.1445112212728432,0.20048950360855386,0.050966355126637226,0.14999999999999983,0.32166155394507584,0.2366633608540293]}
