LP RESULTS :
 Obj = 0.1*lambda1+0.9*lambda2 = 156.28631275190162 (lambda1 = 1544.863127519016, lambda2 = 2.0) Resol time = 144 ms

{"id": 0, "drone": 1, "position":(25.0,41.666666666666664,1.0), "time":722.4173280954806,"sensors":[14,24,15,26,2,19,28,33,27],"power":[0.05268377169292479,0.24891133772344953,0.22145479532344586,0.060433992665667166,0.1499999999997923,0.5298357012106704,0.1109329931030357,0.0706128035993976,2.351110986710585]}
{"id": 1, "drone": 1, "position":(41.666666666666664,33.333333333333336,1.0), "time":209.68757648002682,"sensors":[29,38,0,26,20,13,35],"power":[0.02893200312196236,0.9283843401693753,0.024661509277593047,0.07483618762270294,0.05297282953743909,0.07672658032728039,0.16056277271377348]}
{"id": 2, "drone": 3, "position":(8.333333333333334,41.666666666666664,1.0), "time":822.4457994235353,"sensors":[34,31,12,14,3,11,18,39,28,33,9],"power":[0.4999920564636862,0.4342738750184672,0.1228336884840339,0.3331775201559307,0.07960102733970441,0.9340857272742551,0.28564489592521947,1.108226227920047,0.07448494743507049,0.2826099831411466,0.15000000000000002]}
{"id": 3, "drone": 3, "position":(8.333333333333334,25.0,2.0), "time":722.4173280954807,"sensors":[10,12,21,5,8,3,11,18,32,36],"power":[0.06737159788017925,0.1944969886565934,0.6851167283493172,0.1210145171264095,0.07920911364632735,0.3679959266031331,0.04894783823357495,0.08146260958989195,0.22334193920367426,0.6823774958840964]}
{"id": 4, "drone": 2, "position":(41.666666666666664,8.333333333333334,1.0), "time":617.5675389462183,"sensors":[22,37,17,23,1],"power":[2.8600506926639335,0.15000000000000002,0.07791813122417567,0.16226589156091736,0.8736203159678265]}
{"id": 5, "drone": 2, "position":(33.333333333333336,33.333333333333336,1.0), "time":108.04752280945885,"sensors":[29,38,26,30,35,27],"power":[0.12106799687803764,0.033223450898831934,0.14249047697131856,0.011681461538951405,0.008467661435319537,0.016588350910259304]}
{"id": 6, "drone": 0, "position":(41.666666666666664,41.666666666666664,1.0), "time":457.9629945243303,"sensors":[4,38,0,26,20,13,35],"power":[0.15,0.0849253397162322,0.15012494429985884,0.10063626072410704,0.5834538314972573,0.07327341967271961,0.05762838917415956]}
{"id": 7, "drone": 0, "position":(25.0,16.666666666666668,1.0), "time":822.4457994235353,"sensors":[16,10,25,17,5,8,7,6,30],"power":[0.169391870655369,0.1978778705474791,0.2754191144577175,0.17303984004021117,0.09202788163088788,0.07348132665882856,0.4418886917247615,0.8936058487929235,0.23057786863822155]}
