LP RESULTS :
 Obj = 0.1*lambda1+0.9*lambda2 = 147.71429279602867 (lambda1 = 1450.142927960287, lambda2 = 3.0) Resol time = 95196 ms

{"id": 0, "drone": 2, "position":(41.666666666666664,25.0,1.0), "time":109.69233713829304,"sensors":[34,35,11,18,16,28,6,33,29,22,38,23],"power":[0.05490079666490973,0.013633521313107898,0.07427239358891483,0.007027604823044427,0.0076026767109177,0.016366920595528398,0.035710836797794875,0.09852818649608418,0.019952961432495166,0.0160329717878985,0.026256872910307347,0.01694465572409355]}
{"id": 1, "drone": 2, "position":(41.666666666666664,16.666666666666668,1.0), "time":554.3534779282687,"sensors":[34,13,35,11,18,6,33,22,30,4],"power":[0.30615775459577355,0.035173079360269095,0.15935640825500394,0.06581916419833868,0.11509814766958806,0.5818514354808302,0.08763416213463159,0.1311345185031447,0.10113685901765007,0.03554224114702691]}
{"id": 2, "drone": 2, "position":(33.333333333333336,16.666666666666668,1.0), "time":505.22844098916704,"sensors":[34,28,6,33,30,4,1],"power":[0.04356609700988823,0.052897057388371124,0.19998075038800567,0.07878998046332662,0.03808140511750465,0.20953817739773958,0.040733362672573874]}
{"id": 3, "drone": 1, "position":(33.333333333333336,25.0,1.0), "time":38.10753072574349,"sensors":[34,11,28,6,33,3,20,4,38,23,12],"power":[0.003218922624485856,0.002747227632252851,0.055602686184511654,0.008994201289793342,0.032639332927943965,0.005068888553906066,0.006498790610704499,0.0026934420925470207,0.003515119552182144,0.0030881955194003744,0.004120431506951567]}
{"id": 4, "drone": 1, "position":(25.0,33.333333333333336,1.0), "time":109.69233713829294,"sensors":[25,31,28,10,3,20,15,21,12],"power":[0.032558978152274896,0.009026024470014016,0.02075904065231336,0.014429724600221768,0.5469899404213692,0.036433769478655946,0.014297489500761554,0.013462157520644476,0.40084403343668784]}
{"id": 5, "drone": 1, "position":(41.666666666666664,41.666666666666664,1.0), "time":1266.4206890407297,"sensors":[32,2,31,16,29,20,8,38,19,23,9],"power":[12.664206890407298,1.4703337798201668,0.3830472531540091,0.5424474119036266,0.1186649150063011,0.10203374826944936,0.15,0.24061738841710265,5.8270323657229435,0.38695485504387067,0.9982522767465294]}
{"id": 6, "drone": 0, "position":(41.666666666666664,33.333333333333336,1.0), "time":35.92237105552075,"sensors":[32,34,11,2,31,16,28,33,29,20,38,19,23,9],"power":[0.008496058449890712,0.002519336483185088,0.008400426528595212,0.003926915409125269,0.004958912692758852,0.01599163206046618,0.00437429517927548,0.006830563426569128,0.011382123561203722,0.005033691641190222,0.290784991319292,0.006062457208033096,0.14984582701719057,0.0033555669974978494]}
{"id": 7, "drone": 0, "position":(16.666666666666668,16.666666666666668,1.0), "time":204.53468840041074,"sensors":[37,14,4,26,1,15,36],"power":[0.8403912936486488,0.016613232832236653,0.014679900164690382,0.017931792327269217,0.10926663732742611,0.02302175302296732,0.03898131511144981]}
{"id": 8, "drone": 0, "position":(8.333333333333334,8.333333333333334,1.0), "time":1076.8287725581042,"sensors":[0,27,14,17,26,36,39],"power":[0.4013771006714359,0.15,3.068520344603189,0.2942254439931291,10.768287725581043,0.3144011820552768,0.3087420565176914]}
{"id": 9, "drone": 3, "position":(8.333333333333334,33.333333333333336,4.0), "time":780.6445876294613,"sensors":[7,10,24,5,15,21],"power":[0.09705344704023244,0.07144361460849936,0.3840960785919649,0.19317305513404137,0.11268075747627114,0.23446904494135884]}
{"id": 10, "drone": 3, "position":(41.666666666666664,8.333333333333334,1.0), "time":206.83877012329395,"sensors":[34,13,35,18,6,22,30],"power":[0.015309716286960881,0.11482692063973092,0.024621711420329966,0.027874247507367503,0.022778056820470297,0.015520521518903487,1.6612302059069834]}
{"id": 11, "drone": 3, "position":(16.666666666666668,41.666666666666664,3.0), "time":462.6595702075317,"sensors":[25,7,10,21,12],"power":[0.12799789239466466,0.12015149149288404,0.7517195840582606,0.08721545370166901,0.03371456467783929]}
