LP RESULTS :
 Obj = 0.1*lambda1+0.9*lambda2 = 109.4871044550507 (lambda1 = 1067.871044550507, lambda2 = 3.0) Resol time = 1647 ms

{"id": 0, "drone": 3, "position":(33.333333333333336,8.333333333333334,3.0), "time":329.36792845382,"sensors":[17,4,22,39,20,13,3,8,15,6,35],"power":[0.030483672195467767,0.03249551723107212,0.1259577140106061,0.0597406937372351,0.05754920372145852,0.022406512038071418,0.022143801384257016,0.05696992586133739,0.029592606237986225,0.03120750973388303,0.14188233838809847]}
{"id": 1, "drone": 3, "position":(41.666666666666664,25.0,1.0), "time":189.00207304883529,"sensors":[19,37,17,12,0,36,20,13,3,8,31,15,23,24],"power":[1.3317735255518228,0.020608279104863896,0.05356806114253298,0.01509898056536494,0.13423475566897905,0.08756149827961636,0.03249649547034494,0.020190599106544305,0.03956702618402148,0.012397171341490985,0.020848143890726503,0.018349274193074635,1.890020730488353,0.10370174948747549]}
{"id": 2, "drone": 3, "position":(16.666666666666668,8.333333333333334,1.0), "time":77.29676567464503,"sensors":[1,33,7,4,28,22,39,34,18,27,14,16],"power":[0.11784819207661484,0.03859617801629393,0.02626647877769763,0.026076474682084783,0.009297254436404185,0.008124650463373285,0.018003206925512858,0.03576845080844096,0.01707517566180172,0.10560763345223124,0.028278677265880847,0.014310003527250112]}
{"id": 3, "drone": 0, "position":(25.0,33.333333333333336,1.0), "time":425.16392909477497,"sensors":[37,21,32,26],"power":[0.11317185888419862,0.19145824133221898,0.24619440259507902,0.06398671017367713]}
{"id": 4, "drone": 0, "position":(41.666666666666664,8.333333333333334,1.0), "time":524.7350538844515,"sensors":[17,12,2,20,13,3,15,6,35],"power":[0.0565157897310132,0.136786976846467,0.2996361198445738,0.09544643988824321,0.17059143668140594,0.11058540005482019,0.23609568759499913,0.2624948927745846,0.07548012783058865]}
{"id": 5, "drone": 0, "position":(25.0,8.333333333333334,1.0), "time":117.97206157128039,"sensors":[1,33,4,22,39,34,27,8,35],"power":[0.02248918490847757,0.03487339065090558,0.11193405999748522,0.19897956019172316,1.179720615712804,0.049147662997520096,0.01993934116733437,0.015646852047198064,0.022081017302838422]}
{"id": 6, "drone": 1, "position":(41.666666666666664,33.333333333333336,1.0), "time":130.7568131775773,"sensors":[19,37,0,36,26,31,23,24],"power":[0.022508305189898936,0.018468372101602844,0.03316610544108667,0.06734355907430865,0.026249994953336773,0.04674780997904654,0.030023829034179356,0.04424333573794845]}
{"id": 7, "drone": 1, "position":(41.666666666666664,41.666666666666664,1.0), "time":511.95030227815465,"sensors":[36,26,31,5],"power":[0.03819249370285104,0.10323974638326665,0.08240404613022694,0.15]}
{"id": 8, "drone": 1, "position":(8.333333333333334,41.666666666666664,1.0), "time":354.4479625958797,"sensors":[11,9,30],"power":[0.8636661727065911,0.15,0.24436301981485894]}
{"id": 9, "drone": 2, "position":(33.333333333333336,16.666666666666668,1.0), "time":24.76598916340005,"sensors":[19,17,22,39,20,13,3,8,15,23,24,35],"power":[0.002681854324913582,0.014071635745710737,0.0035489001123211704,0.002107562936142982,0.022113680658312138,0.0023361003058183878,0.0039074466421603025,0.06498605074997355,0.0028400826077117428,0.002556172124209555,0.00205491477457607,0.0017025232302102968]}
{"id": 10, "drone": 2, "position":(8.333333333333334,25.0,1.0), "time":117.97206157128043,"sensors":[29,21,38,10,16],"power":[0.02203323446833916,0.008160342740436009,0.34807761163414874,0.04128866603110366,0.015018347053541497]}
{"id": 11, "drone": 2, "position":(8.333333333333334,8.333333333333334,1.0), "time":872.6022173045815,"sensors":[25,1,33,7,29,28,10,34,18,27,14,16],"power":[0.15,0.1629789124977267,0.08065612416248592,2.5439245484041573,0.12850150290317383,0.23818547710342244,0.10871133396889632,0.0650838861940389,3.338632290038651,0.18042110711892426,1.7733057041939846,0.30463191813519114]}
