LP RESULTS :
 Obj = 0.1*lambda1+0.9*lambda2 = 150.5521396730539 (lambda1 = 1478.521396730539, lambda2 = 3.0) Resol time = 50430 ms

{"id": 0, "drone": 0, "position":(16.666666666666668,8.333333333333334,1.0), "time":412.4917742210812,"sensors":[13,39,16,38],"power":[0.059156296589103395,0.031294485547906634,0.23332443480155127,0.030914854641129783]}
{"id": 1, "drone": 0, "position":(8.333333333333334,8.333333333333334,1.0), "time":597.7937121284393,"sensors":[31,13,36,16,38,22],"power":[0.05405383657013895,1.0879844747293188,0.15000000000000002,0.4445248645247674,0.08438792077836627,0.042857195132807564]}
{"id": 2, "drone": 0, "position":(8.333333333333334,25.0,1.0), "time":468.23591038101836,"sensors":[31,10,32,33,21,26,0,38,22,29],"power":[0.16509464449300704,0.07949690661200402,0.19013617900385676,0.07080806766785086,0.4606107138161364,0.10114322603795073,0.053835260308104746,0.1565456482804294,0.16540356481546495,0.03379638065669102]}
{"id": 3, "drone": 1, "position":(25.0,25.0,1.0), "time":132.95129451446968,"sensors":[10,32,18,11,1,25,4,5,29],"power":[0.009105917636281418,0.015128322985332574,0.021097775571288193,0.01155073893388876,0.019069498311417084,0.025038944688167072,0.01791139172439034,0.03905903607520055,0.08983474455517444]}
{"id": 4, "drone": 1, "position":(16.666666666666668,41.666666666666664,1.0), "time":149.12255073312775,"sensors":[10,30,33,19,17,2,1,0,3,7],"power":[0.023829206722524133,0.08167497740594554,0.029418932735118686,0.06909401333532834,0.039602794202790885,0.010239448282364188,0.027516967840489216,0.03727312904868756,0.09714419592696538,0.14000020694489906]}
{"id": 5, "drone": 1, "position":(41.666666666666664,8.333333333333334,1.0), "time":1035.4563965722416,"sensors":[14,28,27,20,24,9],"power":[0.5404142240396652,0.10028717440283182,0.2845293591711253,0.15,0.1586637189139725,0.15334346353816833]}
{"id": 6, "drone": 2, "position":(33.333333333333336,41.666666666666664,1.0), "time":421.68442003653007,"sensors":[8,12,18,15,19,17,34,1],"power":[0.11707614743626554,0.129377104629875,0.05258982193845677,0.1258092094656963,0.04619638849523359,0.04296066639394018,0.49817800184383054,0.03372295906983319]}
{"id": 7, "drone": 2, "position":(8.333333333333334,33.333333333333336,1.0), "time":728.2116149573848,"sensors":[10,30,32,33,21,26,2,0,3,7],"power":[0.28825131100737666,0.06832502017921895,0.08146668314075985,0.5906941614445098,0.08653062030877641,0.04885677224470953,0.1586889876706908,0.2789696692358541,0.1534832313059436,0.04957569444780155]}
{"id": 8, "drone": 2, "position":(33.333333333333336,25.0,2.0), "time":328.62536173658896,"sensors":[6,12,18,27,11,23,35,25,4,5,29],"power":[0.12820338949118362,0.03948125448442553,0.1205566993903509,0.033700052178906585,0.1587366745535352,0.11887570582224935,0.11071373252822245,0.044540830827769926,0.48394099362942006,0.3585669453923538,0.026368874788073968]}
{"id": 9, "drone": 3, "position":(25.0,41.666666666666664,5.0), "time":446.71801676758605,"sensors":[8,15,19,17,34,1,3,7],"power":[0.03292385256390304,0.05455771572554174,0.1762771704943066,0.13236345127659221,0.1090670078696992,0.09166480989592876,0.04863094114394546,0.039811316626382]}
{"id": 10, "drone": 3, "position":(8.333333333333334,33.333333333333336,2.0), "time":2.6144566839408394E-5,"sensors":[10,30,32,33,21,26,2,0,3,7],"power":[9.444402946353361E-9,2.41491857887314E-9,2.846279853711912E-9,1.86652200980072E-8,3.0453001973045955E-9,1.7173416099540302E-9,5.559024033741178E-9,9.008887181827084E-9,5.269809503771641E-9,1.676835168519217E-9]}
{"id": 11, "drone": 3, "position":(41.666666666666664,33.333333333333336,1.0), "time":588.7383536600887,"sensors":[6,12,18,37,11,23,34,35,4,5],"power":[0.18943896358934093,0.2298590747381759,0.10450201316331627,0.15000000000018107,0.038277128462478105,0.13315851378943394,0.0451602358838047,0.056135362408273055,0.04899695938428928,0.06036894351964452]}
{"id": 12, "drone": 3, "position":(25.0,8.333333333333334,1.0), "time":443.06500015829727,"sensors":[28,39,25,16,24,9],"power":[0.05681170463110388,0.11870551445209337,0.09175496397977083,0.03157675413408952,0.1287845521716458,0.05659137808876859]}
