LP RESULTS :
 Obj = 0.1*lambda1+0.9*lambda2 = 138.5340677257161 (lambda1 = 1358.3406772571611, lambda2 = 3.0) Resol time = 2927 ms

{"id": 0, "drone": 3, "position":(25.0,25.0,4.0), "time":406.4136278159275,"sensors":[3,31,22],"power":[0.03258981628449936,0.15,0.14711133828889003]}
{"id": 1, "drone": 3, "position":(41.666666666666664,33.333333333333336,1.0), "time":397.3313546867514,"sensors":[4,15,18,26,20,5,17,32,35,28,1],"power":[0.02691577376477756,0.02705561105381101,0.09234752866519773,0.1185912158485563,0.24847804275023713,0.4231565989159735,0.12268403756799932,0.04100325318943159,0.07129218401705102,0.4559966227011695,0.04566012449423921]}
{"id": 2, "drone": 3, "position":(16.666666666666668,41.666666666666664,1.0), "time":517.0932516297732,"sensors":[39,37,36,25,27,24,30],"power":[0.12367920865235102,0.22071115294876767,0.11917682748244417,4.313400053892806,0.0887364063891279,0.06898035151275236,0.20111923457569714]}
{"id": 3, "drone": 2, "position":(33.333333333333336,41.666666666666664,1.0), "time":817.91530128612,"sensors":[15,18,20,5,27,32,35],"power":[0.14287622460106958,0.24081841402441523,0.17053509733339814,0.18687080398172196,0.13707598761588802,2.00616333818759,0.1174418140311052]}
{"id": 4, "drone": 2, "position":(41.666666666666664,8.333333333333334,1.0), "time":364.37809379453313,"sensors":[9,2,3,4,23,11,33,38],"power":[0.1502732993995399,0.06355640204398962,0.03634289289637095,0.03413373508959644,0.15,0.15698085177987242,2.6240113993933645,0.0720642354305049]}
{"id": 5, "drone": 2, "position":(41.666666666666664,25.0,1.0), "time":143.09402128428962,"sensors":[3,4,26,20,11,5,17,28,22,1,38],"power":[0.017291061896883685,0.08895049114562599,0.69593912537831,0.009519453480488032,0.016549609123643207,0.013693027505004039,0.10074861464020361,0.0828835101043224,0.011776687190474925,0.20375184800865928,0.03242669993699822]}
{"id": 6, "drone": 1, "position":(33.333333333333336,8.333333333333334,1.0), "time":444.4549343624109,"sensors":[21,9,2,3,11,12,33,38],"power":[0.10169359858497841,0.2322355102677176,2.270788211183248,0.08270906120285057,0.0672853626906849,0.13019199284151597,0.078447920868586,0.04691234236767192]}
{"id": 7, "drone": 1, "position":(8.333333333333334,33.333333333333336,1.0), "time":518.2070892391984,"sensors":[16,6,37,36,25,19,24,14],"power":[0.1401159576198646,0.033470499507322234,0.05214378787421754,0.575628385025218,0.059683601119191784,0.17833310651233453,0.07411440393019594,0.11457893456878512]}
{"id": 8, "drone": 1, "position":(8.333333333333334,41.666666666666664,1.0), "time":323.0403363881896,"sensors":[39,6,37,36,25,19,24,14,30],"power":[0.02632079134764899,0.11652950049267777,0.028437737643867367,0.13211296516800236,0.08363676893218464,0.02805991523125072,0.7289281135663941,0.03542106543121485,0.02488808805087363]}
{"id": 9, "drone": 0, "position":(8.333333333333334,8.333333333333334,1.0), "time":1131.6666995444564,"sensors":[10,34,13,7,0,8,29],"power":[0.15304184556014194,0.7364272225609131,0.15924445955801797,0.15,1.0163267665264446,1.5715665333420907,0.545270984250576]}
{"id": 10, "drone": 0, "position":(8.333333333333334,16.666666666666668,1.0), "time":131.99205826679565,"sensors":[16,10,34,13,0,8,29],"power":[0.00988404238013541,0.021643138577819604,0.018259824077158055,0.08982713907837551,0.07644334389930729,0.013299713035881108,0.016068047866695884]}
{"id": 11, "drone": 0, "position":(25.0,8.333333333333334,5.0), "time":94.68191944590933,"sensors":[21,2,10,34,12],"power":[0.05655308531409194,0.01767306916553365,0.013137019779392396,0.007353959778511939,0.019808007158484024]}
