LP RESULTS :
 Obj = 0.1*lambda1+0.9*lambda2 = 136.36403133925836 (lambda1 = 1318.6403133925835, lambda2 = 5.0) Resol time = 78980 ms

{"id": 0, "drone": 0, "position":(8.333333333333334,8.333333333333334,1.0), "time":529.6938264134492,"sensors":[29,32,20,26,33,2,17],"power":[0.08720757603938281,0.21389458582027449,1.8175563795024223,0.08927421230428823,0.03499516643165982,0.05702500152108461,0.087793652100212]}
{"id": 1, "drone": 0, "position":(33.333333333333336,25.0,3.0), "time":102.14307113075121,"sensors":[38,13,34,3,19],"power":[0.011661072156736934,0.009586888710365926,0.022241867094295584,0.0069132237852160975,0.04124598444395988]}
{"id": 2, "drone": 0, "position":(41.666666666666664,8.333333333333334,1.0), "time":99.44936408955903,"sensors":[5,6,39,25,8,28],"power":[0.013625164223871009,0.017460229479262623,0.009067790939131374,0.07266881461150639,0.10730535644108417,0.020714184967986066]}
{"id": 3, "drone": 0, "position":(8.333333333333334,25.0,1.0), "time":200.20926444178986,"sensors":[37,29,10,33,2,30],"power":[0.144781883730541,0.05636033450393117,0.05182604414533378,0.03565846839423237,0.029209681169371372,0.0168729951893454]}
{"id": 4, "drone": 0, "position":(8.333333333333334,33.333333333333336,1.0), "time":387.14478731701365,"sensors":[9,37,15,10,30],"power":[0.05936698395072445,0.4462766019376092,0.07673333014320889,0.30268372497962764,0.09268419624780125]}
{"id": 5, "drone": 2, "position":(25.0,8.333333333333334,1.0), "time":202.88897308812435,"sensors":[5,38,6,8,24,1,17,35,0],"power":[0.05902287467653882,0.026510779503392083,0.026248877469753965,0.014861808634652158,0.10689538548993349,0.08708381655359648,0.03138334988605844,0.060217649809005715,0.040998558905012895]}
{"id": 6, "drone": 2, "position":(25.0,41.666666666666664,1.0), "time":346.46875099265327,"sensors":[22,7,15,36,11,21],"power":[0.09606822090124198,0.04033059479263553,0.023716344495826994,2.0803442339402114,0.07169446685055826,0.07471254285151936]}
{"id": 7, "drone": 2, "position":(8.333333333333334,8.333333333333334,1.0), "time":360.3064537480915,"sensors":[29,32,20,26,33,2,17],"power":[0.0593200277138802,0.1454946156624927,1.236331746624092,0.060725787695711776,0.02380428784811575,0.03878934404835615,0.059718686290918616]}
{"id": 8, "drone": 2, "position":(41.666666666666664,33.333333333333336,1.0), "time":180.54536677446134,"sensors":[12,13,27,16,34,14,18,31,4,3,19],"power":[0.08487042589421856,0.07167346194518141,0.19406137849667718,0.034658762154946184,0.09293786962029535,0.05576501596775645,0.064950053196389,0.050762364199054714,0.023181300448004694,0.030530160836640306,0.03260776796122557]}
{"id": 9, "drone": 2, "position":(8.333333333333334,16.666666666666668,1.0), "time":228.43076878925297,"sensors":[37,29,32,20,33,2],"power":[0.016172293503690167,1.048370161891884,0.05209783571517067,0.08041519471513342,0.05554207732599207,0.07252212344913264]}
{"id": 10, "drone": 3, "position":(41.666666666666664,16.666666666666668,1.0), "time":161.71090200607458,"sensors":[5,13,34,39,25,8,31,4,3],"power":[0.015901145983879296,0.015522786197223321,0.016204218899396623,0.08087250186748697,0.012739725618912012,0.030314959001979707,0.01275852511828526,0.028570724257828087,0.028013969946516625]}
{"id": 11, "drone": 3, "position":(41.666666666666664,25.0,1.0), "time":184.75784898657864,"sensors":[12,13,27,34,39,14,18,31,4,3,19],"power":[0.01195822648342818,0.15619387447305003,0.017407600420682547,0.26027889620245925,0.0503360219579527,0.05047248742294426,0.022420087422042257,0.07247435531397313,0.09114339750445291,0.13124769364499142,0.028131246133194756]}
{"id": 12, "drone": 3, "position":(33.333333333333336,41.666666666666664,1.0), "time":413.02355935789546,"sensors":[12,22,7,23,27,36,16,11,21,19],"power":[0.03890902573787781,1.0369511800436533,0.08916507752353707,0.031247955472791633,0.09372000616009812,0.07356138731877221,0.05627602554848234,0.06901752382379908,0.037142818380773684,0.04257899284029515]}
{"id": 13, "drone": 3, "position":(41.666666666666664,41.666666666666664,1.0), "time":504.6114134835443,"sensors":[12,22,7,23,27,16,14,18],"power":[0.3429651036013164,0.07773220739621636,0.04006822082197919,0.11875204452720835,0.2664240351733129,1.7204274263958015,0.03400932479914364,0.07848869682468461]}
{"id": 14, "drone": 3, "position":(25.0,41.666666666666664,4.0), "time":54.536589558490505,"sensors":[22,7,36,11,21],"power":[0.011751681360367826,0.005450808882711034,0.05326191816394464,0.009288009325642619,0.009749789573948934]}
{"id": 15, "drone": 1, "position":(41.666666666666664,25.0,1.0), "time":35.70212479010365,"sensors":[12,13,27,34,39,14,18,31,4,3,19],"power":[0.00231077649215698,0.030182496865352158,0.003363799296887332,0.050295614954500106,0.009726801579676172,0.009753171810155649,0.004332399209762031,0.014004755368686629,0.01761231238264947,0.02536196195522481,0.005436008621324654]}
{"id": 16, "drone": 1, "position":(33.333333333333336,8.333333333333334,1.0), "time":660.3632370311491,"sensors":[5,6,25,8,24,28,1,35,0],"power":[1.1585471677943227,0.29467217761748166,0.06920171472687296,0.5027469688246958,0.08444397353076825,0.12928581503201392,0.06291618344640351,0.06525817535115074,0.11733131287291897]}
{"id": 17, "drone": 1, "position":(8.333333333333334,41.666666666666664,1.0), "time":302.358890940975,"sensors":[9,37,15,10,30],"power":[0.09063301604927554,0.027262221962069545,0.3870721483035695,0.03495746017296715,0.04044280856285336]}
{"id": 18, "drone": 1, "position":(16.666666666666668,41.666666666666664,1.0), "time":282.6678841419416,"sensors":[15,36,21],"power":[0.18018012862818836,0.07217559763252938,0.028394849193758016]}
{"id": 19, "drone": 1, "position":(25.0,16.666666666666668,1.0), "time":37.54817648841395,"sensors":[5,38,24,35],"power":[0.0071310042046351056,0.11182814833988694,0.053098235914494675,0.1568868962125481]}
