LP RESULTS :
 Obj = 0.1*lambda1+0.9*lambda2 = 120.39824498285535 (lambda1 = 1167.9824498285534, lambda2 = 4.0) Resol time = 79682 ms

{"id": 0, "drone": 1, "position":(25.0,16.666666666666668,1.0), "time":233.2937027222507,"sensors":[5,24,23,29,14],"power":[0.037348670204668866,0.18110021807872273,0.029185517296831123,0.027420728599135146,0.039120395733618744]}
{"id": 1, "drone": 1, "position":(8.333333333333334,41.666666666666664,1.0), "time":0.24338834632743556,"sensors":[9,11,38,8,1,36,35,30],"power":[5.715075094757204E-4,1.8071957986955897E-5,5.158207514696265E-5,6.778405099531213E-5,1.2286486708133315E-4,4.832235987688842E-5,1.8713963904911873E-4,5.638598789981486E-5]}
{"id": 2, "drone": 1, "position":(41.666666666666664,41.666666666666664,1.0), "time":835.2117554931239,"sensors":[32,33,37,16,0,22,31,2,34,28,25],"power":[0.1322941140241219,0.09383221540279263,0.2229833508112823,0.26129934349418077,0.17630785551437642,0.08018207691373422,0.2424915209475647,0.19865452795673022,3.708685065686066,0.4714805659822873,0.2520204454098323]}
{"id": 3, "drone": 1, "position":(25.0,41.666666666666664,1.0), "time":59.246037122261725,"sensors":[26,32,37,16,0,8,22,31,2,28,30],"power":[0.029458346675218388,0.004394209584272793,0.010774095016438006,0.004973007270392157,0.006016116542926642,0.008264387634837082,0.016349962748077377,0.007158361603969032,0.00948579718584006,0.005943292692616192,0.005691760155676633]}
{"id": 4, "drone": 3, "position":(33.333333333333336,41.666666666666664,1.0), "time":54.29292961991376,"sensors":[26,32,37,16,0,22,31,2,34,28,25],"power":[0.004753081660042831,0.013311676391605307,0.48197314102208894,0.027532650268561262,0.022983240017022007,0.03126540953693393,0.060649018599079486,0.10575183620152012,0.008884668140484827,0.08078615433447388,0.012745417726369616]}
{"id": 5, "drone": 3, "position":(25.0,25.0,1.0), "time":205.51063058012016,"sensors":[5,24],"power":[0.08034526059049,0.017756875534147086]}
{"id": 6, "drone": 3, "position":(41.666666666666664,33.333333333333336,1.0), "time":219.23172759325416,"sensors":[33,37,0,22,31,20,2,34,28,25,17],"power":[0.051266118324299156,0.023826671841370963,0.06257013193295491,0.02220255080125447,0.05077285328991042,0.026874868099473963,0.0378513058581952,0.03800554777780863,0.03224292264219425,0.22394518689802714,0.0435670986789583]}
{"id": 7, "drone": 3, "position":(8.333333333333334,33.333333333333336,1.0), "time":688.9471620352653,"sensors":[9,11,38,8,1,36,10,35,12],"power":[0.10044584872792998,0.15484872158972404,0.14994841792485303,0.05459693795669063,0.19184578999754145,1.3718616918526811,0.1729058257768256,0.05426851366122721,0.08046149880013431]}
{"id": 8, "drone": 2, "position":(41.666666666666664,25.0,4.0), "time":59.24603712226167,"sensors":[33,4,15,20,25,17],"power":[0.00490166627290823,0.012400226899324811,0.004362577349378177,0.01869285009640728,0.006035159389176933,0.06177549477580352]}
{"id": 9, "drone": 2, "position":(41.666666666666664,8.333333333333334,1.0), "time":373.54777233606717,"sensors":[27,39,4,15,14,18,7,13],"power":[0.2214128684946988,0.1290348735199624,0.034428431787766195,0.15560459274672211,0.06685584574014272,0.15,0.7147884140210866,0.176372094377482]}
{"id": 10, "drone": 2, "position":(41.666666666666664,16.666666666666668,1.0), "time":561.1409747702355,"sensors":[27,39,4,15,20,14,7,17],"power":[0.04307925199193197,0.04132096702074142,0.2687916750250949,0.38120899329649566,0.10443228180411875,0.12003767806003303,0.08156898237902785,0.1331727116162449]}
{"id": 11, "drone": 2, "position":(16.666666666666668,8.333333333333334,1.0), "time":174.04766559998905,"sensors":[24,23,29,6,3],"power":[0.01731937155599026,0.11659596229767517,1.064843092878428,0.014090305483710607,0.15608398679430488]}
{"id": 12, "drone": 0, "position":(8.333333333333334,16.666666666666668,1.0), "time":387.0126905333636,"sensors":[5,21,23,29,19,6,10,12],"power":[0.02545768312892647,0.09449482632522949,0.09559892113946611,0.03047693812865166,0.1257488231206771,0.1302893703398901,0.03746286559674754,0.04370256970580194]}
{"id": 13, "drone": 0, "position":(16.666666666666668,41.666666666666664,1.0), "time":386.76930218703615,"sensors":[26,9,8,1,36,35,30],"power":[0.11578857166473863,0.05181088445918428,0.7172226788844935,0.025568469254219114,0.0587556685410372,0.09554434669972367,0.16316132322036525]}
{"id": 14, "drone": 0, "position":(8.333333333333334,25.0,1.0), "time":92.02259725992462,"sensors":[5,11,36,19,10,12],"power":[0.011392949401918729,0.012109215153425808,0.0177331826595171,0.013639042339222177,0.04471966441935022,0.025835931494063734]}
{"id": 15, "drone": 0, "position":(8.333333333333334,8.333333333333334,1.0), "time":302.17785984822905,"sensors":[21,23,29,19,6,3],"power":[0.07810296460066385,0.07045423887355295,0.050723196334988334,0.03436296055461992,0.1894044008351188,0.0429561027347262]}
