LP RESULTS :
 Obj = 0.1*lambda1+0.9*lambda2 = 128.07443614317162 (lambda1 = 1253.7443614317162, lambda2 = 3.0) Resol time = 7551 ms

{"id": 0, "drone": 1, "position":(8.333333333333334,33.333333333333336,1.0), "time":718.87962234795,"sensors":[23,37,2,3,30,12,1,32,15,10,4,31],"power":[0.048274314488165083,0.7532749300342708,0.5898080020987425,0.061759503717892746,1.503682568670045,0.17339848523694504,0.08437224280838126,0.8051468421911946,0.14999999999999997,0.5087919838744329,0.07770688303570827,0.41877468313669447]}
{"id": 1, "drone": 1, "position":(25.0,25.0,1.0), "time":213.42353396594876,"sensors":[8,11,23,28,3,6,34,20,7,4,13,33],"power":[0.023361572484205395,0.03046274694393241,0.02427276920745774,0.06017164770621109,0.05700818599256093,0.05989645019350941,0.06731706478992723,0.024606699494013475,0.15426680940063583,0.03553258701122213,0.046803239906963445,0.0199453582591221]}
{"id": 2, "drone": 1, "position":(16.666666666666668,41.666666666666664,1.0), "time":122.15858837940299,"sensors":[35,2,12,38,1,32,10],"power":[0.05716543488641434,0.012437429215481246,0.11783138913905032,0.013132994058077168,0.012180801358881447,0.010564323981334662,0.01719223262773027]}
{"id": 3, "drone": 2, "position":(41.666666666666664,8.333333333333334,3.0), "time":334.7831773895497,"sensors":[8,26,0,22,14],"power":[0.024500890820051476,0.15014838433714814,0.08706840116281768,0.0671426711250477,0.05621383502043681]}
{"id": 4, "drone": 2, "position":(8.333333333333334,41.666666666666664,1.0), "time":412.70615070436327,"sensors":[35,37,2,30,12,38,1,32,10,31],"power":[0.09283456511358566,0.06982315882977559,0.22375497512576384,0.06299966556211427,0.12543657989384346,0.13686700594192283,0.45543935600408836,0.044667761978193415,0.05478458747099079,0.036145154192719235]}
{"id": 5, "drone": 2, "position":(33.333333333333336,41.666666666666664,2.0), "time":506.2550333378033,"sensors":[24,6,25,39,19],"power":[0.04876734214399693,0.05110900114866988,0.5353034071280843,0.7073767648810594,0.25082948573536257]}
{"id": 6, "drone": 3, "position":(25.0,8.333333333333334,1.0), "time":400.5861134371728,"sensors":[11,34,18,21,20,22,13,33,29],"power":[0.10345165635443794,0.03737006416722524,0.035529238534280215,0.5487860478305013,0.1508462063594195,0.025396643781851705,0.058195171542052206,0.24813290147492445,1.1389430736399302]}
{"id": 7, "drone": 3, "position":(16.666666666666668,16.666666666666668,1.0), "time":304.9515366390449,"sensors":[11,23,3,34,18,20,4,13,33,29],"power":[0.14202596323020159,0.1472265583195542,0.058508647667903424,0.15939996745630053,1.3195646392002442,0.04126817815472834,0.07451833334608039,0.02645813526433167,0.0399531434622639,0.05035441592871837]}
{"id": 8, "drone": 3, "position":(41.666666666666664,41.666666666666664,1.0), "time":526.1362961392101,"sensors":[24,25,39,5,19,17],"power":[0.10339761457541946,0.05528915756095996,0.07651725392477107,0.17354393628510073,0.06209867145179276,0.15000000000000002]}
{"id": 9, "drone": 0, "position":(8.333333333333334,8.333333333333334,1.0), "time":548.2067113554983,"sensors":[27,9,18,16,36],"power":[0.36871435775733463,1.5213906917110538,0.07890204557457925,0.15,0.1892440890443804]}
{"id": 10, "drone": 0, "position":(33.333333333333336,25.0,1.0), "time":187.16257947122412,"sensors":[8,24,28,6,20,7,13],"power":[0.060256373300848425,0.021551090948134555,0.5367705365780872,0.040730156036367475,0.014898302150446923,0.2084708813043175,0.03899813326947587]}
{"id": 11, "drone": 0, "position":(41.666666666666664,8.333333333333334,1.0), "time":518.3750706049938,"sensors":[8,26,21,0,22,14],"power":[0.04188116339489468,0.32481396044533134,0.03442679692179314,0.15165666706063594,0.11602332283561183,0.09378616497956319]}
