LP RESULTS :
 Obj = 0.1*lambda1+0.9*lambda2 = 129.42119615649844 (lambda1 = 1258.2119615649844, lambda2 = 4.0) Resol time = 3746 ms

{"id": 0, "drone": 1, "position":(41.666666666666664,33.333333333333336,1.0), "time":293.9456066619636,"sensors":[24,5,35,14,36,32,33,21,12],"power":[0.025757247140736263,0.054511058151295214,0.02083341638782499,0.06890401796091822,0.047376888270317635,0.14549465648602014,0.10305338135273362,0.14396638299427697,0.08531528706275156]}
{"id": 1, "drone": 1, "position":(33.333333333333336,41.666666666666664,1.0), "time":75.49532481118197,"sensors":[38,25,7,5,35,14,21,12],"power":[0.007351423895683723,0.02390534287367248,0.026538534627696165,0.0198860489440763,0.015084372077804371,0.05479104036309607,0.010703900605502113,0.009342972118905132]}
{"id": 2, "drone": 1, "position":(33.333333333333336,16.666666666666668,1.0), "time":39.89473527194798,"sensors":[23,37,22,4,36,33,31,9,17,0,3,20],"power":[0.02256514849459248,0.004775424989881415,0.015052436615899265,0.005355409868564173,0.003981121233872144,0.0033235357010615424,0.006998618485022081,0.004812527492881159,0.052442217629628106,0.005977685244182938,0.004955944593765268,0.0052329405334358954]}
{"id": 3, "drone": 1, "position":(8.333333333333334,41.666666666666664,1.0), "time":828.44104008971,"sensors":[11,38,39,6,16],"power":[0.08411896966782224,0.05255982066229226,1.5266177761733783,0.14695927763995048,0.7825546815313085]}
{"id": 4, "drone": 2, "position":(41.666666666666664,8.333333333333334,1.0), "time":61.07919802277985,"sensors":[15,37,29,4,18,17,0],"power":[0.008687309025916523,0.01672277674051583,0.019547551781770277,0.020085049069549474,0.050060499003703136,0.013165977780055908,0.010413197096348366]}
{"id": 5, "drone": 2, "position":(25.0,25.0,1.0), "time":379.5965964801453,"sensors":[34,10,23,19,22,33,31,12],"power":[0.06937589905717109,0.06015725438376506,0.11304060821811239,0.09335647091875163,0.16289526177038732,0.0253698573083862,0.1925920665070717,0.036546797330987174]}
{"id": 6, "drone": 2, "position":(41.666666666666664,41.666666666666664,1.0), "time":476.34683655951625,"sensors":[24,7,5,35,14,21,12],"power":[0.12424275285926374,0.08827808014553747,2.9345480258864964,0.28407960238826524,0.3981149248670235,0.05512841483453656,0.03803665954178907]}
{"id": 7, "drone": 2, "position":(25.0,41.666666666666664,1.0), "time":341.1893305025431,"sensors":[11,38,25,34,7,14],"power":[0.08709209452323685,0.5056203569544894,0.3414670921239016,0.03900606989355094,0.03518338522676639,0.02713268278295612]}
{"id": 8, "drone": 3, "position":(16.666666666666668,33.333333333333336,1.0), "time":13.086266161549416,"sensors":[11,38,25,34,10,19,8],"power":[0.010372532934112194,0.0022125831086507977,0.0012247898099252677,0.025909188313262946,0.002678808166163608,0.0011719555136825777,0.0011706001414850476]}
{"id": 9, "drone": 3, "position":(25.0,8.333333333333334,1.0), "time":130.86158779733685,"sensors":[23,37,22,9,26,2,17,3,13,20,28],"power":[0.014394243287295128,0.019159605988726652,0.00839901766788516,0.9670215158586518,0.011252878577037728,0.25185127950714015,0.010177475465413442,0.4952688340684275,0.011697028804043455,0.2302732097265803,0.15]}
{"id": 10, "drone": 3, "position":(8.333333333333334,41.666666666666664,3.0), "time":18.860688402616802,"sensors":[11,39,6,16],"power":[0.0017701529924643,0.017970081510150254,0.003040722360049501,0.0109538128172483]}
{"id": 11, "drone": 3, "position":(41.666666666666664,8.333333333333334,1.0), "time":993.5488434207425,"sensors":[15,37,29,4,18,17,0],"power":[0.14131269097408347,0.2720221618352974,0.3179715532159016,0.326714788652877,0.8143124418176638,0.21416525460925484,0.16938696424158262]}
{"id": 12, "drone": 0, "position":(16.666666666666668,25.0,1.0), "time":56.63463640856489,"sensors":[11,34,10,19,22,8,26],"power":[0.0047452757833803955,0.01470870186389416,0.2812741053946652,0.053710351751934324,0.003917400115282438,0.011980375063381359,0.006206938475343633]}
{"id": 13, "drone": 0, "position":(41.666666666666664,25.0,1.0), "time":32.827597052177225,"sensors":[22,4,36,32,33,21,31,17,0,12],"power":[0.0023090712996439284,0.004303189673519591,0.14557166208590386,0.044589301895594555,0.018253225637818612,0.006522955400170382,0.0035593907133895076,0.0031390075943995687,0.008378831566812139,0.006060499787209582]}
{"id": 14, "drone": 0, "position":(8.333333333333334,25.0,1.0), "time":13.68490247951336,"sensors":[34,10,19,8,26],"power":[0.0010001408721208656,0.0040808814806505625,0.0017612218156314583,0.1368490247951336,0.0010881163152171782]}
{"id": 15, "drone": 0, "position":(8.333333333333334,8.333333333333334,1.0), "time":1057.030834879569,"sensors":[1,27,30,26,13],"power":[0.14999999999999997,1.2465242649428852,0.35228211181779573,0.24611446325690126,0.564887444816463]}
