LP RESULTS :
 Obj = 0.1*lambda1+0.9*lambda2 = 148.19482376914655 (lambda1 = 1454.9482376914657, lambda2 = 3.0) Resol time = 703 ms

{"id": 0, "drone": 0, "position":(41.666666666666664,33.333333333333336,1.0), "time":368.37709204578175,"sensors":[8,19,0,3,5,14,38,25,37,4,33,17],"power":[0.764953057033876,0.025691886483695102,0.1215832042924061,0.024015841083708248,0.21200981485644027,0.06456474156666346,0.11089493406555825,0.08859902457808577,0.0391539453257228,0.0761072967965103,0.040304757243268416,0.6851561537095469]}
{"id": 1, "drone": 0, "position":(41.666666666666664,25.0,4.0), "time":448.4365064810371,"sensors":[8,5,14,38,37,4,15,33,17,22],"power":[0.048643353450467275,0.17367379293124136,0.05951747438215835,0.35619356385773515,0.13485899263661733,0.07389270320348967,0.05642114557996017,0.2639318920868821,0.07849110590743862,0.05662666018117102]}
{"id": 2, "drone": 0, "position":(41.666666666666664,41.666666666666664,1.0), "time":638.1346391646468,"sensors":[8,7,0,28,5,36,25,17],"power":[0.2141871880618692,0.06403649215776511,0.16168509385635077,0.15,0.045495861092248235,0.17467809509264395,0.25058224328133416,0.11348147911351107]}
{"id": 3, "drone": 1, "position":(8.333333333333334,16.666666666666668,1.0), "time":368.37709204578186,"sensors":[10,12,9,16,13,24,23,32,1,31,18],"power":[0.3601231837359934,0.048596389676711885,0.07957359831650988,0.0571927651852316,0.03586547938433359,0.02701216025349746,0.5150125419168278,0.057913447588807156,1.9377356021735646,0.034135883079138986,0.07412982810459023]}
{"id": 4, "drone": 1, "position":(25.0,41.666666666666664,1.0), "time":448.4365064810371,"sensors":[19,7,0,39,3,21,25],"power":[0.04194348667167896,0.08596350784223486,0.0401677367265535,0.031106883459010085,0.05503340175611649,0.37782422130316334,0.047176814848581994]}
{"id": 5, "drone": 1, "position":(25.0,25.0,1.0), "time":638.1346391646467,"sensors":[19,3,16,14,13,11,15,29,32,31],"power":[0.20543330351108793,0.17065499536473633,0.06073133519771573,0.10793098194195612,0.10962443584740426,0.06883346914565806,0.11028776754129695,0.5800446614780841,0.1197636732100402,0.042521314179795856]}
{"id": 6, "drone": 2, "position":(8.333333333333334,25.0,1.0), "time":34.04012429788907,"sensors":[10,23,32,1,18],"power":[0.024549222261707217,0.006984178510963789,0.0056664652401774655,0.0073661919162142,0.07587017189540976]}
{"id": 7, "drone": 2, "position":(8.333333333333334,41.666666666666664,2.0), "time":791.839352403168,"sensors":[2,39,27,20,26],"power":[0.20244171479486156,0.36295606140781933,0.15,0.3931617347492605,1.2210208073661237]}
{"id": 8, "drone": 3, "position":(41.666666666666664,8.333333333333334,2.0), "time":1006.5117312104286,"sensors":[34,6,22],"power":[2.611242346440835,0.18802999436901877,0.11355857834806089]}
{"id": 9, "drone": 3, "position":(8.333333333333334,8.333333333333334,1.0), "time":225.34704651946424,"sensors":[10,12,35,9,16,24,23,1,31],"power":[0.01895718399294032,0.06890172299632011,0.014915838764314052,0.12864891122644956,0.020737432961904514,0.12298783974650256,0.03920593015330843,0.047146402688288055,0.01993136437360116]}
{"id": 10, "drone": 3, "position":(25.0,8.333333333333334,2.0), "time":223.08945996157286,"sensors":[12,35,16,13,11,29,6,31,30],"power":[0.03298380679967486,0.22452280569695948,0.03168595167242055,0.031660449079151984,0.0896200353350708,0.017779645353348087,0.029192819685047756,0.0639796444809129,0.25628874754717973]}
