LP RESULTS :
 Obj = 0.1*lambda1+0.9*lambda2 = 128.42863942149782 (lambda1 = 1257.2863942149781, lambda2 = 3.0) Resol time = 624 ms

{"id": 0, "drone": 0, "position":(33.333333333333336,8.333333333333334,2.0), "time":104.33514195140472,"sensors":[35,9,18,34,26,17,12,19],"power":[0.2494596592239019,0.01483000810872614,0.1282963296490584,0.01345551504435019,0.043751569290425486,0.02727210883951822,0.012628761958933437,0.00829716941661159]}
{"id": 1, "drone": 0, "position":(41.666666666666664,41.666666666666664,1.0), "time":571.6711850436486,"sensors":[5,13,23,1,25,28,39,22,37,27,29,32],"power":[0.1177205440022461,0.03711656095780299,0.039941866317033795,4.285380850614243,0.07580165167987392,0.05307781576452616,0.5737099670855861,0.5013248592192161,0.2258004665381991,1.0981643473639795,0.961930812977269,3.887038226810441]}
{"id": 2, "drone": 0, "position":(33.333333333333336,25.0,1.0), "time":245.25058234550616,"sensors":[13,23,3,25,28,8,19,36,14],"power":[0.06247709274248042,0.04561816206805871,0.7497360382042054,0.016073289017711368,0.018814108994004246,0.09012283082620891,0.18245780038073645,0.12530179212388512,0.03348236594441391]}
{"id": 3, "drone": 1, "position":(25.0,8.333333333333334,1.0), "time":361.57720475286794,"sensors":[35,0,18,34,26,17,15,12],"power":[0.0521461294262151,0.0799751400034931,0.05157310916361484,0.6258684138753235,0.02290605632010984,0.06234682338593894,0.08491747512467519,0.09273608700697568]}
{"id": 4, "drone": 1, "position":(8.333333333333334,8.333333333333334,1.0), "time":455.9292149999867,"sensors":[10,0,38,15,4],"power":[0.10118845134182194,0.09517286677140722,0.8792108387943899,0.06461252586035308,0.15]}
{"id": 5, "drone": 1, "position":(41.666666666666664,8.333333333333334,1.0), "time":359.5308519246381,"sensors":[35,9,18,21,26,17,2],"power":[0.11364378633722425,0.08300502324551502,0.09464881722003253,0.07555279154554485,0.38160004770045186,0.027431853249909644,0.06814682381654191]}
{"id": 6, "drone": 2, "position":(33.333333333333336,33.333333333333336,1.0), "time":385.66322416678713,"sensors":[5,11,13,23,1,3,25,28,27,8,19,36,32,14],"power":[0.116956617754348,0.09910064503781521,0.0838552453693629,1.2580891445698685,0.045885031868366136,0.05096876725475571,0.03652228659032995,0.03569104285491998,0.07098935308006327,0.05987716917379108,0.029145568165152933,0.031760207470523695,0.03969944726190483,0.13400002021565807]}
{"id": 7, "drone": 2, "position":(16.666666666666668,8.333333333333334,1.0), "time":439.7799744621235,"sensors":[10,0,38,34,15,12],"power":[0.10739165689727197,4.397799744621235,0.05034530773296713,0.12765971762482328,0.509072518952986,0.04463515103409087]}
{"id": 8, "drone": 2, "position":(41.666666666666664,8.333333333333334,1.0), "time":431.8431955860673,"sensors":[35,9,18,21,26,17,2],"power":[0.1365009305533928,0.09969980127199923,0.11368550840056418,0.09074870421221902,0.4583511627794909,0.032949214524633175,0.08185317618345807]}
{"id": 9, "drone": 3, "position":(16.666666666666668,41.666666666666664,1.0), "time":626.3725877026849,"sensors":[11,31,16,30,7,6,33,24,14],"power":[0.061353226008984706,0.2818078860037448,2.2705844806211037,0.07582295502593266,0.44654422864177734,0.15,0.17009654431033008,0.16136997708574857,0.041582203657165334]}
{"id": 10, "drone": 3, "position":(41.666666666666664,33.333333333333336,1.0), "time":54.70140265903623,"sensors":[5,13,23,1,25,28,39,22,27,29,36,32],"power":[0.0066423668083998464,0.03118341410073599,0.0073804760013053815,0.013675415697108659,0.061634346524356114,0.0424170323865496,0.004690471986215705,0.007836291412737886,0.015456715535980716,0.009006583814307818,0.004513364240361084,0.014739428306116681]}
{"id": 11, "drone": 3, "position":(8.333333333333334,33.333333333333336,1.0), "time":576.2124038532571,"sensors":[20,16,30],"power":[0.8580301627708692,0.05606186605629373,0.07977915073656934]}
