LP RESULTS :
 Obj = 0.1*lambda1+0.9*lambda2 = 200.84135845771948 (lambda1 = 1981.4135845771948, lambda2 = 3.0) Resol time = 1245 ms

{"id": 0, "drone": 2, "position":(8.333333333333334,33.333333333333336,1.0), "time":33.8504161194777,"sensors":[21,16,23,9,7,0],"power":[0.009077247670252456,0.021162447811430923,0.011178137245779799,0.009177587649366246,0.004952038707925193,0.005843399483979955]}
{"id": 1, "drone": 2, "position":(16.666666666666668,41.666666666666664,2.0), "time":1856.7481083230095,"sensors":[3,35,7,4,18],"power":[0.7700564102735984,0.1634542229563912,0.6733549755017613,0.12189586782463101,0.4121299820313684]}
{"id": 2, "drone": 2, "position":(25.0,41.666666666666664,1.0), "time":90.81506013459611,"sensors":[3,35,27,7,31,4,18],"power":[0.08783163565469651,0.04521631607911177,0.00941325921052977,0.016663088679429845,0.008915599223304833,0.02200245211443375,0.17806498855662428]}
{"id": 3, "drone": 1, "position":(8.333333333333334,25.0,2.0), "time":1197.4516370522365,"sensors":[21,16,29,23,9,33,0],"power":[3.848683960635895,0.12883755218845716,0.13150286428787086,0.9605858470914018,0.2571676516845187,0.1315583075353266,0.6227588966638162]}
{"id": 4, "drone": 1, "position":(25.0,16.666666666666668,1.0), "time":404.47976952569365,"sensors":[24,29,22,19,5,32,1,30],"power":[0.034436506066426245,0.05262785360336498,1.936254201061538,0.09431555551521573,0.028130010159207384,0.09234354529406871,0.0838216163280177,0.03404269578488044]}
{"id": 5, "drone": 1, "position":(8.333333333333334,8.333333333333334,1.0), "time":379.48217799915255,"sensors":[24,29,2,34,36,33,28,5,1],"power":[0.1264627869722294,0.06302327709942934,0.7036595891020321,0.14999999999995595,0.09634886426461722,0.14586181004071638,1.5156911625760008,0.09417343952789536,0.05195634694490566]}
{"id": 6, "drone": 0, "position":(25.0,8.333333333333334,5.0), "time":714.7213525033108,"sensors":[24,22,14,36,5,32,1],"power":[0.054450838481623,0.1299452914952648,0.19517647103188143,0.0536511357353553,0.10550209473594203,0.4385078080999101,0.13688904904094157]}
{"id": 7, "drone": 0, "position":(33.333333333333336,41.666666666666664,1.0), "time":33.8504161196577,"sensors":[12,26,3,35,27,20,31,4,18],"power":[0.007076644204667691,0.005141335377008577,0.003143436390730478,0.009922761767666403,0.00788839616535375,0.016698686855744823,0.010112782004800626,0.006101680060949483,0.005776533012382017]}
{"id": 8, "drone": 0, "position":(41.666666666666664,41.666666666666664,1.0), "time":1201.2421876376995,"sensors":[12,26,37,38,8,27,20,15,39,31,25],"power":[0.3023087464497472,1.7357989192798493,0.15000000000000002,0.2577072991310136,0.10621274892149687,0.1264634711413469,2.1373388098671575,0.08949774697221993,0.26316167675640356,0.19478634172384368,0.18395114312120675]}
{"id": 9, "drone": 3, "position":(33.333333333333336,16.666666666666668,1.0), "time":799.7627418330658,"sensors":[17,22,19,32,30],"power":[0.23087888308331167,0.2413543090592283,0.05568444448478424,0.08730031596132613,0.2767914387612577]}
{"id": 10, "drone": 3, "position":(41.666666666666664,8.333333333333334,1.0), "time":526.1449220586624,"sensors":[17,6,13,11],"power":[0.3191788702250344,0.18529879430906904,0.14999999999995164,0.410967715080431]}
{"id": 11, "drone": 3, "position":(41.666666666666664,25.0,1.0), "time":655.5059206852918,"sensors":[10,12,17,8,27,15,39,30],"power":[0.14999999999999883,0.09118937348808866,0.048950274700318236,0.09482187072042837,0.0665734511291779,0.2803418602758727,0.0613936890660069,0.22556038713501972]}
