LP RESULTS :
 Obj = 0.1*lambda1+0.9*lambda2 = 147.3529283863778 (lambda1 = 1446.5292838637781, lambda2 = 3.0) Resol time = 509 ms

{"id": 0, "drone": 3, "position":(41.666666666666664,25.0,1.0), "time":717.0973696512109,"sensors":[32,14,26,0,1,2,5,27,35],"power":[0.0727019218469506,0.0677450085623971,0.1023259365476298,0.1799025578515741,0.0842622119822575,0.21718364484165,4.749933598266723,0.15,0.18819742561116184]}
{"id": 1, "drone": 3, "position":(25.0,8.333333333333334,1.0), "time":118.5371391383606,"sensors":[28,13,8,9,37,21,36,29],"power":[0.008555675708489656,0.05443087364096934,0.027980764970430658,0.021047597932971285,0.01988046956815362,0.03323628075947581,0.026907072534112494,0.046447588060034045]}
{"id": 2, "drone": 3, "position":(8.333333333333334,16.666666666666668,2.0), "time":295.9290973379623,"sensors":[31,28,24,37,33,7,18],"power":[0.1714011373271759,0.10136769535797714,0.31972940113191545,0.047784570585007145,0.15862482836220404,0.1043863575215125,0.042511600174161134]}
{"id": 3, "drone": 1, "position":(41.666666666666664,8.333333333333334,1.0), "time":288.12799429739346,"sensors":[16,9,0,2],"power":[0.30134707616301115,0.07147528708426007,0.054774757553540304,0.035879596495720666]}
{"id": 4, "drone": 1, "position":(16.666666666666668,41.666666666666664,1.0), "time":62.83695130214389,"sensors":[11,6,30,12,34,39],"power":[0.08906204464138019,0.01965066779937987,0.027547856811452148,0.009940933242397325,0.011888702415376394,0.016364808844065697]}
{"id": 5, "drone": 1, "position":(8.333333333333334,41.666666666666664,1.0), "time":666.5949629104234,"sensors":[11,6,30,10,39],"power":[0.0869369524528756,0.9824798584847677,0.5082907123561522,0.30496049992794066,0.06141372769508649]}
{"id": 6, "drone": 0, "position":(25.0,8.333333333333334,1.0), "time":323.7031036834416,"sensors":[28,13,8,9,37,21,36,29],"power":[0.023363975215518543,0.14864069490674134,0.07641031772998291,0.057477114982768626,0.05428990229284978,0.09076216378209251,0.07347826135875613,0.12683981174957626]}
{"id": 7, "drone": 0, "position":(25.0,25.0,3.0), "time":414.466236476323,"sensors":[13,20,21,26,19,35],"power":[0.03151774034526628,0.10859365991767428,0.05862415839337734,0.056098867417925434,0.15,0.059856779950850925]}
{"id": 8, "drone": 0, "position":(41.666666666666664,41.666666666666664,1.0), "time":708.3599437040135,"sensors":[38,32,4,23,22,14,1,3,17,15],"power":[0.29088152531107775,0.12327089178932941,0.10451991328143972,0.2853941532844146,0.15261378886234725,0.1694852366104318,0.07173262445757798,0.13552178311314375,3.4317342499791637,0.15]}
{"id": 9, "drone": 2, "position":(8.333333333333334,8.333333333333334,2.0), "time":708.3599437040136,"sensors":[31,28,8,24,37,36,33,7,18],"power":[0.05723257707906633,0.2693631797695995,0.04560891729958641,0.11372895858801602,0.08468591525510216,0.05133714214761672,0.04510075078596735,0.3250526120014416,0.1557378566864567]}
{"id": 10, "drone": 2, "position":(33.333333333333336,41.666666666666664,1.0), "time":21.071970508553648,"sensors":[25,38,32,20,4,23,22,12,34,3,17],"power":[0.006262058533723825,0.0039893674413992814,0.005788444904487142,0.0021107924300526873,0.06760283702596971,0.0019370234194697822,0.036435692717975005,0.005044172956192333,0.0035466106162406483,0.032551640571086726,0.0032711064702692703]}
{"id": 11, "drone": 2, "position":(25.0,41.666666666666664,5.0), "time":717.0973696512108,"sensors":[11,25,20,4,22,12,34,3,39],"power":[0.14426309783858857,0.14373794146627616,0.06292780511548532,0.151270592717936,0.09215387919605808,0.29916741762582083,0.24893768917996614,0.10206848723519252,0.0722214634608478]}
