LP RESULTS :
 Obj = 0.1*lambda1+0.9*lambda2 = 176.859292958827 (lambda1 = 1741.5929295882702, lambda2 = 3.0) Resol time = 631 ms

{"id": 0, "drone": 0, "position":(41.666666666666664,25.0,1.0), "time":344.60800833203797,"sensors":[0,9,17,4,7,39,10],"power":[0.028736909111442478,0.08664854355055077,0.025855219218254063,0.029122649802848937,0.07364606152620803,0.40061954535608574,0.1039152009901467]}
{"id": 1, "drone": 0, "position":(8.333333333333334,16.666666666666668,3.0), "time":313.88972066196425,"sensors":[36,13,25,34,5,20,29,1],"power":[0.022249395638546745,0.13102499827691858,0.06276880089444786,0.02800247367561415,0.0465931844629248,0.021381069965892126,0.023915608497757902,0.1376549176410141]}
{"id": 2, "drone": 0, "position":(41.666666666666664,33.333333333333336,1.0), "time":1083.095200594268,"sensors":[0,9,7,39],"power":[0.16508046280836192,0.33689670442814645,0.07635393847379196,0.11273542230307643]}
{"id": 3, "drone": 3, "position":(25.0,8.333333333333334,1.0), "time":7.343103940336749,"sensors":[3,8,23,35,30],"power":[6.032468763800501E-4,0.002104188772657547,0.00666754399941439,5.293839834429523E-4,0.062041988574479824]}
{"id": 4, "drone": 3, "position":(41.666666666666664,8.333333333333334,1.0), "time":1396.9849212562322,"sensors":[14,28,8,35,17,4,6,16,19,10],"power":[0.15,2.171712368209198,0.12632780593228893,1.4220609519954497,0.921326986202779,1.2141674941341067,1.5018230261011853,0.6171693444049972,0.36257698643329,0.11659633286435303]}
{"id": 5, "drone": 3, "position":(16.666666666666668,16.666666666666668,2.0), "time":306.54661672162774,"sensors":[36,13,3,23,5,33,30,11,1],"power":[0.03025272820004115,0.05895783053355748,0.11580368803991872,0.04078299722883378,0.02865807320606785,0.0454390574758192,0.0341825719738016,0.03436838959813713,0.08062991710940971]}
{"id": 6, "drone": 1, "position":(25.0,41.666666666666664,1.0), "time":313.88972066196425,"sensors":[22,31,0,24,38,21,2,37],"power":[0.1605662150512545,0.043371208121931605,0.03254132938042811,0.060472167639834304,0.05381796902199392,0.1168526808946362,0.07535654438162119,0.181407437699507]}
{"id": 7, "drone": 1, "position":(16.666666666666668,25.0,3.0), "time":313.88972066196413,"sensors":[36,31,3,26,15,33,11,1],"power":[0.21268038953117527,0.060405382383555944,0.08565085360969348,0.051255073686725036,0.0957655223131596,0.0763519841412045,0.05818596793432625,0.07889029719096964]}
{"id": 8, "drone": 1, "position":(8.333333333333334,8.333333333333334,5.0), "time":1113.8134882643417,"sensors":[13,25,23,34,5,20,29],"power":[0.4185962614271623,0.10520211615646104,0.07085107525925538,0.39699993130801686,0.6040438442678921,0.3430266566462824,0.32468354768461344]}
{"id": 9, "drone": 2, "position":(8.333333333333334,41.666666666666664,1.0), "time":977.3453614187473,"sensors":[18,32,38,26,15,27,12],"power":[0.5092160869047861,0.2202128889526415,0.13307099070278555,0.15418975388921433,0.0807896908835902,0.15,9.773453614187472]}
{"id": 10, "drone": 2, "position":(16.666666666666668,41.666666666666664,1.0), "time":450.35784750755874,"sensors":[22,31,24,18,32,38,21,26,15,2,37,12],"power":[0.028510096169576695,0.06281938608177066,0.1077929136509788,0.04249445084404053,0.034161292401428074,0.23407722519092763,0.06783920871459315,0.054602730848232604,0.051182743382546206,0.07464345561837879,0.031186609767348397,0.10618128107554083]}
{"id": 11, "drone": 2, "position":(25.0,16.666666666666668,5.0), "time":313.88972066196413,"sensors":[3,8,23,33,30,11],"power":[0.09033500738173408,0.07022158492458977,0.03463260047374781,0.06557829153239293,0.053775439451718574,0.06341059335725596]}
