LP RESULTS :
 Obj = 0.1*lambda1+0.9*lambda2 = 128.77506052569808 (lambda1 = 1251.7506052569809, lambda2 = 4.0) Resol time = 78033 ms

{"id": 0, "drone": 0, "position":(25.0,8.333333333333334,1.0), "time":498.4494198241073,"sensors":[21,4,17,25,32,1,22,36],"power":[0.08900234761813408,0.05248398850936637,0.14652363275535957,0.13023490446424466,0.15740193650557374,0.5580999171100803,0.07560508505284011,0.18550573414902677]}
{"id": 1, "drone": 0, "position":(16.666666666666668,16.666666666666668,1.0), "time":16.198708909175096,"sensors":[25,33,13,29,2,22,19,36],"power":[0.001115433775064547,0.0028202654449588807,0.002295380564655259,0.0012587054376324422,0.0442452387005679,0.022395906066400798,0.0019423427260114412,0.003419285956895146]}
{"id": 2, "drone": 0, "position":(33.333333333333336,16.666666666666668,1.0), "time":656.4033411860925,"sensors":[21,4,17,35,32,1,12,22,36],"power":[0.06099765238186569,0.5678758457606322,0.19682519442555443,0.06260351324839067,0.19028062694822823,0.046501954935931976,0.0781601722910559,0.042838631710539164,0.1307733238253646]}
{"id": 3, "drone": 0, "position":(33.333333333333336,41.666666666666664,1.0), "time":27.016676813673143,"sensors":[38,37,35,27,28,34,15,20],"power":[0.01582124968407373,0.001884113964509072,0.0018068959885003631,0.004639367752542737,0.004874151030574374,0.005102825430153867,0.04968852891782397,0.010491593414141144]}
{"id": 4, "drone": 3, "position":(8.333333333333334,25.0,1.0), "time":96.09230641877006,"sensors":[24,30,0,8,10,7,13,2,16,19],"power":[0.006071539482386465,0.006837162809990606,0.006995677458798028,0.0378893887706662,0.04204540415075678,0.0700407061768709,0.02960904074342362,0.016586385841079253,0.009890343171303865,0.01283768667470386]}
{"id": 5, "drone": 3, "position":(8.333333333333334,25.0,4.0), "time":309.82712462157156,"sensors":[8,10,7,13,2,16,19],"power":[0.08730327988066906,0.09334441042432003,0.11976018098345467,0.07607466130071777,0.04328999628261382,0.028305393869266882,0.03390713150330623]}
{"id": 6, "drone": 3, "position":(41.666666666666664,41.666666666666664,1.0), "time":743.5502942289968,"sensors":[31,6,18,38,37,28,34,15,23],"power":[0.05533608121749395,0.1376090826012691,0.15,0.1812898560461195,0.3398606750409121,0.3430611273006487,0.14738712500203416,0.24057508661566346,0.2099908286827407]}
{"id": 7, "drone": 3, "position":(8.333333333333334,41.666666666666664,1.0), "time":96.09230641877117,"sensors":[24,39,8,10,16,3],"power":[0.007835109693384986,0.013907302935840927,0.00773004099536412,0.009038918720140874,0.046434615156397005,0.07805814612503853]}
{"id": 8, "drone": 2, "position":(8.333333333333334,8.333333333333334,1.0), "time":737.1024765236986,"sensors":[11,5,30,26,25,9,33,29,2,19],"power":[0.20280574089227993,0.17338789245354835,0.12893567154058938,0.15,0.07444032498853966,0.8891046853124166,1.267051882156651,2.9369715947211574,0.0688488145789609,0.21982299500999541]}
{"id": 9, "drone": 2, "position":(33.333333333333336,25.0,1.0), "time":9.88159271993488,"sensors":[4,35,12,36],"power":[8.421159610703033E-4,0.013095333338596278,0.01419793883465437,6.426411872293982E-4]}
{"id": 10, "drone": 2, "position":(8.333333333333334,16.666666666666668,2.0), "time":66.64238168567157,"sensors":[30,9,10,7,33,13,29,2,22,19],"power":[0.01594984119488927,0.006196915789162775,0.004326319329652853,0.011689812257440688,0.029164349719897422,0.006143787382474666,0.015582529023340456,0.01949693468227426,0.006369702031717857,0.08611984706796401]}
{"id": 11, "drone": 2, "position":(41.666666666666664,25.0,1.0), "time":432.9361078540172,"sensors":[31,6,35,12],"power":[0.07536537778047879,0.04328948795514853,0.0697628120874318,0.05115682643931128]}
{"id": 12, "drone": 1, "position":(16.666666666666668,41.666666666666664,1.0), "time":735.6821141459362,"sensors":[24,39,0,8,14,27,20,16,3],"power":[0.18750534048015402,1.282294887926189,0.11681659346279716,0.055671438453479605,0.1400787778699281,0.05032803497851592,0.07859311902206834,0.14648652160951117,0.07194185387496148]}
{"id": 13, "drone": 1, "position":(16.666666666666668,25.0,1.0), "time":14.056753651931935,"sensors":[24,0,8,10,7,13,2,22],"power":[0.002401881709260326,0.0035865612882916287,0.00444729747837893,0.0012449473751294689,0.0010642545534065948,0.03587713000872875,0.004210417937553895,0.0027906751385019285]}
{"id": 14, "drone": 1, "position":(41.666666666666664,33.333333333333336,1.0), "time":75.26420317396696,"sensors":[31,6,37,35,15,12,23],"power":[0.01929854100202725,0.026167330769340275,0.027010621048606936,0.010404528832485197,0.006472929425096849,0.006485062434978154,0.005929710182337301]}
{"id": 15, "drone": 1, "position":(25.0,41.666666666666664,1.0), "time":405.91943104034374,"sensors":[24,39,38,0,14,27,15,20],"power":[0.06067429043792235,0.10696085139038305,0.04416496378288713,0.04669714197562392,0.0903417279712214,0.09503259726894128,0.053262494600715374,0.5121831477814739]}
