LP RESULTS :
 Obj = 0.1*lambda1+0.9*lambda2 = 109.5622072312194 (lambda1 = 1068.622072312194, lambda2 = 3.0) Resol time = 10636 ms

{"id": 0, "drone": 3, "position":(16.666666666666668,41.666666666666664,1.0), "time":51.32525822655544,"sensors":[25,15,26,34,12,24,4],"power":[0.006766107197936564,0.0044470340217156205,0.003672478289008093,0.00429654044458513,0.0712834982077257,0.04090548456319969,0.03000739718620774]}
{"id": 1, "drone": 3, "position":(33.333333333333336,33.333333333333336,1.0), "time":127.01751867068661,"sensors":[11,26,34,5,20,6,30,27,36],"power":[0.10487755084014568,0.05117341056600122,0.047592970808042874,0.0726437844862484,0.02282643041771113,0.3118159031441194,0.008129539317717953,0.012613887565985533,0.02562082704630834]}
{"id": 2, "drone": 3, "position":(33.333333333333336,16.666666666666668,2.0), "time":820.1579894068547,"sensors":[10,16,28,38,2,30,27,36],"power":[0.20812256879648017,0.1279212320180996,0.23272162144061975,0.080051076890702,0.0758779810739023,0.745044342103549,0.36853567801162035,0.12851611318828643]}
{"id": 3, "drone": 1, "position":(41.666666666666664,8.333333333333334,1.0), "time":248.46408290533935,"sensors":[16,28,38,21,2,37],"power":[0.03726186715547112,0.0384333331007881,0.06994892310929797,0.22854909366028656,0.14084929554192577,0.3108124035484556]}
{"id": 4, "drone": 1, "position":(8.333333333333334,16.666666666666668,1.0), "time":175.95626793937774,"sensors":[31,29,17,18,0,9,23,3,1,8],"power":[0.0221933940004903,0.03572392740923206,0.01293715055054337,0.029937779181776307,0.039905033439273714,0.018353757342223193,0.09347910590114122,0.01583346680292365,0.04822180585649667,0.01980159551233799]}
{"id": 5, "drone": 1, "position":(8.333333333333334,8.333333333333334,1.0), "time":629.7114897132237,"sensors":[29,18,9,23,32,3,8],"power":[0.13784170099258206,0.35365084571514255,0.1968088944577469,0.05432300525298259,0.23169143707195616,0.1470942020413281,1.1706179782704114]}
{"id": 6, "drone": 2, "position":(8.333333333333334,41.666666666666664,1.0), "time":988.0392918069431,"sensors":[14,35,12,39,24,4,33,7],"power":[0.2355837846485144,0.1165092745651507,0.09686970156659998,0.28252402272230054,0.30492194456220967,0.11999260281379226,0.27774183127491114,0.15]}
{"id": 7, "drone": 2, "position":(8.333333333333334,25.0,1.0), "time":51.32525822655498,"sensors":[31,13,15,17,0,23,35,39,1],"power":[0.04141408163914779,0.0052613715797314746,0.011125989192020914,0.012465407546238117,0.023803481720364193,0.01779276522494923,0.01265915304927265,0.005121260721660317,0.07542973925440555]}
{"id": 8, "drone": 2, "position":(8.333333333333334,33.333333333333336,1.0), "time":29.257522278695888,"sensors":[31,13,15,17,14,0,35,39,24,1,33],"power":[0.0072572554179846345,0.0023889659565506363,0.006827135538282582,0.004660957221599698,0.004174587351010559,0.0029665055537260545,0.020831572385576532,0.017802532146298965,0.00765553460887215,0.004117853286837805,0.003083032599488239]}
{"id": 9, "drone": 0, "position":(16.666666666666668,25.0,2.0), "time":211.62905643303742,"sensors":[31,13,29,15,17,0,23,1],"power":[0.12505756992537678,0.17417200861151544,0.015108037859456275,0.12759984124798085,0.44785585053000054,0.1882606925397897,0.013406102506807977,0.02223060160225994]}
{"id": 10, "drone": 0, "position":(41.666666666666664,41.666666666666664,1.0), "time":133.77249965201247,"sensors":[22,11,5,19,20],"power":[0.09777845865031859,0.014524173020029701,0.0130675207866459,0.048134334062205394,0.031623495529128486]}
{"id": 11, "drone": 0, "position":(33.333333333333336,41.666666666666664,2.0), "time":723.2205162271441,"sensors":[25,22,11,26,34,5,19,20,6],"power":[0.1538887414783164,0.05222154134968142,0.3606310375615549,0.1327134371052182,0.1895706871114873,0.06428869472710569,0.10400856552395972,2.586473094698776,0.1253946112726051]}
