LP RESULTS :
 Obj = 0.1*lambda1+0.9*lambda2 = 143.84552595175734 (lambda1 = 1411.4552595175735, lambda2 = 3.0) Resol time = 5248 ms

{"id": 0, "drone": 3, "position":(16.666666666666668,33.333333333333336,1.0), "time":3.430569492034124,"sensors":[0,19,29,33,36,17,32,18,8,34,39],"power":[0.008064436532393554,3.713826839670732E-4,0.01403979222198069,2.845023019862471E-4,4.3259963536134035E-4,4.80963157651799E-4,3.6584201602042523E-4,2.887950858973138E-4,4.5155148192607854E-4,6.163835029969089E-4,0.0010574391471548919]}
{"id": 1, "drone": 3, "position":(41.666666666666664,41.666666666666664,1.0), "time":298.0923097906348,"sensors":[22,15,16,28],"power":[0.13167912857183098,0.6191103272217022,0.03891582055364161,0.08778140844008649]}
{"id": 2, "drone": 3, "position":(41.666666666666664,16.666666666666668,5.0), "time":517.8235839085343,"sensors":[24,23,30,27,37,5,25,20],"power":[0.08850475982113785,0.15432206841870547,0.27453129760376505,0.15,0.11418025753333828,0.046474251397238535,0.047235755422975874,0.091010952039384]}
{"id": 3, "drone": 0, "position":(33.333333333333336,41.666666666666664,1.0), "time":689.6554691007412,"sensors":[11,33,22,15,16,17,28],"power":[0.11810160021850358,0.14421197026198837,0.05065550865773626,0.14473657521811945,0.44014335414531147,0.05813514768918839,0.06221859155991352]}
{"id": 4, "drone": 0, "position":(41.666666666666664,25.0,1.0), "time":319.5026122257898,"sensors":[24,23,30,22,37,5,25,20],"power":[0.06689331778458353,0.08554427908368037,0.05513767934503166,0.02153110072637798,1.0375041384283936,0.216065844314991,0.37439119704250723,1.0492770647599021]}
{"id": 5, "drone": 0, "position":(8.333333333333334,25.0,1.0), "time":402.29717819104246,"sensors":[38,19,29,7,10,35,32,34],"power":[0.0981535295545934,0.08495656153777931,0.03887848987230782,0.9538996027885612,0.3462551195687744,0.0958876246838376,0.03319301451358879,0.07728340628067952]}
{"id": 6, "drone": 2, "position":(25.0,25.0,1.0), "time":402.29717819104224,"sensors":[26,0,19,14,32,12,3,8,34,39],"power":[0.10388572849606144,0.040558301155100736,0.06869489072052158,0.03165989248289242,0.22872666271143882,0.1099402448941717,0.1770644889740151,1.7875206880282646,0.09683029799573122,0.17760049747541298]}
{"id": 7, "drone": 2, "position":(8.333333333333334,41.666666666666664,1.0), "time":666.1402685842484,"sensors":[0,6,29,9,36,17,18,13],"power":[0.05428955889397088,0.15850497752299325,0.09866275056003758,0.22031659070836182,2.6680429091191833,0.04996653993878321,0.4539554211795309,0.14999999999999997]}
{"id": 8, "drone": 2, "position":(8.333333333333334,33.333333333333336,1.0), "time":287.358290909699,"sensors":[0,6,29,7,36,10,35,18,34],"power":[0.03770923161706555,0.026645336447980228,0.08509874864082145,0.0461004449058151,0.05932866903341417,0.0306799307648669,0.05411237531616238,0.12653222187971888,0.021456043539426605]}
{"id": 9, "drone": 1, "position":(8.333333333333334,8.333333333333334,1.0), "time":1009.158081326531,"sensors":[38,2,4,21],"power":[0.18719315678075982,0.21884573402923588,0.799986961848127,0.15]}
{"id": 10, "drone": 1, "position":(25.0,8.333333333333334,1.0), "time":346.1281220338233,"sensors":[26,31,2,1,14,4,12,3],"power":[0.0480449186148988,0.8539099279413395,0.06171185124368662,0.2252465798039255,0.25397828273919193,0.029238934721514183,0.04005975510582831,0.030486887763718034]}
{"id": 11, "drone": 1, "position":(25.0,41.666666666666664,1.0), "time":52.22895234054977,"sensors":[0,11,29,33,16,17,39],"power":[0.009378471801469276,0.03189839978149641,0.004559808264168333,0.4467266955779003,0.010769995793896531,0.052526204083421714,0.005569620297091289]}
