LP RESULTS :
 Obj = 0.1*lambda1+0.9*lambda2 = 125.6133926525298 (lambda1 = 1220.133926525298, lambda2 = 4.0) Resol time = 270240 ms

{"id": 0, "drone": 0, "position":(8.333333333333334,8.333333333333334,1.0), "time":35.27589559289525,"sensors":[6,16,2,27,15,9,1,13,4],"power":[0.0063445965562273264,0.04068348350029225,0.02780692760763547,0.005792312476833225,0.021041494775635404,0.006553401733903802,0.0029840857328480817,0.003996992421918645,0.00232939146587582]}
{"id": 1, "drone": 0, "position":(8.333333333333334,25.0,1.0), "time":92.61184081138242,"sensors":[6,36,23,15,21,9,1,13,20,18],"power":[0.009216466089451935,0.08824184932314842,0.030495803499592966,0.008835942973777555,0.009935288098325952,0.023492672386875395,0.03392892008569289,0.0392162955640588,0.03662204447036096,0.3407861483416243]}
{"id": 2, "drone": 0, "position":(8.333333333333334,41.666666666666664,1.0), "time":985.8121854604904,"sensors":[19,35,5,0,7,21,22,31,20,39],"power":[0.3322536442403953,0.11282038978830101,0.3725705026605899,0.06605289730096302,0.15000000000000002,0.39195120984281584,0.44138910941329523,9.858121854604903,0.0966963212830987,0.3219647101738338]}
{"id": 3, "drone": 0, "position":(16.666666666666668,41.666666666666664,1.0), "time":91.71094973847448,"sensors":[35,0,21,22,31,20,39],"power":[0.03717961021169898,0.024803688492185626,0.019998193082536458,0.0415393413149594,0.019854365495649243,0.007067053695306137,0.04698457204185854]}
{"id": 4, "drone": 2, "position":(25.0,8.333333333333334,1.0), "time":138.54486926464273,"sensors":[8,12,32,27,4],"power":[0.08127070970461878,0.37850170423536483,0.026461528609496566,0.02342444519237702,0.051131379029655664]}
{"id": 5, "drone": 2, "position":(41.666666666666664,41.666666666666664,1.0), "time":521.5039531054748,"sensors":[38,10,26,34,14,37,28,11],"power":[0.06332256181959574,0.10323887560926329,0.6280817140240061,0.056994594984106285,0.05914381115368132,0.6262943862792161,0.10270399877206768,0.11216239938392429]}
{"id": 6, "drone": 2, "position":(16.666666666666668,25.0,1.0), "time":6.67993252747906,"sensors":[0,36,23,21,9,1,13,20,18,4],"power":[8.758667367370656E-4,7.589658917876281E-4,0.023707961369054592,5.404987065954154E-4,6.917763738792045E-4,0.0022015094786325923,8.008811888754237E-4,0.0016692557861192037,0.0019103627993274572,4.905069924124598E-4]}
{"id": 7, "drone": 2, "position":(41.666666666666664,8.333333333333334,1.0), "time":553.4051716277015,"sensors":[29,30,24,32,3],"power":[0.24093601005439688,0.06576864910633914,0.11677746309599299,0.12493026167577398,1.6148474965283375]}
{"id": 8, "drone": 1, "position":(8.333333333333334,16.666666666666668,3.0), "time":667.9215884325512,"sensors":[6,16,36,2,23,15,9,1,13,18],"power":[0.19553331327525336,0.05533428637756393,0.056614815382186004,0.17153804739683712,0.08789643765745668,0.4807526354759021,1.2470541647134208,0.2627825304898428,0.6483134218881899,0.16618574791585877]}
{"id": 9, "drone": 1, "position":(41.666666666666664,33.333333333333336,1.0), "time":189.34190313580208,"sensors":[25,33,26,17,34,37,28],"power":[0.043231577937344064,0.029718925895729477,0.11814690119872505,0.05425424470897998,0.09028833717538082,0.03146444256742549,0.013242497833534947]}
{"id": 10, "drone": 1, "position":(16.666666666666668,8.333333333333334,3.0), "time":362.8704349569447,"sensors":[16,2,8,12,27,15,9,1,4],"power":[0.05398223012214381,0.02792608842173359,0.06872929029538123,0.07981288445964434,0.18159400568220432,0.06608082227616693,0.027138426832310446,0.025432078999021404,0.1094598582272402]}
{"id": 11, "drone": 3, "position":(33.333333333333336,41.666666666666664,1.0), "time":509.28807028402093,"sensors":[38,10,26,14,37,28,11],"power":[1.2875351474239662,0.12698278991361747,0.07992261437063838,0.8239300777452335,0.3431057615034213,2.6132363071438602,0.0378376006160757]}
{"id": 12, "drone": 3, "position":(41.666666666666664,25.0,4.0), "time":509.2880702840215,"sensors":[25,30,33,17,34],"power":[0.106768422062656,0.12768230593758417,0.1487982468188307,0.4836442599512896,0.08900268895704273]}
{"id": 13, "drone": 3, "position":(16.666666666666668,33.333333333333336,1.0), "time":43.31901798747163,"sensors":[0,36,23,21,22,31,20,18,39],"power":[0.05826754747011428,0.004384369402877915,0.007899797473895763,0.01301827713875323,0.003354074113252804,0.004025261457318228,0.01515479972740387,0.004020351848682352,0.003123595534077969]}
{"id": 14, "drone": 3, "position":(41.666666666666664,8.333333333333334,1.0), "time":157.44068461357517,"sensors":[29,30,24,32,3],"power":[0.06854495099757878,0.018710813834566114,0.03322253690400701,0.03554196262628924,0.4594151056668819]}
