LP RESULTS :
 Obj = 0.1*lambda1+0.9*lambda2 = 138.39689661139587 (lambda1 = 1347.9689661139587, lambda2 = 4.0) Resol time = 83051 ms

{"id": 0, "drone": 0, "position":(8.333333333333334,25.0,1.0), "time":319.6169918796407,"sensors":[20,38,16,29,11,21,8,26,17,0],"power":[0.03942211577299381,0.13418115074589843,0.03875415907576866,0.1012998282290256,0.2025074136718135,0.08801484626637733,1.0072287429504,0.13567402904298206,0.21483698310640525,0.028170551531012906]}
{"id": 1, "drone": 0, "position":(8.333333333333334,33.333333333333336,1.0), "time":369.8122566109531,"sensors":[31,38,16,29,11,21,8,35,13,26,30,19,17],"power":[0.08628244784230507,0.05726175240022715,0.8384780232907171,0.04870017177097439,0.2553836158633934,0.030750771928670095,0.10294128858017716,0.09283325714223807,0.031780850634993855,0.0579845157776482,0.03764435105121667,0.09473360022011074,0.04509028755264011]}
{"id": 2, "drone": 0, "position":(8.333333333333334,41.666666666666664,1.0), "time":646.8467604635921,"sensors":[31,16,11,35,13,30,19,28],"power":[4.712458960996057,0.26147967541560824,0.05334797618665941,4.870387940523389,0.6424638816411495,0.1516058392874435,1.22427435713061,0.1480662761887735]}
{"id": 3, "drone": 2, "position":(16.666666666666668,8.333333333333334,1.0), "time":57.172588272940644,"sensors":[20,3,2,9,0,10,6],"power":[0.01085209200413087,0.03133479500060805,0.014193003806215283,0.055187290650654,0.01138155627572475,0.010777834991896294,0.017037734305431162]}
{"id": 4, "drone": 2, "position":(41.666666666666664,41.666666666666664,1.0), "time":955.5954722469346,"sensors":[33,37,34,18,22],"power":[0.15,0.13250997411107987,0.4035448221155848,0.31114052415816384,7.521100537372414]}
{"id": 5, "drone": 2, "position":(8.333333333333334,41.666666666666664,5.0), "time":11.692957159772845,"sensors":[31,16,35,13,30,19,28],"power":[0.006859108206895862,0.0029733708522847882,0.006771526092133038,0.004059772891397148,0.00199561114675583,0.005008471616119514,0.0019337238112265304]}
{"id": 6, "drone": 2, "position":(33.333333333333336,25.0,4.0), "time":230.79817934116932,"sensors":[23,12,32,36,39,15],"power":[0.16830372185728307,0.015356207627458108,0.024013118507026927,0.02854877418494141,0.20003963776834743,0.018800510913742987]}
{"id": 7, "drone": 1, "position":(33.333333333333336,41.666666666666664,1.0), "time":387.611831014695,"sensors":[37,34,18,22,12,14],"power":[0.08900461494264052,0.8786837856886418,0.28198052067162555,0.09324171506411841,0.13464379237254187,0.15841403018421502]}
{"id": 8, "drone": 1, "position":(33.333333333333336,8.333333333333334,2.0), "time":893.7114618693604,"sensors":[25,1,36,24,15,10,5],"power":[0.44858198256902404,0.4871997110977633,0.06208880986300178,0.4608789388814929,0.07537828421669508,0.05999060774671532,0.087388135532775]}
{"id": 9, "drone": 1, "position":(16.666666666666668,25.0,1.0), "time":11.692957159772737,"sensors":[20,38,3,11,21,8,17],"power":[0.0027837283212096228,0.02695435742282917,0.0011018396190648327,0.003161679667332526,0.031234381804952582,0.003590721003813912,0.010635149536159528]}
{"id": 10, "drone": 3, "position":(25.0,8.333333333333334,5.0), "time":319.61699187964086,"sensors":[25,3,1,9,24,10,6],"power":[0.07224746699600801,0.029702330345573305,0.07711849654734201,0.05826920692625158,0.03809411409408264,0.05927146047725879,0.05348785859956317]}
{"id": 11, "drone": 3, "position":(8.333333333333334,8.333333333333334,1.0), "time":882.0185047095877,"sensors":[20,7,3,2,27,9,0,6,4],"power":[0.09102424801888412,0.15,0.18038298796420432,0.31600326799933154,0.245123230025685,0.10983696035425797,0.5873359103394261,0.06196151693154389,0.20070953531573565]}
{"id": 12, "drone": 3, "position":(25.0,8.333333333333334,1.0), "time":77.46792409201686,"sensors":[20,25,3,1,9,24,10,6],"power":[0.005930553708705541,0.02508893474478115,0.009198546861494667,0.028684919096985395,0.019816084441145687,0.012145711951886866,0.01996009678412957,0.017512890163461803]}
{"id": 13, "drone": 3, "position":(41.666666666666664,16.666666666666668,1.0), "time":57.17258827294063,"sensors":[23,25,32,36,15,5],"power":[0.009355313812548217,0.0049827177338370296,0.12598688149297307,0.18894971262851112,0.5717258827294063,0.25451811657902645]}
