LP RESULTS :
 Obj = 0.1*lambda1+0.9*lambda2 = 145.8733146614574 (lambda1 = 1431.7331466145743, lambda2 = 3.0) Resol time = 243 ms

{"id": 0, "drone": 2, "position":(8.333333333333334,25.0,2.0), "time":444.9702632768963,"sensors":[27,28,8,20,0,6,3,38,24,15,29],"power":[0.043561836205322044,0.3673605088628039,0.08297299221376442,0.2831974943340345,0.10179411828837752,0.1380254804708671,0.050994317367329324,0.22268951658166578,0.03943612056100885,0.17073642931570662,0.03140470082192478]}
{"id": 1, "drone": 2, "position":(41.666666666666664,25.0,1.0), "time":558.2558016881853,"sensors":[31,17,22,11,13,5,39,10,7,37],"power":[0.03544261951760899,1.588806641646069,0.1506025628981372,3.642684482894726,0.09989461047095552,0.10557517058974757,0.19374606757006124,0.21027267504991676,0.10047772062080879,0.07345485668949514]}
{"id": 2, "drone": 2, "position":(25.0,25.0,1.0), "time":428.50708164949265,"sensors":[27,16,8,20,25,35,7,29,37],"power":[0.18125612956872422,0.14251683464920095,0.06692428403526632,0.03584778078953444,0.027342914152305553,0.11451657903982622,0.054813710136611356,0.20161223330542608,0.07492395597443047]}
{"id": 3, "drone": 0, "position":(41.666666666666664,33.333333333333336,1.0), "time":249.77745683366982,"sensors":[31,17,11,13,5,10,7,32],"power":[0.14207719308657416,0.0652417548191074,0.047891212379712826,0.6067256698431135,0.04442482941025242,0.480504492998685,0.05634948160615559,0.0519422341098239]}
{"id": 4, "drone": 0, "position":(33.333333333333336,41.666666666666664,1.0), "time":195.19280644322703,"sensors":[31,16,9,13,10,21,7,32],"power":[0.04619293111642574,0.012994009749694885,0.06789487159571277,0.03061728122674081,0.015104659827905275,0.03287422809545573,0.021347251553356626,0.21954097709581244]}
{"id": 5, "drone": 0, "position":(8.333333333333334,8.333333333333334,1.0), "time":834.3631515780346,"sensors":[28,1,4,6,23,19,38,15],"power":[0.061850625914369545,0.12836877934667548,0.15,0.11909583076730682,1.4743954132308665,0.17858284662693702,0.08390346130077458,0.06646021744265923]}
{"id": 6, "drone": 1, "position":(8.333333333333334,41.666666666666664,1.0), "time":985.4420537472555,"sensors":[30,0,14,36,3,26,24],"power":[0.19230608858127324,0.09881289700286815,1.2044629715739827,0.11390404080216056,0.24538057993543363,0.4703507457973361,0.11097230923420137]}
{"id": 7, "drone": 1, "position":(25.0,41.666666666666664,1.0), "time":444.97026327689616,"sensors":[16,30,9,36,35,21,32],"power":[0.06231713852184147,0.10620057610226427,0.38868197491314693,0.03581176793993122,0.07166828972024548,0.11702144299818301,0.0401030882731509]}
{"id": 8, "drone": 1, "position":(16.666666666666668,41.666666666666664,1.0), "time":1.3208295904267306,"sensors":[16,8,30,9,14,36,3,26,35,21],"power":[8.942844749628186E-5,1.0272375096959272E-4,0.013208295904267307,1.3363537560345841E-4,1.4856520963900033E-4,2.84191257909144E-4,3.1427687856015133E-4,2.455714085759925E-4,1.3323077019561632E-4,1.0432890636168431E-4]}
{"id": 9, "drone": 3, "position":(33.333333333333336,8.333333333333334,1.0), "time":162.2520054989269,"sensors":[2,34,33,25,39,37],"power":[0.1064330233427141,0.01299462938105795,0.015024001914479994,0.051940752734506816,0.010440837311731965,0.017491136248431426]}
{"id": 10, "drone": 3, "position":(25.0,8.333333333333334,1.0), "time":597.3699950365396,"sensors":[1,2,34,19,25],"power":[0.0945096515180759,0.19207812412041966,0.13700537061894205,0.0662059651821098,0.43550089019877336]}
{"id": 11, "drone": 3, "position":(41.666666666666664,8.333333333333334,1.0), "time":672.111146079112,"sensors":[2,12,33,18,39],"power":[0.06534617516499111,0.24047071952726343,0.232131720470975,0.15000000000000094,0.09228100409787693]}
