LP RESULTS :
 Obj = 0.1*lambda1+0.9*lambda2 = 103.1713910993871 (lambda1 = 995.713910993871, lambda2 = 4.0) Resol time = 16741 ms

{"id": 0, "drone": 1, "position":(25.0,16.666666666666668,1.0), "time":57.98465810922903,"sensors":[30,33,18,7,5,17,10,27,36],"power":[0.026269986690058623,0.008736900785658117,0.08428961378013258,0.31615575331869994,0.007764967846600012,0.003927850173183215,0.011633602879945979,0.012544591687768069,0.013296297617580539]}
{"id": 1, "drone": 1, "position":(25.0,25.0,1.0), "time":397.74623443453805,"sensors":[30,33,18,7,26,17,34,27],"power":[0.15842644954934,0.05638984933249189,0.05322382417872804,0.10231875453194338,0.03437763461961774,0.1283138296934065,0.08488468709406162,0.34765818266661347]}
{"id": 2, "drone": 1, "position":(41.666666666666664,8.333333333333334,1.0), "time":488.3605236551433,"sensors":[9,31,5,19,3,29,21],"power":[0.41900014719288525,0.09248989205719137,0.1054127558439334,0.14999999999999997,0.20166827009662397,2.364590531374159,1.3219650051908147]}
{"id": 3, "drone": 1, "position":(16.666666666666668,8.333333333333334,1.0), "time":51.622494794956786,"sensors":[33,18,7,10,11,32,36],"power":[0.00450437819280055,0.0038318276977271984,0.0036192074240997464,0.09101906126702812,0.015096036549579446,0.008688055473450128,0.04150676784527302]}
{"id": 4, "drone": 3, "position":(33.333333333333336,41.666666666666664,1.0), "time":34.693125876127915,"sensors":[25,39,2,28,22,35,26,1,34,38,37],"power":[0.007744465833578382,0.005138578095835555,0.009140912603127566,0.004118976000009026,0.007279018363389093,0.005481359653617277,0.0038753352272308467,0.006404253890918903,0.004794737863527259,0.006669937344816531,0.0026781951740938855]}
{"id": 5, "drone": 3, "position":(41.666666666666664,41.666666666666664,1.0), "time":839.7925941395281,"sensors":[25,39,22,35,14,1,38,37],"power":[0.16003359019245042,0.32138145823765146,0.18636788869193044,3.152447262209528,0.09338008338768722,0.1435957461090811,0.14774681620171842,0.6684736154413283]}
{"id": 6, "drone": 3, "position":(41.666666666666664,25.0,1.0), "time":13.946960723252658,"sensors":[25,39,23,30,22,31,14,12,38],"power":[0.0018526767214215646,0.0017834876592371103,0.06343430551745026,8.892948545023857E-4,0.0019394920818541679,0.003087738157043146,0.0030584210981457155,0.022533275157801964,0.00219946136497545]}
{"id": 7, "drone": 3, "position":(41.666666666666664,33.333333333333336,1.0), "time":107.28123025496234,"sensors":[25,39,23,22,35,14,12,34,38,37],"power":[0.06784088072048294,0.28992740141008605,0.01640203908600748,0.10109985019653042,0.01712393898118456,0.05356149551416706,0.012424100279330915,0.010837587774044952,0.06817315952836524,0.02073483847008033]}
{"id": 8, "drone": 0, "position":(25.0,41.666666666666664,1.0), "time":97.2739061343573,"sensors":[2,28,26,34,24,16],"power":[0.38006555258028907,0.0369928088990721,0.056671651035399395,0.011739865186960772,0.006981960948377885,0.006806054777740938]}
{"id": 9, "drone": 0, "position":(16.666666666666668,16.666666666666668,1.0), "time":77.65654669024161,"sensors":[20,30,33,18,15,7,17,10,11,32,27,36],"power":[0.0069046397623454365,0.005587950702754254,0.0827143470967973,0.008654734343412176,0.005440253092512626,0.01344552360085934,0.006345233132182485,0.025492783675661893,0.02900223172707555,0.008812160830134768,0.016391388929750634,0.05937749265601228]}
{"id": 10, "drone": 0, "position":(8.333333333333334,41.666666666666664,1.0), "time":540.6812387509976,"sensors":[0,6,24,8,13,16,4],"power":[0.14999999999999994,0.44097994252031614,0.1409699625937831,0.20766917730334158,0.15781236662220344,0.15436634891178685,0.05775607948504961]}
{"id": 11, "drone": 0, "position":(41.666666666666664,16.666666666666668,1.0), "time":280.102219418283,"sensors":[9,23,30,31,5,12,3,29,21],"power":[0.07216544363069412,0.08472015624860194,0.01901942244752983,0.7906098489236248,0.06789508968487949,0.11504262456286712,0.05982235854943702,0.048526380231821487,0.03480696568211253]}
{"id": 12, "drone": 2, "position":(8.333333333333334,16.666666666666668,1.0), "time":270.709080103427,"sensors":[20,33,15,10,11,32,36],"power":[0.1695403946168332,0.058449345079241,0.1432761265730388,0.02436999281711613,0.1956692399541983,0.09182807738086488,0.03413564100893871]}
{"id": 13, "drone": 2, "position":(25.0,41.666666666666664,3.0), "time":354.0762373073253,"sensors":[2,28,26,34,24],"power":[0.5069768547436914,0.10888821510091884,0.15341422083224363,0.037743122081405366,0.023658610047562204]}
{"id": 14, "drone": 2, "position":(8.333333333333334,33.333333333333336,1.0), "time":357.7587661085181,"sensors":[20,17,6,8,13,16,4],"power":[0.022836140894090865,0.03266343562685326,0.03002627918095582,0.03388333879130663,0.21757973652552579,0.15939355257534876,0.09224392051495092]}
{"id": 15, "drone": 2, "position":(8.333333333333334,8.333333333333334,1.0), "time":13.169827474600455,"sensors":[20,15,10,11,32,36],"power":[0.0010753363875219565,0.0012836203344469214,0.0016518758318041374,0.00548703650983744,0.040671706315566186,0.0016838008721956248]}
