LP RESULTS :
 Obj = 0.1*lambda1+0.9*lambda2 = 133.49499117964737 (lambda1 = 1307.9499117964738, lambda2 = 3.0) Resol time = 7180 ms

{"id": 0, "drone": 3, "position":(8.333333333333334,8.333333333333334,1.0), "time":554.9327750682626,"sensors":[32,27,20,29,0,5,17,38],"power":[0.2386878558434909,0.1964115156496739,0.30486468561358926,0.15000000000000005,0.3876950223964645,0.0412805715697964,1.9718439001014676,3.7559192579090803]}
{"id": 1, "drone": 3, "position":(33.333333333333336,16.666666666666668,1.0), "time":552.3282172381009,"sensors":[4,9,31,22,25,10,19,23],"power":[0.049204933624580255,0.09118627027929159,0.045332588347934535,0.11523978848857219,0.045087786024524734,2.052837492058727,0.1429737381629855,0.16209358858484615]}
{"id": 2, "drone": 3, "position":(25.0,33.333333333333336,5.0), "time":200.68891949011052,"sensors":[39,8,11,30,14,34,28],"power":[0.08738356831478099,0.029393844893105876,0.046456345265844315,0.08112453303215873,0.013896784998886849,0.048021174016081296,0.052629252707527656]}
{"id": 3, "drone": 1, "position":(25.0,25.0,5.0), "time":487.3107042720883,"sensors":[39,11,30,26,31,22,10,19,23],"power":[0.0423035198592213,0.11292711735156619,0.06887546696784433,0.08460885821379335,0.11884342949950592,0.05114458167365648,0.055639756930172424,0.04461841567348098,0.03447970562084391]}
{"id": 4, "drone": 1, "position":(33.333333333333336,41.666666666666664,1.0), "time":268.47604543056786,"sensors":[39,8,16,7,36,34,37,28,33,15],"power":[0.03905487264248449,0.0800566640841759,0.06404134844538124,0.4629653090920301,0.018585720374827287,0.12609717786515878,0.05829136868988727,0.09737074729247198,0.14425737987311812,0.048906979156818714]}
{"id": 5, "drone": 1, "position":(8.333333333333334,16.666666666666668,1.0), "time":552.1631620938127,"sensors":[32,26,2,27,20,12,0,5,17,38,18],"power":[0.0415535809032661,0.06850349147645962,0.23276885036787837,0.1005648177482677,0.7366153163463546,0.06166327459409373,0.055856195709999265,0.3577295014003115,0.10293579264835354,0.09721371359633318,0.11227299988834523]}
{"id": 6, "drone": 2, "position":(8.333333333333334,41.666666666666664,1.0), "time":1107.0959371620702,"sensors":[21,6,14,13,24,1],"power":[0.10594023202097931,0.30885277467369904,0.25626966262085715,0.16728312454216449,0.08908846091582508,0.22819000674771744]}
{"id": 7, "drone": 2, "position":(41.666666666666664,16.666666666666668,1.0), "time":69.33363319613818,"sensors":[4,35,9,22,25,10],"power":[0.07053915212781593,0.006142961208514249,0.011708913518682128,0.009340172511343496,0.057709332775424525,0.010165937733391667]}
{"id": 8, "drone": 2, "position":(25.0,8.333333333333334,2.0), "time":131.5203414382653,"sensors":[32,9,27,3,31,0,10,19,23],"power":[0.009605115442359952,0.010364589703554684,0.016226998239278912,0.15,0.01048143894791567,0.008864473181169435,0.0132449144122193,0.04840433080259103,0.05695744548976878]}
{"id": 9, "drone": 0, "position":(8.333333333333334,25.0,1.0), "time":200.85397463439864,"sensors":[21,11,26,2,20,12,13,24,5,18],"power":[0.044059767979020725,0.016647174098493634,0.03378907368221483,0.20374281724552415,0.020031690569018122,0.22472563438738719,0.01404714024358127,0.06666553323007687,0.1685268226041829,0.03772700011165476]}
{"id": 10, "drone": 0, "position":(41.666666666666664,41.666666666666664,1.0), "time":773.5047606837222,"sensors":[8,16,7,36,34,37,33,15],"power":[0.1000358528597857,0.27240093591034814,0.13536918110021587,0.14386821924008594,0.06118448717161262,0.0936929052543977,0.2574043862659009,0.21410669055919435]}
{"id": 11, "drone": 0, "position":(41.666666666666664,8.333333333333334,1.0), "time":333.59117647835296,"sensors":[4,35,9,25],"power":[0.06212255104302567,0.23339785997438503,0.3173357492760223,0.04720288120005074]}
