LP RESULTS :
 Obj = 0.1*lambda1+0.9*lambda2 = 138.45466240356208 (lambda1 = 1357.5466240356209, lambda2 = 3.0) Resol time = 2918 ms

{"id": 0, "drone": 3, "position":(25.0,8.333333333333334,1.0), "time":690.5692840632045,"sensors":[8,19,9,24,0,31,13,20,35,4],"power":[0.3691072474728105,0.37117105643982723,0.1273131032139945,0.1253600243383452,0.5531183158105006,0.05222332783705071,0.13096970072997827,0.2524202430377613,0.0770299723791568,0.07678568723408248]}
{"id": 1, "drone": 3, "position":(8.333333333333334,41.666666666666664,1.0), "time":557.1024643379193,"sensors":[12,34,21,18,37,28],"power":[0.09764040291613817,1.5349630895063906,0.1144223345598835,0.15796679128321262,3.582576007500761,0.04726974306953817]}
{"id": 2, "drone": 3, "position":(33.333333333333336,8.333333333333334,1.0), "time":109.87487563449719,"sensors":[8,19,30,9,0,38,31,14,13,20,35,23,4],"power":[0.03254520323119284,0.014394092905822189,0.011149893778652449,0.022686896786014064,0.023428245555782944,0.019573167918239154,0.008993248952971359,0.0327376774614444,0.13120064329929068,0.06113943057034917,0.01787377969630521,0.011849210228783182,0.03901999326435779]}
{"id": 3, "drone": 0, "position":(25.0,25.0,1.0), "time":228.09371948589757,"sensors":[8,19,25,27,15,26,7,24,31,11,16,3,35,32],"power":[0.01734875049414442,0.022598408714725206,0.15,0.045650880607657575,0.025861685667788594,0.037976783244210055,0.026389107671449464,0.01903614494308101,0.07121126727583302,0.6269817706650319,0.12100210974087072,0.0234007991855968,0.03836999561452947,0.1292620517343684]}
{"id": 4, "drone": 0, "position":(25.0,41.666666666666664,1.0), "time":658.3551843134919,"sensors":[12,15,7,36,21,28,33],"power":[0.09212156069356574,0.2432896628566453,0.15729475966561327,0.34953102986879314,0.1399827610279088,0.18595896845364904,0.6658615307578568]}
{"id": 5, "drone": 0, "position":(41.666666666666664,41.666666666666664,1.0), "time":471.0977202362777,"sensors":[39,22,5,17,1,33],"power":[0.044261045926906294,0.09282123117286574,0.10353045175117395,0.03039758544891107,0.07870230416812032,0.03543529392346649]}
{"id": 6, "drone": 2, "position":(8.333333333333334,8.333333333333334,1.0), "time":423.9733392220828,"sensors":[29,24,10],"power":[0.10258381761475555,0.04159954818675864,0.1790159502564709]}
{"id": 7, "drone": 2, "position":(41.666666666666664,16.666666666666668,1.0), "time":243.0040007503801,"sensors":[27,31,14,6,13,3,35,23,4],"power":[0.03302916526831455,0.01998991007600252,0.1162671908163102,0.05320194175218311,0.037896658853035683,0.048439877845513686,0.031469433978399367,0.3148101759138259,0.06175689387527864]}
{"id": 8, "drone": 2, "position":(41.666666666666664,25.0,5.0), "time":690.569284063158,"sensors":[39,27,22,6,16,17,3,1,23,32],"power":[0.1150651073246339,0.1107246281805646,0.06465756005505545,0.09679805824781693,0.047064984177678584,0.13593630667400855,0.18751999164061162,0.0771696776496696,0.1354025893416035,0.05269348952692201]}
{"id": 9, "drone": 1, "position":(8.333333333333334,25.0,1.0), "time":847.5685407118499,"sensors":[26,29,2],"power":[0.18308678072224907,0.054801232603986234,0.2622425304107145]}
{"id": 10, "drone": 1, "position":(41.666666666666664,33.333333333333336,1.0), "time":195.8796197361853,"sensors":[39,27,22,5,17,3,1],"power":[0.07753066091255317,0.014399890357378493,0.09869133686854534,0.04646954824882603,0.06009520630622795,0.021870443016552946,0.10863297427385135]}
{"id": 11, "drone": 1, "position":(41.666666666666664,8.333333333333334,1.0), "time":314.0984635875856,"sensors":[30,38,14,13,20,23,4],"power":[0.1388501062213474,0.1583119748270753,0.3176412615961695,0.0556464349614395,0.027311305432487828,0.04232584513921065,0.050946880286228846]}
