LP RESULTS :
 Obj = 0.1*lambda1+0.9*lambda2 = 148.34911089564736 (lambda1 = 1447.4911089564735, lambda2 = 4.0) Resol time = 43080 ms

{"id": 0, "drone": 3, "position":(33.333333333333336,25.0,5.0), "time":255.02682155469745,"sensors":[9,35,38,18,4,33,29,28,3],"power":[0.14254081766308194,0.08540727394178609,0.021552277343140306,0.024775756332235877,0.03542894567546894,0.048677416583808364,0.05382532638331038,0.09357671693893439,0.019748413262936103]}
{"id": 1, "drone": 3, "position":(41.666666666666664,33.333333333333336,1.0), "time":642.1435869978146,"sensors":[9,6,35,24,38,2,4,33,25,29,3],"power":[0.07858946582562465,0.05991795027086369,0.084153280122193,0.16128769191936063,0.12313120351709922,0.12841892927457085,0.08902174399191207,0.09983435079643603,0.5669869307052775,0.3308457864297258,0.08065434694252918]}
{"id": 2, "drone": 3, "position":(8.333333333333334,41.666666666666664,1.0), "time":168.08323856988125,"sensors":[30,12,26,11],"power":[0.033393007968698485,0.6546842095792003,0.010754239554465974,0.18356537942951098]}
{"id": 3, "drone": 3, "position":(25.0,25.0,3.0), "time":237.09920560129436,"sensors":[9,35,18,26,14,23,28,7],"power":[0.03544962323011787,0.017306601016767266,0.041417279330085335,0.029403550194209906,0.018227876712117945,0.020916351289486327,0.03282890577003229,0.03362403547359005]}
{"id": 4, "drone": 2, "position":(25.0,41.666666666666664,1.0), "time":227.77234183113075,"sensors":[8,18,26,13,37,3],"power":[1.4205349095769693,0.051520670992793276,0.02914463489425782,0.14958662980899953,0.19606317348252925,0.04970813372848732]}
{"id": 5, "drone": 2, "position":(8.333333333333334,33.333333333333336,1.0), "time":716.9175651658458,"sensors":[30,12,26,11,17],"power":[0.5587870789959339,0.10353830771850837,0.10234746842718004,0.06306519476801122,0.15]}
{"id": 6, "drone": 2, "position":(8.333333333333334,8.333333333333334,1.0), "time":329.12890639688635,"sensors":[15,22,5,16,27,20,10,32],"power":[0.08334699391013874,0.08390203633994624,0.0878062437477372,0.033235949114403855,0.06615824535406999,0.05557129993449355,0.04325764345860137,0.29670791432349647]}
{"id": 7, "drone": 2, "position":(41.666666666666664,16.666666666666668,1.0), "time":46.67906504026314,"sensors":[9,35,34,38,21,36,4,33,31,28],"power":[0.005466022929095568,0.010337818279706004,0.014210237633328146,0.008844899157969911,0.04343417204989702,0.025484991290084497,0.016010514277723337,0.013845264597863723,0.004040574127037819,0.009371891450405165]}
{"id": 8, "drone": 0, "position":(41.666666666666664,8.333333333333334,1.0), "time":1398.016865799879,"sensors":[0,34,21,36,1,31,39,19],"power":[0.31943268066917,0.13534912153933204,0.14657796557578398,0.7507756576297677,0.2863726729849542,0.20936830712464075,0.44910458793233665,0.15]}
{"id": 9, "drone": 0, "position":(25.0,16.666666666666668,1.0), "time":2.795178116330817,"sensors":[9,31,14,23,28,20,7],"power":[2.0316431908216668E-4,4.640860476471905E-4,0.0026361718226789324,0.0024577729108199056,3.5587979502988223E-4,2.9291803252838973E-4,9.721347138914747E-4]}
{"id": 10, "drone": 0, "position":(41.666666666666664,25.0,1.0), "time":2.795178116330817,"sensors":[9,35,34,24,38,21,36,4,33,25,29,28],"power":[8.09309948951141E-4,0.0022267498088313193,4.4064082733967025E-4,2.0368749645296994E-4,0.005094574539179429,9.684853734753035E-4,2.0358848500991864E-4,0.009538796054895467,0.010689502303032124,5.562836980966691E-4,7.758657963448224E-4,6.484404326278449E-4]}
{"id": 11, "drone": 0, "position":(25.0,33.333333333333336,1.0), "time":5.589056992729297,"sensors":[9,8,18,26,13,37,29,3],"power":[4.5098689259046346E-4,0.0010523737437870366,0.015247054658068747,0.0018966264037814195,4.1337019100045995E-4,6.464310368726058E-4,4.573538864107366E-4,0.001516019187286544]}
{"id": 12, "drone": 1, "position":(8.333333333333334,16.666666666666668,1.0), "time":337.45671696223474,"sensors":[5,16,20,10,7,32],"power":[1.011150788066792,0.11676405088559615,0.18275892805746974,0.25152639797745957,0.04554105835865714,0.09480117387945584]}
{"id": 13, "drone": 1, "position":(16.666666666666668,8.333333333333334,1.0), "time":778.1103074810212,"sensors":[15,22,5,14,23,27,20,7,32],"power":[0.08813469825342699,0.06609796366005373,0.06272002918737897,0.12150088404422613,0.19529370639875926,0.5540052374250674,0.16221447866510003,0.13681670125538972,0.41020101860659197]}
{"id": 14, "drone": 1, "position":(41.666666666666664,41.666666666666664,1.0), "time":224.92960078450935,"sensors":[6,24,2,25,37,29,3],"power":[0.0900820497291363,0.037974310855915454,0.06729139307400434,0.03451830367583064,0.014463635324407875,0.02116221570272206,0.02379377839952513]}
{"id": 15, "drone": 1, "position":(25.0,25.0,1.0), "time":92.02970079559202,"sensors":[9,35,18,26,14,23,29,28,3,7],"power":[0.015019353509311193,0.00728039968993037,0.01703923868681675,0.012670153664369795,0.0076350674209768,0.008569035063707271,0.006186945099843186,0.01321816561297035,0.005963634683186945,0.014812572460272923]}
