LP RESULTS :
 Obj = 0.1*lambda1+0.9*lambda2 = 138.61380563556793 (lambda1 = 1350.1380563556793, lambda2 = 4.0) Resol time = 357640 ms

{"id": 0, "drone": 1, "position":(8.333333333333334,33.333333333333336,1.0), "time":528.4690157984465,"sensors":[19,25,38,24,9,10,2,29,37],"power":[0.03782158676930519,0.034906847535794226,0.04066288122428699,0.17060474048073024,0.10489390870426177,0.038217334679909815,0.03960348297073969,0.14267507967964096,0.193286178166709]}
{"id": 1, "drone": 1, "position":(8.333333333333334,8.333333333333334,1.0), "time":200.56649930816843,"sensors":[15,3,34,7,4,14,16,11],"power":[0.2163562358015614,0.028357419308693982,0.025422787983983872,0.0813524106394143,0.02037957396238973,0.1163238993031717,0.049749478971529655,0.014731642906138204]}
{"id": 2, "drone": 1, "position":(25.0,8.333333333333334,1.0), "time":309.85287134778923,"sensors":[3,31,27,21,36,4,11],"power":[0.09861919781914613,0.2817885054495122,0.15800803414654913,0.17336037892760078,0.12092608829578294,0.12441670525180017,0.1928713823961016]}
{"id": 3, "drone": 1, "position":(25.0,16.666666666666668,1.0), "time":311.24966990127507,"sensors":[25,3,31,27,21,36,4,35,11],"power":[0.03913039569038791,0.02962061758317653,0.27063440502024394,0.2945335817477278,0.022001764335986537,0.24304384519620784,0.07810502018398736,0.0377061214401702,0.030155218502671412]}
{"id": 4, "drone": 3, "position":(25.0,41.666666666666664,1.0), "time":1.1893209600460324,"sensors":[24,9,10,26,23,8,0,13],"power":[8.27760808483922E-5,1.2268840874041418E-4,8.983300179295166E-5,2.217895400064369E-4,4.0556402255414315E-4,2.4099909735093728E-4,0.007296341406107377,3.222382113377971E-4]}
{"id": 5, "drone": 3, "position":(8.333333333333334,16.666666666666668,1.0), "time":510.41937065595766,"sensors":[25,38,15,34,7,4,14,16,37],"power":[0.09383845738090452,0.2123026625622608,0.11759486220999833,0.8591292320764812,0.0686475893605857,0.03829629888124911,0.7666203842718486,1.3600315384635455,0.06568026613844394]}
{"id": 6, "drone": 3, "position":(41.666666666666664,25.0,1.0), "time":131.02577853696062,"sensors":[20,28,30,1,18,39,32,17,35,6,12],"power":[0.016438071859308286,0.016392576696050307,0.03319182073092003,0.03946984670502578,0.014502825943229212,0.008377733088993979,0.01330446461042061,0.010711866310271524,0.0255777834768462,0.07434327441871198,0.045588420313221065]}
{"id": 7, "drone": 3, "position":(41.666666666666664,16.666666666666668,1.0), "time":705.9189025060139,"sensors":[28,22,1,18,39,17,35,6,12],"power":[0.25085641935627184,0.0741560617667549,0.2892313236412021,1.3866130315277074,0.3065572647148874,0.1505670990442508,0.07386678813262829,0.07565672558128801,0.2952582605947863]}
{"id": 8, "drone": 0, "position":(8.333333333333334,41.666666666666664,1.0), "time":27.746952465337998,"sensors":[19,24,9,10,2,29],"power":[0.019408463493994582,0.015215385392002649,0.00240489283786291,0.010848190445633512,0.01919334761750309,0.007324920320359045]}
{"id": 9, "drone": 0, "position":(33.333333333333336,33.333333333333336,1.0), "time":1.4374822374211733,"sensors":[20,30,26,23,8,35,0,13],"power":[1.3621438048210728E-4,1.0234826783146438E-4,2.600151232283689E-4,6.41444609607805E-4,0.0021119391812608117,2.520960741467392E-4,1.769021436088368E-4,1.9210269127863499E-4]}
{"id": 10, "drone": 0, "position":(25.0,33.333333333333336,5.0), "time":20.27383037487081,"sensors":[9,26,23,8,35,0],"power":[0.00356568676989149,0.01189782221977101,0.006344465235098444,0.005300100960417363,0.0013666668282368804,0.0034929463546151764]}
{"id": 11, "drone": 0, "position":(41.666666666666664,41.666666666666664,1.0), "time":1197.4009652064267,"sensors":[20,30,5,32,8,13],"power":[0.3257760372633181,0.12167964008181278,0.14790514510759425,0.2255116188623873,0.0863628313351487,0.1850878806708981]}
{"id": 12, "drone": 2, "position":(16.666666666666668,41.666666666666664,1.0), "time":642.6224791800634,"sensors":[19,24,9,10,26,2,23,0],"power":[0.12802476994984288,0.33227940528112176,0.1326235395356952,0.29074020751420526,0.061565361147886785,0.09120316941175723,0.047578797635645105,0.10897974117887262]}
{"id": 13, "drone": 2, "position":(41.666666666666664,8.333333333333334,1.0), "time":513.193375312705,"sensors":[33,28,22,1,18,39,17,12],"power":[0.15,0.0720449583409259,0.23979464744007775,0.038850999322082046,0.23786852134450207,0.2833372105019439,0.05917055168181077,0.036696603458984726]}
{"id": 14, "drone": 2, "position":(41.666666666666664,41.666666666666664,4.0), "time":20.27383037487084,"sensors":[20,30,5,32,13],"power":[0.004491541999896299,0.001799410851388877,0.0020948548924057345,0.003113847920645165,0.002617767718436587]}
{"id": 15, "drone": 2, "position":(25.0,33.333333333333336,1.0), "time":129.8364575769145,"sensors":[9,26,23,8,35,0,13],"power":[0.03097778311234193,0.8708837079478505,0.0950297284970945,0.05598412942582218,0.011230544047971679,0.030054068916796014,0.010156710946113406]}
