LP RESULTS :
 Obj = 0.1*lambda1+0.9*lambda2 = 113.05889092641658 (lambda1 = 1094.5889092641657, lambda2 = 4.0) Resol time = 6205 ms

{"id": 0, "drone": 3, "position":(8.333333333333334,8.333333333333334,1.0), "time":323.7318939690002,"sensors":[5,38,1,26,22,23,10,18,16,3,7],"power":[0.03349426681873326,0.025098117368706888,0.8617589326117856,0.057316326789037385,0.17173156825513913,0.15127382971193873,0.045368947743315756,0.02734559674056705,2.644589293951687,0.04298637827160551,0.22638292250200456]}
{"id": 1, "drone": 3, "position":(8.333333333333334,41.666666666666664,1.0), "time":91.18389999312217,"sensors":[13,37,35,34],"power":[0.011919414862292302,0.07643399648395578,0.006187933984629743,0.21404207797105274]}
{"id": 2, "drone": 3, "position":(8.333333333333334,33.333333333333336,1.0), "time":631.2982438267322,"sensors":[13,32,37,34],"power":[0.13808058513770768,0.06914064201940218,0.10198866284520657,0.08287687281688297]}
{"id": 3, "drone": 3, "position":(33.333333333333336,33.333333333333336,1.0), "time":44.494619960584046,"sensors":[6,20,24,11],"power":[0.0044517613558955746,0.09397731160172013,0.07371936224741753,0.047223879529006446]}
{"id": 4, "drone": 0, "position":(25.0,16.666666666666668,1.0), "time":194.33395309787684,"sensors":[9,12,38,15,0,14,18,27,29,30,17,8],"power":[0.01445868608858019,0.02037847568661467,0.028372428532828224,0.01973062902292652,0.04146838741526873,0.023970253919445718,0.02418753014651049,0.4893113671481107,0.02667524298096116,0.06876085574022729,0.1276852448488759,0.013452968920110666]}
{"id": 5, "drone": 0, "position":(16.666666666666668,41.666666666666664,2.0), "time":368.4574007721076,"sensors":[31,6,37,35,34],"power":[0.023672265415695407,0.09042466709578917,0.028329054101211767,0.20170096431054413,0.05393383202631039]}
{"id": 6, "drone": 0, "position":(25.0,8.333333333333334,5.0), "time":187.59672828732084,"sensors":[9,12,38,26,0,22,14,27,29,30,17],"power":[0.026907202432983637,0.016146148698365864,0.065326535431717,0.020884731652410882,0.08840841931359011,0.012373268268271308,0.08611799219321986,0.02639921852838149,0.03017408586120074,0.016448027063449683,0.012951915671319592]}
{"id": 7, "drone": 0, "position":(41.666666666666664,25.0,1.0), "time":344.200827106883,"sensors":[15,20,24,8],"power":[0.031645082099077,0.052845007201381015,0.023313206680942635,0.025826401287974737]}
{"id": 8, "drone": 2, "position":(41.666666666666664,41.666666666666664,1.0), "time":514.4164823946504,"sensors":[33,4,21,11,36],"power":[0.797217051625625,0.15,0.1865240166630154,0.09569266176268007,0.14546358052860947]}
{"id": 9, "drone": 2, "position":(8.333333333333334,16.666666666666668,1.0), "time":463.2906654374336,"sensors":[5,1,22,23,10,18,30,16,32,3,7],"power":[0.5297820631712292,0.12618929571003304,0.04630575884304029,0.03175264619839088,1.3482726671429424,0.14951175218068874,0.06335168439954197,0.08239033600750706,0.23479000281432114,0.10701362172839449,0.4997772154071082]}
{"id": 10, "drone": 2, "position":(16.666666666666668,41.666666666666664,2.0), "time":3.649364672203774,"sensors":[31,6,37,35,34],"power":[2.344605616227038E-4,8.956058011147449E-4,2.8058345148522203E-4,0.0019977353473206597,5.341844696861611E-4]}
{"id": 11, "drone": 2, "position":(16.666666666666668,8.333333333333334,1.0), "time":113.23239675987793,"sensors":[5,38,1,26,0,22,14,23,18,27,30,16,7,17],"power":[0.008392856959057064,0.08732852049410254,0.0151538499222966,0.07075892193875433,0.04666239069398766,0.0884686731373181,0.028144505055368686,0.009567399547281506,0.014149829021079882,0.015122580536380808,0.019473434136720223,0.023379405289402907,0.01672101514830929,0.008753872318894651]}
{"id": 12, "drone": 1, "position":(25.0,41.666666666666664,1.0), "time":507.75595284751836,"sensors":[31,6,24,11,35],"power":[0.12096752676244792,2.4467411369565997,0.056794701892106336,0.07968930913164077,0.6693691372222114]}
{"id": 13, "drone": 1, "position":(33.333333333333336,41.666666666666664,1.0), "time":27.921854061412848,"sensors":[31,6,33,20,24,21,11,35,36],"power":[0.005125747260233921,0.004841553910320661,0.00353599727306993,0.0031776811968986214,0.004066564962429992,0.0025065545212842886,0.02020139735121934,0.0026777639427856756,0.0045364194713905515]}
{"id": 14, "drone": 1, "position":(41.666666666666664,8.333333333333334,2.0), "time":549.3169042488493,"sensors":[9,12,28,15,39,19,29,2,25,8],"power":[0.13300110890147976,0.14692363810724818,0.15,0.12143922086173391,1.8533365431914637,0.1985273456688985,0.1055960680221802,0.19663209843886875,0.29135046730635006,0.1878797311159542]}
{"id": 15, "drone": 1, "position":(25.0,8.333333333333334,1.0), "time":6.737224810555833,"sensors":[9,12,38,15,26,0,22,14,27,29,30,17],"power":[0.0012766858716755803,7.374254431167664E-4,0.006358106128118776,4.954767414732188E-4,0.0010400196198115292,0.015489525990322803,5.635021930414597E-4,0.01579199553780684,0.0012610109322381748,0.0014701320390685586,7.994670435742129E-4,6.089671609116662E-4]}
