LP RESULTS :
 Obj = 0.1*lambda1+0.9*lambda2 = 144.14592494033826 (lambda1 = 1405.4592494033825, lambda2 = 4.0) Resol time = 121967 ms

{"id": 0, "drone": 1, "position":(33.333333333333336,25.0,1.0), "time":9.833740420267986,"sensors":[29,12,34,17,35],"power":[0.009474646675126958,8.286794239025068E-4,0.02999305864353257,0.0015919870901839558,0.08583214107356436]}
{"id": 1, "drone": 1, "position":(33.333333333333336,8.333333333333334,1.0), "time":544.8097504459103,"sensors":[39,18,12,1,38,37,36,8],"power":[0.26386688007291126,0.05010185406427953,0.07443779364492892,0.06716934740933028,0.09279892034323486,0.5347913486625714,0.056387225639708966,0.06945533964025635]}
{"id": 2, "drone": 1, "position":(41.666666666666664,33.333333333333336,1.0), "time":665.4383911023356,"sensors":[22,34,35,11,9,27,19],"power":[0.18514154517229287,0.08799197915583593,0.06043242075937933,0.5280061092018529,1.895727582917037,0.14329228070670894,0.054459445178565796]}
{"id": 3, "drone": 1, "position":(16.666666666666668,33.333333333333336,1.0), "time":185.37736743472135,"sensors":[21,17,7,25,30],"power":[0.014894735696927388,0.029178446773521126,0.038703948287359555,0.01607371595858105,0.02272138435199687]}
{"id": 4, "drone": 0, "position":(8.333333333333334,41.666666666666664,1.0), "time":784.0549581804607,"sensors":[14,3,13,10,21,2,20,16,4,5,25,30],"power":[0.2539014654584938,0.2140447605969214,0.15,0.07405274136769167,0.05293351734072876,0.3362214695844931,0.17255827828658987,0.19478994478095174,0.21091502122935846,0.2718366572977485,0.17708563695296067,0.19576591938663107]}
{"id": 5, "drone": 0, "position":(25.0,41.666666666666664,1.0), "time":170.266859038049,"sensors":[14,21,17,25,30],"power":[0.012500446509124448,0.09051759712053241,0.025100430022098375,0.023686871573837674,0.027278067011226502]}
{"id": 6, "drone": 0, "position":(41.666666666666664,25.0,1.0), "time":345.81048605954396,"sensors":[22,29,12,34,35,11,9,19],"power":[0.023028126474029444,0.0364570186720588,0.055836411559630476,0.1276011778002985,0.08172456544982482,0.09904042780690643,0.05683335950886786,0.09049025680684837]}
{"id": 7, "drone": 0, "position":(25.0,25.0,4.0), "time":105.32694611828984,"sensors":[29,34,17,35,7],"power":[0.02797864543262316,0.0115088119627844,0.025525753464572656,0.01720050161518031,0.02067656542847089]}
{"id": 8, "drone": 3, "position":(41.666666666666664,33.333333333333336,1.0), "time":61.7094458893946,"sensors":[22,34,35,11,9,27,19],"power":[0.017169105835271085,0.008159938394030444,0.005604202054886456,0.048964659780278134,0.17580034495043295,0.0132882132453923,0.005050298014585595]}
{"id": 9, "drone": 3, "position":(25.0,25.0,1.0), "time":217.34023981355438,"sensors":[29,34,17,38,35,7],"power":[0.07608968922019227,0.028456931016921885,0.06860338264964341,0.015058009798986397,0.042711593660255676,0.053396333986864594]}
{"id": 10, "drone": 3, "position":(8.333333333333334,25.0,1.0), "time":621.4042912227753,"sensors":[10,24,28,6,15,7,32],"power":[0.10035325637198729,1.3229277087228897,0.16127792853484108,0.075465470063991,0.09706050857399225,0.11946709048249408,0.20264567561165667]}
{"id": 11, "drone": 3, "position":(41.666666666666664,8.333333333333334,1.0), "time":505.00527247766286,"sensors":[39,18,12,33,37],"power":[0.9326223213008601,0.2339442123022441,0.146787152915868,0.1500000000000008,0.10775917345658392]}
{"id": 12, "drone": 2, "position":(8.333333333333334,8.333333333333334,1.0), "time":496.13456582161683,"sensors":[23,0,6,31],"power":[0.2055150624327603,0.11858585572852877,0.12491915957398561,0.14784337147210821]}
{"id": 13, "drone": 2, "position":(8.333333333333334,16.666666666666668,1.0), "time":266.01542443784786,"sensors":[23,24,28,0,6,15,7,32],"power":[0.03513149588265345,0.09997878785506409,0.05097432120442307,0.03141414427147123,0.23107843001638528,0.05293949142598606,0.023384610296673648,0.021219581570549265]}
{"id": 14, "drone": 2, "position":(25.0,8.333333333333334,1.0), "time":107.39578824086298,"sensors":[1,23,38,31,37,36,8,26],"power":[0.25216924850350825,0.01264954876463196,0.1288807759758637,0.009161754287410985,0.015922703475743646,0.17364632797171142,0.02755760294631788,0.02040108655498258]}
{"id": 15, "drone": 2, "position":(16.666666666666668,8.333333333333334,1.0), "time":535.9134709030596,"sensors":[1,23,38,31,36,8,26],"power":[0.2040627737967935,1.2023094277164772,0.10679457436592231,0.2599222239260094,0.2930990542025411,0.05298705741342399,0.1295989134450186]}
