LP RESULTS :
 Obj = 0.1*lambda1+0.9*lambda2 = 166.14581505781484 (lambda1 = 1634.4581505781484, lambda2 = 3.0) Resol time = 730 ms

{"id": 0, "drone": 2, "position":(41.666666666666664,16.666666666666668,1.0), "time":28.879964623164597,"sensors":[22,4,6,21,36,32,12],"power":[0.004178814371179009,0.08618459944684811,0.0024080468834465868,0.006627920509207281,0.0022611244882189763,0.02422111549990514,0.00510528824594434]}
{"id": 1, "drone": 2, "position":(25.0,25.0,1.0), "time":491.02839216534676,"sensors":[22,9,1,10,15,36,7,39],"power":[0.061467744386039115,0.14315912770649214,2.5990098887018696,0.3210164069866555,1.3467998582732152,0.1821475047568822,0.088951441808887,0.3141110343634362]}
{"id": 2, "drone": 2, "position":(41.666666666666664,33.333333333333336,1.0), "time":998.5582629663977,"sensors":[24,38,22,33,17,6,8,21,28,11],"power":[0.8981331258771398,1.6364667133373478,0.1391604445147394,0.3586690079428093,0.10896306246859086,0.35017399307679326,0.0980080982153105,0.16016157230630998,0.07427501359062619,0.10296508281164003]}
{"id": 3, "drone": 0, "position":(25.0,8.333333333333334,1.0), "time":28.879964623165094,"sensors":[19,5,0,30,3,7,29],"power":[0.0035842300367567898,0.004063181500180472,0.007486776658468255,0.02863018008712852,0.0033304371545794203,0.007097370374104283,0.005719887642088569]}
{"id": 4, "drone": 0, "position":(33.333333333333336,8.333333333333334,1.0), "time":1114.5497937896366,"sensors":[4,5,32,0,30,7],"power":[0.1658941270375715,1.0817964209431135,0.276506785302568,0.5656987321999708,0.12136981991287146,0.0910450323017875]}
{"id": 5, "drone": 0, "position":(41.666666666666664,8.333333333333334,1.0), "time":491.02839216534676,"sensors":[4,5,32,0,12],"power":[0.11453624848363249,0.10838634936893977,0.2893065400355059,0.047770749040827384,0.14489471175405566]}
{"id": 6, "drone": 1, "position":(41.666666666666664,41.666666666666664,1.0), "time":633.3214302162726,"sensors":[24,38,33,17,26,8,28,11],"power":[0.5960727516118989,0.08833100647316208,0.052972727003955854,0.9517120328136283,0.2183877790429242,0.06550703154244707,0.136986026207874,0.08491472178771477]}
{"id": 7, "drone": 1, "position":(8.333333333333334,8.333333333333334,1.0), "time":998.5582629664086,"sensors":[19,13,34,18,27,3,20,29],"power":[0.39055267211890066,0.30632064698489214,0.15,0.19734053481630184,0.19757513104540708,0.17786955066655372,0.3375785024701959,0.15097698625676986]}
{"id": 8, "drone": 1, "position":(25.0,33.333333333333336,1.0), "time":2.5784573954672823,"sensors":[9,1,10,15,8,36,11,39],"power":[0.006840872293478634,6.060269996998639E-4,2.217465507617681E-4,8.661497329911982E-4,7.209131695846493E-4,2.1681366390390443E-4,5.173680864693987E-4,8.074686355905951E-4]}
{"id": 9, "drone": 3, "position":(8.333333333333334,41.666666666666664,1.0), "time":928.9413608166636,"sensors":[2,14,23,25,37],"power":[0.15,0.47900745706190506,0.2362999135948584,0.34296778081285073,0.20111813519407404]}
{"id": 10, "drone": 3, "position":(8.333333333333334,16.666666666666668,1.0), "time":607.0199229885748,"sensors":[19,13,35,31,16,3,20],"power":[0.07746954438072831,0.24519445688087632,0.2601921805473046,0.24167269953791226,0.1445712474143806,0.16464306156907763,0.3497433356687055]}
{"id": 11, "drone": 3, "position":(8.333333333333334,25.0,4.0), "time":28.879964623165165,"sensors":[14,23,13,35,31,25,16,20,37],"power":[0.0019351005231666018,0.002802569112712887,0.001889308733781549,0.013115438597233462,0.020028498037774612,0.0029405550513616607,0.005428752585619404,0.0020804171433758236,0.0021205877832806046]}
