LP RESULTS :
 Obj = 0.1*lambda1+0.9*lambda2 = 144.32115937515653 (lambda1 = 1416.2115937515653, lambda2 = 3.0) Resol time = 816 ms

{"id": 0, "drone": 0, "position":(8.333333333333334,8.333333333333334,1.0), "time":508.70912319328727,"sensors":[39,11,30,15,6,8,19],"power":[2.046611351316061,0.0339271805754973,0.14387193179264657,0.15399929665143158,0.3407168352250087,0.15,0.28131508770214736]}
{"id": 1, "drone": 0, "position":(16.666666666666668,8.333333333333334,1.0), "time":381.5723046752564,"sensors":[27,17,39,37,11,30,15,23,6,19,20],"power":[0.05960185102898921,0.028352526235918562,0.0826225238671618,0.06880124431266375,0.1826751056570087,0.03740389356143765,0.039713952657311175,0.025601159256961863,0.4600168835236351,0.42714800428681754,0.028808078734064838]}
{"id": 2, "drone": 0, "position":(25.0,25.0,1.0), "time":508.70912319328727,"sensors":[18,14,27,17,21,20],"power":[0.054036494324222695,0.0858433081909111,0.06127912175204346,0.10147689859711378,0.6097956808374386,0.12697932336820023]}
{"id": 3, "drone": 3, "position":(41.666666666666664,8.333333333333334,1.0), "time":890.2814278685435,"sensors":[35,38,34,22,31,5],"power":[0.31590192557026076,0.21192055535229148,0.14999999999999997,0.27119740790452374,0.21221861494701985,0.1324436383431972]}
{"id": 4, "drone": 3, "position":(25.0,41.666666666666664,1.0), "time":313.79971085707234,"sensors":[18,36,24,10,28,29,0],"power":[0.1493681146147431,0.07402458598262816,0.02334938987943021,0.03359515669142128,0.21263352325035856,0.14042150760992278,0.26226398569152715]}
{"id": 5, "drone": 3, "position":(25.0,8.333333333333334,1.0), "time":212.13045502594946,"sensors":[27,35,38,17,31,37,11,23,6,19,5],"power":[0.08793580178262482,0.017515643023433343,0.03837185118275841,0.04572718089307192,0.01871022415870966,0.05578562431181291,0.12835737993768478,0.05017544990448549,0.01945783541594727,0.01978636800452029,0.06423785663911419]}
{"id": 6, "drone": 2, "position":(41.666666666666664,41.666666666666664,1.0), "time":597.2068162379486,"sensors":[32,1,10,16,25,3,0],"power":[0.08335158114567007,0.19443081071434568,0.05291417498587757,0.8308760780011275,0.4347838428719259,0.3900092110223486,0.03917821485503684]}
{"id": 7, "drone": 2, "position":(41.666666666666664,25.0,1.0), "time":505.2050666565445,"sensors":[32,7],"power":[0.06664841885432993,0.15]}
{"id": 8, "drone": 2, "position":(25.0,8.333333333333334,1.0), "time":313.7997108570721,"sensors":[27,35,38,17,31,37,11,23,6,19,5],"power":[0.13008141226113398,0.025910488503674365,0.05676259830172538,0.06764316863790114,0.02767760494529594,0.08252239300993688,0.18987612460403036,0.0742233908385526,0.028783529110338418,0.029269519824348472,0.09502558619867299]}
{"id": 9, "drone": 1, "position":(8.333333333333334,25.0,1.0), "time":396.74314389818096,"sensors":[4,14,24,9,33,15,12,13,20],"power":[0.149099400593903,0.07622598070701603,0.04344752804036327,0.10848660434002258,0.8522737573242962,0.06151701078837699,0.43793124535722217,0.9350327035248572,0.047232709265748574]}
{"id": 10, "drone": 1, "position":(8.333333333333334,41.666666666666664,1.0), "time":705.668738996312,"sensors":[36,4,24,2,28,9,29,26,12],"power":[0.07597541401737185,0.08863837780210654,0.11280032698260158,1.4959385417992732,0.0645683633501363,0.0700175962596143,0.05582400829308087,0.1717884307572565,0.05147025355420871]}
{"id": 11, "drone": 1, "position":(33.333333333333336,41.666666666666664,1.0), "time":279.6182344030115,"sensors":[18,10,16,25,28,3,29,0],"power":[0.04987766043714286,0.06349066832270116,0.028077706754950485,0.02367431444719044,0.019332658740584333,0.01957348199661802,0.01840227721834736,0.14488847069929756]}
