LP RESULTS :
 Obj = 0.1*lambda1+0.9*lambda2 = 141.93575086523063 (lambda1 = 1392.3575086523065, lambda2 = 3.0) Resol time = 151 ms

{"id": 0, "drone": 1, "position":(16.666666666666668,8.333333333333334,1.0), "time":119.81538399992444,"sensors":[5,8,17,10,12,6,22,28,2,33,37,15,26],"power":[0.01564398352003329,0.020862637346294996,0.02842386523621371,0.01636495803546487,0.009113744978029706,0.00891069825526894,0.02725825230799728,0.048956108936920886,0.020035243080882847,0.028397260714185763,0.17503877236343354,0.0360761630862254,0.00999915851046811]}
{"id": 1, "drone": 1, "position":(8.333333333333334,16.666666666666668,1.0), "time":347.65807208636835,"sensors":[24,6,27,2,33,35,37,3,26],"power":[0.07916080496282905,0.20775719803177947,0.03483059011110633,0.0544766142996566,0.05919510108827644,0.038052189922806276,0.07277930802555412,0.19678796434064813,0.2604386867627768]}
{"id": 2, "drone": 1, "position":(25.0,8.333333333333334,1.0), "time":304.9126707778463,"sensors":[29,5,8,17,12,22,28,37,9,15],"power":[0.022561806209511544,0.06999628141071809,0.12233981311862019,0.13672715231020555,0.17898101197511723,0.07932368455330432,0.08210255632582161,0.03638273196965336,0.06292943796155966,0.05027854731364638]}
{"id": 3, "drone": 0, "position":(25.0,8.333333333333334,5.0), "time":233.78759740283346,"sensors":[5,8,17,12,22,28,37,9,15],"power":[0.03899794274239153,0.059130028194653,0.06172726404724436,0.06992682841083925,0.04341806313869839,0.044931343051441336,0.0210105991049765,0.035625781671445506,0.028845745199666296]}
{"id": 4, "drone": 0, "position":(16.666666666666668,25.0,2.0), "time":339.2299358455399,"sensors":[23,17,13,6,27,3,7,25,26],"power":[0.026326137738335153,0.023568030773581647,0.03947158989156528,0.09831932310444146,0.6710753172831565,0.05950728786031431,0.03423684405976905,0.14999999999999997,0.08975927089727975]}
{"id": 5, "drone": 0, "position":(41.666666666666664,25.0,1.0), "time":745.007449042605,"sensors":[14,29,38,21,11,39,34,4,31],"power":[0.15000000000000002,0.07422892288667213,2.0906932654480888,0.27003688291281136,0.07212969374862707,4.532983382734972,0.12568984191220023,0.191822003968772,0.298657118671091]}
{"id": 6, "drone": 3, "position":(8.333333333333334,8.333333333333334,1.0), "time":386.18378438533404,"sensors":[24,10,6,28,2,33,35,37,3,15,26],"power":[0.07083919503717094,0.1336350419645351,0.03108508086369712,0.032384688653603826,1.4914324733082558,2.0849963002864347,0.15107166031839725,0.13725711138047986,0.025525081173554093,0.03479954440046192,0.03675053802444817]}
{"id": 7, "drone": 3, "position":(25.0,41.666666666666664,3.0), "time":582.0113875059084,"sensors":[16,23,20,36,19,7,32],"power":[0.10343353269258954,0.17627706822820208,0.04839717312714381,0.05924022023225348,0.24341409903640038,0.1405480772121323,0.22883884281312714]}
{"id": 8, "drone": 3, "position":(33.333333333333336,8.333333333333334,1.0), "time":325.6035834916201,"sensors":[29,5,8,17,12,9],"power":[0.03311076740933689,0.025361792326857077,0.038080680662844764,0.03226680139775007,0.17047773868549707,0.08746735716758153]}
{"id": 9, "drone": 2, "position":(33.333333333333336,16.666666666666668,1.0), "time":16.833805340235163,"sensors":[29,38,17,21,12,39,31,9],"power":[0.020098503494479444,0.0016150577450220294,0.0020523180786666192,0.003232370015578353,0.005041187562807038,0.001440393201136843,0.00394433682437761,0.02234647605534765]}
{"id": 10, "drone": 2, "position":(8.333333333333334,41.666666666666664,1.0), "time":810.3461211463981,"sensors":[36,13,1,18],"power":[0.15007624292657906,0.1932737018087906,1.2587074436704377,0.15]}
{"id": 11, "drone": 2, "position":(41.666666666666664,41.666666666666664,1.0), "time":351.8768705194242,"sensors":[30,16,20,11,34,19,0],"power":[0.15,0.0793537362838421,0.11016011491148595,0.09321328679311348,0.045579100563486324,0.03506065235880592,0.6719692848828975]}
