LP RESULTS :
 Obj = 0.1*lambda1+0.9*lambda2 = 114.52664545262826 (lambda1 = 1109.2664545262826, lambda2 = 4.0) Resol time = 291945 ms

{"id": 0, "drone": 3, "position":(16.666666666666668,16.666666666666668,1.0), "time":218.89081205862942,"sensors":[9,12,19,0,7,35,18,20,37,13],"power":[0.8315907572584896,0.060468754688561444,0.01614103213351679,0.01561002596868787,0.027703810343456016,0.11964779075938993,0.9424095745289459,1.0200493412340763,0.01835512107112868,0.073402117292416]}
{"id": 1, "drone": 3, "position":(8.333333333333334,8.333333333333334,1.0), "time":404.33244489735415,"sensors":[9,12,22,35,20],"power":[0.03197998849821688,0.12241748124892733,0.15,0.07774317838560105,0.03755188797046882]}
{"id": 2, "drone": 3, "position":(25.0,25.0,1.0), "time":199.49332525671568,"sensors":[17,11,9,19,0,7,8,14,18,5,20,37,13],"power":[0.036174325026668216,0.051879462667897364,0.02210117335015746,0.03741741864775855,0.033632406074263245,0.09886409099945975,0.029121943693931257,0.021366802846294098,0.028575336163959814,0.03656363639821858,0.018755305484792352,0.9779980040035957,0.05804774028055901]}
{"id": 3, "drone": 3, "position":(41.666666666666664,41.666666666666664,1.0), "time":181.905978055498,"sensors":[30,25,4,10,29,28,1,3,36,24,32,6,21,39],"power":[0.045733188424677516,0.03451400117324473,0.11013917468896695,0.01957607352058782,0.020825549634253235,0.042194332199059936,0.11849499569275918,0.024136746932765605,0.026006515526671863,0.035931127112213385,0.03357776680524756,0.02807136516621162,0.05236544424656539,0.022514862931286062]}
{"id": 4, "drone": 1, "position":(16.666666666666668,41.666666666666664,1.0), "time":417.6432286269152,"sensors":[19,0,33,26,5,38],"power":[0.03544667402339359,0.037042079104863894,0.03085621052405794,0.10121218323895177,0.06712969096186736,0.18406971165590644]}
{"id": 5, "drone": 1, "position":(33.333333333333336,41.666666666666664,1.0), "time":336.41560319192206,"sensors":[11,30,4,29,1,3,36,24,32,6,21,39],"power":[0.03889385900638319,0.1215425239277415,0.03550709893096039,0.12609376645865752,0.1674003972951584,0.08653946540203515,0.023309224285991293,1.4227099232292773,0.03884716265482906,0.20446162361323958,0.1319524114301171,0.3048095375270364]}
{"id": 6, "drone": 1, "position":(25.0,41.666666666666664,1.0), "time":218.8908120586292,"sensors":[11,30,26,29,1,5,3,24,38,6,21,39],"power":[0.02879225501877233,0.017460871586979006,0.03516950444664121,0.036898496792388547,0.014842109005113213,0.03777645409683422,0.019305626087409242,0.04829741768885314,0.029486053716396288,0.037713516282602215,0.016872587539180663,0.05492317462765705]}
{"id": 7, "drone": 1, "position":(41.666666666666664,8.333333333333334,1.0), "time":65.91742742608264,"sensors":[27,16,31,15,34,2],"power":[0.00712074824493971,0.019413175484753707,0.006723768895927811,0.036026526937928224,0.061762456111894425,0.07259446076194351]}
{"id": 8, "drone": 2, "position":(33.333333333333336,8.333333333333334,1.0), "time":348.5619077708627,"sensors":[27,16,31,15,7,34,2],"power":[0.4945514113338219,0.3713871006578692,0.44355357302469517,0.08379232667920787,0.02343209865708423,0.032192093475323987,0.07393559554181818]}
{"id": 9, "drone": 2, "position":(8.333333333333334,41.666666666666664,1.0), "time":199.4933252567159,"sensors":[33,26,38],"power":[0.11914378947594206,0.01361831231440697,0.032673018051864774]}
{"id": 10, "drone": 2, "position":(25.0,33.333333333333336,1.0), "time":3.424431113537352,"sensors":[17,11,19,0,5,24,38,6,37,13,39],"power":[4.3813804295196785E-4,0.0040004341250186,6.879837281703971E-4,6.302617102250897E-4,0.003826337678730668,2.5283075411083774E-4,6.201176692185011E-4,6.803657239564702E-4,0.0010011412897673732,2.8604066856006093E-4,7.857419910408646E-4]}
{"id": 11, "drone": 2, "position":(41.666666666666664,33.333333333333336,1.0), "time":217.7632656034637,"sensors":[17,23,25,4,10,28,1,14,36,24,32,6,39],"power":[0.03276562970339488,0.054806008415758736,0.1286064604632317,0.01630954248448903,0.35882042633215444,0.05872844025114071,0.07031551054074385,0.022482574665637654,0.8140934601092794,0.014472503444990853,0.8604492976884089,0.03843726516909282,0.02536685181835474]}
{"id": 12, "drone": 0, "position":(16.666666666666668,33.333333333333336,1.0), "time":269.8146574704849,"sensors":[11,19,0,5,38,37,13],"power":[0.026433989181928384,0.27854206755096983,0.3021532007501607,0.1970999428854111,0.5653893907905253,0.03599882773948593,0.035841114497321136]}
{"id": 13, "drone": 0, "position":(41.666666666666664,16.666666666666668,1.0), "time":466.2701893803986,"sensors":[27,17,16,23,31,15,8,14,34,2],"power":[0.034052502279948306,0.0316744001551619,0.10745542194982764,0.031673007640628,0.03094900237751715,0.03075008073563489,0.09119359486076,0.09859921094868225,0.056045450412781576,0.31598082541236233]}
{"id": 14, "drone": 0, "position":(41.666666666666664,41.666666666666664,1.0), "time":150.86636450323192,"sensors":[30,25,4,10,29,28,1,3,36,24,32,6,21,39],"power":[0.037929483948391046,0.028624688078580353,0.09134552394776893,0.016235700854196334,0.017271972013711594,0.03499448214709969,0.09827554543885637,0.02001816157779,0.021568881313558635,0.02980000205528871,0.027848208509670198,0.02328139434745206,0.04343004162659087,0.018673028528481853]}
{"id": 15, "drone": 0, "position":(41.666666666666664,25.0,2.0), "time":222.3152431721671,"sensors":[17,23,25,10,8,28,14,36,32,2],"power":[0.048947507071823014,0.06352098394361326,0.027968926147577726,0.0972087588802692,0.05322057352905567,0.014082745402699682,0.08724040058205941,0.0704127849397366,0.048839125269484716,0.015558985036500531]}
