LP RESULTS :
 Obj = 0.1*lambda1+0.9*lambda2 = 148.8238809826235 (lambda1 = 1461.2388098262352, lambda2 = 3.0) Resol time = 249 ms

{"id": 0, "drone": 3, "position":(33.333333333333336,16.666666666666668,1.0), "time":457.65194244697426,"sensors":[5,11,8,26,30,12,28,4,10,0,19,36],"power":[0.0967348731661784,0.10809818462794515,0.0496283437007561,0.16095267583443526,0.07883435587226957,0.26933994945907297,0.031380431973066066,0.15351319854057874,0.029640047859172104,1.8725437895335866,0.10176112656594151,0.12205150175717978]}
{"id": 1, "drone": 3, "position":(33.333333333333336,8.333333333333334,1.0), "time":351.8287172723555,"sensors":[5,8,26,30,12,4,6,0,32,33],"power":[0.10374134116021617,0.21861815153170677,0.4004940918647381,0.08550681888149841,0.04418369058503291,0.029612438304326742,0.028929124800176412,0.10121051037782011,0.03286414621073827,0.08734935021734454]}
{"id": 2, "drone": 3, "position":(41.666666666666664,25.0,1.0), "time":380.41656479726385,"sensors":[12,28,4,10,25,19,36],"power":[0.08917690764390793,0.08467780376647852,0.13645191491591868,0.12449215733987162,0.02722697121374216,0.08571584943700955,0.2710993223667443]}
{"id": 3, "drone": 1, "position":(25.0,8.333333333333334,5.0), "time":363.79621672558176,"sensors":[5,11,15,26,16,7,6,0,33],"power":[0.14284049173703414,0.027024037001824777,0.03513269287593408,0.08750676781807967,0.034208153282299,0.02566690168811881,0.10592857306562993,0.040458174759323375,0.06265064978265546]}
{"id": 4, "drone": 1, "position":(16.666666666666668,8.333333333333334,1.0), "time":173.65656146843662,"sensors":[5,15,29,16,3,7,6,9,13],"power":[0.02213508962932987,0.19457683743165174,0.02870522588688145,0.03999261183244391,0.036426949727984013,0.06050076334062924,0.0653894663574164,0.01562768195869276,0.06475249024151188]}
{"id": 5, "drone": 1, "position":(41.666666666666664,41.666666666666664,1.0), "time":923.7860316322168,"sensors":[21,23,14,17,25,18,37],"power":[0.3868994850109851,0.22448719345556187,0.29960536872450994,2.4776521492213575,0.12277302878625782,0.19091607802244973,2.4914845899842795]}
{"id": 6, "drone": 2, "position":(25.0,41.666666666666664,1.0), "time":204.19186779137013,"sensors":[1,2,34,35,14,24,22,27],"power":[0.018549833049321444,0.36873950655108767,0.014600602869045366,0.048574924592652606,0.029287744521725115,0.01705668030329725,0.11153684700817858,0.033494305993676046]}
{"id": 7, "drone": 2, "position":(8.333333333333334,8.333333333333334,1.0), "time":923.7860316322168,"sensors":[15,29,39,31,16,3,20,7,9,13],"power":[0.25673751607538736,0.1699856469831276,0.0742649352477019,0.15,0.07579923488525711,0.10569088753496567,0.26831857256260816,0.1870075287196394,1.0787324111870367,0.9353596445481569]}
{"id": 8, "drone": 2, "position":(16.666666666666668,41.666666666666664,1.0), "time":333.2609104026483,"sensors":[1,2,34,35,22,27],"power":[0.1755841205867331,0.05706037113551773,0.07560923330997303,0.06426184067207671,0.03846315299182141,0.03243824822432422]}
{"id": 9, "drone": 0, "position":(41.666666666666664,8.333333333333334,1.0), "time":271.3415853096415,"sensors":[8,26,30,12,4,10,0,32,36],"power":[0.20805625611917034,0.02936364551126088,0.5165737728290642,0.039007779928600654,0.03141081644200016,0.02134872153709345,0.025123131317406212,0.11713585378926172,0.020199830888006323]}
{"id": 10, "drone": 0, "position":(8.333333333333334,25.0,1.0), "time":363.7962167255817,"sensors":[1,39,3,34,20,38],"power":[0.02484878194396126,0.07573506475229809,0.0426696950901631,0.04440865440505209,0.03413344882243517,2.245421857809688]}
{"id": 11, "drone": 0, "position":(25.0,33.333333333333336,2.0), "time":559.989814906635,"sensors":[11,1,2,34,28,35,24,19,27],"power":[0.037240331682418006,0.05157157273280122,0.05894076351131964,0.07715685071512324,0.06902013981694667,0.593110859019933,0.3614068574608936,0.04913394858426551,1.3538877867037507]}
