LP RESULTS :
 Obj = 0.1*lambda1+0.9*lambda2 = 140.5998273448508 (lambda1 = 1378.9982734485081, lambda2 = 3.0) Resol time = 1080 ms

{"id": 0, "drone": 0, "position":(41.666666666666664,33.333333333333336,1.0), "time":303.441293223573,"sensors":[17,11,10,13,36,39,9],"power":[0.17093779415810878,0.029201916737890805,0.08748491853696898,0.05221462668088466,0.1565585128278534,0.3435015506906938,0.03440335912158698]}
{"id": 1, "drone": 0, "position":(25.0,25.0,1.0), "time":189.93710909828894,"sensors":[14,6,4,12,34,2,22,15],"power":[0.09362950552076119,0.012427419687218553,0.14104364415689696,0.03992064384836098,0.20152310783571079,0.018531239218301528,0.016701271808052042,0.10204333158305103]}
{"id": 2, "drone": 0, "position":(41.666666666666664,8.333333333333334,1.0), "time":885.6198711266462,"sensors":[31,3,38,35,21,28,33,32],"power":[1.5860197019321343,0.08755100350113165,0.20992777718579467,0.4929619429961191,0.13243152173406414,0.35269283437652044,0.15227606481344041,0.15]}
{"id": 3, "drone": 2, "position":(8.333333333333334,16.666666666666668,1.0), "time":50.848480404404995,"sensors":[6,12,1,16,18,24],"power":[0.020868275965233708,0.0044445301348441536,0.01310716614039646,0.010501990667476297,0.0033671306151258993,0.004607322267399655]}
{"id": 4, "drone": 2, "position":(41.666666666666664,25.0,1.0), "time":493.3784023218625,"sensors":[17,11,4,38,33,13,36,39,9],"power":[0.061688692109669555,0.12079808326210918,0.0392912006966496,0.09087451639797,0.041011782688725185,0.20955581570308096,0.05785272577229957,0.045820727993616514,0.995050480563517]}
{"id": 5, "drone": 2, "position":(8.333333333333334,8.333333333333334,3.0), "time":834.7713907222412,"sensors":[8,1,16,18,0,24],"power":[0.2170184100770071,0.10594088671073106,0.16424197163789242,0.36007550126399673,0.10378611292535088,0.0739199991492105]}
{"id": 6, "drone": 3, "position":(25.0,16.666666666666668,1.0), "time":493.3784023218619,"sensors":[3,6,27,4,12,34,21,16,2,0,24,22,15],"power":[0.07582254323364103,0.03394837504171316,0.15426208711522804,0.1160629872624763,0.3196825664171944,0.07225394712122622,0.09405959892408985,0.07025185082917504,0.6128975694560262,0.048364826153745114,0.1427268934415018,0.47286386721131185,0.08600561942859213]}
{"id": 7, "drone": 3, "position":(25.0,41.666666666666664,1.0), "time":303.44129322357367,"sensors":[14,20,7,10],"power":[0.02888033448778845,0.36079639050331536,0.069481345823256,0.028684657856206042]}
{"id": 8, "drone": 3, "position":(41.666666666666664,41.666666666666664,1.0), "time":582.1785779030726,"sensors":[17,37,10,36,39],"power":[0.11860077809873473,0.15,0.19730523585449497,0.11753046085049008,0.3659032384214726]}
{"id": 9, "drone": 1, "position":(16.666666666666668,41.666666666666664,2.0), "time":452.6869138664432,"sensors":[14,20,29,19,7,25],"power":[0.028821266517338292,0.15163760681633207,0.06912328390215279,0.053944731147722025,0.0805186541767443,0.07032608739637389]}
{"id": 10, "drone": 1, "position":(8.333333333333334,41.666666666666664,1.0), "time":586.2925261949589,"sensors":[29,19,26,30,23,5,25],"power":[0.18326514834144647,0.15574105264797417,0.18236851709908997,0.15,0.27106343016090567,0.05061744115812364,0.16622894532132282]}
{"id": 11, "drone": 1, "position":(8.333333333333334,25.0,1.0), "time":340.01883338710604,"sensors":[6,34,29,1,5,25,15],"power":[0.13660824836626775,0.024631724757550336,0.04828124458427132,0.03095194714887249,0.09977179093504897,0.05406454121603798,0.034150663913040655]}
