LP RESULTS :
 Obj = 0.1*lambda1+0.9*lambda2 = 150.7385897232763 (lambda1 = 1480.3858972327632, lambda2 = 3.0) Resol time = 1106 ms

{"id": 0, "drone": 1, "position":(16.666666666666668,16.666666666666668,1.0), "time":495.80496288403623,"sensors":[8,22,14,24,31,26,15,5,1,35],"power":[0.05553602465163244,0.03385277187165964,0.07669298807952618,0.07750441374453106,0.042211878394954105,0.10105127565247675,2.1726753700223287,0.11162538273910885,0.0805328662691171,0.03730135469691113]}
{"id": 1, "drone": 1, "position":(33.333333333333336,16.666666666666668,1.0), "time":353.83750741410086,"sensors":[14,32,11,2,28,33,5,3],"power":[0.02557320681490112,0.709179407806485,0.15797304165441192,0.045057186799090425,0.07482506562159132,0.031203017608843173,0.03837461726089112,0.09402099683753572]}
{"id": 2, "drone": 1, "position":(33.333333333333336,41.666666666666664,1.0), "time":38.11846346724974,"sensors":[34,25,6,19,9,18,20,12,30,23,29],"power":[0.0038612479168630143,0.004931502276595284,0.008919795101688551,0.006741313028715577,0.007330166920118973,0.0054964303716369374,0.004007170208840117,0.11486370620916687,0.14363225370404048,0.14637435756339337,0.003832451132972024]}
{"id": 3, "drone": 2, "position":(41.666666666666664,41.666666666666664,1.0), "time":778.5027019614768,"sensors":[7,34,19,18,20,12,30,36,23],"power":[0.23992053955664236,0.10256797333458843,0.14325868697128444,0.18109299869898726,1.287513288928041,0.17273766259184736,0.13085422913158218,0.07981838684693743,0.11793635261987659]}
{"id": 4, "drone": 2, "position":(8.333333333333334,25.0,1.0), "time":156.45640905509347,"sensors":[22,24,17,31,26,27,15,1,16,35,13],"power":[0.0942305044221041,0.07283334801697118,0.010060560471068089,0.009918729003492187,0.012363690988446072,0.13573018649884427,0.010189917024431915,0.49025690705075137,0.028598115406527253,0.0563118081701716,0.03509850354820233]}
{"id": 5, "drone": 0, "position":(8.333333333333334,8.333333333333334,1.0), "time":696.8494722355874,"sensors":[8,24,17,21,38,31,26,15],"power":[4.12377712230845,0.07717030806127749,0.17182608295822302,0.15,0.18384741356390472,0.46398372362230866,0.6168296040391162,0.058779185648834664]}
{"id": 6, "drone": 0, "position":(8.333333333333334,41.666666666666664,3.0), "time":783.5364249971758,"sensors":[37,39,16,4,13],"power":[0.6258548028171103,0.15067681973436822,0.17085283308398747,0.2582860426413516,0.14524078194219892]}
{"id": 7, "drone": 3, "position":(25.0,41.666666666666664,1.0), "time":663.764731804037,"sensors":[25,6,9,12,30,23,29],"power":[0.797690139096929,0.6566109903282006,0.14266983307988104,0.12637809138412875,0.16939301263851,0.19786775384322675,0.54167021017575]}
{"id": 8, "drone": 3, "position":(41.666666666666664,25.0,1.0), "time":663.7647318040368,"sensors":[34,0,10,32,2,28,36,33,3],"power":[0.19360510911566825,0.15,0.18509795963880601,0.04523839646647486,0.35191607407309067,0.29951670175889106,0.07850361364019835,0.2367329202218501,0.11962281351221701]}
{"id": 9, "drone": 3, "position":(16.666666666666668,25.0,1.0), "time":131.27505305804618,"sensors":[22,14,24,27,15,1,16,35,13],"power":[0.04685102214812724,0.04773380510557273,0.015153028070527251,0.014269813501155741,0.023787871725644096,0.03752859455731521,0.008535798742506992,0.07251065180273195,0.011465874174256981]}
