LP RESULTS :
 Obj = 0.1*lambda1+0.9*lambda2 = 161.21976897382316 (lambda1 = 1585.1976897382317, lambda2 = 3.0) Resol time = 12884 ms

{"id": 0, "drone": 2, "position":(41.666666666666664,33.333333333333336,1.0), "time":349.3842453107646,"sensors":[20,21,26,0,36,11,17,1,27,32,37,5,34],"power":[0.09193262456742946,0.08499224887653518,0.3773257636611026,0.06822668311801577,0.10314749980739404,0.022189151283689486,0.02284798964927214,0.25554495231170604,0.04166330326525415,0.08463897716464366,0.5522050504842014,0.03222079532586619,0.05014332290355299]}
{"id": 1, "drone": 2, "position":(16.666666666666668,41.666666666666664,1.0), "time":502.74445472027713,"sensors":[7,39,19,25,8,28,23,30],"power":[0.053606648116660875,0.7114056323796178,0.15,0.04050705464246193,0.13619460644584258,0.10457732673637515,0.04539084892820511,0.2307803651796875]}
{"id": 2, "drone": 2, "position":(8.333333333333334,41.666666666666664,1.0), "time":671.6698996654694,"sensors":[12,7,39,23,30],"power":[0.15,0.12295628264478019,0.19579466309688148,0.09735452419869638,0.49438354799648165]}
{"id": 3, "drone": 1, "position":(8.333333333333334,16.666666666666668,1.0), "time":1169.3382011338313,"sensors":[31,9,13,24],"power":[0.38008433850250517,0.578931265203651,0.15,1.4172601083742953]}
{"id": 4, "drone": 1, "position":(16.666666666666668,25.0,1.0), "time":133.74209785395624,"sensors":[9,6,7,18,28,23,15],"power":[0.011956813661886903,0.09480086822877615,0.017646224267630368,0.03025375527240238,0.010556767866305813,0.02299626690612764,0.01126770354949475]}
{"id": 5, "drone": 1, "position":(25.0,25.0,3.0), "time":282.1173907504442,"sensors":[6,0,18,22,11,33,28,15],"power":[0.08597187183878865,0.037932202748488776,0.10428884119597143,0.05107197467514873,0.05203293200185811,0.021658305459310828,0.028980698398266894,0.1504870461177292]}
{"id": 6, "drone": 3, "position":(41.666666666666664,33.333333333333336,2.0), "time":226.3046913480232,"sensors":[20,21,26,0,36,17,1,27,32,37,5,34],"power":[0.05806737543257055,0.05302977022922225,0.19449697797509743,0.04224838555924259,0.062140227054587466,0.01433613359156954,0.14460475180523114,0.026177195807089434,0.05172863301174581,0.2734630012956502,0.020572650920425067,0.030915747526708108]}
{"id": 7, "drone": 3, "position":(41.666666666666664,41.666666666666664,1.0), "time":357.3637528057077,"sensors":[26,25,36,1,27,32,37,5],"power":[0.18580193583026117,0.02507611570821923,0.07524585233119893,0.0319440288935654,0.0821595009276564,0.04703414961153505,0.041021754412366364,0.2202655397674397]}
{"id": 8, "drone": 3, "position":(41.666666666666664,16.666666666666668,2.0), "time":953.696053677023,"sensors":[3,21,10,11,17,4,2,34],"power":[0.06939703330900573,0.15927652612557355,0.23599074742348153,0.12483628396232412,0.1634709592723661,0.07266827541690474,0.1233352363887387,0.06894092956973892]}
{"id": 9, "drone": 0, "position":(25.0,8.333333333333334,5.0), "time":581.0101816603237,"sensors":[18,38,33,14,35],"power":[0.04324883599250846,0.3201737960937075,0.18080677469494813,0.16525462589095247,0.14999999999803348]}
{"id": 10, "drone": 0, "position":(41.666666666666664,8.333333333333334,1.0), "time":352.0425078041718,"sensors":[3,10,4,2],"power":[0.14780806257665421,1.9553308688239388,0.13847617345210164,0.09055688248972359]}
{"id": 11, "drone": 0, "position":(33.333333333333336,41.666666666666664,1.0), "time":652.1450002737362,"sensors":[26,25,29,0,36,8,22,28,32,37,5,16],"power":[0.06872983695621747,0.37454550880197895,0.15,0.07791896893912159,0.27049036528568327,0.11342560077700821,0.09892802532485127,0.06109257653212038,0.19177929428646281,0.05361306144789158,0.31229879440820885,0.15378535617463082]}
