LP RESULTS :
 Obj = 0.1*lambda1+0.9*lambda2 = 163.14567745596545 (lambda1 = 1604.4567745596546, lambda2 = 3.0) Resol time = 3563 ms

{"id": 0, "drone": 3, "position":(41.666666666666664,8.333333333333334,1.0), "time":463.1642045873466,"sensors":[25,37,18,3,12,16,11],"power":[0.17205974475366645,0.17707500377889293,0.14865998134592778,0.10131065049423134,0.7420595627784285,0.05114952467206887,0.03433873695301215]}
{"id": 1, "drone": 3, "position":(8.333333333333334,16.666666666666668,2.0), "time":420.3389899376012,"sensors":[0,39,32,24,33,31],"power":[0.12209647632777464,0.10727222903719934,0.05324352581435142,0.21894027754517992,0.04270526354105823,0.11102320127975815]}
{"id": 2, "drone": 3, "position":(8.333333333333334,33.333333333333336,1.0), "time":720.9535800347068,"sensors":[32,30,33,36,6,38,29],"power":[0.13116092897444584,0.16650759240556923,0.12641321155143476,0.1832400715637304,0.05094426523682031,0.24999058556448248,0.15]}
{"id": 3, "drone": 1, "position":(25.0,25.0,4.0), "time":225.323945432204,"sensors":[5,32,23,16,19,13,22,14,6,31],"power":[0.026726021058754233,0.019919880612612177,0.19209563770858887,0.015725549610035167,0.05257580140725204,0.04533188485221838,0.024113382693182757,0.04906013137900617,0.06233033403904488,0.01874886445138652]}
{"id": 4, "drone": 1, "position":(8.333333333333334,41.666666666666664,1.0), "time":883.5031945249478,"sensors":[30,21,36,35,15,38],"power":[0.08905443412996719,0.15,0.08967266068043857,0.21201890175876584,0.28738804228458603,0.11044975816293741]}
{"id": 5, "drone": 1, "position":(41.666666666666664,33.333333333333336,1.0), "time":495.62963460250273,"sensors":[5,27,10],"power":[0.09682604453520333,1.2917139367822497,0.07657365074648909]}
{"id": 6, "drone": 0, "position":(16.666666666666668,8.333333333333334,2.0), "time":501.06915114714513,"sensors":[28,4,24,26,2,34,19,11,20,31],"power":[0.16256700954760445,1.2672295551482116,0.062298668623494584,0.2862677363986223,0.9263181968715221,0.08206046552679029,0.04723591663562822,0.039365123452988274,0.1700822376909799,0.07384711697402431]}
{"id": 7, "drone": 0, "position":(25.0,8.333333333333334,2.0), "time":297.5072805396759,"sensors":[28,4,26,2,3,16,19,11,13,20],"power":[0.022762540362565732,0.06376522744504771,0.08459189957838861,0.09918122845169754,0.048689349505768656,0.02620922779273993,0.042183650277708776,0.20921060519162157,0.04806496129442026,0.030135625174563314]}
{"id": 8, "drone": 0, "position":(33.333333333333336,41.666666666666664,2.0), "time":805.8803428728336,"sensors":[9,17,8,27,7,10,22,1],"power":[0.2596932217497797,0.23336820340334147,0.10781884048963487,0.09449508088930218,0.12751170286302826,0.0734263492535109,0.07383712363084591,0.15104690871314455]}
{"id": 9, "drone": 2, "position":(33.333333333333336,25.0,1.0), "time":580.5563974406293,"sensors":[5,23,18,16,19,13,14,6],"power":[0.8756150303300712,0.15075926543488427,0.04621635367550794,0.11772038754783974,0.04869996447290661,0.0968087510086246,1.9982877585250853,0.03672540072413481]}
{"id": 10, "drone": 2, "position":(8.333333333333334,8.333333333333334,1.0), "time":328.1472249533314,"sensors":[28,4,0,39,24,26,2,34,20,31],"power":[0.07689925366320652,0.06246339212938562,0.05209936744097621,0.04272777096280067,0.3258550811144597,0.03239669276529277,0.04311162087810753,0.0679395344732097,0.05816639594434699,0.02929732504618752]}
{"id": 11, "drone": 2, "position":(25.0,41.666666666666664,4.0), "time":569.3177396179071,"sensors":[8,7,22,1],"power":[0.2998551138727013,0.39350298484142,0.15,0.5152630866750812]}
