LP RESULTS :
 Obj = 0.1*lambda1+0.9*lambda2 = 95.16438952726317 (lambda1 = 915.6438952726317, lambda2 = 4.0) Resol time = 39097 ms

{"id": 0, "drone": 3, "position":(8.333333333333334,25.0,1.0), "time":34.6814077148307,"sensors":[9,24,21,14,8,12],"power":[0.0026169409770928262,0.003122491642960624,0.0031540321229366714,0.014735834388316096,0.002479772349636433,0.01145393954237506]}
{"id": 1, "drone": 3, "position":(8.333333333333334,41.666666666666664,1.0), "time":202.12632719845402,"sensors":[2,18,24,21,25,14,17,8,1,19,23,12],"power":[0.34058175946500946,0.053233329548523854,0.12431958607647803,0.031492019896338284,0.7110164545658648,0.013832239393082053,0.04894967880402702,0.19046881475780217,0.05126140435119249,0.09721954145750467,0.27301467924227474,0.01901043784222691]}
{"id": 2, "drone": 3, "position":(41.666666666666664,33.333333333333336,2.0), "time":599.4172891145441,"sensors":[6,7,10,28,33,38,4,22,34,16],"power":[1.4831439398194688,0.03907998672451744,0.1877191688569488,1.420339310685621,0.1923096300262086,0.04507629256326575,0.19862287814373722,0.04542371308459167,0.185346037544612,0.1304090469624897]}
{"id": 3, "drone": 3, "position":(41.666666666666664,16.666666666666668,1.0), "time":79.4188712448028,"sensors":[26,37,4,13,29,34,30,0],"power":[0.010443625300353917,0.00875259809483588,0.007734947987151703,0.021016695945457672,0.017356067636594346,0.011691676769892577,0.47635272978810717,0.01042901130952876]}
{"id": 4, "drone": 0, "position":(8.333333333333334,8.333333333333334,1.0), "time":648.537233041179,"sensors":[3,20],"power":[0.15,0.09006586578864477]}
{"id": 5, "drone": 0, "position":(16.666666666666668,8.333333333333334,1.0), "time":187.00840690636207,"sensors":[20,39,11,36],"power":[0.05240144175760783,0.03830287819351689,0.04870677281053568,0.03432280500805437]}
{"id": 6, "drone": 0, "position":(41.666666666666664,33.333333333333336,5.0), "time":34.68140771483044,"sensors":[6,10,28,33,4,34,16],"power":[0.01826416550354385,0.007853827871043459,0.018654741421081006,0.007901921807753004,0.00816244673681723,0.0077394723266309366,0.005703068358337317]}
{"id": 7, "drone": 0, "position":(25.0,41.666666666666664,1.0), "time":34.68140771483051,"sensors":[7,18,35,38,17,22,1,27],"power":[0.0024712625736957204,0.006292965322377553,0.06870776183857069,0.008801699210398325,0.004300053344617024,0.013955848720462186,0.004552276536311124,0.07238965794960667]}
{"id": 8, "drone": 2, "position":(33.333333333333336,41.666666666666664,1.0), "time":135.35824670591987,"sensors":[6,7,35,28,33,38,22,27],"power":[0.012613602373493868,0.05575776769756976,0.061885904254078986,0.010731762473582493,0.015149750476021382,1.1393723928549844,0.07877618590495639,0.0326031794891439]}
{"id": 9, "drone": 2, "position":(33.333333333333336,8.333333333333334,2.0), "time":362.24418304914536,"sensors":[26,37,39,11,15,13,32,29,36,30,0],"power":[0.06325291534214275,0.10689232473650193,0.04949220195663605,0.057104745563687255,0.0945302417207593,0.12811255791458884,0.27123265483629017,0.028077508849836265,0.07452109253346458,0.03432926993516851,0.48770381087266845]}
{"id": 10, "drone": 2, "position":(16.666666666666668,41.666666666666664,1.0), "time":271.85451378022924,"sensors":[2,18,35,24,25,14,17,8,1,27,23,12],"power":[0.030870279590527454,2.126259459749832,0.03103354037267363,0.06104506399589129,0.04182315708169829,0.01844119985359784,0.21553445817411707,0.03480957071883822,0.272997986886564,0.04500716256124944,0.11966906733718315,0.02461937322798764]}
{"id": 11, "drone": 2, "position":(41.666666666666664,41.666666666666664,1.0), "time":146.18695173733715,"sensors":[6,7,10,28,33,38,22,16],"power":[0.04131805198834139,0.052690983004217144,0.023665907126117228,0.03699143437454511,0.19568103552792893,0.026984392853708024,0.011844252289989747,0.013887884679172976]}
{"id": 12, "drone": 1, "position":(25.0,25.0,2.0), "time":295.2017170862042,"sensors":[9,5,31],"power":[0.11933648814636326,0.8088323794601219,0.3753410249016828]}
{"id": 13, "drone": 1, "position":(25.0,8.333333333333334,1.0), "time":77.69201751959804,"sensors":[20,39,11,13,32,36,0],"power":[0.007532692453747395,0.06220491984984701,0.19246484415442497,0.008518168955388181,0.022375345628920296,0.16747164663567204,0.017569900044335385]}
{"id": 14, "drone": 1, "position":(8.333333333333334,33.333333333333336,1.0), "time":406.98164657911786,"sensors":[9,2,18,24,21,25,14,8,1,19,23,12],"power":[0.02804657087654391,0.05959481826671048,0.04068543037455621,0.4004344603918543,0.11535394798072504,0.0632121369929556,0.17053728889175407,0.24991888764966053,0.09171626541160335,0.05278045854249531,0.11565828241448642,0.27221389240649085]}
{"id": 15, "drone": 1, "position":(41.666666666666664,8.333333333333334,1.0), "time":133.05772142553636,"sensors":[26,37,15,13,32,29,30,0],"power":[0.38456456143230505,0.1835642532723165,0.0554697582792407,0.02391462917938063,0.015016454230138724,0.11768217727555619,0.02412640989433656,0.02201021444954189]}
