LP RESULTS :
 Obj = 0.1*lambda1+0.9*lambda2 = 123.21037944897195 (lambda1 = 1205.1037944897193, lambda2 = 3.0) Resol time = 285931 ms

{"id": 0, "drone": 2, "position":(25.0,8.333333333333334,1.0), "time":580.9954520574385,"sensors":[2,13,18,10,35,5,6,39,30],"power":[0.17266189276176885,0.15,0.11640492993099313,0.08592995686128854,0.14551464711532533,0.14529394484519448,0.17346837391468006,0.11850568177513725,0.09408993221952994]}
{"id": 1, "drone": 2, "position":(33.333333333333336,8.333333333333334,1.0), "time":305.994860132093,"sensors":[2,18,31,33,10,27,6,21,38,1],"power":[0.03646969984821258,0.4536990636584299,0.07039668514884834,0.06559560717756804,0.07211166281041884,0.026939085427831137,0.845375676923715,0.04298166761843433,0.09165588493902153,0.027268679491208345]}
{"id": 2, "drone": 2, "position":(8.333333333333334,25.0,1.0), "time":318.1134823001872,"sensors":[22,34,12,4,32,26,37,9],"power":[0.2870775890658934,0.12545436709412205,0.03795538505159653,0.03768448876175765,0.1734471092554161,0.0939687885653276,0.2526579883215749,0.2613338587482972]}
{"id": 3, "drone": 0, "position":(41.666666666666664,8.333333333333334,1.0), "time":125.49970431109244,"sensors":[18,31,33,10,27,6,21,38],"power":[0.02216854714232368,1.0933218450462547,0.029504553257741765,0.009508720291596493,0.12306091457216885,0.01890700473977109,0.05290171656762202,0.15934030413793257]}
{"id": 4, "drone": 0, "position":(8.333333333333334,8.333333333333334,1.0), "time":624.1083424322808,"sensors":[35,4,5,36,8,39,30],"power":[0.1041707984008627,0.26691578568793395,0.04300201245440684,0.15,0.8714134990512619,0.06923155354767142,0.11298265266244265]}
{"id": 5, "drone": 0, "position":(41.666666666666664,25.0,1.0), "time":455.4957477463461,"sensors":[33,21,19,28,7,1,0],"power":[0.06417572589111219,0.054384182779859805,0.8036982817260698,0.6326950776896866,0.213712578565588,0.06346567605015402,0.06346136283277058]}
{"id": 6, "drone": 3, "position":(41.666666666666664,41.666666666666664,1.0), "time":556.6050218058417,"sensors":[16,7,0,15,29,14],"power":[0.21966105532806787,0.036266391603282176,0.044564281488623535,0.13638751919004038,0.07949574996666955,0.5302484822773994]}
{"id": 7, "drone": 3, "position":(33.333333333333336,41.666666666666664,2.0), "time":473.9372149287019,"sensors":[20,16,24,29,14],"power":[0.13346827858470556,0.17154301860714768,0.03227309030494727,1.1403316681212348,0.05041611527080754]}
{"id": 8, "drone": 3, "position":(41.666666666666664,33.333333333333336,1.0), "time":174.56155775517573,"sensors":[16,19,28,7,0,15,29,14],"power":[0.011341761432327648,0.01896466861472053,0.06416771050678216,0.06962020007702152,0.041974355678605885,0.013612480809959634,0.013651507613283884,0.016107195095868315]}
{"id": 9, "drone": 1, "position":(16.666666666666668,41.666666666666664,1.0), "time":363.9020025888639,"sensors":[20,17,3,12,23,24],"power":[0.040165474455211105,0.4913761515697032,0.11643272727641546,0.08589326532143718,0.05636246352777838,0.11772690969505269]}
{"id": 10, "drone": 1, "position":(8.333333333333334,41.666666666666664,1.0), "time":523.0883096006683,"sensors":[25,17,3,12,23,32,26],"power":[0.15,0.08712315517464815,0.04617362622292487,0.07704669064013334,0.384413164579966,0.05105797835798601,0.0771199801895816]}
{"id": 11, "drone": 1, "position":(25.0,25.0,3.0), "time":318.1134823001872,"sensors":[11,22,3,34,1],"power":[0.19019095741249892,0.02319902926283848,0.026052102294638214,0.026238176960021183,0.05993387701619462]}
