LP RESULTS :
 Obj = 0.1*lambda1+0.9*lambda2 = 138.13110844263727 (lambda1 = 1354.3110844263729, lambda2 = 3.0) Resol time = 738 ms

{"id": 0, "drone": 0, "position":(25.0,41.666666666666664,1.0), "time":471.4825607010686,"sensors":[27,20,10,21,23,14,18,9,34,15],"power":[0.0874177368617399,1.4070662646276406,0.05884137206538994,0.3153168014627642,0.13710484861738342,0.09457776729710053,0.08235345127576425,0.15005279830913354,0.08542253206280079,0.03790095377717408]}
{"id": 1, "drone": 0, "position":(41.666666666666664,8.333333333333334,1.0), "time":566.1696295950393,"sensors":[19,13,37,26],"power":[0.15,0.18988252307333392,0.1912901806100476,0.1802320858675182]}
{"id": 2, "drone": 0, "position":(25.0,8.333333333333334,1.0), "time":260.70592359654177,"sensors":[12,37,2,31,3,8,7,36],"power":[0.01701024965887129,0.03382466096541519,0.02929991761891317,0.019098315322811737,0.03546152967332901,0.30622524486311664,0.15,0.0824078493955084]}
{"id": 3, "drone": 1, "position":(16.666666666666668,41.666666666666664,1.0), "time":174.74921186699936,"sensors":[25,20,10,21,23,14,9,35],"power":[0.027636483852380624,0.06214432978751836,0.0665322646619963,0.015897803044600457,0.012895151382616571,0.01259083360497575,0.027686309763679754,0.07282112853701163]}
{"id": 4, "drone": 1, "position":(25.0,25.0,1.0), "time":708.0793118583049,"sensors":[27,24,0,12,5,2,14,17,9,3,38,36],"power":[0.16397817490997363,0.12181152813107433,0.6742420008952037,0.2456202796620504,0.10598784549183995,0.2390848528647798,0.15986095786713353,0.10079157918158207,0.1020794709016951,0.18645632965636394,0.07337710079470765,0.07063291665334916]}
{"id": 5, "drone": 1, "position":(8.333333333333334,41.666666666666664,1.0), "time":471.4825607010686,"sensors":[25,10,33,30,11,39,35],"power":[0.15770847085116982,0.07633838446752082,0.03861850881177201,0.07630276748622096,0.09987918432407568,0.052005562258441655,0.7400859290215566]}
{"id": 6, "drone": 3, "position":(8.333333333333334,33.333333333333336,1.0), "time":126.04534635121735,"sensors":[22,33,17,30,39,35],"power":[0.02039373368493507,0.07085877469846909,0.024324221355901572,0.03519564558631892,0.09395740901046302,0.03466008297526807]}
{"id": 7, "drone": 3, "position":(8.333333333333334,8.333333333333334,1.0), "time":991.6689869179193,"sensors":[32,16,4,31,29],"power":[0.19814991361940254,0.2311843851453476,0.15,0.17854933516803045,0.21680452854683527]}
{"id": 8, "drone": 3, "position":(8.333333333333334,41.666666666666664,1.0), "time":236.59675115723627,"sensors":[25,10,33,30,11,39,35],"power":[0.07914038597287593,0.03830770267886712,0.019379324880683012,0.0382898295637957,0.050120815675924336,0.026097141438607595,0.37138579658878224]}
{"id": 9, "drone": 2, "position":(8.333333333333334,25.0,1.0), "time":101.93617391191185,"sensors":[32,12,16,22,33,17,31,30,39],"power":[0.019479121293983347,0.007702552388491214,0.010915077916714427,0.5522784622870991,0.04037550416154265,0.026512212428849394,0.010938430594704139,0.008775421619102568,0.027681810526692406]}
{"id": 10, "drone": 2, "position":(41.666666666666664,41.666666666666664,1.0), "time":882.8285237253044,"sensors":[28,1,18,34,15,6],"power":[0.15,0.29982139034736255,0.16160597437985064,0.23084085386153674,0.38579714124764614,0.25737211115521885]}
{"id": 11, "drone": 2, "position":(41.666666666666664,25.0,1.0), "time":369.5463867891566,"sensors":[24,5,38,6],"power":[0.06336155679399158,0.052247006507717256,0.16892096597639455,0.05934652739318041]}
