LP RESULTS :
 Obj = 0.1*lambda1+0.9*lambda2 = 139.06140289730314 (lambda1 = 1354.6140289730313, lambda2 = 4.0) Resol time = 4001 ms

{"id": 0, "drone": 2, "position":(41.666666666666664,16.666666666666668,1.0), "time":506.87634839680925,"sensors":[15,39,7,27],"power":[0.08869766372158903,0.07612786913788923,0.06429003424553248,0.13715787132542998]}
{"id": 1, "drone": 2, "position":(25.0,41.666666666666664,1.0), "time":123.95644084958994,"sensors":[29,10,26,36,3,6,19,14,13,4,8,9,31],"power":[0.009310900397552346,0.0405863072716209,0.021458833721631366,0.043861157821852126,0.009332225600083977,0.04286305077620021,0.01054889282400282,0.03000376233695276,0.014015950792154779,0.011521945348249395,0.01644792030599032,0.01416997967786752,0.036872341361758564]}
{"id": 2, "drone": 2, "position":(41.666666666666664,8.333333333333334,1.0), "time":236.40232403388825,"sensors":[7,22],"power":[0.20367817382246092,0.07042644995143925]}
{"id": 3, "drone": 2, "position":(8.333333333333334,16.666666666666668,1.0), "time":487.3789156927439,"sensors":[23,37,21,28,1,24,5,25,16,0],"power":[0.062067534085300136,0.037189307015246385,0.08269292965409167,0.13709916463567698,0.06377341313809133,0.2638120172879092,0.04735892998869564,0.09646497765794508,0.24122817550737252,0.14274217306292825]}
{"id": 4, "drone": 1, "position":(16.666666666666668,41.666666666666664,1.0), "time":463.9441224092728,"sensors":[29,10,36,3,6,14,11,4,8,9,31],"power":[0.1021650176842056,1.4103751252732222,1.6198437540601303,0.32197162542639945,0.3011209725284644,4.639441224092728,0.09318321208535796,0.13094673764468975,0.06546071818248515,0.04611420258086439,0.043591716028741345]}
{"id": 5, "drone": 1, "position":(8.333333333333334,33.333333333333336,1.0), "time":375.38811381921084,"sensors":[38,20,2,36,37,21,3,14,28,11,25,4,8],"power":[0.05280613068486683,0.12756372005277525,0.1414863630614876,0.02499876339512975,0.23816462515013642,0.034138448120341496,0.06629471437897208,0.0304483298564425,0.038621989761685245,0.3139382154134171,0.05353502234205493,0.10304106901497369,0.032313820760873704]}
{"id": 6, "drone": 3, "position":(25.0,16.666666666666668,1.0), "time":491.84699946107656,"sensors":[18,17,21,39,19,1,5,32],"power":[0.18836361871090931,0.7040306447886164,0.045504617407712986,0.14944851204988635,0.03724083253235375,0.16842833647414635,0.07380350360331493,0.08797520996517087]}
{"id": 7, "drone": 3, "position":(33.333333333333336,16.666666666666668,1.0), "time":251.93840531820337,"sensors":[18,17,39,7,32],"power":[0.07246976234746967,0.03987346786416063,0.7620030612810165,0.029766338951782552,0.04730278150030612]}
{"id": 8, "drone": 3, "position":(33.333333333333336,41.666666666666664,1.0), "time":435.97885000439476,"sensors":[35,26,33,13,30,31],"power":[0.028211180269767946,0.19073683523586488,0.0628420509063217,0.08646200192257437,0.11341605460138131,0.06953594260950008]}
{"id": 9, "drone": 3, "position":(8.333333333333334,8.333333333333334,1.0), "time":174.8497741893566,"sensors":[23,24,5,16,0],"power":[0.14091925243520273,0.09931133696934542,0.02883756640798941,0.11942570560196351,0.017724859232454964]}
{"id": 10, "drone": 0, "position":(8.333333333333334,41.666666666666664,1.0), "time":292.82865441160294,"sensors":[29,10,38,20,2,36,37,3,6,14,11,4],"power":[0.03852408191824207,0.040213582494779375,0.09719386931513316,0.02243627994722474,0.05598969286121607,0.040422469007565055,0.022667389437892517,0.3474699994911911,0.027990424195382828,0.05866811789510008,0.27467017318021464,0.04221141406993322]}
{"id": 11, "drone": 0, "position":(41.666666666666664,8.333333333333334,1.0), "time":267.10663644238184,"sensors":[7,22],"power":[0.23013222119866109,0.07957355004856075]}
{"id": 12, "drone": 0, "position":(41.666666666666664,33.333333333333336,2.0), "time":696.1820406356917,"sensors":[35,15,26,33,12,13,34,30,27],"power":[0.23960049054795737,0.09754292456920553,0.11209644540774646,0.35171875770542094,0.14999999999978453,0.10796523856030794,0.4555717295772231,0.05836971223896861,0.053602639411833373]}
{"id": 13, "drone": 0, "position":(25.0,33.333333333333336,1.0), "time":98.49669748335478,"sensors":[10,26,18,33,36,6,19,14,13,4,32,8,9],"power":[0.010756672075324927,0.023189557121832127,0.008847153992739911,0.009289461247015615,0.013174034508254835,0.006979304815810245,0.1026174409951759,0.009491397248393084,0.029331456171992447,0.016475134692734268,0.016150240523949314,0.07039960114041506,0.08971581774126808]}
