LP RESULTS :
 Obj = 0.1*lambda1+0.9*lambda2 = 128.40687679590133 (lambda1 = 1257.0687679590133, lambda2 = 3.0) Resol time = 244 ms

{"id": 0, "drone": 3, "position":(8.333333333333334,33.333333333333336,1.0), "time":352.49100457227496,"sensors":[8,18,6,30,19,25,28,4,14,9,24,35,10],"power":[0.1466720851764215,0.024941009840467886,1.4495103111943872,0.0294959521858822,0.09487077146570619,0.040891348849733916,0.9797556292034947,0.035607158702423765,0.041489336993861085,0.1590771707946474,0.02466850603424128,0.08025359166416812,0.1943474741097369]}
{"id": 1, "drone": 3, "position":(8.333333333333334,8.333333333333334,1.0), "time":648.1605323737402,"sensors":[11,37,0,20],"power":[0.05354876708399706,0.18379008753750156,0.15,0.09941560129479707]}
{"id": 2, "drone": 3, "position":(8.333333333333334,16.666666666666668,1.0), "time":256.4172310129981,"sensors":[8,18,37,25,24,20,10],"power":[0.019364401615717803,0.022131858732006064,0.4442424662547662,0.10910865115026606,0.04488100908236728,0.05250943266583648,0.01693363092111954]}
{"id": 3, "drone": 1, "position":(41.666666666666664,8.333333333333334,1.0), "time":918.4052131802039,"sensors":[12,31,1,22,33,15,38],"power":[0.4071751597659266,0.07457945819002056,0.5429376173019134,0.08263668593225984,0.1895763595648415,0.15,0.07569195724522763]}
{"id": 4, "drone": 1, "position":(25.0,8.333333333333334,1.0), "time":338.6635547788094,"sensors":[11,23,39,12,17,31,16,22,26,38],"power":[0.13550052040428143,0.03792280582468466,0.6699010649553931,0.022274752908850507,0.027486047055412254,0.18991945200231022,0.1170787455590773,0.17321110075334858,0.023997553235116403,0.1404872049474541]}
{"id": 5, "drone": 2, "position":(8.333333333333334,41.666666666666664,1.0), "time":351.91204342755964,"sensors":[8,6,19,28,4,14,9,35,10],"power":[0.022253616184181146,0.06162144719515019,0.21458137292246154,0.0686026679106472,0.10066379370321235,0.3484230395898786,0.6970255500620713,0.47884170102107065,0.02750719960462414]}
{"id": 6, "drone": 2, "position":(16.666666666666668,8.333333333333334,4.0), "time":270.24468080646363,"sensors":[11,39,37,16],"power":[0.09105111421443263,0.030951942340992446,0.04517007669586909,0.0329212544409227]}
{"id": 7, "drone": 2, "position":(33.333333333333336,41.666666666666664,2.0), "time":634.91204372499,"sensors":[34,5,7,29,3,2],"power":[0.06259727318897096,0.183811552744292,0.10042768410118637,2.6984043054605573,0.15059452014470562,0.14999999999999997]}
{"id": 8, "drone": 0, "position":(41.666666666666664,25.0,1.0), "time":520.6652173964844,"sensors":[17,21,7,13,32],"power":[0.03802927057865518,0.15000000000000002,0.07801447360817909,0.1300586985255365,1.5559380597988213]}
{"id": 9, "drone": 0, "position":(25.0,25.0,1.0), "time":325.9082352878428,"sensors":[34,18,36,23,27,17,30,26,24,13],"power":[0.024294676746658073,0.09146674648635315,0.1101295576032227,0.13429306957146417,1.3888259219272614,0.096565724722826,0.04280156288016461,0.15642732013375807,0.05079098304052463,0.04923834382213127]}
{"id": 10, "drone": 0, "position":(16.666666666666668,33.333333333333336,2.0), "time":296.2484889461805,"sensors":[34,8,18,36,6,30,28,4,14,9,3,24,35,10],"power":[0.07816326078994074,0.0936868870304156,0.05319977565242322,0.06929842003475185,0.08555501020418764,0.22356354915419677,0.10482117464822578,0.05186369328118631,0.02974432059872185,0.03847807299995412,0.031727041723253566,0.03394318750660479,0.053764344402093225,0.0969795894073848]}
