LP RESULTS :
 Obj = 0.1*lambda1+0.9*lambda2 = 129.86221276861954 (lambda1 = 1253.6221276861952, lambda2 = 5.0) Resol time = 53447 ms

{"id": 0, "drone": 0, "position":(8.333333333333334,25.0,2.0), "time":250.57573374053732,"sensors":[17,7,20,22],"power":[0.025398627117675165,0.043537862588725725,0.029156897698745646,0.03410631714140095]}
{"id": 1, "drone": 0, "position":(41.666666666666664,25.0,1.0), "time":388.45484880437516,"sensors":[33,27,30,10,3,35,39,16],"power":[0.05569696115151717,1.810464450579554,0.5863071736168028,0.041742462632880464,0.046204588634171866,0.026246118375671083,0.22214895732122963,0.0543174395918033]}
{"id": 2, "drone": 0, "position":(41.666666666666664,41.666666666666664,1.0), "time":522.3548706627571,"sensors":[26,19,24,37,38,11,36],"power":[0.49616414510198975,0.1726568378548669,0.15508372877652937,1.364858121806446,0.15,0.10343654322828136,0.6310392972235583]}
{"id": 3, "drone": 0, "position":(16.666666666666668,41.666666666666664,1.0), "time":4.6675880984507785,"sensors":[5,1,7,28],"power":[8.391126123477919E-4,3.679699849904532E-4,3.8200289625380104E-4,0.0010347292484714542]}
{"id": 4, "drone": 0, "position":(25.0,33.333333333333336,1.0), "time":87.56908638010009,"sensors":[21,8,7,35],"power":[0.11059017871708314,0.04596709735645057,0.014548811316588547,0.016827327586373366]}
{"id": 5, "drone": 2, "position":(41.666666666666664,33.333333333333336,3.0), "time":110.05921741846623,"sensors":[26,27,24,30,37,11,36],"power":[0.023215781175859034,0.02081291122084091,0.011064183675608052,0.03492809079080673,0.01637049458084448,0.02338634937140039,0.009479300414525181]}
{"id": 6, "drone": 2, "position":(41.666666666666664,8.333333333333334,1.0), "time":612.4994026540012,"sensors":[13,9,33,4,10,32,3,15,39,16],"power":[0.15,0.1596615503350618,0.16035740053283656,0.04899395576023668,0.06826234048755841,0.1278901706469681,0.09898186300403843,0.16836115977614768,0.05810886576246983,0.07976526577635552]}
{"id": 7, "drone": 2, "position":(25.0,41.666666666666664,1.0), "time":113.38628288664609,"sensors":[21,28],"power":[0.012825184752971064,0.009010138673842073]}
{"id": 8, "drone": 2, "position":(33.333333333333336,8.333333333333334,1.0), "time":98.87128848413414,"sensors":[33,4,25,32,15],"power":[0.006765716260701022,0.02500341049752606,0.007720343565567917,0.06858502810701154,0.16197842834006215]}
{"id": 9, "drone": 2, "position":(8.333333333333334,33.333333333333336,1.0), "time":318.8059362429501,"sensors":[5,7,20],"power":[0.17511209602647154,0.05969346362977176,0.06879616416104609]}
{"id": 10, "drone": 1, "position":(41.666666666666664,16.666666666666668,1.0), "time":153.72594345750505,"sensors":[33,27,30,10,3,15,39,16],"power":[0.2635415329979959,0.0317687549534594,0.017872282101392387,0.03999519687956111,0.05702069296999024,0.030072065382772375,0.1610787391621671,0.055108448533712724]}
{"id": 11, "drone": 1, "position":(41.666666666666664,33.333333333333336,1.0), "time":98.94193277031376,"sensors":[26,27,24,30,37,11,36,39],"power":[0.022796828569622864,0.0216734039921009,0.010563043535623087,0.03930922282986355,0.015867247420461982,0.023177107400318274,0.009566838798165235,0.006597097952337039]}
{"id": 12, "drone": 1, "position":(25.0,16.666666666666668,1.0), "time":13.866909231977521,"sensors":[34,29,8,25,6,35,15,22,18],"power":[0.0043262620914634,0.0012035027374371185,0.0014566219092393853,0.08347206188520924,0.0017846468398341304,0.002494896462716491,0.0014373751050461656,0.001507161273403219,8.888194764840798E-4]}
{"id": 13, "drone": 1, "position":(16.666666666666668,41.666666666666664,1.0), "time":245.90814564208708,"sensors":[5,1,7,28],"power":[0.04420797682550885,0.019386204342020343,0.02012551704784269,0.05451388283762651]}
{"id": 14, "drone": 1, "position":(8.333333333333334,8.333333333333334,1.0), "time":741.1791965843116,"sensors":[0,34,29,17,6,14,31,22,23,12,18],"power":[0.31558305979724693,0.06751345185717124,0.144484262950726,0.33244146889810045,0.16806158594112983,0.15000000000000002,0.9325414019477047,0.1267328246200647,0.5222659297899322,0.15773798957177237,0.07394332159352895]}
{"id": 15, "drone": 3, "position":(16.666666666666668,8.333333333333334,1.0), "time":100.01277102449599,"sensors":[0,34,29,17,25,6,31,22,23,12,18],"power":[0.07690694151463928,0.032455501597892095,0.6831393246450506,0.01081996894575218,0.007523504333051438,0.08403146961109044,0.026118077696851854,0.021307169780640983,0.008986805226718011,0.007061323701714594,0.073501442107783]}
{"id": 16, "drone": 3, "position":(33.333333333333336,8.333333333333334,4.0), "time":374.65858385857325,"sensors":[4,25,32,15],"power":[0.07600263374223726,0.025940571115666135,0.14167804710734566,0.22357766877795923]}
{"id": 17, "drone": 3, "position":(8.333333333333334,41.666666666666664,1.0), "time":684.2404577027078,"sensors":[5,1,28,20,2],"power":[1.0698299386490047,0.22223542736033822,0.08544124924006001,0.05204693814020826,0.1500022890718389]}
{"id": 18, "drone": 3, "position":(25.0,25.0,1.0), "time":75.0564663580887,"sensors":[34,21,8,7,25,35],"power":[0.006397866752963416,0.026584636529945766,0.12802005747116366,0.012214777206322235,0.021301042354757476,0.10443165757520453]}
{"id": 19, "drone": 3, "position":(16.666666666666668,16.666666666666668,1.0), "time":19.65384874232547,"sensors":[0,34,29,17,7,25,6,22,18],"power":[0.0018756846016182768,0.039306917700576025,0.003412838177235359,0.002639729480437824,0.0015458468555784135,0.004042476745724029,0.014841899092519704,0.03347263779966859,0.001666416822203642]}
