LP RESULTS :
 Obj = 0.1*lambda1+0.9*lambda2 = 118.04981827713611 (lambda1 = 1144.4981827713611, lambda2 = 4.0) Resol time = 7058 ms

{"id": 0, "drone": 3, "position":(16.666666666666668,25.0,1.0), "time":275.0934099902261,"sensors":[35,15,22,26,24,18,8,10,23],"power":[0.02438894178314848,0.4151155259328631,0.050170487453924495,0.10705523868434373,0.05695068900094088,0.06249071657892568,0.07571383425035388,0.06200828850091054,0.05577467312150889]}
{"id": 1, "drone": 3, "position":(8.333333333333334,33.333333333333336,3.0), "time":237.57655338259553,"sensors":[12,32,15,26,10],"power":[0.07095424146513889,0.13990083856649402,0.04121432450360253,0.055104685833969616,0.01794713327578482]}
{"id": 2, "drone": 3, "position":(8.333333333333334,8.333333333333334,5.0), "time":528.1765903965018,"sensors":[4,38,29,14,35,22,24,13,16],"power":[0.08515908190081313,0.2160668477919719,0.08819591032239106,0.12538465092825407,0.07258804328429579,0.06486479772808011,0.054508890969693885,0.20373197347912164,0.16544738876017512]}
{"id": 3, "drone": 3, "position":(25.0,8.333333333333334,2.0), "time":103.65162900203762,"sensors":[37,6,8,13,16,19],"power":[0.1597761759611643,0.015643770492378604,0.008409703902554981,0.006578801335214199,0.009263557328849429,0.019078328452859217]}
{"id": 4, "drone": 1, "position":(41.666666666666664,25.0,1.0), "time":210.54718146684252,"sensors":[27,3,2,1],"power":[0.023982027204977677,0.04020990928753156,0.3261919054241691,0.08835592131264929]}
{"id": 5, "drone": 1, "position":(8.333333333333334,16.666666666666668,1.0), "time":43.445152382050296,"sensors":[38,14,35,15,22,26,24,10,13,16],"power":[0.009195167785377389,0.004492560929395987,0.21471430572268746,0.005370520566390751,0.03271816754318429,0.006563814955853048,0.016210983647032013,0.032378418125357404,0.00888503670381732,0.007710397622344663]}
{"id": 6, "drone": 1, "position":(41.666666666666664,8.333333333333334,1.0), "time":878.4214765524049,"sensors":[39,36,33,6,20,7,19],"power":[2.076688380636578,0.15000000000000002,2.0362885770391723,0.07686031565766993,0.18920048677206217,3.2587935399370984,0.19476049953728508]}
{"id": 7, "drone": 1, "position":(33.333333333333336,16.666666666666668,1.0), "time":12.084372370063434,"sensors":[39,37,33,6,18,8,7,2,19],"power":[0.0013883307859760279,9.30878738383372E-4,0.0015236974350593545,0.04349125529649785,0.00153276381364968,0.0011865004229390213,0.0014814248889279886,0.0024016992061428157,0.0016267353633456613]}
{"id": 8, "drone": 0, "position":(41.666666666666664,41.666666666666664,1.0), "time":2.543918253394672,"sensors":[31,27,9,21,1,17],"power":[5.111161426372628E-4,3.5637877323075397E-4,2.785755962070232E-4,3.109334206327771E-4,2.759078665088224E-4,0.022336954371529664]}
{"id": 9, "drone": 0, "position":(8.333333333333334,8.333333333333334,1.0), "time":296.1000271211107,"sensors":[4,38,29,14,35,22,24,10,13,16],"power":[0.06484091809918688,0.45820629478357616,0.06832641314973169,0.10416434959210123,0.05236595634139787,0.049809862037518166,0.03894507973770723,0.02207579264543337,0.4102335376313615,0.2157963579949433]}
{"id": 10, "drone": 0, "position":(8.333333333333334,33.333333333333336,1.0), "time":225.77877521653636,"sensors":[12,32,15,26,25,10],"power":[0.0790457585348611,0.21310851087174562,0.042749907997743225,0.05914397807793593,0.015356506580046666,0.01873865327615804]}
{"id": 11, "drone": 0, "position":(41.666666666666664,33.333333333333336,1.0), "time":618.3924592988471,"sensors":[31,27,3,21,2,1,17],"power":[0.14948888385736275,0.18663930902481243,0.10979009071246844,0.0676614593278822,0.07030479070901012,0.832232940684113,0.11137544686088065]}
{"id": 12, "drone": 2, "position":(25.0,41.666666666666664,1.0), "time":237.57655338259568,"sensors":[34,30,27,28,9,25,0,5,11,21,23],"power":[0.05152810019959343,0.08285246519944674,0.019125717442284397,0.20589996749158518,0.07571019754029482,0.08364808516663325,0.19468288056483796,0.10984354938406996,0.02859952267300217,0.06318558024452352,0.017106517573812048]}
{"id": 13, "drone": 2, "position":(16.666666666666668,41.666666666666664,1.0), "time":681.1428541722291,"sensors":[34,32,30,28,25,0,5,11],"power":[0.09300227438104673,0.15137772375367786,0.12594826889147576,0.30525052786139845,2.3221804477254926,0.13502036585284968,1.2430073174732166,0.16950060960679125]}
{"id": 14, "drone": 2, "position":(25.0,25.0,2.0), "time":150.34070484685515,"sensors":[6,15,18,8,0,23],"power":[0.014004658553453618,0.014805808416723477,0.2775063092422102,0.06468996142415212,0.01227703541424715,0.1313761114976713]}
{"id": 15, "drone": 2, "position":(33.333333333333336,41.666666666666664,1.0), "time":75.43807036968116,"sensors":[34,30,27,28,9,0,21,17],"power":[0.005469625419359834,0.007374140033904975,0.017751680507019932,0.0068275029321439185,0.07401122686349818,0.011377802046910431,0.07655633217807988,0.016287598767589683]}
