LP RESULTS :
 Obj = 0.1*lambda1+0.9*lambda2 = 115.73499987724482 (lambda1 = 1139.349998772448, lambda2 = 2.0) Resol time = 1558 ms

{"id": 0, "drone": 0, "position":(16.666666666666668,41.666666666666664,1.0), "time":112.6689332534147,"sensors":[37,15,11,14,33,23,13],"power":[0.010101321083677239,0.008687158094492848,0.010980479181765845,0.03305211826589313,0.021733514803682203,0.0691395889414187,0.010124656067358538]}
{"id": 1, "drone": 0, "position":(16.666666666666668,8.333333333333334,1.0), "time":196.22408605090254,"sensors":[9,36,3,25,16],"power":[0.5355959291452844,0.05114461839717542,0.03466675766502568,0.22002311281979892,0.039592579515496336]}
{"id": 2, "drone": 3, "position":(41.666666666666664,8.333333333333334,1.0), "time":354.2462507427324,"sensors":[34,6,19,20,31],"power":[0.12822326834890677,0.02462460697545793,1.1946198447956897,0.05678206566570792,0.0486819338742124]}
{"id": 3, "drone": 3, "position":(8.333333333333334,41.666666666666664,1.0), "time":785.1037480297157,"sensors":[7,14,39,33,0,23,35],"power":[0.2250908994915045,0.08273762826552263,0.08190938312919989,1.2677942431344402,0.11082846569460343,0.0542474223347073,0.15]}
{"id": 4, "drone": 2, "position":(25.0,25.0,3.0), "time":497.676566136067,"sensors":[37,17,15,29,11,28,1,5,16],"power":[0.07093906775725,0.038925068448959786,0.0961586341872162,0.05111494954380474,0.047925829800779564,0.1086621539022244,0.7304492441134237,0.05824634301971716,0.03973042359652514]}
{"id": 5, "drone": 2, "position":(8.333333333333334,8.333333333333334,1.0), "time":45.35323143841515,"sensors":[9,36,24,3,25,16],"power":[0.012670439181134,0.013060234247293554,0.0051356071503607026,0.08395763102737723,0.009476072996437927,0.004764359984642719]}
{"id": 6, "drone": 1, "position":(41.666666666666664,25.0,1.0), "time":641.6734326363811,"sensors":[2,17,26,32,29,34,6,22,27,5,20,12],"power":[0.10786881193388019,0.478978331944766,0.8494227716478215,0.9872864796552104,0.21765882766535105,0.053480135839925357,0.14251933196846484,0.15609422663787897,0.09124168004067405,0.23989871485198574,0.16004963941566716,0.18997396573246997]}
{"id": 7, "drone": 1, "position":(33.333333333333336,8.333333333333334,1.0), "time":59.55508193271068,"sensors":[34,19,20,31],"power":[0.004117179679943223,0.008256165844930925,0.006649542029756723,0.1013180661257876]}
{"id": 8, "drone": 5, "position":(8.333333333333334,25.0,1.0), "time":112.66893325341474,"sensors":[7,37,38,36,24,28,39,0,8,16],"power":[0.012338638932236978,0.020858209550511833,0.23515808584780779,0.012371263217043843,0.03843863180598451,0.02197076949868269,0.01149257671450043,0.018891103384131566,0.06075035091464702,0.012859967876726455]}
{"id": 9, "drone": 4, "position":(8.333333333333334,16.666666666666668,1.0), "time":287.4271818936487,"sensors":[9,38,36,24,28,3,25,8,16],"power":[0.023403760585666573,0.1185486017269368,0.2319543705461528,0.37336421330693803,0.026484221880471552,0.0313756113075973,0.05408411214141183,0.10376571150678461,0.07340539288649918]}
{"id": 10, "drone": 4, "position":(8.333333333333334,33.333333333333336,1.0), "time":241.5773174893177,"sensors":[7,37,38,28,39,33,0,8],"power":[0.1863884507597375,0.04874101882811116,0.03051107244315958,0.021192436424923213,0.05659804015629967,0.02448612806545526,0.13219718237976386,0.02082923647652292]}
{"id": 11, "drone": 6, "position":(41.666666666666664,41.666666666666664,1.0), "time":497.676566136067,"sensors":[2,30,27,21,4,10,18],"power":[0.06868622080171909,1.5319085148481038,0.06330328911600973,0.15,0.2624023430737763,0.23904974032167045,0.11544130524435513]}
{"id": 12, "drone": 6, "position":(25.0,41.666666666666664,1.0), "time":241.57731748931764,"sensors":[15,11,14,23,13,18],"power":[0.05220423020846555,0.09787595702875239,0.03421025346858425,0.241832493744783,0.15093806912071694,0.035582440662038445]}
