LP RESULTS :
 Obj = 0.1*lambda1+0.9*lambda2 = 168.68186910523852 (lambda1 = 1668.818691052385, lambda2 = 2.0) Resol time = 456 ms

{"id": 0, "drone": 3, "position":(25.0,25.0,5.0), "time":530.2978895091355,"sensors":[2,4,22,39,1,35],"power":[0.04830637069080346,0.1111060657438856,0.06505270825379053,0.05712055744482384,0.043969044886968435,0.050087860436193406]}
{"id": 1, "drone": 4, "position":(41.666666666666664,41.666666666666664,1.0), "time":897.642700352377,"sensors":[29,25,37,3,12,16,28,18,15],"power":[0.2764681291837548,0.09855473627568916,0.19026813436812318,0.10728388353842618,0.17163410426486553,0.21536399587614435,0.09145876738454657,0.7948496809793145,0.15]}
{"id": 2, "drone": 4, "position":(8.333333333333334,8.333333333333334,1.0), "time":37.75700528991549,"sensors":[14,13,17,30],"power":[0.005918536246410376,0.009464403803542527,0.15,0.006055830311013485]}
{"id": 3, "drone": 1, "position":(8.333333333333334,25.0,1.0), "time":1138.5208015432495,"sensors":[2,34,14,13,30,23,11],"power":[0.46763331472748404,0.10756656989323618,0.3061615157747208,0.17866966385690675,0.20013498169209645,1.0308686325198717,2.7500503212357454]}
{"id": 4, "drone": 6, "position":(8.333333333333334,41.666666666666664,1.0), "time":530.2978895091355,"sensors":[34,32,19,10,0],"power":[0.0565509068131435,0.04268509260377206,0.4978356768852043,0.13763871177447656,0.15574855261116247]}
{"id": 5, "drone": 0, "position":(41.666666666666664,33.333333333333336,1.0), "time":581.1313499557715,"sensors":[36,22,25,8,3,6,12,16,9,28,18],"power":[0.11182696048253195,0.07241276956380338,0.9503589767539177,0.09551643747902368,0.19087873599481697,0.04445818071227592,0.06408520710640213,0.2064461445632977,0.07731673368694893,0.05854123261545344,0.4516407924725866]}
{"id": 6, "drone": 0, "position":(41.666666666666664,16.666666666666668,1.0), "time":281.114535075303,"sensors":[20,8,24,6,35,9,21,5,38],"power":[0.22005425646155302,0.03812813812725143,0.27985426371732686,0.1980242236072466,0.06806778220885913,0.024721389907660575,0.07861756360953126,0.10347034538910335,0.10609792182295069]}
{"id": 7, "drone": 5, "position":(41.666666666666664,25.0,1.0), "time":190.0446407442364,"sensors":[36,20,22,25,8,24,3,6,35,16,9,21,18,38],"power":[0.03817303951746807,0.048477690308783704,0.012534522182406086,0.08633322116595778,0.08862387899560425,0.019056178474505407,0.026359612075518884,0.11964408659723982,0.038950115064683856,0.015125507523075649,0.047961876405390486,0.02113486764810922,0.01519828640239557,0.02863238407183852]}
{"id": 8, "drone": 5, "position":(16.666666666666668,41.666666666666664,1.0), "time":1138.5208015432495,"sensors":[7,4,32,39,1,19,10],"power":[0.18249440735008182,0.0935696319972173,0.38642578892407464,0.18357258260452203,0.24503352909903472,0.09351233774753993,1.3243699378100198]}
{"id": 9, "drone": 2, "position":(25.0,8.333333333333334,2.0), "time":227.63268648478788,"sensors":[33,31,27,26],"power":[0.2825848053499062,0.5236061722206501,0.0750231516442806,0.05076046008440989]}
{"id": 10, "drone": 2, "position":(41.666666666666664,8.333333333333334,3.0), "time":616.5281652770741,"sensors":[20,24,6,27,21,5,26,38],"power":[0.06716107617216921,0.19636627090464567,0.045487392571439175,0.0749768483557194,0.07318505128682237,0.1950759987311403,0.10375004792817437,0.07182828155301708]}
