LP RESULTS :
 Obj = 0.1*lambda1+0.9*lambda2 = 129.98679588648616 (lambda1 = 1281.8679588648615, lambda2 = 2.0) Resol time = 641 ms

{"id": 0, "drone": 2, "position":(8.333333333333334,16.666666666666668,1.0), "time":621.4010219950098,"sensors":[1,20,11,38,3,31,15,9,21,12,28],"power":[0.15322138838223648,0.2524678042451149,0.1311796123474961,0.888503721435494,0.4501546802891354,1.1145619086593357,0.07730427915225682,0.043862728087394116,0.12144989416183564,0.18113102480014823,0.05454654954186219]}
{"id": 1, "drone": 2, "position":(25.0,16.666666666666668,1.0), "time":116.93835060408054,"sensors":[0,26,14,18,20,8,11,25,5,6,7,15,21],"power":[0.01356453174558027,0.014710099491755944,0.008194590408264158,0.011348259781701495,0.014102833222304186,0.08834309508144361,0.025879759373511144,0.00890668436083637,0.010844104231537014,0.034746363379698046,0.41108633378975395,0.011746972758119466,0.016732892146941812]}
{"id": 2, "drone": 0, "position":(41.666666666666664,33.333333333333336,1.0), "time":123.09050348420158,"sensors":[2,18,34,23,30,32,13],"power":[0.009895103311339932,0.010833144471208303,0.026287357734724168,0.04069249143950283,0.5030622072210972,0.03997092900332079,0.015546037331527453]}
{"id": 3, "drone": 0, "position":(8.333333333333334,41.666666666666664,1.0), "time":590.4023141976124,"sensors":[29,16,27,35,22,36,39,28],"power":[0.1151906734760612,0.05909211661777277,0.913892355813412,0.13363565576306774,0.3036537753357952,0.05129038567317837,0.14315618845056802,0.04466087473946865]}
{"id": 4, "drone": 4, "position":(41.666666666666664,25.0,1.0), "time":131.22473549293562,"sensors":[0,14,18,10,34,5,23,30,32,13],"power":[0.011346544096488815,0.017459484200587426,0.039057367262262783,0.01511714530424918,0.12835876990174197,0.009344910836418805,0.012372222054808483,0.022204671490799452,0.015288941674148283,0.10857594655601395]}
{"id": 5, "drone": 4, "position":(41.666666666666664,8.333333333333334,1.0), "time":690.331253505527,"sensors":[26,14,10,33,25,6],"power":[0.16113665536566876,0.17101162052719793,0.2721777433818218,0.33752385261922613,0.26791943460824297,0.06016187111987816]}
{"id": 6, "drone": 5, "position":(25.0,41.666666666666664,1.0), "time":621.4010219950101,"sensors":[24,16,4,17,36],"power":[0.3104559141170145,0.06406583066922057,0.18677622445090877,0.15000000000000002,0.09760128689490298]}
{"id": 7, "drone": 5, "position":(33.333333333333336,16.666666666666668,1.0), "time":0.8949226783070685,"sensors":[0,26,14,18,10,8,25,5,6,7],"power":[1.1062912353338994E-4,5.641677822873901E-4,5.601400347142368E-4,2.862178883251408E-4,2.386165446568611E-4,9.31268075778138E-4,3.3143626021233275E-4,7.895114226525548E-5,0.0033269138499461355,2.1790006245090438E-4]}
{"id": 8, "drone": 6, "position":(8.333333333333334,8.333333333333334,1.0), "time":543.5285862657711,"sensors":[1,20,19,11,38,3,31,15,9,21,12],"power":[0.2721692081481801,0.07741630706329156,0.16544401826804989,0.054442509322091485,0.2619239118147471,0.3475398365906625,0.06073605888934076,0.13257727126450844,0.17875575143527433,0.11431342316006968,0.463693780265464]}
{"id": 9, "drone": 6, "position":(16.666666666666668,33.333333333333336,1.0), "time":1.2809486538901917,"sensors":[24,29,16,5,35,36,28],"power":[1.0588832782690798E-4,3.13890838665793E-4,0.012809486538901918,8.728078623709113E-5,7.215271729195638E-4,0.004698437482193821,2.3680360534723211E-4]}
{"id": 10, "drone": 3, "position":(8.333333333333334,33.333333333333336,1.0), "time":68.78367401834896,"sensors":[29,16,27,35,22,36,39,28],"power":[0.6559994924946733,0.01403256617410474,0.009242076715186126,0.09607065132937503,0.011963868054453796,0.010518199660569879,0.006843811549431987,0.05055577211332193]}
{"id": 11, "drone": 3, "position":(41.666666666666664,41.666666666666664,1.0), "time":660.4669368698515,"sensors":[2,37,4,23,30,32],"power":[0.437906892688456,0.2315837404942157,0.049950708643868504,0.12664336575016003,0.17687574431656844,0.09212256536215918]}
{"id": 12, "drone": 1, "position":(41.666666666666664,41.666666666666664,5.0), "time":24.60708643386215,"sensors":[2,37,23,30,32],"power":[0.007389002596197696,0.00565790424684703,0.0034784766110087842,0.004813062178989817,0.002617563960371754]}
{"id": 13, "drone": 1, "position":(33.333333333333336,25.0,3.0), "time":342.4786965840112,"sensors":[0,26,14,18,10,34,8,5,6,7,30,13],"power":[0.18153412130407956,0.021627991207544408,0.04041469105967302,0.3681476872603299,0.022852527137811784,0.02814589041942266,0.060725636842778236,0.12964475300354186,0.05176485165047761,0.04566754273583194,0.031031031690986675,0.025878016112458574]}
