LP RESULTS :
 Obj = 0.1*lambda1+0.9*lambda2 = 135.68556455327544 (lambda1 = 1338.8556455327544, lambda2 = 2.0) Resol time = 909 ms

{"id": 0, "drone": 3, "position":(16.666666666666668,41.666666666666664,1.0), "time":603.2330367207421,"sensors":[32,12,23,25,14,36],"power":[0.15410046358488624,0.04723888241929129,0.046272819256754166,0.3739704189697398,3.191110677848511,0.211644289419914]}
{"id": 1, "drone": 3, "position":(41.666666666666664,16.666666666666668,1.0), "time":231.98458483800584,"sensors":[37,8,29,35,7,13,15,26,4],"power":[0.017401012684358955,0.04996706951024057,0.057721677002496724,0.06463551185848707,0.25798633187641895,0.03051312622150267,0.016964375941986427,0.01613642568480936,2.3198458483800586]}
{"id": 2, "drone": 2, "position":(41.666666666666664,25.0,1.0), "time":762.5205447908262,"sensors":[37,8,22,29,35,7,13,4],"power":[0.07568464999793635,0.05516290346515324,0.0991621236203971,0.04830786225229825,0.048823527293572914,0.1283610444929487,0.20572680767300622,0.15632351362628494]}
{"id": 3, "drone": 2, "position":(25.0,41.666666666666664,1.0), "time":222.11183900681203,"sensors":[39,12,5,25,14,36],"power":[0.0349017239301494,0.10276111758070869,0.029086309888813118,0.15043011478154403,0.05396774590152424,0.04463797199939928]}
{"id": 4, "drone": 5, "position":(25.0,16.666666666666668,1.0), "time":3.250841613351314,"sensors":[30,21,37,22,7,17,1,15,33,16,6,28],"power":[0.0019113906022431083,3.541710516608693E-4,7.739321247065222E-4,3.32684913502366E-4,2.4217256488495898E-4,6.798958063195347E-4,3.248565969704922E-4,0.0016934264428509025,7.338552031995848E-4,7.331626057279333E-4,7.534304857596365E-4,0.018343624987473158]}
{"id": 5, "drone": 5, "position":(8.333333333333334,8.333333333333334,3.0), "time":404.78752580586604,"sensors":[18,21,27,0,24,34,10,3,16,31,20],"power":[0.1322899038871175,0.09546904260808327,0.1772363454085815,0.07072530336019908,0.6283768764240335,0.05312238983668804,0.25348569481673666,0.05090299381904637,0.03852609344256798,0.04244972257868218,0.1135477470996854]}
{"id": 6, "drone": 0, "position":(8.333333333333334,16.666666666666668,1.0), "time":172.1005634212023,"sensors":[18,21,27,0,24,1,10,38,3,16,31,20],"power":[0.0178763174965827,0.032580654552497666,0.011723811559741164,1.2856677890387753,0.026438595211789342,0.025850657481673655,0.016111730220902197,0.015761495271725247,0.6226775289675617,0.035379631208379184,0.18240665545901757,0.036452252900314605]}
{"id": 7, "drone": 0, "position":(41.666666666666664,41.666666666666664,1.0), "time":1116.7438065259425,"sensors":[39,2,5],"power":[0.32256134087236665,0.15,0.4129066337845275]}
{"id": 8, "drone": 4, "position":(41.666666666666664,8.333333333333334,1.0), "time":341.09967429057104,"sensors":[8,29,35,7,33,26,4],"power":[0.046212682504359434,0.07014118982176272,0.07759088035055753,0.06392383187362101,0.02173671084938466,0.1338635743151906,0.07737794208667298]}
{"id": 9, "drone": 4, "position":(25.0,25.0,1.0), "time":139.13428820280265,"sensors":[30,37,22,17,1,15,16,28],"power":[0.009703950162325488,0.05961286546590736,0.05050519146610054,0.39514053194365845,0.023041307634953444,0.011454680795107735,0.01260361845335852,0.02275808561867069]}
{"id": 10, "drone": 1, "position":(8.333333333333334,33.333333333333336,1.0), "time":513.5107698052003,"sensors":[9,19,23,1,38,14,11],"power":[0.16875580524629671,0.12364520371039134,2.76152648651079,0.04377582130339149,0.32839266119739163,0.05254231186799359,0.1514407974275973]}
{"id": 11, "drone": 6, "position":(25.0,8.333333333333334,2.0), "time":397.47058748271996,"sensors":[30,21,15,33,34,16,6,28],"power":[0.3119049630296927,0.055353828668160826,0.12430762003553815,0.4159002169626766,0.09687761016331194,0.04464699058227038,0.733862489622074,0.10889828939385615]}
{"id": 12, "drone": 6, "position":(8.333333333333334,25.0,1.0), "time":222.111839006812,"sensors":[19,0,23,1,38,3,11,16,31],"power":[0.026354796289608663,0.051892562997679796,0.04740436171234019,0.05837976524937232,0.27210279800079973,0.07447563208456229,0.05219429840296237,0.018110503707696,0.06662000540451983]}
