LP RESULTS :
 Obj = 0.1*lambda1+0.9*lambda2 = 126.59669714547286 (lambda1 = 1247.9669714547285, lambda2 = 2.0) Resol time = 376 ms

{"id": 0, "drone": 5, "position":(8.333333333333334,16.666666666666668,1.0), "time":43.990678414236406,"sensors":[19,28,35,9,33,5,34,14,17,26,32],"power":[0.006372500703544768,0.009847311714973753,0.009216206081394712,0.07175067076798049,0.005981255797935745,0.007356234144821352,0.006294038220898813,0.013294102420353253,0.006128480778820423,0.05004665142264402,0.015831829028103723]}
{"id": 1, "drone": 5, "position":(41.666666666666664,8.333333333333334,4.0), "time":967.21534436982,"sensors":[11,7,13,31,36,21,24,10,18,1],"power":[0.22957328463838034,0.15,0.21893367656980361,0.17748984120879274,0.2821802227647365,0.3017436433583134,0.3122815384011698,0.40509770918708915,0.287595341236595,0.17225009939322153]}
{"id": 2, "drone": 4, "position":(8.333333333333334,8.333333333333334,1.0), "time":689.9951514206524,"sensors":[35,9,33,5,22,14,17,26,32],"power":[0.10653557559075283,0.09917502000187553,0.4967265414953834,0.14264376585517866,0.1809077396440127,0.19631763150076872,0.43325190076418446,0.061317072493132896,0.896647410796551]}
{"id": 3, "drone": 6, "position":(8.333333333333334,33.333333333333336,4.0), "time":195.10274839783366,"sensors":[28,12,3,34,4,8,16],"power":[0.032068201240862806,0.036194538054412646,0.05042268607898337,0.02072779784373152,0.09015201739437112,0.022364387634997998,0.198060274078574]}
{"id": 4, "drone": 6, "position":(8.333333333333334,41.666666666666664,1.0), "time":538.8830814370552,"sensors":[3,6,4,8,16],"power":[0.20012891183743994,0.11285600727602448,0.09720125948232684,0.6047334058711341,0.1026894876097314]}
{"id": 5, "drone": 1, "position":(8.333333333333334,25.0,1.0), "time":3.4731236279134308,"sensors":[19,28,12,9,3,34,4,26,16],"power":[4.6168312232270573E-4,0.01178591802170456,6.245930744739145E-4,9.441376515415512E-4,2.2078393400972368E-4,0.001196998670026855,6.02194353088931E-4,0.0024744526277159823,8.887030002640906E-4]}
{"id": 6, "drone": 1, "position":(41.666666666666664,33.333333333333336,1.0), "time":594.5585150268276,"sensors":[29,38,25,15,27,20,2],"power":[0.14332102062084096,0.09606332531808466,0.3916053207448755,0.05940684616169364,0.154307500556522,0.19976307919377648,0.15]}
{"id": 7, "drone": 2, "position":(25.0,41.666666666666664,3.0), "time":340.20797639179966,"sensors":[39,30,15,37],"power":[0.30475647566565506,0.5001077804237848,0.09059315383830636,0.576044347921423]}
{"id": 8, "drone": 0, "position":(8.333333333333334,33.333333333333336,1.0), "time":510.5080179919262,"sensors":[28,12,3,6,34,4,8,26,16],"power":[0.09629856902245887,0.11318086887111344,0.1742322768106296,0.03714399272397554,0.0613192797898674,0.5129736238850897,0.06997166448937382,0.03616182345650709,4.7060559546735306]}
{"id": 9, "drone": 0, "position":(25.0,16.666666666666668,4.0), "time":280.7516270849086,"sensors":[19,7,0,35,23],"power":[0.052836731423273435,0.03485417576373991,0.03971826406618053,0.0434146901692674,0.20436736433139033]}
{"id": 10, "drone": 3, "position":(16.666666666666668,8.333333333333334,1.0), "time":233.22951453493113,"sensors":[19,35,23,9,33,17,32],"power":[0.021250712837940867,0.10120474923572206,0.024372042793457734,0.026059989891682674,0.01710148610176479,0.015934938256294908,0.02756112919901598]}
{"id": 11, "drone": 3, "position":(25.0,25.0,1.0), "time":494.8924030228188,"sensors":[19,0,29,23,34,38,27],"power":[0.10140477915062578,1.8871563720090019,0.05845573644080809,0.13194129997311152,0.06750856022760918,0.09245480589438856,0.03789094475449542]}
