LP RESULTS :
 Obj = 0.1*lambda1+0.9*lambda2 = 104.56439634730191 (lambda1 = 1027.643963473019, lambda2 = 2.0) Resol time = 1223 ms

{"id": 0, "drone": 1, "position":(8.333333333333334,16.666666666666668,1.0), "time":284.52136012327924,"sensors":[20,35,19,22,28,29,2,36],"power":[0.04656812480027859,0.45178289278727674,0.24847626666023953,0.0878604093527978,0.03657283824842808,0.02058917615404215,0.03419403118404443,0.02103087072640334]}
{"id": 1, "drone": 1, "position":(25.0,41.666666666666664,1.0), "time":137.48232349226615,"sensors":[15,5,27,39,32,6,4],"power":[0.011620384393485499,0.008996652283379083,0.019940275350613008,0.02637288137705191,0.025764546115666906,0.01462526544589218,0.021884673580689313]}
{"id": 2, "drone": 5, "position":(16.666666666666668,8.333333333333334,1.0), "time":236.64398350733507,"sensors":[20,33,35,38,19,37,28,26,8,2],"power":[0.024067185414892098,0.028453181000325095,0.016156241869057984,0.029972731051450693,0.024317564973454647,0.1342867962609911,0.15921772087637057,0.027897343657439764,0.09746226275429909,0.1392339874577933]}
{"id": 3, "drone": 5, "position":(33.333333333333336,8.333333333333334,1.0), "time":209.37385248032245,"sensors":[33,38,37,31,26,9,17,34],"power":[0.061704454356749414,0.036383241328394766,0.018449648686404835,0.084730682609349,0.08700584897209146,0.34175397300432997,0.05741826626652717,0.16407067657943025]}
{"id": 4, "drone": 0, "position":(8.333333333333334,25.0,1.0), "time":414.3423388337975,"sensors":[20,35,19,1,22,23,29,13,36],"power":[0.059095428704058095,0.1838532150910514,0.11724464650949334,0.1847914118173388,1.8650428198631663,0.06606722723224885,0.1294108238459578,0.028434057677364337,0.12585423584475178]}
{"id": 5, "drone": 0, "position":(25.0,33.333333333333336,1.0), "time":187.67340597882162,"sensors":[5,27,39,32,6,13,36],"power":[0.0893178347808276,0.031833111561134435,0.07481025192161231,0.03992804635171347,0.01298509675406733,0.0370447143034817,0.017877688680787904]}
{"id": 6, "drone": 4, "position":(41.666666666666664,41.666666666666664,1.0), "time":538.3768279278258,"sensors":[15,30,11,14,12,0,4,25],"power":[0.061291898333212344,0.12653133821374574,0.07164400856253363,0.11256346405396911,0.08511900582583629,0.14000444056697758,0.0591108477531617,0.5812590263320268]}
{"id": 7, "drone": 4, "position":(41.666666666666664,33.333333333333336,1.0), "time":137.48232349226618,"sensors":[10,30,11,14,12,0,25],"power":[0.00882229097799754,0.03005441113978501,0.10718048666199075,0.03743653594603089,0.4307232856723163,0.011801597806961099,0.018233652613006694]}
{"id": 8, "drone": 2, "position":(16.666666666666668,16.666666666666668,1.0), "time":2.9496716458975953,"sensors":[20,35,19,22,37,28,2,13,36],"power":[0.004080463796207962,7.603545750105276E-4,0.0015706480530144704,3.412161447472616E-4,6.869261787005507E-4,3.492153444449166E-4,0.0026170359962750683,4.597894651052999E-4,3.180808575469279E-4]}
{"id": 9, "drone": 2, "position":(8.333333333333334,41.666666666666664,1.0), "time":613.3016246392216,"sensors":[27,39,1,32,23,6,3,21,18,7,24],"power":[0.10757340165897324,0.044800060851709074,0.05730344119400555,0.08430740753261962,0.1817101757256693,0.263477015501373,1.8245233375723144,0.3106819501943577,0.2049757882003331,0.15,0.2874662175221841]}
{"id": 10, "drone": 3, "position":(25.0,25.0,1.0), "time":89.18660936270973,"sensors":[20,5,39,13,36],"power":[0.016188797284563242,0.05168551293579331,0.009193973421969783,0.10675917000830082,0.010815027408465577]}
{"id": 11, "drone": 3, "position":(25.0,8.333333333333334,2.0), "time":302.5039960764411,"sensors":[33,38,37,28,26,8,9,2,34],"power":[0.25224212139827207,0.1255249117879279,0.23340140762969225,0.02130895781417102,0.49978448435582884,0.0525377372457009,0.05260537920541062,0.06838050605278387,0.06787182876489471]}
{"id": 12, "drone": 6, "position":(41.666666666666664,16.666666666666668,1.0), "time":515.7661149162554,"sensors":[10,31,16,17,34],"power":[0.6827480472216005,0.06526931739065098,0.1889920874115253,0.3514477880391949,0.07039496992294753]}
{"id": 13, "drone": 6, "position":(33.333333333333336,41.666666666666664,1.0), "time":351.7848120529271,"sensors":[15,12,4,25],"power":[0.07708771727330216,0.036622551083027935,0.1213269277166637,0.03182486576951941]}
