LP RESULTS :
 Obj = 0.1*lambda1+0.9*lambda2 = 158.23459614937488 (lambda1 = 1564.3459614937485, lambda2 = 2.0) Resol time = 486 ms

{"id": 0, "drone": 5, "position":(8.333333333333334,16.666666666666668,1.0), "time":98.44143377213909,"sensors":[15,33,6,0],"power":[0.02628423980857939,0.032093536550565856,0.019293084906511947,0.12409196271566966]}
{"id": 1, "drone": 5, "position":(33.333333333333336,25.0,1.0), "time":229.60183210868922,"sensors":[19,14,10,4,31,23,13,32,38],"power":[0.1901778240631658,0.020984595426650637,0.019296226450804005,0.08087252215072613,0.11352845503578483,0.022270110995178477,0.096170073880107,0.016380874276568397,0.02383373133606616]}
{"id": 2, "drone": 4, "position":(25.0,41.666666666666664,2.0), "time":229.6018321086886,"sensors":[26,10,27,20,12,34,7,37,30,28,22],"power":[0.04888564360973188,0.0506428884140112,0.0693523877578333,0.01633376681774065,0.04766887321314796,0.30286312975827856,0.025707434221069136,0.4675702378775405,0.051106981859620586,0.028466931391178407,0.03727389876762974]}
{"id": 3, "drone": 4, "position":(41.666666666666664,41.666666666666664,1.0), "time":1049.0044722120733,"sensors":[26,14,18,23,12,8,13,7,3,35,28,22],"power":[0.14407990415919483,0.32780563693723896,0.21259892610733935,0.2933102610151975,0.22826769135117117,0.15,0.07659784037351323,0.264273923050866,0.1915378144879141,1.5814714963821672,0.38899923028170325,0.2938280623338154]}
{"id": 4, "drone": 6, "position":(16.666666666666668,25.0,2.0), "time":47.36604070124906,"sensors":[29,1,10,4,15,6,0],"power":[0.07699691068476805,0.11847990956356112,0.004733447528910715,0.0062534761791176756,0.016214561282920703,0.012047735206691192,0.008943486005052436]}
{"id": 5, "drone": 6, "position":(16.666666666666668,8.333333333333334,1.0), "time":1161.213542829734,"sensors":[15,24,5,33,6],"power":[0.15,0.16101303730910524,0.35165678226933844,0.1504622256918655,0.2038541010252962]}
{"id": 6, "drone": 3, "position":(8.333333333333334,8.333333333333334,5.0), "time":229.60183210868922,"sensors":[33,0],"power":[0.09883400720145316,0.016964551279277918]}
{"id": 7, "drone": 3, "position":(41.666666666666664,8.333333333333334,1.0), "time":1334.7441293850593,"sensors":[11,25,32,16,2,17,38],"power":[0.15,0.28065051995484447,0.3036926668150676,0.5883059179607127,0.23779946618451478,0.2516616352262614,0.2893589926943937]}
{"id": 8, "drone": 0, "position":(16.666666666666668,41.666666666666664,1.0), "time":9.38789970332374,"sensors":[21,10,27,20,9,34,37,30],"power":[0.005536484343050571,0.0010331229515619256,0.0016326808047926187,0.002168994323047751,0.004709268087262078,0.0013113777335219646,0.0012547367922025106,0.08733459497658744]}
{"id": 9, "drone": 2, "position":(25.0,41.666666666666664,1.0), "time":257.32494419062624,"sensors":[21,26,10,27,20,23,12,34,7,37,30,28,22],"power":[0.016670901303721744,0.05676818337494849,0.058110273682868564,0.07901493143737409,0.01897606324728355,0.016558552084039994,0.05494890792831855,0.4462407838318389,0.029660906581883244,0.7523067119443299,0.05919036812749885,0.03326788579393999,0.042884677468876135]}
{"id": 10, "drone": 2, "position":(25.0,25.0,2.0), "time":257.32494419062624,"sensors":[29,19,1,10,4,31,15,13,6],"power":[0.10277920280050408,0.022816373180708414,0.0657028379478981,0.04939611726487447,0.5400243710353765,0.021588486778523534,0.028291188896728943,0.023610013598396318,0.03087833979468644]}
{"id": 11, "drone": 1, "position":(33.333333333333336,33.333333333333336,1.0), "time":28.414712982359738,"sensors":[26,19,14,10,4,31,23,12,34,13,7,37,35,28,22],"power":[0.0022998332520447274,0.002889197960390735,0.01252450911631946,0.005352351325919677,0.004131649872791124,0.01488305818569143,0.01929062607232685,0.005213205273567113,0.0022032934549274814,0.027852220174872613,0.0020930847439142694,0.003998804354005173,0.003949111664784732,0.0059460303949314544,0.0059175195066283525]}
{"id": 12, "drone": 1, "position":(8.333333333333334,41.666666666666664,1.0), "time":1068.03128549111,"sensors":[21,36,39,20,9,30],"power":[1.2513711040505622,0.2858848602054643,0.15000000000000002,0.15190069945085505,1.732364966318997,0.2162627040313068]}
