LP RESULTS :
 Obj = 0.1*lambda1+0.9*lambda2 = 145.01287815133685 (lambda1 = 1432.1287815133683, lambda2 = 2.0) Resol time = 1341 ms

{"id": 0, "drone": 5, "position":(25.0,8.333333333333334,1.0), "time":21.985617503218464,"sensors":[14,20,3,9,7,17,23,19,2],"power":[0.003644122946030639,0.006756495885234983,0.0033965103904069725,0.004064982328164935,0.016094179448453653,0.05039688034031606,0.011086639414743282,0.001795893873819699,0.005275361834379492]}
{"id": 1, "drone": 5, "position":(41.666666666666664,33.333333333333336,1.0), "time":731.9939054110603,"sensors":[12,22,37,0,34,6,33,4,31],"power":[0.07436982116750152,0.194032815093866,0.07143917971876265,0.13466962867999968,0.12470140080723073,0.20483832852385536,0.7916272286278714,0.19101561832816655,0.1333060106597603]}
{"id": 2, "drone": 1, "position":(8.333333333333334,16.666666666666668,1.0), "time":378.88562666255484,"sensors":[24,35,39,5,8,15,19],"power":[0.09801350704653325,0.040435999103203654,0.2103769632026283,1.8403905278092028,0.048095897005881405,0.0356664280077462,0.0848289959683024]}
{"id": 3, "drone": 1, "position":(8.333333333333334,41.666666666666664,3.0), "time":673.5583953214269,"sensors":[11,30,38,21,1],"power":[0.20244439533583589,0.15,0.4165172800721168,0.07175850583960115,0.07733446288116334]}
{"id": 4, "drone": 4, "position":(16.666666666666668,41.666666666666664,1.0), "time":754.4709777969089,"sensors":[28,11,18,13,38,21,1],"power":[0.2925740044080048,0.585468071448782,0.11487275000710086,0.09918869532691145,0.07099625636543909,1.2194482057787923,0.4837571345683028]}
{"id": 5, "drone": 4, "position":(16.666666666666668,33.333333333333336,1.0), "time":4.099408395032523,"sensors":[28,11,37,32,18,8,13,38,15,21,1],"power":[2.960911249100253E-4,3.717024900700099E-4,2.724472468139161E-4,4.062318445112838E-4,0.017336090033991714,4.799416322757612E-4,5.966903180163282E-4,2.870417971418887E-4,0.0011152918691867144,5.365590909758117E-4,2.876847349808671E-4]}
{"id": 6, "drone": 3, "position":(41.666666666666664,25.0,1.0), "time":21.98561750321855,"sensors":[12,0,34,25,33,4,29],"power":[0.02978533155890625,0.026941336495525634,0.1313053300023447,0.0024458649485978507,0.004477060374082468,0.010618534810996574,0.0014092399694338278]}
{"id": 7, "drone": 3, "position":(33.333333333333336,8.333333333333334,1.0), "time":731.9939054110602,"sensors":[14,3,10,9,7,25,17,29,2],"power":[0.359917454060543,1.0272792670766564,0.07983920266161214,0.14593501767183503,0.06747814439726134,0.16659562525720806,0.30375982033753396,0.14020438097878662,0.058432511974232985]}
{"id": 8, "drone": 6, "position":(33.333333333333336,41.666666666666664,1.0), "time":639.3897657849238,"sensors":[28,22,37,16,6,33,31,13,26],"power":[0.05159589978712314,0.1440199219637565,0.12134177342312916,0.2167233499648867,0.10546690227493052,0.09403285630069251,0.14757877297468347,0.1275580868697045,0.15278748498745623]}
{"id": 9, "drone": 6, "position":(25.0,25.0,2.0), "time":34.168629536503005,"sensors":[37,32,18,4,8,13,15,2],"power":[0.005172211540261779,0.14055854937016404,0.004492171425871476,0.002895961043032073,0.007494144692389275,0.0030901939622058235,0.005392861542744698,0.006105274091285572]}
{"id": 10, "drone": 2, "position":(41.666666666666664,8.333333333333334,1.0), "time":678.1492585990894,"sensors":[14,27,3,12,10,25,36,29],"power":[0.09491502415088836,0.15,0.15278873101013363,0.04584484727359222,0.9525912801061815,0.22900610030172971,0.27147416868362795,0.9519104374973206]}
{"id": 11, "drone": 2, "position":(8.333333333333334,8.333333333333334,1.0), "time":446.7478604362565,"sensors":[24,35,20,39,23,5,19],"power":[0.05198649295346675,0.10956400089679631,0.03404217993081938,0.03956180064439955,0.04669959862536302,0.07626102455058013,0.33905689364740804]}
{"id": 12, "drone": 0, "position":(16.666666666666668,25.0,1.0), "time":42.45121157051949,"sensors":[32,18,39,5,8,15,2],"power":[0.009035218785324681,0.013298988533035946,0.01306558531337214,0.00592180269413937,0.09393001666945355,0.18151456573382477,0.004683741570344014]}
{"id": 13, "drone": 0, "position":(16.666666666666668,8.333333333333334,1.0), "time":564.0440828440375,"sensors":[20,7,17,39,23,5,19,2],"power":[0.227673642023699,0.20036550166010542,0.06749109957604243,0.04813719418465922,0.9007197815146994,0.05630069192749117,0.48805890466842383,0.07664267947968229]}
