LP RESULTS :
 Obj = 0.1*lambda1+0.9*lambda2 = 148.41718152650955 (lambda1 = 1466.1718152650953, lambda2 = 2.0) Resol time = 216 ms

{"id": 0, "drone": 1, "position":(41.666666666666664,8.333333333333334,1.0), "time":449.8960526542042,"sensors":[24,27,33,17,10,6,31,28,5,32],"power":[0.07226501580092687,0.032118341789963575,0.09577439411844535,0.38738781100546876,0.03440034631965442,0.15,0.03998959865396532,0.07484354793091845,0.08095095538889292,0.07899819333696063]}
{"id": 1, "drone": 1, "position":(8.333333333333334,25.0,1.0), "time":750.3266231523228,"sensors":[16,18,39,23,7,8,26,35,14,1,9,0],"power":[0.06035892966501205,0.06797555391000336,0.10371291588868761,0.14227012908083864,1.4878181985380636,0.07227851435551819,0.13479528086271075,0.13574865374181924,0.15065967417665607,0.17366058023287287,0.1859990312312595,0.12598961327417385]}
{"id": 2, "drone": 2, "position":(8.333333333333334,16.666666666666668,3.0), "time":50.3577417357813,"sensors":[7,8,35,14,1,9],"power":[0.006929259298592865,0.03247177523461019,0.01425134625818076,0.0910342349170474,0.009559841785019492,0.0628202588774889]}
{"id": 3, "drone": 2, "position":(25.0,41.666666666666664,1.0), "time":663.7311341046195,"sensors":[3,25,19,21],"power":[0.32418513201549926,0.13019302610665168,0.3892048654319811,0.07313767994195568]}
{"id": 4, "drone": 0, "position":(8.333333333333334,41.666666666666664,1.0), "time":663.7311341046195,"sensors":[2,20,25,38,18,39,26,0],"power":[0.14902753751452455,2.326437266378173,0.048361612627540775,0.1895306637139261,0.07111076805069379,0.07413952641659047,0.11072305325043888,0.1120600124834238]}
{"id": 5, "drone": 0, "position":(41.666666666666664,41.666666666666664,1.0), "time":802.4406811604758,"sensors":[36,4,34,21,11],"power":[0.18081162823634628,4.214861811466867,0.15,0.36019904338614495,0.23071447620671362]}
{"id": 6, "drone": 4, "position":(41.666666666666664,25.0,1.0), "time":642.9990813641592,"sensors":[24,37,33,36,22,12,10,29,31,28,5,32],"power":[0.06527999366931699,0.19999112463666463,0.1147192269307518,0.09737571075551807,0.06721292839948359,0.9371076339172646,0.5830217980372362,0.18635385712371313,0.11001040134603468,0.05654805148993022,0.13661162555448117,0.1601537627112878]}
{"id": 7, "drone": 5, "position":(16.666666666666668,8.333333333333334,4.0), "time":642.9990813641593,"sensors":[13,8,14,15,9],"power":[0.09112306942555418,0.0523684778402251,0.06575287350794369,0.10081008838220852,0.06018331410984276]}
{"id": 8, "drone": 6, "position":(8.333333333333334,33.333333333333336,1.0), "time":47.78295491724998,"sensors":[20,38,18,39,23,7,26,0],"power":[0.007361444985464293,0.01275273231751384,0.01044965269609466,0.014814419358924772,0.007729870919161359,0.01260115424710093,0.04301654070251026,0.03651619310069527]}
{"id": 9, "drone": 6, "position":(25.0,8.333333333333334,1.0), "time":284.5209958012754,"sensors":[24,13,27,22,15,28],"power":[0.023492666163879877,0.06967025225533344,0.06764310124629874,0.021700934262611545,0.0619258239084823,0.027518034207726333]}
{"id": 10, "drone": 3, "position":(8.333333333333334,41.666666666666664,1.0), "time":4.3311030909030706,"sensors":[2,20,25,38,18,39,26,0],"power":[9.724624854754696E-4,0.015180905516501472,3.1557828037517247E-4,0.0012367610938421134,4.6402534320818086E-4,4.8378916630777044E-4,7.225108685222718E-4,7.312350460828195E-4]}
{"id": 11, "drone": 3, "position":(25.0,25.0,1.0), "time":538.6517380996606,"sensors":[37,19,16,27,30,22,15,1],"power":[0.049140934897756026,0.05203926450283891,0.48412698701699813,0.050238556963737684,1.1469571531185763,0.10261660566849948,0.08373677767228545,0.0748330317598263]}
