LP RESULTS :
 Obj = 0.1*lambda1+0.9*lambda2 = 126.16414619501313 (lambda1 = 1243.6414619501313, lambda2 = 2.0) Resol time = 434 ms

{"id": 0, "drone": 0, "position":(16.666666666666668,8.333333333333334,5.0), "time":459.39980562102016,"sensors":[28,25,2,14,6,29,11,30,17],"power":[0.0349662246718785,0.06113841298341154,0.057671284926912474,0.17759740258457604,0.10344990303157935,0.17950177061082206,0.12749084969081523,0.06193172544805963,0.15026178481931624]}
{"id": 1, "drone": 0, "position":(16.666666666666668,33.333333333333336,1.0), "time":91.17693036521905,"sensors":[32,20,4,0,13,5,15,33,22,18,19,7,39],"power":[0.013476724943832397,0.006756753395777645,0.021365825953996,0.013179525669387957,0.011154056556496187,0.007206229854960974,0.18952559358997234,0.5405517076793344,0.009920822645979679,0.011285377709138168,0.0620229869818132,0.011524512153953614,0.013838400157823755]}
{"id": 2, "drone": 1, "position":(8.333333333333334,16.666666666666668,1.0), "time":300.38868973470863,"sensors":[4,25,34,5,37,7,29,11,39,17],"power":[0.02911043604601207,0.12025985922802182,0.06394558247692532,0.10712039680627194,2.4767758351748315,0.04402429601663432,0.030385144249151293,0.10466673913972882,0.05963216822498937,0.05365305444888399]}
{"id": 3, "drone": 1, "position":(8.333333333333334,41.666666666666664,1.0), "time":689.3814579654902,"sensors":[32,20,0,13,27,15,33,26,22],"power":[0.10278999187657904,0.17080216620187974,0.18242468769502118,0.8364064221420972,0.14945793230976798,0.0471099560398726,0.05033922216946785,0.11992765944038325,0.20489642068078545]}
{"id": 4, "drone": 2, "position":(8.333333333333334,25.0,2.0), "time":459.39980562102073,"sensors":[32,20,4,0,34,5,37,15,33,26,19,7,39],"power":[0.1278724639664571,0.04996792563552321,0.3948440279260555,0.07080220146245032,0.08605441752307467,0.7346683275470157,0.11628589680205385,0.07805083067709179,0.04876330652998743,0.02919643698216667,0.08732061571757334,0.09144522393280886,0.39636977245284283]}
{"id": 5, "drone": 2, "position":(8.333333333333334,33.333333333333336,1.0), "time":3.6832679984007086,"sensors":[32,20,4,0,13,27,5,15,33,26,22,19,39],"power":[0.01111423348862326,0.002332529859517616,0.0016409386254081263,0.011630831552132308,5.077681441546848E-4,5.420676902320111E-4,4.7624679299388295E-4,9.462945135265359E-4,7.322932429450527E-4,8.759035774500718E-4,2.7741307440543576E-4,6.563973006130678E-4,5.949694026785094E-4]}
{"id": 6, "drone": 3, "position":(8.333333333333334,8.333333333333334,1.0), "time":483.8529665944026,"sensors":[25,2,37,14,29,11,17],"power":[1.1484222005461384,0.09232871507308751,0.08667785222651793,0.10910046785265577,0.20165375811741099,0.17636701804905972,0.48449231203346843]}
{"id": 7, "drone": 3, "position":(33.333333333333336,33.333333333333336,4.0), "time":401.2169453363148,"sensors":[16,1,24,38,9,18,8,21,23],"power":[0.38469018359046925,0.05276635603122051,0.02582800081620655,0.1535336087411854,0.09756326480345236,0.03393181786044994,0.07014644725966263,0.058952020753795326,0.03313403021950609]}
{"id": 8, "drone": 4, "position":(33.333333333333336,41.666666666666664,1.0), "time":564.0688170788087,"sensors":[16,35,38,9,18,8,36,21,23],"power":[0.09738829375164688,0.03717787646212146,0.04099999995657232,0.04984505646173364,0.10478280443041191,0.04949148682651694,0.05036327027422421,4.327912685706323,0.12118821776870736]}
{"id": 9, "drone": 4, "position":(41.666666666666664,33.333333333333336,1.0), "time":30.880501991379923,"sensors":[16,1,35,24,38,9,8,36,21,23],"power":[0.007533783750034063,0.037881598985920875,0.0024649799335804056,0.0032232591929268945,0.0061014293726517795,0.06903353221056081,0.3088050199137992,0.008782055369712978,0.0024285843712643865,0.006844108636364424]}
{"id": 10, "drone": 5, "position":(33.333333333333336,8.333333333333334,3.0), "time":417.3112123102942,"sensors":[28,31,12,6,30,10],"power":[0.18817912820325092,0.5030205800948473,0.06718824876810486,0.04990361645562901,0.09551673185951867,0.18261140301546458]}
{"id": 11, "drone": 5, "position":(25.0,16.666666666666668,5.0), "time":28.421511667100788,"sensors":[28,31,12,6,7,30,10],"power":[0.0041362513480625316,0.0036028254771170564,0.006386399899726017,0.0028257280931583695,0.00300596789660319,0.0052045167546389045,0.0028374956384739506]}
{"id": 12, "drone": 6, "position":(41.666666666666664,16.666666666666668,2.0), "time":564.0688170788087,"sensors":[1,24,31,12,3,10],"power":[0.036461890094564305,0.21239167871239872,0.04312612009194378,0.07642535133216911,0.170538343742311,0.13540453087665424]}
{"id": 13, "drone": 6, "position":(41.666666666666664,41.666666666666664,1.0), "time":247.47519754362787,"sensors":[16,1,35,9,8,36,21,23],"power":[0.021083152904696874,0.022890154888294285,0.11035714360429812,0.033665748685967264,0.04785100852014911,0.22962892382755068,0.04869234334673228,2.474751975436279]}
