LP RESULTS :
 Obj = 0.1*lambda1+0.9*lambda2 = 146.39043951970365 (lambda1 = 1445.9043951970364, lambda2 = 2.0) Resol time = 1251 ms

{"id": 0, "drone": 4, "position":(8.333333333333334,16.666666666666668,1.0), "time":665.1671821702972,"sensors":[12,28,5,3],"power":[0.399837273269757,0.09198863960903794,0.15,0.06382964785047798]}
{"id": 1, "drone": 6, "position":(33.333333333333336,41.666666666666664,1.0), "time":669.344423334797,"sensors":[24,25,22,10,11,15,1,13,4],"power":[0.06591548627798109,0.07902911124292247,0.052069409418105256,0.22699048925707146,0.08571132247055036,0.05813463419933648,0.08992074752179546,0.06206206994166628,0.1449269900673216]}
{"id": 2, "drone": 6, "position":(33.333333333333336,8.333333333333334,1.0), "time":135.2853495457843,"sensors":[20,17,31,30,36,35,32,19,6,38,21,8],"power":[0.09815782079991908,0.0314021963915507,0.012748075189257526,0.1325765045207705,0.0254404924555742,0.016166394588788803,0.02179066888631052,0.0357465337323001,0.012348652683289269,0.016590352311218737,0.07250387111113413,0.01900209263951769]}
{"id": 3, "drone": 0, "position":(8.333333333333334,41.666666666666664,1.0), "time":163.3278703204652,"sensors":[29,34,33,37,23,18,9,7],"power":[0.09618799310977885,0.02620423357214154,0.15741637658334837,0.02694178138557048,0.026985165714917304,0.0181334905601226,0.018989461362815277,0.017737527509377633]}
{"id": 4, "drone": 0, "position":(25.0,33.333333333333336,1.0), "time":342.55043279427974,"sensors":[26,25,15,34,23,18,16,27],"power":[0.054278797371173595,0.08069669197657742,1.0711436266639796,0.05964482703543516,0.05433385013471159,0.0901699770448965,1.132315857335332,0.05263373873461591]}
{"id": 5, "drone": 2, "position":(41.666666666666664,8.333333333333334,1.0), "time":388.4859387484207,"sensors":[20,17,31,0,30,36,19,38,21,8],"power":[0.051842179200080905,0.11859780360844929,0.06437069271133916,0.08424435318475051,0.07009555274475973,0.20942719886314365,0.05521315430211327,0.42126123978164604,0.10531731650232626,0.03977843162469925]}
{"id": 6, "drone": 2, "position":(41.666666666666664,16.666666666666668,3.0), "time":244.83925280835183,"sensors":[39,2,31,0,30,36,19,38,21,8],"power":[0.022598295694463966,0.043540070479668166,0.36088081094785573,0.0657556468152495,0.03880369171143902,0.2024662678068091,0.060737021144189614,0.0890445591466935,0.06550913356720095,0.07719641460320364]}
{"id": 7, "drone": 1, "position":(8.333333333333334,33.333333333333336,2.0), "time":506.01655301433175,"sensors":[29,34,33,37,23,18,9,7],"power":[0.10720940042776479,0.05428379536469938,0.06621495120654441,1.3685729559950601,0.13047977106717085,0.07142578340249459,0.15707814048298568,0.13226247249062237]}
{"id": 8, "drone": 1, "position":(25.0,16.666666666666668,5.0), "time":677.2938540944795,"sensors":[26,30,35,32,19,6,21,8],"power":[0.11832266498677275,0.08563753176962478,0.3074000003199554,0.2701385598845897,0.08120714370994814,0.23827818761005468,0.055498343851720776,0.06434765333123112]}
{"id": 9, "drone": 3, "position":(8.333333333333334,8.333333333333334,1.0), "time":780.7372130267391,"sensors":[12,28,3,14],"power":[0.10400513600811644,0.44853229339576645,0.19672684690945458,0.15]}
{"id": 10, "drone": 5, "position":(41.666666666666664,33.333333333333336,1.0), "time":776.5599718622393,"sensors":[39,2,10,11,1,13,27],"power":[0.1911569829999143,0.1750536677233265,0.15291755741308555,0.11523420956296267,1.415136686601735,0.326594649518481,0.09736626126538409]}
{"id": 11, "drone": 5, "position":(25.0,41.666666666666664,1.0), "time":434.0095390679597,"sensors":[24,25,22,15,34,33,23,18,16,4],"power":[0.1584951676097239,0.8604756786165122,0.09793059058189475,0.12269621036876126,0.10985729469832985,0.0316036228616329,0.04421884836861875,0.0812401432412896,0.05991926078899613,0.06995736900774374]}
