LP RESULTS :
 Obj = 0.1*lambda1+0.9*lambda2 = 206.6737039825853 (lambda1 = 2048.7370398258527, lambda2 = 2.0) Resol time = 233 ms

{"id": 0, "drone": 1, "position":(8.333333333333334,41.666666666666664,1.0), "time":1406.556974089069,"sensors":[16,23,1,9,30,15,8,32,12,17,22,21],"power":[0.1093930002911436,0.15,1.0957894983708711,0.8261670201055987,0.5266722674312005,0.3114288037425058,0.3629414819446219,0.6559384624583974,0.8123541977315061,8.643739272919643,0.14463876440127826,0.500686305250105]}
{"id": 1, "drone": 1, "position":(41.666666666666664,8.333333333333334,1.0), "time":127.7857135229529,"sensors":[18,28,7,38,4],"power":[0.03349699869719414,0.021248632224543876,0.11720203150710784,0.027269202657638308,0.014366987740631259]}
{"id": 2, "drone": 2, "position":(33.333333333333336,41.666666666666664,1.0), "time":775.397316597361,"sensors":[33,20,3,5,2,6,25,37,10],"power":[0.05874023721712338,0.21787316728553252,0.19681864734507531,0.2811664770732913,0.16938814181100373,0.0531040152874137,0.09248476595285408,0.15,0.12842751044748849]}
{"id": 3, "drone": 5, "position":(25.0,25.0,1.0), "time":1273.3397232284915,"sensors":[26,33,19,6,0],"power":[0.5275300379929806,0.2026975301168566,0.2261313382032507,0.14408783179702783,0.11022818644758034]}
{"id": 4, "drone": 6, "position":(25.0,8.333333333333334,1.0), "time":64.31704001927454,"sensors":[35,28,27,38,0,4],"power":[0.004240541401300506,0.00784235884195286,0.14752886248400796,0.006335991334227979,0.026764368968080002,0.01477718901282592]}
{"id": 5, "drone": 6, "position":(41.666666666666664,16.666666666666668,2.0), "time":1837.3646495112182,"sensors":[18,28,36,7,38,4],"power":[0.11650300130280584,0.41499084508684764,0.2973593417357132,0.21957598176189055,0.5224262590494799,0.22307722829858498]}
{"id": 6, "drone": 4, "position":(41.666666666666664,41.666666666666664,1.0), "time":1198.678576407783,"sensors":[20,3,5,2,29,25,34,10,14],"power":[0.33657112181670834,4.290608724242725,0.07574043992188056,0.24392839388037466,0.15000000000000002,2.4878972177214327,0.2153732202573907,7.113413473926007,0.28423511650839745]}
{"id": 7, "drone": 3, "position":(8.333333333333334,8.333333333333334,1.0), "time":927.610916136181,"sensors":[35,24,39,11,13],"power":[0.6998560905434529,0.15000000000000002,0.18998685565239068,0.5424394203923609,0.22034470707540496]}
{"id": 8, "drone": 0, "position":(8.333333333333334,33.333333333333336,1.0), "time":642.1800657367835,"sensors":[16,1,9,30,19,15,8,32,12,17,22,31,21],"power":[0.2374126028974881,0.2973086947856844,0.04929256390277068,0.3723891958031379,0.09078813209836317,0.1901356392167715,0.052286072730417445,0.06840027883112298,0.1485551418654081,0.18044339352243843,0.04062689429495089,0.15000000000000002,0.15388462713676773]}
{"id": 9, "drone": 0, "position":(25.0,16.666666666666668,1.0), "time":19.26963677240706,"sensors":[26,19,28,27,38,0,4],"power":[0.0029989319111428845,0.001242547481206451,0.0032273800726552435,0.0024711375159920668,0.0024636474317855962,0.013007444584339653,0.005155507576345505]}
