LP RESULTS :
 Obj = 0.1*lambda1+0.9*lambda2 = 110.7532434236256 (lambda1 = 1080.532434236256, lambda2 = 3.0) Resol time = 27778 ms

{"id": 0, "drone": 6, "position":(8.333333333333334,25.0,1.0), "time":179.83640454437065,"sensors":[8,5,13,26,25,19,1,35,20,37,3,15,32],"power":[0.019715441321999358,0.026061250915724327,0.025920350086544686,0.01664390232089548,0.02735778959412402,0.08924616166272667,1.3736519680455814,0.033651095937320116,0.043391833432042115,0.059340293978257484,0.024053787992351555,0.01838638772189063,0.030565261291297698]}
{"id": 1, "drone": 6, "position":(41.666666666666664,41.666666666666664,1.0), "time":23.03021707352726,"sensors":[24,14,0,22],"power":[0.04887190566158238,0.004630610839212151,0.0015483894418608154,0.006872338512003476]}
{"id": 2, "drone": 6, "position":(25.0,8.333333333333334,5.0), "time":273.1132818219305,"sensors":[4,7,27,39,11],"power":[0.020981994665093248,0.022843642819106544,0.0307403290937465,0.04245881694056788,0.023127414689324177]}
{"id": 3, "drone": 3, "position":(41.666666666666664,25.0,1.0), "time":49.18126427477253,"sensors":[22,29],"power":[0.0057835457380740855,0.12670349107248136]}
{"id": 4, "drone": 3, "position":(8.333333333333334,8.333333333333334,1.0), "time":545.057649570053,"sensors":[5,9,28,7,27,35,37,11,15],"power":[0.17011576289389824,0.15,0.5795667778351042,0.10860214433777425,0.15720909319075752,0.06142039983290528,0.07013162770814617,0.2344783104638045,0.10691783986336893]}
{"id": 5, "drone": 1, "position":(33.333333333333336,41.666666666666664,1.0), "time":854.7711041373841,"sensors":[24,18,14,23,0,22],"power":[0.10112809433841763,0.0986327899116798,0.8622064155150405,0.09323721207481638,0.47417122303264564,0.19633799732361962]}
{"id": 6, "drone": 1, "position":(16.666666666666668,25.0,1.0), "time":93.27687727755983,"sensors":[8,5,2,16,13,26,25,19,1,20,37,3,15,6,32],"power":[0.01997736487525164,0.007807568181471455,0.018360466644077724,0.006170288501399565,0.19017971468528516,0.07977663299209134,0.16650039439194428,0.006124234014827568,0.023822638818319912,0.02043057107372572,0.008603554273848636,0.07424798884469296,0.01281355109332522,0.024619392186177088,0.015060364344442407]}
{"id": 7, "drone": 2, "position":(16.666666666666668,8.333333333333334,1.0), "time":42.560711598876544,"sensors":[5,28,7,27,11,15],"power":[0.006904221060801829,0.003693903023767466,0.018554212843119217,0.1116744648206066,0.07139531976494892,0.012298249496430517]}
{"id": 8, "drone": 2, "position":(8.333333333333334,41.666666666666664,1.0), "time":593.5501185413415,"sensors":[8,16,38,10,21,12,20,36,32,30],"power":[0.06449184506475165,0.06058335510840087,0.3439330984779924,0.19375255713227,0.18092569365278535,0.6478134612674503,0.08056067494045654,0.15000000000000002,0.11251494665016767,0.38640295367061595]}
{"id": 9, "drone": 4, "position":(25.0,25.0,1.0), "time":9.153180328155507,"sensors":[8,18,2,13,26,25,39,3,6],"power":[7.851422209442509E-4,0.0023825680723994643,0.002022944682531048,0.00258014351164939,0.003911919664405075,0.0022584513635329822,7.145557038612895E-4,0.0019773506331668546,0.08214191704035526]}
{"id": 10, "drone": 4, "position":(33.333333333333336,16.666666666666668,1.0), "time":230.93545149867475,"sensors":[17,39,6,29],"power":[0.024098594956218418,0.33448782855793313,0.02048462243887696,0.02329650892751861]}
{"id": 11, "drone": 4, "position":(33.333333333333336,33.333333333333336,1.0), "time":11.892296225887755,"sensors":[18,14,2,0,22,6],"power":[0.008748349562234825,0.009002939739076943,0.001150149959137232,0.0015026191063947562,0.005301333754022014,0.0010396406662479265]}
{"id": 12, "drone": 0, "position":(8.333333333333334,16.666666666666668,1.0), "time":219.800791245396,"sensors":[5,28,13,25,19,27,1,35,37,11,15],"power":[0.6765146674045508,0.032949605268150786,0.022131694160153904,0.02553026703929722,0.054629604322445735,0.018839514781889423,0.04206024011139644,0.09750289516764811,0.4100248720480201,0.024456289196524903,0.08377566850537747]}
{"id": 13, "drone": 0, "position":(16.666666666666668,33.333333333333336,1.0), "time":118.3550506561585,"sensors":[8,18,23,2,16,13,26,25,1,20,3,6,32],"power":[1.0663675092034648,0.00866618426718099,0.00900669032351143,0.07033647455962432,0.05817889231680151,0.01464102802083014,0.039270014566293455,0.013484410583221779,0.014818702622461342,0.07966046014949676,0.09916435604721975,0.012936241212146397,0.08601839330440957]}
{"id": 14, "drone": 0, "position":(33.333333333333336,8.333333333333334,1.0), "time":23.006840146455595,"sensors":[34,4,17,39],"power":[0.00484500159388061,0.010070836467876737,0.002980048896953286,0.00905357580666777]}
{"id": 15, "drone": 5, "position":(25.0,41.666666666666664,1.0), "time":45.998252023147025,"sensors":[8,18,14,23,2,16,0],"power":[0.0038203087930382173,0.005003008373095303,0.00724007598571208,0.04385917648406366,0.0072828999937379615,0.01425073768484264,0.060741341511015]}
{"id": 16, "drone": 5, "position":(41.666666666666664,8.333333333333334,1.0), "time":544.3236804410396,"sensors":[31,34,4,17,39,33],"power":[0.15,0.47303675763247094,0.11894716886703001,0.7155939942734024,0.05184001440956751,0.22745509936026284]}
{"id": 17, "drone": 5, "position":(25.0,33.333333333333336,1.0), "time":40.36255086552309,"sensors":[8,18,14,23,2,16,0,13,26,25,20,3,6,32],"power":[0.0074694353840156,0.026567099813409597,0.00601285777679356,0.0038969211176085204,0.05084706416089171,0.010816726388555417,0.006027111224439017,0.0031664615393077913,0.010397530456314624,0.0026537377792899626,0.00284589542793385,0.008845582010481481,0.008778186456196352,0.0029281462516283076]}
