LP RESULTS :
 Obj = 0.1*lambda1+0.9*lambda2 = 138.35541165611258 (lambda1 = 1365.5541165611255, lambda2 = 2.0) Resol time = 302 ms

{"id": 0, "drone": 2, "position":(8.333333333333334,16.666666666666668,1.0), "time":941.2314591510791,"sensors":[4,12,35,30,9,24,10,33,23,19,18],"power":[0.39133591084302694,0.14367559064787896,0.06801929463409188,1.061225598617129,0.06791810219822707,0.1050556940286538,0.8533683136461051,0.3939953104466615,0.6510258366980642,0.1758399295881772,0.9847998654611266]}
{"id": 1, "drone": 2, "position":(33.333333333333336,41.666666666666664,5.0), "time":353.8243666597047,"sensors":[21,26,27,3,14,16,5],"power":[0.029689102109589683,0.08580375903417217,0.023061305893880203,0.0744146081928155,0.08655083722062215,0.18078288187565178,0.08334318489437803]}
{"id": 2, "drone": 0, "position":(33.333333333333336,41.666666666666664,1.0), "time":135.85595738880505,"sensors":[21,26,27,17,3,14,7,2,16,5],"power":[0.014945255498721024,0.05036305958979046,0.011347936904149807,0.009206789728450663,0.04074255867356687,0.051442436726884574,0.010634305549739433,0.009314571262762793,0.4545420129202406,0.046937517952583274]}
{"id": 3, "drone": 0, "position":(25.0,25.0,4.0), "time":706.770151167247,"sensors":[8,27,1,13,33,2,20],"power":[0.5572050939847709,0.13788307341325512,0.12537793214811108,0.04928828500372798,0.044621474258801634,0.12705531564320505,0.07714476635303427]}
{"id": 4, "drone": 5, "position":(41.666666666666664,16.666666666666668,1.0), "time":182.11743542981037,"sensors":[15,36,29,17,1,32,20],"power":[0.02762345653101637,0.4024297082654316,0.021288572889879526,0.01162775617719154,0.02462206785188891,0.1540190274198309,0.01686381995039537]}
{"id": 5, "drone": 5, "position":(25.0,8.333333333333334,1.0), "time":359.56891197336097,"sensors":[15,29,6,35,13,0,34,31,20],"power":[0.04239909630966654,0.026996180701588875,0.21043324055036508,0.1510014690683406,0.18491832700524202,0.11816738469670325,0.023623437861023847,0.16236827814532803,0.07634042885873306]}
{"id": 6, "drone": 1, "position":(8.333333333333334,41.666666666666664,1.0), "time":1060.5945178269517,"sensors":[28,11,37,7,25,22],"power":[0.5599000462761646,0.15,0.14099060541792596,0.08263295397962474,0.1866055961265253,0.08457211578011875]}
{"id": 7, "drone": 1, "position":(8.333333333333334,16.666666666666668,5.0), "time":54.60931323918703,"sensors":[4,12,30,24,10,33,23,19,18],"power":[0.01411157450537974,0.0063244093521210515,0.01988231050686454,0.004747079832006522,0.018420264465561945,0.013974057360344613,0.016988206068470044,0.0076600854425872495,0.019459086576135574]}
{"id": 8, "drone": 4, "position":(16.666666666666668,8.333333333333334,1.0), "time":64.75374543668545,"sensors":[6,35,13,0,33,23,19,18,31],"power":[0.004347057893731313,0.06634049037359903,0.02005104733828124,0.03183261530329673,0.0061607963433371596,0.010947907884394934,0.0046510304706757,0.013387335022700345,0.010472146204683156]}
{"id": 9, "drone": 4, "position":(41.666666666666664,33.333333333333336,1.0), "time":493.8066262249961,"sensors":[21,26,17,16,39,5],"power":[4.84348097434856,0.09801696749553691,0.32160470094092497,0.07442389293905456,0.15,0.24743002045218934]}
{"id": 10, "drone": 3, "position":(8.333333333333334,25.0,1.0), "time":304.9595987341738,"sensors":[4,30,9,24,10,33,23,18,25],"power":[0.16870459849120636,0.07501235452702826,0.0820818978017729,0.08751278832174224,0.04174405632000117,0.0827237638056513,0.052933323949579024,0.04269034583890388,0.08415643735026958]}
{"id": 11, "drone": 3, "position":(41.666666666666664,8.333333333333334,1.0), "time":823.8677691579542,"sensors":[15,36,29,6,32,38,34],"power":[0.37319302750680244,0.1052994671830329,0.6288135836872841,0.07725845254856968,0.17876129967565096,0.19189617027866987,0.12637656213897616]}
{"id": 12, "drone": 6, "position":(25.0,41.666666666666664,1.0), "time":169.10364134536877,"sensors":[26,37,27,3,14,7,2,16,22],"power":[0.023491806574619044,0.020966166080429838,0.03255340289252864,0.09631321880476154,0.01655651848156518,0.11680314361622705,0.03355964683793066,0.02364375019583293,0.06542788421988124]}
