LP RESULTS :
 Obj = 0.1*lambda1+0.9*lambda2 = 121.32172278089239 (lambda1 = 1195.2172278089238, lambda2 = 2.0) Resol time = 262 ms

{"id": 0, "drone": 5, "position":(25.0,25.0,4.0), "time":402.6644886078543,"sensors":[24,10,12,35,2,6,38,14,21,37],"power":[0.029281359212121036,0.06222870382667752,0.0412178456503364,0.2718096918658239,0.06646429359156125,0.06221489517148509,0.050197131200916706,0.04897936144641398,0.10418156768762987,0.03935085557154109]}
{"id": 1, "drone": 5, "position":(25.0,8.333333333333334,1.0), "time":487.92078228387714,"sensors":[24,33,31,17,14,11],"power":[0.3824888840986996,0.05794273867827801,0.12355470149123708,0.9018855757909685,0.05533519751637945,0.11710793711461404]}
{"id": 2, "drone": 2, "position":(16.666666666666668,8.333333333333334,1.0), "time":165.7547751150686,"sensors":[24,18,33,17,6,14,11],"power":[0.028832486149170874,0.022232517619560275,0.04933526074807897,0.06600327110825796,0.012880723306482919,0.029683740817045712,0.02087194751655398]}
{"id": 3, "drone": 2, "position":(33.333333333333336,8.333333333333334,1.0), "time":134.4417982423854,"sensors":[24,31,17,1,19,11,0,8],"power":[0.0225338632614368,0.2787135335717634,0.01541045858730683,0.009060921886009664,0.03815809863401794,0.012020115368832003,0.010806177658844243,0.031843955809166345]}
{"id": 4, "drone": 3, "position":(8.333333333333334,33.333333333333336,4.0), "time":229.29875311878914,"sensors":[26,32,15,2,38,21,20,37,28],"power":[0.02635544044969026,0.17707037770193124,0.20001951296933063,0.022189244620327765,0.019329832487885803,0.016762044409978933,0.05849713140711031,0.016930363891547454,0.01609799647093344]}
{"id": 5, "drone": 3, "position":(16.666666666666668,33.333333333333336,1.0), "time":70.89782023866485,"sensors":[26,32,15,10,35,2,6,38,21,37,28],"power":[0.03349808101554499,0.02361428575881399,0.014537075307081832,0.02100008601534719,0.005210222907157617,0.10805354987295393,0.006256689554847072,0.01139061402760738,0.021798491942362153,0.008222457051561001,0.027175782841732443]}
{"id": 6, "drone": 6, "position":(41.666666666666664,41.666666666666664,1.0), "time":591.629364246419,"sensors":[30,7,23,13,29],"power":[0.06257609882267023,0.15,0.07812277491439146,0.3398659048483178,0.175884184960229]}
{"id": 7, "drone": 6, "position":(8.333333333333334,41.666666666666664,3.0), "time":363.7084426294456,"sensors":[26,32,15,4,20,28],"power":[0.05738596980312399,0.05713315508206048,0.0989031804498365,0.16141820673089693,0.037957792033034315,0.03343067156278213]}
{"id": 8, "drone": 1, "position":(41.666666666666664,25.0,1.0), "time":487.9207822838773,"sensors":[30,16,3,12,25,1,23,27,0],"power":[0.15029685069790985,0.19534247123127751,0.20485255799719967,0.1587162458602661,0.18294990856146412,0.054162929302365305,0.1604000764670877,0.6066410435547284,0.056718634217062455]}
{"id": 9, "drone": 1, "position":(8.333333333333334,25.0,5.0), "time":487.9207822838772,"sensors":[18,32,15,5,6,38,34,21,20,37],"power":[0.08443183287757275,0.08774621891323332,0.054906915791645416,0.1381553047177515,0.06491069414372512,0.1059268089161245,0.11639607209688421,0.04866551487745132,0.053545076559855354,0.11254435014680945]}
{"id": 10, "drone": 4, "position":(25.0,41.666666666666664,1.0), "time":492.3561658436155,"sensors":[26,10,2,13,9,28],"power":[0.10765165058725472,0.11666538903013138,0.05374321925454613,0.03304564555675988,0.1944388281583185,0.17379516548665086]}
{"id": 11, "drone": 4, "position":(16.666666666666668,16.666666666666668,1.0), "time":4.435383559738369,"sensors":[24,18,33,5,17,6,38,14,34,21,37],"power":[8.201369305972853E-4,0.0033613448359098726,0.023057338787279082,0.0012888811898420836,8.117173023698977E-4,0.0037369978234597805,0.0012184405007661292,0.016001700220160862,7.519417397037176E-4,6.018956491539054E-4,0.0015074747265599383]}
{"id": 12, "drone": 0, "position":(8.333333333333334,8.333333333333334,1.0), "time":537.1062868502396,"sensors":[18,33,5,36,34],"power":[0.07245245523192499,0.06818035666071555,0.04465708383704176,0.15,0.07025255648584057]}
{"id": 13, "drone": 0, "position":(41.666666666666664,8.333333333333334,1.0), "time":572.8546472826611,"sensors":[39,31,22,25,1,19,0,8],"power":[0.14999999999999997,0.09304687464190378,0.19276270283319913,0.06945317780791146,0.1687358562817097,0.16557796440992334,0.18867291847267428,0.11815604419083361]}
