LP RESULTS :
 Obj = 0.1*lambda1+0.9*lambda2 = 110.57171055645463 (lambda1 = 1087.7171055645463, lambda2 = 2.0) Resol time = 519 ms

{"id": 0, "drone": 3, "position":(41.666666666666664,33.333333333333336,1.0), "time":151.0263997647458,"sensors":[29,2,6,10,37,15,26],"power":[0.010029453352138932,0.01912386574056888,0.0661610956871169,0.056846576456356775,0.04311647764999399,0.04808877370173423,0.009749340588798262]}
{"id": 1, "drone": 3, "position":(16.666666666666668,8.333333333333334,1.0), "time":830.1676367672793,"sensors":[27,3,31,28,0,13,17,14,21],"power":[0.08162052789511681,0.17117531047180917,0.152161931102567,0.1116125768171139,0.2716319909240639,0.05844406830007158,0.4958657159804661,0.06303848678067639,0.15537619080602524]}
{"id": 2, "drone": 1, "position":(8.333333333333334,25.0,1.0), "time":816.1977329569737,"sensors":[35,32,36,23,34,20],"power":[1.3087351655090365,0.4189112820635797,0.07067588960428307,0.14736385028790389,0.10979154455373162,0.2586999676699538]}
{"id": 3, "drone": 1, "position":(25.0,41.666666666666664,1.0), "time":218.72062332462866,"sensors":[1,12,33,30,24,4,16,9,15,26,38],"power":[0.02969952918187415,0.07607091149610497,0.024388028757828886,1.4441880942527907,0.03369422961084838,0.022891900816781066,0.09431847771441586,0.04412924224256932,0.020256012783689208,0.042071623351721925,0.01556386498792987]}
{"id": 4, "drone": 2, "position":(41.666666666666664,8.333333333333334,1.0), "time":389.44200969993915,"sensors":[22,18,7,11,25],"power":[0.10829346435295305,0.04565911809435359,0.2916560834438075,0.6783171733759856,1.0010742339097136]}
{"id": 5, "drone": 2, "position":(41.666666666666664,25.0,5.0), "time":546.0533126096458,"sensors":[22,2,6,18,10,7,37],"power":[0.041706535647046954,0.1455167425874434,0.04950734724016153,0.13869954626160982,0.14431673007439366,0.03707215682678063,0.106883522350006]}
{"id": 6, "drone": 4, "position":(25.0,25.0,1.0), "time":257.54946879726697,"sensors":[31,36,4,34,5],"power":[0.027238190663329897,0.17413660334352785,0.07182742587896405,0.08001585274907441,0.4222408360766034]}
{"id": 7, "drone": 4, "position":(8.333333333333334,41.666666666666664,1.0), "time":271.51937260757256,"sensors":[19,33,39,16,8,38,20],"power":[0.5950418843445661,0.06897627898382608,0.19069885398618452,0.023305897760674724,0.10011840543500763,0.03873764815073774,0.023199250239493045]}
{"id": 8, "drone": 0, "position":(16.666666666666668,41.666666666666664,1.0), "time":541.6637929549007,"sensors":[19,12,33,39,30,4,16,9,8,38],"power":[0.16381585328668644,0.15526661934143057,0.3552796233652729,0.04990449322008029,0.14743532035573081,0.05550840509423256,0.3657652419068715,0.10587075775743067,0.04988159456499236,0.11935211580152609]}
{"id": 9, "drone": 0, "position":(33.333333333333336,41.666666666666664,1.0), "time":55.813316677444504,"sensors":[1,12,30,24,16,15,26],"power":[0.026214680482730283,0.0041977149254889806,0.009543459938747336,0.01501424760706685,0.0036772813100714834,0.021252136519530878,0.15714766891527218]}
{"id": 10, "drone": 5, "position":(33.333333333333336,41.666666666666664,2.0), "time":271.51937260757245,"sensors":[1,12,30,24,15,26],"power":[0.11222666778892629,0.01917477204628501,0.04538356923133291,0.06875844707348319,0.09653012514123632,0.508300635147291]}
{"id": 11, "drone": 5, "position":(8.333333333333334,16.666666666666668,1.0), "time":13.969903810305595,"sensors":[27,35,0,32,13,23,14,34],"power":[0.0019632176734210474,0.0023568450768834954,0.003564353813218296,0.0015649487176978866,0.0021175106850755423,0.0026361497120961064,0.0016911787800852143,0.0012782872452864861]}
{"id": 12, "drone": 6, "position":(8.333333333333334,8.333333333333334,1.0), "time":150.56791598410786,"sensors":[27,3,28,0,13,17,14],"power":[0.18549658108673933,0.07025200363138051,0.0383874231828861,0.5122065126294048,0.09615409622486407,0.011968388130859436,0.10267226355290655]}
{"id": 13, "drone": 6, "position":(41.666666666666664,41.666666666666664,1.0), "time":390.6373931901549,"sensors":[1,29,6,24,15,26],"power":[0.06233678566896487,0.13997054664786104,0.07118000103286579,0.03253307570860155,0.08581320144424172,0.08372850671458239]}
