LP RESULTS :
 Obj = 0.1*lambda1+0.9*lambda2 = 160.13624493723248 (lambda1 = 1583.3624493723246, lambda2 = 2.0) Resol time = 276329 ms

{"id": 0, "drone": 1, "position":(41.666666666666664,8.333333333333334,1.0), "time":455.0018286366107,"sensors":[10,17,5],"power":[0.11527856042167269,0.06419084675564639,0.08390847924810381]}
{"id": 1, "drone": 1, "position":(25.0,25.0,2.0), "time":137.66253537661905,"sensors":[14,19,0,28,8,13],"power":[0.016485674725558223,0.20783561271093762,0.05247630796500043,0.01594003623489321,0.009765721447785185,0.1440450938103036]}
{"id": 2, "drone": 6, "position":(25.0,41.666666666666664,5.0), "time":617.5363313507254,"sensors":[7,23,4],"power":[0.2137287493892367,0.15890934152767894,0.06250186830542129]}
{"id": 3, "drone": 6, "position":(8.333333333333334,16.666666666666668,1.0), "time":153.9717680004635,"sensors":[33,11,15,28,27,12,29,20],"power":[0.047689165095025465,0.011949702362799382,0.022764488738522496,0.023064145272110113,0.16447335979568214,0.015592786031984315,0.012199960279248549,0.032316458725689334]}
{"id": 4, "drone": 3, "position":(41.666666666666664,25.0,1.0), "time":291.5564325236119,"sensors":[16,14,35,1,8,24,37],"power":[0.1544245834699149,0.07181797465575336,0.12775855009350076,0.08320857919772627,0.1380437775103434,0.15683762120029274,0.10505022596833591]}
{"id": 5, "drone": 3, "position":(41.666666666666664,41.666666666666664,3.0), "time":1291.8060168487127,"sensors":[30,16,21,38,24,31,22,26],"power":[0.4599374104761352,0.12061588453454011,0.1791084682550749,0.30387349865166874,0.09406073114754489,0.389337937540823,0.8515020629572143,0.14999999999999997]}
{"id": 6, "drone": 4, "position":(8.333333333333334,41.666666666666664,3.0), "time":965.8258720663425,"sensors":[32,2,39,4,36,3,18],"power":[0.14609454240424186,0.14999999999999997,0.2134277993958827,0.19527944748640041,0.5873875694082142,0.6187808867215183,0.6006301920389355]}
{"id": 7, "drone": 4, "position":(41.666666666666664,16.666666666666668,4.0), "time":376.3932363429676,"sensors":[10,14,17,35,1,8,5,37],"power":[0.03472143957833496,0.07417314550059007,0.06041399842074958,0.02622524164029255,0.07540035356675134,0.0960354309833645,0.07004516989975575,0.04494977403167412]}
{"id": 8, "drone": 0, "position":(25.0,33.333333333333336,1.0), "time":2.459552566283206E-4,"sensors":[30,19,7,39,4,13],"power":[1.6649400215059585E-8,2.9886283843499206E-8,2.8956600033159342E-8,2.2131001069780108E-8,3.347848218702418E-8,2.8201617257704424E-8]}
{"id": 9, "drone": 0, "position":(33.333333333333336,8.333333333333334,1.0), "time":474.52360530200997,"sensors":[9,14,17,0,5,34],"power":[0.045077010703877464,0.0370895742023703,0.1972657102199781,0.03062983577369369,0.24470044236422406,0.05647331060100779]}
{"id": 10, "drone": 0, "position":(8.333333333333334,8.333333333333334,4.0), "time":415.1063144674632,"sensors":[25,33,11,15,27,6,29],"power":[0.0651585927110733,0.1801187328762405,0.16286751648495204,0.3330959199697623,0.05713205475861565,0.03829257176370317,0.03179839312419518]}
{"id": 11, "drone": 2, "position":(8.333333333333334,25.0,1.0), "time":550.0986591336908,"sensors":[28,32,27,12,39,20],"power":[0.03585508078964841,0.07049020026447811,0.10720567895436497,0.8568843481980427,0.054839719111337025,0.11768354127431063]}
{"id": 12, "drone": 2, "position":(25.0,16.666666666666668,1.0), "time":17.55971805939131,"sensors":[9,14,17,19,0,28,6,8,5,29,13],"power":[0.003239181023223638,0.0020651916279126226,0.0036490255196049396,0.006949475451732213,0.03630979348070584,0.005570491616993578,0.0019449320557280497,0.0011184512532870622,0.0029491744581097434,0.004870696973180332,0.0059548779880532615]}
{"id": 13, "drone": 5, "position":(25.0,8.333333333333334,1.0), "time":259.884061031428,"sensors":[9,17,0,28,6,5,29,34],"power":[0.34771423333087903,0.03767800020090719,0.03058406278059062,0.035723921337602646,0.11279364596900522,0.033821309800531184,0.10014704291966926,0.09352668939899221]}
{"id": 14, "drone": 5, "position":(8.333333333333334,8.333333333333334,1.0), "time":464.1857077707068,"sensors":[9,25,33,11,15,28,27,6,29],"power":[0.03139538843991074,0.0848414072889267,0.43631599554537465,0.3240989831822387,1.543631007028196,0.03384632474874914,0.07949892714682437,0.050738727336422124,0.04157726867926984]}
