LP RESULTS :
 Obj = 0.1*lambda1+0.9*lambda2 = 110.27716391190894 (lambda1 = 1075.7716391190893, lambda2 = 3.0) Resol time = 66078 ms

{"id": 0, "drone": 1, "position":(25.0,16.666666666666668,1.0), "time":32.218416531251336,"sensors":[28,33,4,32,0,39,10,21,17,6,16],"power":[0.0038462123013303685,0.002259006562901214,0.026292385105068185,0.003176069375725136,0.01694546180796705,0.004147646175887885,0.002082359117522912,0.003394708163209809,0.0028124947493600064,0.01681614828465658,0.002199518933188729]}
{"id": 1, "drone": 1, "position":(16.666666666666668,25.0,1.0), "time":21.601772260413146,"sensors":[23,3,28,33,4,38,32,39,24,13,8,6],"power":[0.0019798311540164836,0.0033229521651943913,0.009442040376951021,0.049721490581551536,0.0016572146312950945,0.0028071534002293546,0.006674601050373604,0.0016082276465485513,0.00571596007007914,0.00457361782257822,0.002055566324292358,0.004150119098615657]}
{"id": 2, "drone": 1, "position":(16.666666666666668,41.666666666666664,1.0), "time":509.78718850291705,"sensors":[1,34,35,22,38,29,24,13,20,26],"power":[0.18017156313186528,2.8573816261712675,0.12963962207257648,0.13536384955812952,0.18678801330081785,0.05779802007477324,0.04239732117893506,0.11277499352162555,0.150949251055852,0.6946548028394862]}
{"id": 3, "drone": 3, "position":(33.333333333333336,8.333333333333334,1.0), "time":576.2770214107484,"sensors":[4,0,10,21,17,16],"power":[0.046369182926610436,0.18655032332619942,0.5506322154843383,4.328283855446048,0.9163746858151047,0.132491998715425]}
{"id": 4, "drone": 3, "position":(8.333333333333334,16.666666666666668,1.0), "time":166.88372077040137,"sensors":[3,28,33,27,39,8,14],"power":[0.14634679635454012,0.05104561178512035,0.028692486845532057,0.01776004233020214,0.036824965885127285,0.22615183803998892,0.046358902666442645]}
{"id": 5, "drone": 3, "position":(41.666666666666664,41.666666666666664,1.0), "time":118.65006762451173,"sensors":[37,5,36,15,25,2,12],"power":[0.026812199650032363,0.008683315580909054,0.03565344275384226,0.016728539695641358,0.042064587740764374,0.025126114280626707,0.026307697820735006]}
{"id": 6, "drone": 2, "position":(33.333333333333336,33.333333333333336,2.0), "time":261.70576153353323,"sensors":[5,32,24],"power":[0.07217999596287182,0.024412651476560347,0.025173108474413616]}
{"id": 7, "drone": 2, "position":(25.0,33.333333333333336,1.0), "time":34.57107789148358,"sensors":[1,34,38,32,24,13,6,20],"power":[0.004847654994448017,0.002483961872591002,0.007000048800226511,0.014778981416009286,0.028825539763416265,0.007864994206899964,0.003607654809254448,0.004294106442716595]}
{"id": 8, "drone": 2, "position":(25.0,25.0,1.0), "time":86.45255317275766,"sensors":[28,33,4,32,0,24,13,6],"power":[0.008074427710730825,0.010635566206898966,0.030582808742191887,0.0929745676037304,0.00651839233542931,0.0322135927932379,0.008253580202960938,0.1468150749449605]}
{"id": 9, "drone": 4, "position":(16.666666666666668,8.333333333333334,1.0), "time":133.15709003718712,"sensors":[28,11,27,0,39,16],"power":[0.013866782074359566,0.06360128534353962,0.0540457656924377,0.010757940908572147,0.1227300092742908,0.015308482351385839]}
{"id": 10, "drone": 4, "position":(41.666666666666664,16.666666666666668,5.0), "time":379.31478178347595,"sensors":[7,18,10,17,31],"power":[0.11741587723629536,0.09166345249075615,0.06617651411681566,0.05868403597252683,0.10136622752365723]}
{"id": 11, "drone": 4, "position":(8.333333333333334,8.333333333333334,1.0), "time":513.086901646744,"sensors":[3,28,11,27,30,39,8,14],"power":[0.041234022968496,0.03820425122247713,0.07567111913713762,0.48765038127604543,0.13203511309322707,0.11869557646866141,0.05615815662795793,0.09133250945944839]}
{"id": 12, "drone": 5, "position":(41.666666666666664,33.333333333333336,1.0), "time":360.8112110765285,"sensors":[37,5,25],"power":[0.0509603486461417,0.2120949182962802,0.04814195316961458]}
{"id": 13, "drone": 5, "position":(16.666666666666668,16.666666666666668,1.0), "time":112.49348290799789,"sensors":[3,28,33,4,27,32,0,39,8,6],"power":[0.01688269627411347,0.11902956143039142,0.028134741400474006,0.010582547384826946,0.009928814500661892,0.007983129077601198,0.009183661650179923,0.08397917514308441,0.014052992808152545,0.01775655570520683]}
{"id": 14, "drone": 5, "position":(8.333333333333334,33.333333333333336,1.0), "time":261.705761533533,"sensors":[23,34,3,33,22,38,19,13,9],"power":[0.772707997792016,0.02152948284647693,0.020953294716916947,0.030556708402642147,0.02654234778908322,0.055130233094283956,0.15000000000000002,0.05565027494423584,0.19969832148682948]}
{"id": 15, "drone": 6, "position":(33.333333333333336,41.666666666666664,1.0), "time":369.7600869667041,"sensors":[1,29,36,15,2,12,20],"power":[0.04550370563167124,0.04646071341038763,0.11876980987506598,0.07671359954989489,0.12228681295398991,0.20270583347683035,0.05095995053815731]}
{"id": 16, "drone": 6, "position":(8.333333333333334,8.333333333333334,5.0), "time":96.33025496509094,"sensors":[11,27,30,39,8,14],"power":[0.01072759551932097,0.033209971801366416,0.01796488690677295,0.01671368881373605,0.008132323462387821,0.012308587874108965]}
{"id": 17, "drone": 6, "position":(33.333333333333336,16.666666666666668,1.0), "time":87.96141939361331,"sensors":[7,4,0,10,21,17,6,31],"power":[0.007497606722666096,0.03451586121000779,0.031473520855627324,0.024250917233127535,0.017306708846093113,0.02864103225294473,0.013658910185336852,0.005673856324523432]}
{"id": 18, "drone": 0, "position":(41.666666666666664,25.0,1.0), "time":334.60459888451567,"sensors":[7,5,18,31],"power":[0.11349670245752877,0.20786778800853478,0.05833654750924385,0.09392849504651904]}
{"id": 19, "drone": 0, "position":(25.0,41.666666666666664,1.0), "time":161.6532857579846,"sensors":[1,34,35,38,29,24,36,15,13,2,12,20,26],"power":[0.30863702879340643,0.03184448379188346,0.020360377927423505,0.022231729144657417,0.045741266514839125,0.01567447771991774,0.010529223212688415,0.0106435213839471,0.01671733581028705,0.013589559273120012,0.017851675848157868,0.3057518983554888,0.03479786739094849]}
{"id": 20, "drone": 0, "position":(41.666666666666664,41.666666666666664,5.0), "time":425.7081987698889,"sensors":[37,36,15,25,2,12],"power":[0.07222745170382594,0.0889491959713247,0.04591433937051666,0.09883248506070115,0.06611292441313646,0.07142990829122399]}
