LP RESULTS :
 Obj = 0.1*lambda1+0.9*lambda2 = 132.29898578655192 (lambda1 = 1304.989857865519, lambda2 = 2.0) Resol time = 122 ms

{"id": 0, "drone": 1, "position":(8.333333333333334,41.666666666666664,1.0), "time":747.4535486379892,"sensors":[31,38,0,23,10,17,14,20,6,12],"power":[0.08844327993377815,0.07503434812084901,0.1563155370822263,1.1375731820118895,0.25189553910587137,0.15592504603869528,0.15000000000000002,0.2895611808086922,0.4049624278948608,0.05531892765758305]}
{"id": 1, "drone": 1, "position":(25.0,25.0,1.0), "time":19.94611785732775,"sensors":[16,2,9,30,38,3,21,29,22,32,26,33],"power":[0.01358689031128996,0.0017752586490015305,0.0077182858288046535,0.004267707166292315,0.0017423233639112632,0.002287041609812011,0.0017860098479762848,0.03417162552689069,0.008082408549612138,0.002576767644384432,0.002206421798693787,0.023317195333172124]}
{"id": 2, "drone": 3, "position":(41.666666666666664,33.333333333333336,1.0), "time":151.65959647382795,"sensors":[28,2,30,3,15,34,27,24,5],"power":[0.08275829780007425,0.042112054076671866,0.01602861182619715,0.027369507008020065,0.0948625743494643,0.05280872397504209,0.04708906625473213,0.5345530870997481,0.14762961689174434]}
{"id": 3, "drone": 3, "position":(33.333333333333336,25.0,1.0), "time":561.1850250309777,"sensors":[16,28,2,30,3,29,22,32,26,24,33],"power":[0.47913748125900724,0.084035615235173,0.1463435460904333,0.16835253632491348,1.0453938871810058,0.08087638020389104,0.415280835278187,0.0652845267776997,0.05045355843169013,0.04309641180781039,0.0827932192323081]}
{"id": 4, "drone": 2, "position":(8.333333333333334,33.333333333333336,1.0), "time":65.06354406312676,"sensors":[38,23,7,10,20,6,12],"power":[0.01837534274968925,0.007778645306013794,0.014579150862741943,0.2428974657425235,0.007652945223506435,0.009068796169842313,0.04087540869746637]}
{"id": 5, "drone": 2, "position":(25.0,16.666666666666668,1.0), "time":463.4839776378612,"sensors":[16,9,4,1,29,22,32,26,33],"power":[0.05614782141505014,0.07327289547964876,0.046700357609535975,0.09437568595129298,0.18500415461588512,0.1296924270092263,0.44399114779812177,0.5478898487539713,0.04286841721349012]}
{"id": 6, "drone": 0, "position":(25.0,41.666666666666664,4.0), "time":24.467452691934568,"sensors":[30,8,31,0,21,20,11,6],"power":[0.002113480694780138,0.014664304107137354,0.006762373492037102,0.002667201848734346,0.008634481664159178,0.002540426868383305,0.006302386914974307,0.002104050180383717]}
{"id": 7, "drone": 0, "position":(41.666666666666664,41.666666666666664,1.0), "time":492.47276516440286,"sensors":[13,28,2,15,34,27,24,5],"power":[0.15731750144854026,0.09501575115876186,0.048969049360433024,0.06945663374833433,0.1887308388139938,0.10291093374526787,0.16786859184984138,0.29833578143930084]}
{"id": 8, "drone": 4, "position":(16.666666666666668,25.0,1.0), "time":4.521334834607096,"sensors":[16,9,38,1,10,29,33,12],"power":[3.3884077226925183E-4,0.011232111022146392,0.001171491952475909,3.9338570490021925E-4,3.0453725895984707E-4,0.0012385204730783871,0.001021168221029666,5.679291407194583E-4]}
{"id": 9, "drone": 4, "position":(41.666666666666664,8.333333333333334,1.0), "time":734.8744631830574,"sensors":[25,19,39,36],"power":[0.2837660690246078,0.15000000000000002,0.45613460749247203,0.8470759847415957]}
{"id": 10, "drone": 5, "position":(8.333333333333334,25.0,1.0), "time":468.0053124724683,"sensors":[9,38,18,7,10,12],"power":[0.057776707669400226,0.06452528454022913,0.0667764760396626,0.13542084913725805,0.06504129643395133,0.4314976070912492]}
{"id": 11, "drone": 5, "position":(33.333333333333336,41.666666666666664,1.0), "time":79.72635333898268,"sensors":[13,28,2,30,8,21,11,24,5],"power":[0.012743107523340673,0.0187504031089286,0.014381439443583893,0.009964172110298868,0.00860394440630756,0.00990208370182409,0.023147648419630216,0.011858402022843917,0.01800495864435919]}
{"id": 12, "drone": 6, "position":(25.0,41.666666666666664,4.0), "time":468.0053124724683,"sensors":[30,8,31,0,21,20,11,6],"power":[0.04042595710386969,0.2804939407572421,0.12934843520672715,0.05101735151430536,0.16515749882719424,0.04859244177646257,0.12054996466539541,0.04024557335520395]}
{"id": 13, "drone": 6, "position":(8.333333333333334,8.333333333333334,1.0), "time":836.9845453930508,"sensors":[4,18,35,1,37],"power":[0.12792743763427422,0.15736486684360684,0.15000000000000002,0.12353576210095978,0.2208731164643291]}
