LP RESULTS :
 Obj = 0.1*lambda1+0.9*lambda2 = 135.24442801052712 (lambda1 = 1334.444280105271, lambda2 = 2.0) Resol time = 98 ms

{"id": 0, "drone": 3, "position":(41.666666666666664,25.0,1.0), "time":46.65707755436813,"sensors":[2,14,10,18,24,12,15,3,16],"power":[0.0435500047741059,0.005312239587599073,0.0034104323806006414,0.013377863290357506,0.0066164891253974525,0.3131798555379838,0.005078945502729462,0.03882132914619188,0.00982022920255601]}
{"id": 1, "drone": 3, "position":(25.0,8.333333333333334,2.0), "time":757.2745449798127,"sensors":[7,19,38,36,4,29,10,39],"power":[0.4744267531967969,0.2797868306439622,0.295782198503348,0.18820188552190903,0.9167709802726366,0.26939013416337265,0.05539061154566893,0.09620367579309447]}
{"id": 2, "drone": 5, "position":(25.0,25.0,1.0), "time":60.94654397996797,"sensors":[19,33,32,14,31,36,10,15,39,26],"power":[0.00679769898069372,0.024475489581235743,0.007187683116409059,0.021341413757456948,0.040286760537635635,0.011112561582479162,0.018623828132622065,0.008879092599653107,0.010769588556519492,0.12704657650967655]}
{"id": 3, "drone": 5, "position":(41.666666666666664,8.333333333333334,1.0), "time":861.1523713559122,"sensors":[1,23,8,22,18,34,16,0],"power":[1.1553440028026525,0.2718372932930717,1.2088861352144469,1.5161119783695665,0.10644291310682633,0.4516862424273487,0.15682477713462786,0.934426941329444]}
{"id": 4, "drone": 6, "position":(8.333333333333334,8.333333333333334,1.0), "time":577.1697351254583,"sensors":[21,29,28,17],"power":[0.2583413832064767,0.07137773237102549,0.08080994824317565,0.15]}
{"id": 5, "drone": 0, "position":(16.666666666666668,41.666666666666664,1.0), "time":584.8347416915137,"sensors":[6,11,5,13],"power":[5.568384585989467,0.19358384839410891,0.2047329856040344,0.042095388230737864]}
{"id": 6, "drone": 1, "position":(8.333333333333334,25.0,1.0), "time":757.2745449798127,"sensors":[32,25,35,28],"power":[0.3134894794341014,1.8430769134772034,0.08093473884292829,0.12841456520964692]}
{"id": 7, "drone": 2, "position":(8.333333333333334,33.333333333333336,1.0), "time":276.3176296643991,"sensors":[6,32,25,35],"power":[0.027307605971645832,0.04635678843979919,0.05212486312044028,0.0690652611570717]}
{"id": 8, "drone": 2, "position":(33.333333333333336,25.0,1.0), "time":426.6348311949905,"sensors":[33,2,14,31,36,10,18,12,15,3,16,39,26],"power":[0.11549261494919016,0.14555299474972117,0.5085906655991717,0.06482037999294521,0.03125080107294387,0.16224735742325994,0.030179223602816167,0.08123065700366969,0.13576356445426738,0.05142682028377703,0.06967696932649385,0.0946349250970541,0.18277098138182454]}
{"id": 9, "drone": 4, "position":(41.666666666666664,41.666666666666664,1.0), "time":861.1523713559124,"sensors":[20,37,9,27,30,24,3],"power":[0.16643644741543095,0.3252427218151857,0.15,0.11640489035926496,0.5972461622942908,0.15689135312319105,0.06198358748573304]}
{"id": 10, "drone": 4, "position":(25.0,41.666666666666664,1.0), "time":473.2919087493583,"sensors":[6,33,11,5,31,27,15,13],"power":[0.10914110807208977,0.04357717717913179,0.29885976315234297,1.5089433417604932,0.04489285946941915,0.0957501549193741,0.037267933777205296,0.10790461176926211]}
