LP RESULTS :
 Obj = 0.1*lambda1+0.9*lambda2 = 120.40665073865465 (lambda1 = 1186.0665073865464, lambda2 = 2.0) Resol time = 1358 ms

{"id": 0, "drone": 5, "position":(16.666666666666668,33.333333333333336,1.0), "time":360.36933297044015,"sensors":[25,11,7,33,23,10,29,36,6,19,0,16,39],"power":[1.5508483924987801,0.028537158380920566,0.053200297508791836,0.09318844792619177,0.054074002037315126,0.12115936053233778,0.03766299781705733,0.11798375208529838,0.029291259092998217,0.9540282628822206,0.055642907755588,0.04406264282686917,0.23850169442426872]}
{"id": 1, "drone": 5, "position":(33.333333333333336,41.666666666666664,1.0), "time":397.113416744609,"sensors":[2,17,11,33,29,6,13,16,27,1,38],"power":[0.5238897443896748,0.046495401847694816,0.02512598549237068,0.04111950920329202,0.033167721211929665,0.14077301637388362,0.10190347996245754,0.047540122422636694,0.7039724353966321,0.06139741276362443,0.0634025039006217]}
{"id": 2, "drone": 1, "position":(41.666666666666664,33.333333333333336,1.0), "time":549.2996619024736,"sensors":[17,28,27,1,38],"power":[0.7433425387435576,0.14173440558298195,0.08167827791032034,0.05691041961766451,0.0832683526913901]}
{"id": 3, "drone": 1, "position":(41.666666666666664,8.333333333333334,1.0), "time":89.91614692712167,"sensors":[32,35,37],"power":[0.33112817413889023,0.009355463673071471,0.052020334822893075]}
{"id": 4, "drone": 6, "position":(33.333333333333336,16.666666666666668,1.0), "time":994.9994612970081,"sensors":[32,20,35,12,37,4,22],"power":[0.10153353181629347,0.13222351878914376,0.1919698717529759,0.4824305895098366,0.09797966517710444,0.9461916363784844,0.1755191379238947]}
{"id": 5, "drone": 6, "position":(16.666666666666668,25.0,1.0), "time":141.1208873669325,"sensors":[25,5,20,7,33,10,29,36,19,31,39,22],"power":[0.04316078848805803,0.023997639405252062,0.010032633761554052,0.4355319984700549,0.01221112408852289,0.014300188148421423,0.01113832176829283,0.07901394328268828,0.03017320598922818,0.02755397967932138,0.0802687989205241,0.02296478525195964]}
{"id": 6, "drone": 2, "position":(41.666666666666664,41.666666666666664,2.0), "time":49.9461587226059,"sensors":[2,17,28,27,1],"power":[0.0054715529425402335,0.02191393760942849,0.008265594417018055,0.022550471002966647,0.05602508471574126]}
{"id": 7, "drone": 2, "position":(8.333333333333334,8.333333333333334,1.0), "time":684.1934035817818,"sensors":[14,15,5,8,31,21,34],"power":[0.23794732722078532,0.16904451226641012,0.1033675457211908,2.8335395088262927,0.10503408342010283,0.04394619087646666,0.15]}
{"id": 8, "drone": 3, "position":(8.333333333333334,33.333333333333336,1.0), "time":38.105759246609495,"sensors":[25,7,23,10,18,19,0,24,26,39,30,3],"power":[0.006964578903091372,0.0034064672008281365,0.00808868709753593,0.09903955786727608,0.016303432976330256,0.004883267769910789,0.07895992919029302,0.007188271792853434,0.003171387118328888,0.003976983749378447,0.008032978604008489,0.003690141415962715]}
{"id": 9, "drone": 3, "position":(16.666666666666668,8.333333333333334,4.0), "time":360.7522164378321,"sensors":[15,5,8,31,21],"power":[0.2487864406252233,0.07489271223478752,0.04825346740181122,0.04446017341594392,0.10605380912353111]}
{"id": 10, "drone": 0, "position":(8.333333333333334,41.666666666666664,1.0), "time":188.93032893203383,"sensors":[25,11,23,10,18,0,24,26,9,30,3],"power":[0.012423765363180354,0.014524139237815375,0.5083167212986713,0.051164719408016736,0.04884766262821215,0.07333529684173459,0.7160546702045361,0.09523381819660348,0.05575248891697784,0.057078119361101375,0.2514217519749634]}
{"id": 11, "drone": 0, "position":(25.0,33.333333333333336,1.0), "time":49.946158722605844,"sensors":[2,25,11,20,33,29,36,6,19,16,39,38],"power":[0.004236680778212054,0.011736534833996599,0.0036951151311400486,0.011377436574372882,0.23772919827313158,0.048568590627470466,0.01554690520239604,0.015546243645554323,0.01956754768629299,0.008802740129567986,0.014492489394405532,0.015000345317914745]}
{"id": 12, "drone": 4, "position":(8.333333333333334,41.666666666666664,5.0), "time":457.54019887053084,"sensors":[23,10,18,0,24,26,9,30,3],"power":[0.22837906393354815,0.09202245284945842,0.08484890439545771,0.11118982281749042,0.2381965598612815,0.12663332313594958,0.09424751108302225,0.09832811678328504,0.17769751055568953]}
{"id": 13, "drone": 4, "position":(25.0,41.666666666666664,1.0), "time":189.70727001685788,"sensors":[2,25,11,33,29,6,19,13,16,27,38],"power":[0.06686193723381222,0.014613557329250725,0.07811760175775337,0.054325138967612596,0.019462368575249665,0.3116019295186606,0.02554061596677452,0.04809652003754243,0.44388115909918857,0.020916863382653375,0.01811514413065883]}
