LP RESULTS :
 Obj = 0.1*lambda1+0.9*lambda2 = 135.19570444304895 (lambda1 = 1333.9570444304893, lambda2 = 2.0) Resol time = 399 ms

{"id": 0, "drone": 6, "position":(25.0,25.0,1.0), "time":246.61086075486259,"sensors":[14,1,39,17,4,29,34],"power":[0.016156518835487365,0.10336569552405374,0.026210678965026178,0.042697240748596973,0.05270044458245356,0.02740696102771295,0.026615279134465045]}
{"id": 1, "drone": 6, "position":(41.666666666666664,41.666666666666664,3.0), "time":435.6083295074144,"sensors":[6,39,2,13,16,3],"power":[0.06521086165102907,0.033702197582169476,0.03223351409763685,0.15000000000000002,0.1001671911302769,0.3556509767150138]}
{"id": 2, "drone": 1, "position":(41.666666666666664,16.666666666666668,3.0), "time":89.3013160412379,"sensors":[35,10,17,23,2,32,15,28,12,4,24,29,20,27],"power":[0.05983950915191682,0.0072449130006831145,0.013872977370636915,0.009560551394065489,0.0064035492246563176,0.015245597268581925,0.021754393040187718,0.01240534279944504,0.005807017516349069,0.010698741230314598,0.008953438460437068,0.016926312235176887,0.008008638485296354,0.14410554482920698]}
{"id": 3, "drone": 1, "position":(25.0,41.666666666666664,1.0), "time":213.19093572554033,"sensors":[6,14,39,9,16,31],"power":[0.05496126401995634,0.06424334364676944,0.02629887766124633,0.058082467387566825,0.021127242400096814,0.09922364343105387]}
{"id": 4, "drone": 2, "position":(8.333333333333334,41.666666666666664,1.0), "time":461.38673094014894,"sensors":[14,33,7,8,37,31,30,25],"power":[0.04080144429327073,0.15,0.09743687545393082,0.10292336795006336,0.23560448355032124,0.05077635656894611,0.03822251757877331,0.047098260359640744]}
{"id": 5, "drone": 2, "position":(41.666666666666664,8.333333333333334,1.0), "time":263.81859639089805,"sensors":[35,23,19,32,15,24,20,27],"power":[0.17280947353982004,0.05966417955642629,0.023213099366456005,0.8045662768263999,0.01953708095446837,0.17625870397773935,0.02596878165351318,0.04484493079123611]}
{"id": 6, "drone": 3, "position":(8.333333333333334,33.333333333333336,1.0), "time":409.2318294685884,"sensors":[14,1,7,8,34,30,25,0],"power":[0.03688328978394072,0.029677086251730298,0.05256312454606918,0.08970581611407617,0.06494342758852012,0.3898899997211733,0.25568066956095314,0.029026964683562285]}
{"id": 7, "drone": 3, "position":(8.333333333333334,25.0,1.0), "time":463.338484021752,"sensors":[1,26,5,36,34,11,38,30,25,0],"power":[0.04448917409491756,0.039130809887653266,0.0371493173084519,0.09804238912881774,0.22458846104811478,0.036987794190524705,0.14086742330427,0.36518279803086634,0.12909008082901216,0.0987189706365144]}
{"id": 8, "drone": 5, "position":(33.333333333333336,8.333333333333334,1.0), "time":171.78973311651686,"sensors":[35,17,23,19,32,24,20,27],"power":[0.02310261619009243,0.013281619662688475,1.4014842892582826,0.16977663809886587,0.02247324906978591,0.12540630179453766,0.11602257986119048,0.01189220126358338]}
{"id": 9, "drone": 5, "position":(41.666666666666664,25.0,5.0), "time":809.0473988818364,"sensors":[35,10,17,2,15,28,12,4,29,27],"power":[0.05652851501311865,0.14544102913513235,0.10761749134951445,0.25592304521254344,0.11401344444777023,0.1593464782429063,0.14419298248365092,0.11350691546013804,0.20601031190437966,0.15461606230448463]}
{"id": 10, "drone": 0, "position":(8.333333333333334,8.333333333333334,1.0), "time":655.8426902234511,"sensors":[26,21,5,22,36,18,11,38],"power":[0.15761736927824535,0.3105630487478486,0.6050780341314939,0.15,0.08518679573602665,0.19445513998530403,0.3217563263056133,0.08928166773647958]}
{"id": 11, "drone": 4, "position":(8.333333333333334,16.666666666666668,5.0), "time":214.7758701852863,"sensors":[26,21,5,36,34,11,38,0],"power":[0.05164518408875664,0.03470956489179502,0.07323820106265734,0.06630093267248079,0.024172942504267086,0.06414491089032916,0.10029054551330836,0.02225406467992332]}
{"id": 12, "drone": 4, "position":(33.333333333333336,41.666666666666664,1.0), "time":347.9567101864706,"sensors":[6,39,9,16,3],"power":[0.9652390099746287,0.07880666554227675,0.09191753261243317,0.1802085704532023,0.06787214265159253]}
