LP RESULTS :
 Obj = 0.1*lambda1+0.9*lambda2 = 182.98023568660906 (lambda1 = 1811.8023568660903, lambda2 = 2.0) Resol time = 3736 ms

{"id": 0, "drone": 6, "position":(41.666666666666664,33.333333333333336,1.0), "time":823.7608483649068,"sensors":[22,25,35,4,7,24,5,23,0],"power":[0.0709159748429341,0.10914655616473268,0.18418252361303358,0.11439154021448357,0.27003378223592905,0.21390077201460678,0.09019912797433062,0.18838371259487774,0.10703377625416394]}
{"id": 1, "drone": 6, "position":(25.0,25.0,3.0), "time":308.7654799284767,"sensors":[28,21,12,2,32,22,15,3,39,23,0],"power":[0.06361069356798423,0.06886750902550424,0.05586526117068219,0.04918811231306447,0.1136038528767756,0.06566483714690545,0.03809072453954799,0.04218940786007269,0.08139666849747548,0.0362985634159741,0.0614112712779887]}
{"id": 2, "drone": 1, "position":(33.333333333333336,8.333333333333334,1.0), "time":85.22856365953248,"sensors":[11,28,17,12,33,38,37,13,39],"power":[0.017119999679533187,0.008408089741276726,0.027673476827676645,0.006747916874893565,0.008250342139430747,0.039200490251341306,0.011102577494203174,0.015591345144560334,0.008025896278502125]}
{"id": 3, "drone": 0, "position":(8.333333333333334,8.333333333333334,4.0), "time":337.02979530905276,"sensors":[30,19,9,36,29,20],"power":[0.03238379584607623,0.02895335892158496,0.09930036143511764,0.17009480749003636,0.03606569717704558,0.05241571767651025]}
{"id": 4, "drone": 0, "position":(25.0,8.333333333333334,1.0), "time":679.276028572707,"sensors":[11,28,15,38,37,39],"power":[0.1328800003204668,0.13893356068942944,0.07355928448686663,0.16899884263304843,0.35145688619044896,0.09454295791573421]}
{"id": 5, "drone": 4, "position":(8.333333333333334,16.666666666666668,1.0), "time":632.3266469851228,"sensors":[30,19,9,15,36,29,20],"power":[1.152756077437189,0.8901053403775949,0.05069963856488235,0.10361412853878095,0.0696427003785903,0.2347061527145508,0.3730892868148027]}
{"id": 6, "drone": 3, "position":(16.666666666666668,25.0,1.0), "time":191.43420137978387,"sensors":[30,28,21,19,2,32,15,29,26,3,39],"power":[0.02450993034910228,0.017514406885755455,0.37508221187029445,0.022702130948928343,0.026719589084051323,0.14680790643393984,0.04533986096287751,0.044062105780956554,0.02956891214241129,0.06995568932613187,0.01589857645592192]}
{"id": 7, "drone": 3, "position":(41.666666666666664,8.333333333333334,1.0), "time":1047.2977646338509,"sensors":[17,33,38,13,14],"power":[2.974919588372508,0.16160681083354145,0.0980394671618645,0.13477256304965032,0.15]}
{"id": 8, "drone": 5, "position":(25.0,41.666666666666664,5.0), "time":660.1328522621058,"sensors":[2,31,4,27,26,6],"power":[0.10289442236281607,0.05358345501604768,0.09062748195882313,0.06306657609942722,0.050495423735639165,0.21373729778775177]}
{"id": 9, "drone": 5, "position":(8.333333333333334,33.333333333333336,1.0), "time":206.89319985036718,"sensors":[21,1,31,32,18,34,26,3,8],"power":[0.026000136893235215,0.040379489023031984,0.04428420056145962,0.014537605905728022,0.39660091407510834,0.08529908168180533,0.056771531615455145,0.0378549028137954,0.14769982377509602]}
{"id": 10, "drone": 2, "position":(41.666666666666664,16.666666666666668,1.0), "time":679.276028572707,"sensors":[17,10,12,22,25,33,13,5],"power":[0.18251229809644434,0.15,0.10318413096058453,0.06224703977021331,0.091552822818282,1.729810262149586,0.2715385726536029,0.059800872025669395]}
{"id": 11, "drone": 2, "position":(8.333333333333334,41.666666666666664,1.0), "time":753.3421033738334,"sensors":[1,31,18,27,34,26,16,8],"power":[1.293149659272603,0.3332877646829262,0.17735134762182916,0.08693342390057278,0.06485856735408915,0.11648121205850039,0.14999999999999997,0.526726507121058]}
