LP RESULTS :
 Obj = 0.1*lambda1+0.9*lambda2 = 109.12137921000657 (lambda1 = 1073.2137921000656, lambda2 = 2.0) Resol time = 1182 ms

{"id": 0, "drone": 0, "position":(33.333333333333336,8.333333333333334,1.0), "time":358.24354906560126,"sensors":[21,0,13,23,17,20,15,39],"power":[0.10208007359217494,0.17754629012953294,0.04124515652180591,0.05266200038322839,0.12849476701257312,0.11869720436067377,0.10752678411840631,0.20289398396356723]}
{"id": 1, "drone": 0, "position":(8.333333333333334,33.333333333333336,1.0), "time":52.35697164188473,"sensors":[33,35,29,25],"power":[0.004223642350446659,0.05209672448666699,0.01589173280279921,0.05639569207248694]}
{"id": 2, "drone": 3, "position":(41.666666666666664,25.0,1.0), "time":517.5216205940616,"sensors":[22,16,13,30,4,8,15,34,2],"power":[0.3848859532720247,0.06821370471392378,0.12884925532136482,0.14523894747783295,5.1752162059406155,0.04429043424133696,0.04650318479708347,0.42299813134125575,1.777686228626711]}
{"id": 3, "drone": 3, "position":(41.666666666666664,8.333333333333334,1.0), "time":66.53513580415137,"sensors":[21,22,0,13,15,39],"power":[0.04379539693180373,0.005092087426790383,0.046968288865311174,0.010969400223198596,0.02125994544762878,0.005254101749987265]}
{"id": 4, "drone": 2, "position":(41.666666666666664,16.666666666666668,1.0), "time":53.621567034856525,"sensors":[21,22,16,0,13,30,4,15,34,2],"power":[0.004124529476021335,0.037428616655098314,0.006060193141757635,0.0052638561656155065,0.13158386321346094,0.0047610525221670735,0.010567112249463273,0.0314757170427375,0.014174159426153524,0.01850812330478493]}
{"id": 5, "drone": 2, "position":(25.0,41.666666666666664,4.0), "time":517.5216205940616,"sensors":[14,12,9,19,26,10,5],"power":[0.1136850645431429,0.09909388969286954,0.10694004288315688,0.1636527193022966,0.13668975249584586,0.5050036357902765,0.13481716727880705]}
{"id": 6, "drone": 5, "position":(41.666666666666664,41.666666666666664,1.0), "time":555.692171506004,"sensors":[14,24,28,8,3,11],"power":[0.08076229513130304,0.15738339432399312,0.7142756791705761,0.4129671428239885,0.16752653229961093,0.15]}
{"id": 7, "drone": 5, "position":(8.333333333333334,41.666666666666664,1.0), "time":339.7832045309848,"sensors":[38,35,12,29,7,18,25],"power":[0.08960359100416779,0.0353757750113152,0.02215526299772378,0.20180067999283663,0.08928506026619909,0.06698409424172984,0.20240122299032196]}
{"id": 8, "drone": 4, "position":(25.0,16.666666666666668,2.0), "time":17.380961899250657,"sensors":[16,6,33,23,31,17,20,15,37,39],"power":[0.0035696144846478813,0.01502151120718463,0.0018076455670989462,0.02296854612467344,0.00472634911753709,0.003565625403088306,0.004927714480044869,0.0011725816636023625,0.010790056442689315,0.0013311436123577044]}
{"id": 9, "drone": 4, "position":(8.333333333333334,41.666666666666664,3.0), "time":465.1646489521768,"sensors":[38,35,29,7,18,25],"power":[0.10819473678872506,0.044710354822969284,0.19828441364362648,0.10667746559001512,0.08301590575827016,0.1923686105628418]}
{"id": 10, "drone": 6, "position":(8.333333333333334,16.666666666666668,1.0), "time":358.2435490656011,"sensors":[6,33,32,31,1,27,36,37],"power":[0.02591232019586161,0.04778065543815429,0.10065492527486598,0.028732841804306717,0.8657859395658013,0.10258829872342266,0.44811571230577035,0.023518169985480775]}
{"id": 11, "drone": 6, "position":(33.333333333333336,25.0,1.0), "time":59.91095770214491,"sensors":[22,16,13,4,23,15,37,34,2,5],"power":[0.006755758737827652,0.0721564876596708,0.00998476969197039,0.01293805365257163,0.009435330866908903,0.005309577894365214,0.004047644469029202,0.004869721376757716,0.012833571620797521,0.003986145743929129]}
{"id": 12, "drone": 1, "position":(16.666666666666668,16.666666666666668,2.0), "time":637.6783234330688,"sensors":[6,33,32,23,31,17,1,27,20,36,37],"power":[0.4042250945052886,0.17862918027196756,0.050594094985654085,0.06493412262518929,0.24435050276528797,0.040591172068226246,0.07927341546046524,0.05313867920101854,0.05205778740168994,0.19039631738283724,0.2812318985661548]}
{"id": 13, "drone": 1, "position":(16.666666666666668,41.666666666666664,1.0), "time":215.90896697501924,"sensors":[35,12,29,9,19,26,7,10,25,5],"power":[0.017817145679048522,0.06137072971654283,0.1196580963295242,0.04305995711684317,0.07890171532584232,0.016379034211662983,0.021497420331427323,0.049218905008724854,0.046655039860829146,0.0305204395078746]}
