LP RESULTS :
 Obj = 0.1*lambda1+0.9*lambda2 = 92.54079998423755 (lambda1 = 898.4079998423754, lambda2 = 3.0) Resol time = 41896 ms

{"id": 0, "drone": 1, "position":(25.0,8.333333333333334,1.0), "time":0.09065691563913013,"sensors":[8,27,6,22,12,7,5,37,23,24,29],"power":[8.386475504908044E-6,1.625407943181029E-5,2.04361609341147E-5,3.1285716085079806E-4,1.5766552770070437E-5,1.5597547007806608E-5,9.065691563913012E-4,5.407155842688821E-5,1.465292634618275E-5,1.1575342520514647E-5,8.809749404851215E-5]}
{"id": 1, "drone": 1, "position":(25.0,25.0,1.0), "time":34.43846527563187,"sensors":[8,39,30,20,24,14],"power":[0.002600115620201166,0.008120215433417732,0.00933416827492938,0.006931314670757122,0.006132930048809416,0.05694905098875111]}
{"id": 2, "drone": 1, "position":(16.666666666666668,41.666666666666664,1.0), "time":160.38526742262547,"sensors":[11,32,0,1,34,36,9,20,16,4,2],"power":[0.011109394325676503,0.07984488085432585,0.04605894574893997,0.06992849934274843,0.03330788365805203,0.034656891498186404,0.6018572451109263,0.01655980342501619,0.02140275199012306,0.011724925664413292,0.0706394138043012]}
{"id": 3, "drone": 4, "position":(16.666666666666668,33.333333333333336,1.0), "time":21.400436693652544,"sensors":[32,39,0,1,30,9,38,20,16,14,17,4,21,2],"power":[0.006157435986210953,0.00347028960304584,0.003668161653875191,0.0026753006524335727,0.009437848943626715,0.0031783926921723714,0.0017674187060699464,0.02906148898573109,0.002246296641186352,0.0015714554143065435,0.0020929604579930376,0.00263268663497714,0.002529374328658545,0.003949089778044615]}
{"id": 4, "drone": 4, "position":(41.666666666666664,16.666666666666668,1.0), "time":156.76537231802376,"sensors":[19,26,8,13,33],"power":[0.01281486706878778,0.1189703412297635,0.039600101418088986,0.11380445866474864,0.0877999499040751]}
{"id": 5, "drone": 3, "position":(8.333333333333334,8.333333333333334,1.0), "time":322.23720977867725,"sensors":[27,6,12,18,10,7,3,23,25],"power":[0.0790326720424231,0.06679022358284492,0.07183553776797162,0.0923880642338519,0.7526094430696095,0.05640824347827415,0.16188927216903537,0.08772123311108669,0.09725941741123953]}
{"id": 6, "drone": 3, "position":(41.666666666666664,33.333333333333336,1.0), "time":112.30104038408268,"sensors":[19,28,31,35],"power":[0.023263435455820453,0.021477211016534083,0.023346139363163432,0.061041162422048954]}
{"id": 7, "drone": 3, "position":(25.0,16.666666666666668,1.0), "time":151.70748082986677,"sensors":[8,39,13,30,6,22,7,5,37,24,14,29],"power":[0.028607877553896138,0.01969872862139128,0.013268412130131609,0.010161119692369535,0.017172587847815595,0.05170133243052135,0.027061095723438306,0.035130476523664446,0.01228551745222252,0.07284364324644016,0.060593415764694014,0.03989782665764198]}
{"id": 8, "drone": 6, "position":(33.333333333333336,8.333333333333334,1.0), "time":85.61775040055885,"sensors":[8,13,22,5,37,29],"power":[0.020975702403975397,0.017952113807708718,0.016975788993727894,0.016325248763152233,0.007166072165141863,0.049548233280528056]}
{"id": 9, "drone": 6, "position":(8.333333333333334,33.333333333333336,2.0), "time":155.61682644548392,"sensors":[39,0,1,30,38,20,17,4,21,2],"power":[0.01096136246571205,0.047609889204264046,0.024801120462905536,0.016472860130433805,0.03528150238606972,0.020645539035295125,0.1278104554470897,0.25299480380715283,0.0684788917232152,0.03700566953342123]}
{"id": 10, "drone": 6, "position":(25.0,41.666666666666664,3.0), "time":304.4559513714199,"sensors":[11,32,28,34,36,9,16],"power":[0.12292903201999711,0.13774149800566776,0.042149093355875585,0.08906173387835013,0.03361959334032361,0.06648363095962229,0.24531146214957086]}
{"id": 11, "drone": 0, "position":(16.666666666666668,8.333333333333334,1.0), "time":357.1233542983526,"sensors":[27,6,22,12,18,10,7,3,5,37,23,24,29,25],"power":[1.3417627760421793,3.4864029727002905,0.07595000993737804,0.6678829458582466,0.07548841166764125,0.044468669499433414,0.310080638372338,0.06862475826365005,0.08625558524379216,0.1304943388242087,1.0337041392072193,0.05675065868005015,0.03281917267541012,0.05274058258876047]}
{"id": 12, "drone": 0, "position":(33.333333333333336,16.666666666666668,1.0), "time":107.71786449569278,"sensors":[26,8,13,22,5,14,29,33],"power":[0.010259123407572965,0.8251194615064423,0.11236165996170105,0.013761858235431523,0.010456951870346249,0.011066541315019116,0.025399476414749152,0.006808277596866968]}
{"id": 13, "drone": 0, "position":(41.666666666666664,41.666666666666664,1.0), "time":433.56678104833,"sensors":[11,28,31,35,15],"power":[0.036474221416701785,0.08933812624678077,0.3907999233011727,0.0707931352717471,0.15]}
{"id": 14, "drone": 5, "position":(8.333333333333334,25.0,1.0), "time":47.15136163057574,"sensors":[39,30,18,38,20,17,4,21],"power":[0.009094184388022846,0.006528924704036752,0.0059890811311975566,0.2453313781375889,0.005478399306567592,0.01508200758776756,0.0073504903381021135,0.06901222787573329]}
{"id": 15, "drone": 5, "position":(41.666666666666664,25.0,1.0), "time":352.5401784099627,"sensors":[19,26,8,13,35,33],"power":[0.1139216974753918,0.1401378595225841,0.034612276622308126,0.05138559913716928,0.05174087389843398,0.05478941689299368]}
{"id": 16, "drone": 5, "position":(16.666666666666668,41.666666666666664,3.0), "time":412.16634435467745,"sensors":[32,0,1,34,36,9,20,16,4,2],"power":[0.15507876729539824,0.10247089148784835,0.14418394031295084,0.07650191335141078,0.08172351516149001,0.5772321069850979,0.03903534397712785,0.05008067610481217,0.027361248664046385,0.14441393633548316]}
{"id": 17, "drone": 2, "position":(33.333333333333336,16.666666666666668,1.0), "time":9.530231197110314,"sensors":[26,8,13,22,5,14,29,33],"power":[9.076657656703365E-4,0.07300162577680877,0.009941086393974351,0.0012175667545912343,9.251684426536304E-4,9.791012640129214E-4,0.0022471934776221746,6.023556060642411E-4]}
{"id": 18, "drone": 2, "position":(16.666666666666668,25.0,1.0), "time":67.2492980198395,"sensors":[39,30,18,7,38,20,24,14,17,21],"power":[0.3630869197665556,0.09806507825463394,0.006951758628090236,0.005545159771391424,0.01076414724981135,0.032288110599527374,0.01561739692265423,0.018840435253400165,0.005014576507149695,0.009979506072392948]}
