LP RESULTS :
 Obj = 0.1*lambda1+0.9*lambda2 = 143.52675717097816 (lambda1 = 1417.2675717097814, lambda2 = 2.0) Resol time = 1115 ms

{"id": 0, "drone": 2, "position":(41.666666666666664,41.666666666666664,1.0), "time":419.4219952101562,"sensors":[6,27,16,24],"power":[0.07434527715336887,0.08058927088984802,0.2737724882362069,0.049228441759910424]}
{"id": 1, "drone": 2, "position":(25.0,25.0,3.0), "time":419.4219952101562,"sensors":[11,9,8,18,2],"power":[0.23068973528010492,0.1635667573807277,0.09072595823088493,0.04109208640802016,0.0722589726105167]}
{"id": 2, "drone": 0, "position":(16.666666666666668,8.333333333333334,1.0), "time":734.1556710296237,"sensors":[20,10,29,7,34,19],"power":[0.06282277694738402,0.15387398539925384,0.08046655178670392,0.20861238103110238,0.40564656203064764,0.17452784058172977]}
{"id": 3, "drone": 0, "position":(25.0,8.333333333333334,5.0), "time":532.9497885168469,"sensors":[33,20,32,10,7,3,19],"power":[0.0468763135848084,0.08717722305261599,0.1178354181618843,0.11966431188421071,0.08227988886553057,0.06533557437811177,0.2854035785651824]}
{"id": 4, "drone": 1, "position":(16.666666666666668,41.666666666666664,1.0), "time":683.1119006801576,"sensors":[1,25,0,18,38,26,17,22,15,21],"power":[0.12069881429977836,0.12488686803983741,0.09508702765902714,0.15461647122960184,0.2984310654226128,0.31908246635357357,0.25900580740077433,0.1612699915405796,0.5842077141632492,0.31620452487745304]}
{"id": 5, "drone": 1, "position":(8.333333333333334,33.333333333333336,1.0), "time":734.1556710296237,"sensors":[1,25,0,37,38,26,23,17,22,30],"power":[0.5152206201091813,0.20030446790183576,0.1783351807225239,0.0701061095665385,0.2729041726751974,0.13103773074729472,1.922640590597006,0.29924548486209385,0.7422986521919429,0.13577331302084908]}
{"id": 6, "drone": 6, "position":(41.666666666666664,25.0,1.0), "time":532.9497885168469,"sensors":[35,8,36,27,28,14,2,31],"power":[0.14343868929266812,0.05927404176911505,0.07866612138186273,0.09599123366134678,0.13576556214273655,0.13725360274246576,0.042249388106313,0.12137545064108818]}
{"id": 7, "drone": 6, "position":(8.333333333333334,16.666666666666668,1.0), "time":532.9497885168488,"sensors":[13,12,37,4,29,34,30],"power":[0.11415421714933634,0.14275185693391576,0.28782634485471786,0.7468263165075606,0.40305665727197526,0.17342044412989382,0.12188287072129572]}
{"id": 8, "drone": 3, "position":(41.666666666666664,8.333333333333334,1.0), "time":884.3177831929345,"sensors":[35,33,36,28,32,3,5,39],"power":[0.14830965457943968,0.25478445102641506,0.24390868387479003,0.1108920417273316,0.10594269016221065,0.10802672708638861,0.15,0.2617087390603019]}
{"id": 9, "drone": 3, "position":(33.333333333333336,41.666666666666664,1.0), "time":51.24053723259027,"sensors":[6,27,16,18,2,24],"power":[0.07181392103500434,0.008456790346236349,0.0037487756386679633,0.004540504408946564,0.007179870286323633,0.10077155824008958]}
{"id": 10, "drone": 4, "position":(41.666666666666664,33.333333333333336,5.0), "time":413.6552507501881,"sensors":[6,27,16,14,2,31],"power":[0.04695995974923356,0.1624426709760516,0.03650126081239837,0.03926557522082329,0.03764540489519828,0.07188273442085301]}
{"id": 11, "drone": 4, "position":(8.333333333333334,8.333333333333334,1.0), "time":150.16211216330885,"sensors":[13,12,37,4,29,7,34],"power":[0.03584578285066367,0.06433237683552301,0.009590288971225908,0.015968194421351216,0.09401525971279888,0.01045228117477293,0.06447752256594778]}
