LP RESULTS :
 Obj = 0.1*lambda1+0.9*lambda2 = 137.84403220144915 (lambda1 = 1360.4403220144914, lambda2 = 2.0) Resol time = 1198 ms

{"id": 0, "drone": 0, "position":(33.333333333333336,16.666666666666668,1.0), "time":570.293509328121,"sensors":[35,23,22,6,32,27,21,10,25,36],"power":[0.06273779106951495,0.35297077117020337,0.12303045902623037,0.10388280588315299,0.056355327909511345,0.13813335081374525,0.07590803792323145,0.04903253044186459,0.21981315075989014,0.041677622789119885]}
{"id": 1, "drone": 0, "position":(41.666666666666664,25.0,1.0), "time":245.25982740506802,"sensors":[35,30,22,1,27,25],"power":[0.04004961286673463,0.05497704458706225,0.03302270863184681,0.07593623850385033,0.07270812638796117,0.068025317641197]}
{"id": 2, "drone": 3, "position":(8.333333333333334,41.666666666666664,1.0), "time":572.8465377856352,"sensors":[31,39,13,17,3,26],"power":[2.353122715487827,0.09300530207551971,0.06311155459800867,0.3618796117400141,0.135084704655348,0.04439764684451003]}
{"id": 3, "drone": 3, "position":(33.333333333333336,25.0,1.0), "time":27.353687323798567,"sensors":[35,23,30,22,27,25],"power":[0.04721259606375042,0.001903979323428101,0.01328169425346383,0.07555829142982334,0.13248022038047708,0.050284508355069216]}
{"id": 4, "drone": 6, "position":(8.333333333333334,8.333333333333334,1.0), "time":971.9920259200197,"sensors":[11,2,4,9,14,16,20],"power":[0.11064783672824734,0.32018257123091065,0.08445761261148264,0.20610465591559204,0.08253613566146545,1.321549745951967,0.15]}
{"id": 5, "drone": 6, "position":(41.666666666666664,41.666666666666664,2.0), "time":272.61351472886656,"sensors":[15,28,8,1,29,34,33,7,18,19,5,12,38],"power":[0.06854669332544003,0.0487175595855405,0.2399399010373136,0.018322834993179233,0.019973213309073767,0.06639533282915634,0.23341353869456632,0.8518413852451926,0.03678178549788113,0.03500842705808638,0.861270906664233,0.10097591634962104,0.49292413695450427]}
{"id": 6, "drone": 1, "position":(8.333333333333334,33.333333333333336,1.0), "time":141.07483569930636,"sensors":[31,39,13,17,3,26,0],"power":[0.025205808400964726,0.01669933988160111,0.2730188128459676,0.018038224060561974,0.014915295344651965,0.06359679778610977,0.02609828883405394]}
{"id": 7, "drone": 1, "position":(8.333333333333334,25.0,3.0), "time":372.93896860096663,"sensors":[13,14,26,0],"power":[0.1378390963857042,0.10644271119534002,0.10706815782836267,0.05164187631431982]}
{"id": 8, "drone": 5, "position":(25.0,8.333333333333334,1.0), "time":156.94516251144785,"sensors":[23,11,6,32,2,4,21],"power":[0.022140277893704537,0.0704339603310992,0.026358766289365232,1.5694516251144786,0.02021733361991036,0.02127981303273636,0.04289804555071882]}
{"id": 9, "drone": 5, "position":(16.666666666666668,41.666666666666664,1.0), "time":646.5189485295498,"sensors":[31,39,17,0,37],"power":[0.19886178901797827,1.3082099839250072,0.6568493590598432,0.07225983485162625,0.15487480707884763]}
{"id": 10, "drone": 4, "position":(33.333333333333336,41.666666666666664,1.0), "time":264.90100843093467,"sensors":[28,30,8,29,33,7,19,5,12,38,37],"power":[2.4645052871625532,0.02642572764776585,0.08837565593594807,0.06898322313513286,0.029133497169708367,0.07628858438989553,0.5293867433173335,0.07449916618378406,0.019053414086652936,0.03849638241774445,0.05061061231165437]}
{"id": 11, "drone": 4, "position":(41.666666666666664,8.333333333333334,1.0), "time":605.8479628511357,"sensors":[23,6,21,10,24,36],"power":[0.14390892957091833,0.16912972408858157,0.09220471663905956,0.8445189012485174,0.15,0.8334508498304092]}
{"id": 12, "drone": 2, "position":(41.666666666666664,41.666666666666664,1.0), "time":822.92579885469,"sensors":[15,28,30,8,1,29,34,33,7,18,19,5,12,38],"power":[0.22222756791659984,0.15350290753119739,0.055315533511708134,0.8648630555071166,0.05574092650297041,0.061043563555793386,0.21054985668057336,0.8727785392640888,4.6065399584656355,0.11321821450211889,0.1106285912177614,5.0668843767075495,0.34029202667473335,2.1702943913156787]}
{"id": 13, "drone": 2, "position":(16.666666666666668,16.666666666666668,2.0), "time":15.509327493504998,"sensors":[11,32,2,4,14,16],"power":[0.0036138205598857135,0.0015917589326944512,0.0018750185690606963,0.04426257435578099,0.006945333775614188,0.002933143073213483]}
