LP RESULTS :
 Obj = 0.1*lambda1+0.9*lambda2 = 129.12268438726935 (lambda1 = 1273.2268438726933, lambda2 = 2.0) Resol time = 4444 ms

{"id": 0, "drone": 6, "position":(25.0,16.666666666666668,1.0), "time":131.15884629347045,"sensors":[32,11,9,13,5,36,2],"power":[0.03809805131786418,0.044409581195819565,0.015681327042431553,0.019820176372804733,0.07099916585232459,0.01603710700560876,0.3606467809151191]}
{"id": 1, "drone": 6, "position":(25.0,25.0,3.0), "time":222.58039882284334,"sensors":[3,33,32,11,9,0,13,5,36,2],"power":[0.04685607464398177,0.0494084923087925,0.031957282934472364,0.02320142989099282,0.03319599856713613,0.023274263626426504,0.033686173598928205,0.014339653808026518,0.0839248639325983,0.059781906578333745]}
{"id": 2, "drone": 3, "position":(41.666666666666664,25.0,2.0), "time":114.24026852497892,"sensors":[27,38,22,7,18,29,8,32,1,13,16],"power":[0.01916906438620802,0.009336427987437546,0.4366918022613437,0.06970519849771978,0.013487728948526992,0.007312643879932173,0.04223524937791684,0.010231090202679979,0.07776123321199656,0.022449239129633314,0.043986980294756624]}
{"id": 3, "drone": 3, "position":(25.0,41.666666666666664,1.0), "time":362.559112978612,"sensors":[3,31,33,12,26,0,25],"power":[0.0722898138873718,0.25653555647587506,0.04318741492724084,0.053242140403604275,0.1041132659306273,0.16232596331765947,0.7738234815530837]}
{"id": 4, "drone": 1, "position":(8.333333333333334,33.333333333333336,1.0), "time":323.1459784014235,"sensors":[4,9,37,36,14,10,20],"power":[0.02075316664044494,0.022266511491840002,0.07423116957908758,0.020798921138639005,0.034092115310445724,0.03765256193312253,0.05565584132413324]}
{"id": 5, "drone": 1, "position":(41.666666666666664,33.333333333333336,1.0), "time":347.0995483711319,"sensors":[27,38,22,7,29,8,33,12,26,1,16],"power":[0.18386777470977642,0.3132154122291654,0.06966191442928991,0.05619741789188989,0.17385616176291915,0.7082724707784954,0.028615070269981863,0.03245333997275801,0.03554639094300429,0.05980557889338183,0.334640759130268]}
{"id": 6, "drone": 4, "position":(8.333333333333334,8.333333333333334,1.0), "time":676.8852235177371,"sensors":[17,30,11,19,34,21,24],"power":[0.2915359930586484,0.7162326724562034,0.050601710017845636,0.15,0.0916135089959034,0.6636827989467318,0.06293933385337441]}
{"id": 7, "drone": 4, "position":(41.666666666666664,41.666666666666664,2.0), "time":222.58039882284322,"sensors":[27,38,31,29,8,12,26,16],"power":[0.029691354596571014,0.14373857395377257,0.016635300259777278,0.20990603629884927,0.025445227420316286,0.06430451962363773,0.024781995269866332,0.021300268031748906]}
{"id": 8, "drone": 5, "position":(8.333333333333334,16.666666666666668,1.0), "time":83.19551146173346,"sensors":[17,30,11,9,34,28,21,24],"power":[0.017053999820971767,0.04517358291272209,0.011618128824813237,0.014230969634067617,0.06342872345476396,0.018576795823392063,0.009445764175321914,0.02063133865790157]}
{"id": 9, "drone": 5, "position":(8.333333333333334,25.0,1.0), "time":513.1461088932226,"sensors":[30,9,37,36,34,28,24,20],"power":[0.03425289028804472,0.12880163343662307,0.07576883042091243,0.05601222705933164,0.1113899095144727,0.13142320417660794,0.06642932748872402,0.10422888492210808]}
{"id": 10, "drone": 0, "position":(25.0,8.333333333333334,4.0), "time":159.40686377690895,"sensors":[6,35,15,32,11,5,2],"power":[0.016166836807836562,0.01073917674341497,0.010731352407362603,0.012462335311953576,0.02016915007052876,0.06556171115949702,0.019473205658046867]}
{"id": 11, "drone": 0, "position":(41.666666666666664,8.333333333333334,1.0), "time":958.0207404051013,"sensors":[6,35,23,18,15],"power":[0.21662908361486669,0.15,3.133611713358766,0.21079478816891353,0.4332849164549084]}
{"id": 12, "drone": 2, "position":(33.333333333333336,25.0,2.0), "time":340.9877837001064,"sensors":[27,22,3,7,8,33,32,26,1,0,13,16,2],"power":[0.07052686064937284,0.08044557719127979,0.030854111468646448,0.02409738361039031,0.056966520205878765,0.08137540208701093,0.09487560963148824,0.023020676766842458,0.02571892021411643,0.021544441986899344,0.36358651370398065,0.07941438372634642,0.055691090502419216]}
{"id": 13, "drone": 2, "position":(8.333333333333334,41.666666666666664,5.0), "time":820.3417363478463,"sensors":[39,4,14,10],"power":[0.15,0.23859439046971,0.1720869647599671,0.32413998684064294]}
