LP RESULTS :
 Obj = 0.1*lambda1+0.9*lambda2 = 124.27515373180309 (lambda1 = 1215.7515373180308, lambda2 = 3.0) Resol time = 55907 ms

{"id": 0, "drone": 0, "position":(33.333333333333336,8.333333333333334,1.0), "time":367.2770711741171,"sensors":[6,0,2,7,15,13,38,3,30,14,39,27,36,23,31],"power":[0.08434423897230399,0.11704689273819344,0.5096724358187986,0.07631698130836449,0.04320232734325414,0.1434610130868851,0.07164410297502483,0.12060851875732512,0.9436411876489276,0.04867001144845831,0.02534472178282846,0.0316438483675264,0.10980064861758895,0.057607939659710033,0.08654198185559771]}
{"id": 1, "drone": 0, "position":(41.666666666666664,8.333333333333334,1.0), "time":149.24213935322956,"sensors":[6,0,2,7,15,13,3,30,14,36,31],"power":[0.009624372320721988,0.011688774595087388,0.03836384427767236,0.010536094624490679,0.21280234765966613,0.03346320165126962,0.07456271415683859,0.044395663744565585,0.3214007832425937,0.014805714683926892,0.03630109330734231]}
{"id": 2, "drone": 0, "position":(16.666666666666668,41.666666666666664,1.0), "time":391.507200849915,"sensors":[21,18,28,26,9,20,5,24,25,17,12,34],"power":[0.6386094765014533,0.04956332072910433,0.21797515952719648,0.031036185648501666,0.041944052591346696,0.35337909736307455,0.03931594302868763,0.07091515748056959,0.08800494869243987,0.0739226673150759,0.05527049002890563,0.11841578887653123]}
{"id": 3, "drone": 4, "position":(25.0,33.333333333333336,3.0), "time":32.47655404497559,"sensors":[18,37,9,8,17,33],"power":[0.006119114657887268,0.0023071518997249663,0.005452477644882109,0.002154403284267805,0.0028918818173943365,0.002622543148093033]}
{"id": 4, "drone": 4, "position":(8.333333333333334,41.666666666666664,1.0), "time":475.3013660487378,"sensors":[1,21,28,26,20,24,12,34],"power":[0.16064558374707535,0.10084048718553229,0.22805079444136614,0.05879409113234565,0.4095311153246642,1.1480247247279822,0.09472950997109436,0.22791491009930068]}
{"id": 5, "drone": 4, "position":(25.0,25.0,1.0), "time":239.21137882678988,"sensors":[18,7,10,37,8,39,27,36,33],"power":[0.03491391368986353,0.03029735568084105,0.0274131747602362,0.04841224389287256,0.12740937787373585,0.08244138060727756,0.03620852423863703,0.020644801929167966,0.04603355226193799]}
{"id": 6, "drone": 5, "position":(8.333333333333334,33.333333333333336,1.0), "time":28.468436356373953,"sensors":[1,18,28,37,26,20,24,34],"power":[0.0018495291595367394,0.005683276046222578,0.008770732846303171,0.0024241135264621767,0.059693686718604956,0.005623422131123942,0.003469269461913176,0.01652267585477382]}
{"id": 7, "drone": 5, "position":(41.666666666666664,41.666666666666664,1.0), "time":226.32880618540273,"sensors":[4,16],"power":[0.10977138465748013,0.13848922163309588]}
{"id": 8, "drone": 5, "position":(33.333333333333336,41.666666666666664,1.0), "time":179.76124851148415,"sensors":[9,5,4,17,16],"power":[0.0880372042556702,0.02900648717757254,0.040228615342519855,0.033315648686017794,0.018680810317084833]}
{"id": 9, "drone": 6, "position":(25.0,33.333333333333336,1.0), "time":263.06356349227855,"sensors":[18,28,37,9,8,17,33],"power":[0.05493480264263576,0.017349739192130727,0.021141302410346664,0.04888497040593431,0.019587342838244384,0.026414583263599665,0.02269968737086161]}
{"id": 10, "drone": 6, "position":(25.0,8.333333333333334,5.0), "time":460.02094796389434,"sensors":[6,0,2,7,13,38,22,30,39,27,36,23],"power":[0.05603138870697397,0.07686054382638564,0.0493379992555736,0.04604167666186512,0.033397397765425794,0.28261080792989174,0.05365010165825267,0.05142076100600481,0.04776580805620769,0.09190538390517752,0.05331888085414448,0.21439020256936553]}
{"id": 11, "drone": 1, "position":(8.333333333333334,8.333333333333334,1.0), "time":372.9718592654177,"sensors":[35,10,32,22,11,19],"power":[0.20033719331923583,0.030606078103144342,0.15100717292270452,0.044661824038552844,0.03263353446419785,0.037831745153435285]}
{"id": 12, "drone": 1, "position":(16.666666666666668,25.0,1.0), "time":2.6475913040791568,"sensors":[18,10,37,26,19,8,39,27,34],"power":[0.0010368324700360692,7.315464699001459E-4,0.020747543408722032,4.760365005477387E-4,7.151160012318241E-4,8.488760037519634E-4,3.2606923807184784E-4,2.536981847817192E-4,1.786459127822632E-4]}
{"id": 13, "drone": 1, "position":(8.333333333333334,16.666666666666668,1.0), "time":454.32615987259345,"sensors":[35,10,37,32,11,19],"power":[0.6641856938061117,0.10212540733867047,0.054967644861871154,0.03610075818995039,0.11736646553580214,0.32520886981828606]}
{"id": 14, "drone": 2, "position":(16.666666666666668,8.333333333333334,1.0), "time":146.59454804915032,"sensors":[35,10,38,22,19,39,27,23],"power":[0.019082754186245086,0.025400944619745968,0.03540730077168101,0.05168807430319447,0.01532956662706975,0.009260157661627747,0.024385593927128704,0.03908934443656837]}
{"id": 15, "drone": 2, "position":(41.666666666666664,33.333333333333336,1.0), "time":441.7886621271972,"sensors":[29,16,33],"power":[0.09627355194224856,0.03407325539504922,0.044269134065187]}
{"id": 16, "drone": 3, "position":(41.666666666666664,25.0,3.0), "time":239.2113788267897,"sensors":[29,13,3,33,31],"power":[0.053726448057751425,0.016825488329979987,0.015837081595663344,0.05095214156269353,0.027156924837059955]}
{"id": 17, "drone": 3, "position":(25.0,41.666666666666664,5.0), "time":291.53199984865296,"sensors":[21,9,20,5,25,17],"power":[0.03748412089620306,0.1245525335561469,0.01839840713170623,0.0639586072344854,0.04884325549964973,0.11262354224451579]}
{"id": 18, "drone": 3, "position":(25.0,41.666666666666664,1.0), "time":57.410970570724885,"sensors":[21,28,9,20,5,25,17],"power":[0.00990783403311357,0.004310926985446798,0.10287272177482758,0.004702576387331556,0.01771896255925441,0.01315179580791041,0.07822328854832215]}
