LP RESULTS :
 Obj = 0.1*lambda1+0.9*lambda2 = 135.70529536570552 (lambda1 = 1339.052953657055, lambda2 = 2.0) Resol time = 357790 ms

{"id": 0, "drone": 6, "position":(33.333333333333336,8.333333333333334,2.0), "time":322.8997492362155,"sensors":[37,7,27,2,19,33],"power":[0.11975188585874144,0.18996131360710788,0.06013499485751101,0.022278615610420122,0.05776374042487056,0.026227767821634666]}
{"id": 1, "drone": 6, "position":(41.666666666666664,16.666666666666668,1.0), "time":525.8037096788793,"sensors":[23,13,36,37,24,8,7,29,11,39,33],"power":[0.3051185035588508,0.31867174128118425,0.04397062685386185,0.08134736616081194,0.15598198757546938,0.12712544582306992,0.14986966619493255,0.13735305876212334,0.04773649583553025,0.15,0.1801429684529656]}
{"id": 2, "drone": 3, "position":(33.333333333333336,33.333333333333336,2.0), "time":485.4286280786224,"sensors":[3,9,5,36,17,25,4,28,10,18],"power":[0.35391149098678676,0.25401712721234626,0.12432217325035537,0.07856187766671263,0.03152646422464415,0.06991847058785275,0.06814767697262708,0.11071629182475402,0.1355572256068627,0.03577822067678403]}
{"id": 3, "drone": 3, "position":(25.0,8.333333333333334,1.0), "time":167.27925394124767,"sensors":[22,30,7,2],"power":[0.030253759716785695,0.050301749726243336,0.014550701627715636,0.1149485093095458]}
{"id": 4, "drone": 2, "position":(8.333333333333334,16.666666666666668,1.0), "time":766.4626804088768,"sensors":[22,14,15,1,30,20,31,21],"power":[0.10192752281343329,0.09258892561203497,0.2713793473374549,0.2880241142310039,0.049573169925512535,0.0863446974536116,0.2516837728993577,0.16241963923922492]}
{"id": 5, "drone": 2, "position":(25.0,16.666666666666668,1.0), "time":31.705388305208974,"sensors":[22,36,30,7,2,21],"power":[0.010065167203578838,0.0047732123872603,0.026021278954683008,0.0023769698527840895,0.005794902041745328,0.005769915224966064]}
{"id": 6, "drone": 0, "position":(8.333333333333334,25.0,1.0), "time":231.2807004962673,"sensors":[14,1,26,12,31,21,0],"power":[0.05741107438796503,0.1914063147121425,0.09980979675264333,0.02221354057208219,0.5860018433981097,0.038136233149094124,0.08406169671910382]}
{"id": 7, "drone": 0, "position":(41.666666666666664,8.333333333333334,1.0), "time":291.36485249550367,"sensors":[23,13,37,7,27,29,19,33],"power":[0.019394932017597098,0.019735136360255343,0.5667110623204588,0.11954402502996701,0.08986500514248898,0.09878274507947876,0.1409944877276563,0.1865835914728541]}
{"id": 8, "drone": 1, "position":(8.333333333333334,8.333333333333334,1.0), "time":77.49040340737727,"sensors":[22,15,20,2],"power":[0.006647223772238515,0.21639373625968658,0.06365530254638842,0.006977973038288751]}
{"id": 9, "drone": 1, "position":(41.666666666666664,33.333333333333336,2.0), "time":521.8843914826722,"sensors":[3,9,23,13,5,24,8,17,4,28,11],"power":[0.04702461507904331,0.04554694962751814,0.04609410915177097,0.04818251851855354,0.3616072602983405,0.043887778359573706,0.05419647652412808,0.2483094497668011,0.10379133865927148,0.11096815623198616,0.1346636127901017]}
{"id": 10, "drone": 5, "position":(8.333333333333334,41.666666666666664,1.0), "time":878.6504853977424,"sensors":[16,26,35,38,32,12,6,34,0],"power":[3.385640539483959,0.10457790314880806,0.6278271348534258,0.25785288408331786,0.15,0.11499014874266426,0.10163443703207263,0.07498185255357773,0.06120386173438213]}
{"id": 11, "drone": 5, "position":(25.0,25.0,5.0), "time":296.11522759434433,"sensors":[3,22,9,36,30,25,10,18,21],"power":[0.020520006163168007,0.02116475580250572,0.062358567839672065,0.06388026792191533,0.024103801393561115,0.05665411618063361,0.022057218319394844,0.0695799371362921,0.03051012861368198]}
{"id": 12, "drone": 4, "position":(16.666666666666668,33.333333333333336,1.0), "time":74.36799158263176,"sensors":[16,26,35,25,10,18,12,6,34,0],"power":[0.00938179791838082,0.015794821301837507,0.005720754791891411,0.022075130863880507,0.00851918971783191,0.032619980482938474,0.4389065996480835,0.008731415835350849,0.00470274751252534,0.0047344415465140404]}
{"id": 13, "drone": 4, "position":(16.666666666666668,41.666666666666664,1.0), "time":154.75377618041352,"sensors":[16,35,25,10,38,18,12,6,34],"power":[0.03016406920524157,0.060863143619856494,0.01587342399353692,0.015491902133265229,0.02821647548390069,0.012021861703985367,0.04030850063769071,0.21348652345891075,0.07031539993389685]}
