LP RESULTS :
 Obj = 0.1*lambda1+0.9*lambda2 = 151.20870918848573 (lambda1 = 1494.087091884857, lambda2 = 2.0) Resol time = 1076305 ms

{"id": 0, "drone": 1, "position":(33.333333333333336,41.666666666666664,4.0), "time":404.3199199419157,"sensors":[26,31,33,39,29,38,4,25,22],"power":[0.05026260427729793,0.11672993026598076,0.10740613931271743,0.055132279793745353,0.03324000186967971,0.05931001040893739,0.18177862018486188,0.09297107308595018,0.08459540700735282]}
{"id": 1, "drone": 1, "position":(8.333333333333334,33.333333333333336,1.0), "time":95.15751046260834,"sensors":[8,16,17,7,12,3,21],"power":[0.020124897736886336,0.007248967140671913,0.009222643202470328,0.04083502043379481,0.03263562778964738,0.007784022453221053,0.014022835471252399]}
{"id": 2, "drone": 4, "position":(41.666666666666664,41.666666666666664,3.0), "time":681.3376466740511,"sensors":[26,33,39,24,29,4,25,27],"power":[0.08602751742426834,0.234819989216462,0.3401275323343302,0.19198352971377533,0.2673592810388559,0.2102387068596967,0.17865007603877506,0.15]}
{"id": 3, "drone": 4, "position":(16.666666666666668,41.666666666666664,1.0), "time":495.1417305813393,"sensors":[31,18,19,16,22,20,36,14,3],"power":[0.03414348850744682,0.12894437228781644,0.589264111712499,0.038160864095001364,0.03453848899078915,1.02198400368015,0.03247547849679138,0.5605399855974164,0.05504772662250157]}
{"id": 4, "drone": 3, "position":(25.0,8.333333333333334,5.0), "time":738.1580843102453,"sensors":[23,30,9,2,32,0,37],"power":[0.07046796050769388,0.24089381104473406,0.19236240014604825,0.20520175693505371,0.08144075876064345,0.3046463929911075,0.05807051024589626]}
{"id": 5, "drone": 3, "position":(25.0,41.666666666666664,1.0), "time":95.15751046260823,"sensors":[31,18,19,35,1,16,38,4,22,20,36,14],"power":[0.03848482474275819,0.021055627712183566,0.0636366837749186,0.009304584857988529,0.007393699560141731,0.006733070271773004,0.01797576755131452,0.009855395135348595,0.030866104001858026,0.01982634558879367,0.009043314705755975,0.02619401120254141]}
{"id": 6, "drone": 0, "position":(16.666666666666668,16.666666666666668,1.0), "time":17.257999949322972,"sensors":[8,30,6,2,12,32,21],"power":[0.00216398456444509,0.004202378107696175,0.11908533823310445,0.0014015041372118443,0.0014171344878347485,0.045200102954551714,0.0020351817206386157]}
{"id": 7, "drone": 0, "position":(41.666666666666664,8.333333333333334,1.0), "time":180.32074664943968,"sensors":[11,23,28,34,37],"power":[0.022779317322935942,0.06746530512536805,0.020780286746810806,0.14187888422825676,0.05505037570326109]}
{"id": 8, "drone": 5, "position":(8.333333333333334,41.666666666666664,1.0), "time":903.7878508409099,"sensors":[19,20,5,14,3],"power":[0.08245035043378117,0.16577335730867368,0.15,0.11295814706324973,0.6858460921660916]}
{"id": 9, "drone": 5, "position":(33.333333333333336,25.0,4.0), "time":408.4295252688902,"sensors":[26,35,1,38,36],"power":[0.07397455067825787,0.04389920692756568,0.0728954016449705,0.05512540829585861,0.037574124471025476]}
{"id": 10, "drone": 6, "position":(25.0,25.0,1.0), "time":174.28269780157513,"sensors":[31,35,1,16,6,38,32,36],"power":[0.011814643254335174,0.09679620821444562,0.17110003298886275,0.059437981629773595,0.020085104321427395,0.0298035540664097,0.023359138284804827,0.08337769937074181]}
{"id": 11, "drone": 6, "position":(8.333333333333334,25.0,1.0), "time":563.8753865086709,"sensors":[8,16,6,17,7,12,21],"power":[2.454417342460211,0.03917552118323286,0.06674394583122571,0.14077735679752967,1.2626818750537914,0.9831969841462478,2.3699548276493885]}
{"id": 12, "drone": 2, "position":(8.333333333333334,8.333333333333334,1.0), "time":738.6710076252889,"sensors":[15,30,6,2,10,13],"power":[0.2502292589690223,0.058134723664092704,0.057263626407732554,0.05196602897730178,0.15,0.22277441222528502]}
{"id": 13, "drone": 2, "position":(41.666666666666664,16.666666666666668,1.0), "time":566.8558836171582,"sensors":[11,23,28,34,37],"power":[0.18569652708100842,0.09220251621943223,0.1292197132531893,0.14143107854870263,0.03687911405084279]}
