LP RESULTS :
 Obj = 0.1*lambda1+0.9*lambda2 = 143.80566734392474 (lambda1 = 1420.0566734392473, lambda2 = 2.0) Resol time = 988 ms

{"id": 0, "drone": 6, "position":(16.666666666666668,8.333333333333334,1.0), "time":891.7071957040812,"sensors":[32,35,17,11,24,30,29],"power":[0.7223247321495347,0.2525073504190877,0.20287012796672457,0.12515502775396484,0.10847318134019343,1.0233701295474784,0.2050657509747558]}
{"id": 1, "drone": 6, "position":(33.333333333333336,41.666666666666664,1.0), "time":528.3494777351661,"sensors":[14,20,25,16,18,10,7,13,28,0],"power":[0.07326902495682065,0.06960696948385194,0.15,0.08306471830439162,0.1156361098560905,0.14866508164142134,0.03859245405261794,5.283494777351661,0.27050905929548225,0.07713497699929091]}
{"id": 2, "drone": 1, "position":(41.666666666666664,41.666666666666664,1.0), "time":891.7071957040814,"sensors":[14,33,16,18,13,28],"power":[0.3204625732867604,0.15000000000000002,4.333613532444937,0.5867674487434127,0.21906610618222527,0.16811050109941508]}
{"id": 3, "drone": 4, "position":(41.666666666666664,16.666666666666668,1.0), "time":496.8505215129908,"sensors":[26,31,9,8,23,12],"power":[0.1363875957642557,0.1243667160301935,0.14999999999969807,0.055845141332168766,1.0164135440378066,0.06474454512824716]}
{"id": 4, "drone": 4, "position":(8.333333333333334,25.0,1.0), "time":24.01567746061445,"sensors":[5,37,2,22,38,21],"power":[0.0034138454818787257,0.0025544199139977382,0.001811315270302984,0.006975494683979927,0.07609120741246102,0.007159552857870568]}
{"id": 5, "drone": 3, "position":(33.333333333333336,25.0,3.0), "time":342.96171440560283,"sensors":[26,31,8,23,15,7,36,6],"power":[0.17464412224693188,0.06001352052252299,0.6132650771306867,0.037739685179310034,0.03445360291621264,0.1897737779504556,0.12129627231274344,0.03512686429236534]}
{"id": 6, "drone": 5, "position":(16.666666666666668,33.333333333333336,1.0), "time":315.60583284566815,"sensors":[5,20,37,27,2,22,36,6,0,21],"power":[0.6417460000421709,0.02899236706938671,1.8394492277680772,0.03077714295534248,0.04634358381299672,0.03873590838381209,0.022118660603267296,0.03580578689234871,0.055356054725752134,0.076198518344706]}
{"id": 7, "drone": 5, "position":(16.666666666666668,25.0,1.0), "time":528.3494777351661,"sensors":[5,37,15,24,22,36,6,38,21,29],"power":[0.09981479198254341,0.10202518603588674,0.1376619110800163,0.08915559684818393,1.041481758442318,0.04343308269272684,0.22956164281468916,0.07390879258753898,2.454149274028547,0.07145056930265502]}
{"id": 8, "drone": 0, "position":(33.333333333333336,8.333333333333334,2.0), "time":272.6727171137245,"sensors":[31,23,17,11,19],"power":[0.06151223897617894,0.04457640363637148,0.019433240645674553,0.024844972246035168,0.3885419261834903]}
{"id": 9, "drone": 0, "position":(41.666666666666664,8.333333333333334,2.0), "time":307.57172040692916,"sensors":[31,23,12,19],"power":[0.03416446914014784,0.06983250763677662,0.08525545487175282,0.06778404253274758]}
{"id": 10, "drone": 2, "position":(16.666666666666668,41.666666666666664,3.0), "time":178.43852250102424,"sensors":[34,5,20,1,37,27,4,10,39,2,0],"power":[0.016777505610278576,0.0327563498249052,0.05140066344676138,0.019177612325581194,0.03755521192127741,0.13436047025110195,0.020333664726509736,0.018753955400374313,0.027053273506179924,0.025901287907871915,0.04428926057959078]}
{"id": 11, "drone": 2, "position":(8.333333333333334,41.666666666666664,1.0), "time":373.6471628967744,"sensors":[34,5,1,37,27,4,39,3,2],"power":[0.5906790714201162,0.059404940615806937,0.1308223876744188,0.04718873793567755,0.06129834905684675,0.5933594450306253,0.6982495645409645,0.20284496054581697,0.38737627678838005]}
