LP RESULTS :
 Obj = 0.1*lambda1+0.9*lambda2 = 100.02334704321596 (lambda1 = 973.2334704321595, lambda2 = 3.0) Resol time = 493835 ms

{"id": 0, "drone": 3, "position":(16.666666666666668,25.0,1.0), "time":64.15498032653431,"sensors":[2,11,30,17,29,39,9,32,23,35,22,33,0,27,18],"power":[0.010437698964909868,0.01517139753859669,0.006234754689196706,0.025119927235766882,0.005306947936439152,0.012676394922701959,0.08625900506414244,0.06086445347297586,0.008674588245522785,0.013927002295365705,0.00812799662107748,0.013359844068834678,0.006501577489900322,0.007719522963608264,0.004913280737214865]}
{"id": 1, "drone": 3, "position":(33.333333333333336,8.333333333333334,2.0), "time":621.8677518043257,"sensors":[1,29,38,26,7,31],"power":[0.5390657059790532,0.06170274510688532,0.12661088182730412,0.13702643934112102,0.04984843212001041,0.054179472613327485]}
{"id": 2, "drone": 3, "position":(41.666666666666664,25.0,1.0), "time":192.19703060437598,"sensors":[15,19,12,7,31],"power":[0.052426802170766854,0.24740848004248495,0.02094263960878444,0.012531747318998518,0.026959731771769465]}
{"id": 3, "drone": 2, "position":(25.0,16.666666666666668,1.0), "time":35.24328635863276,"sensors":[11,17,29,39,9,22,0,26,27,18],"power":[0.006721726638436252,0.007148381790415201,0.0963922968643611,0.06543362517727427,0.003320214571355864,0.004056434730889933,0.005234093437857037,0.041520649071913295,0.0025205726972417778,0.016207757617851908]}
{"id": 4, "drone": 2, "position":(8.333333333333334,16.666666666666668,1.0), "time":251.61703091509352,"sensors":[2,9,23,5,22,33,27,6,18,25],"power":[0.039145641123676966,0.055259104084712324,0.04723206510198776,0.35497218084110477,0.09282467514464571,0.049344758754918526,0.2560854848009689,0.07822175304372267,0.017652418205831067,0.06521743042193776]}
{"id": 5, "drone": 2, "position":(41.666666666666664,33.333333333333336,1.0), "time":108.00100744285032,"sensors":[14,4,15,19,12],"power":[0.00978377229171157,0.029583525433396683,0.7041389989732473,0.0145150025951949,0.07514389283019746]}
{"id": 6, "drone": 5, "position":(41.666666666666664,41.666666666666664,2.0), "time":204.41271072012262,"sensors":[4,15,37,12,28],"power":[0.13758617075107654,0.035029534273344466,0.02367352491923556,0.0539134675610181,0.0196772035943235]}
{"id": 7, "drone": 5, "position":(8.333333333333334,25.0,1.0), "time":251.96745194266663,"sensors":[2,9,32,23,35,5,22,33,27,34,6],"power":[0.945695414573275,0.08075696845080658,0.0570068990289111,0.7659532394510584,0.10617041461160719,0.04036352220056991,0.023604714933465002,2.5196745194266663,0.03418333345733924,0.04298601085146173,0.07177824695627733]}
{"id": 8, "drone": 0, "position":(25.0,8.333333333333334,5.0), "time":169.36145192995767,"sensors":[1,29,39,13,38,26,18],"power":[0.013904941105961948,0.019638945733636753,0.016903172548002193,0.01609548835658175,0.023389118172695855,0.035237217825124977,0.03928804700105917]}
{"id": 9, "drone": 0, "position":(8.333333333333334,41.666666666666664,1.0), "time":617.2905803264857,"sensors":[3,8,35,20,21,24,34],"power":[0.14999999999999997,0.12170175891902074,0.06801270771387889,1.399226156536839,0.12409365520598897,0.16315484035891253,0.16240600295380742]}
{"id": 10, "drone": 4, "position":(41.666666666666664,8.333333333333334,1.0), "time":148.9809043173343,"sensors":[1,7,31],"power":[0.054068621376950725,0.08337539576859215,0.04545850729569033]}
{"id": 11, "drone": 4, "position":(33.333333333333336,41.666666666666664,1.0), "time":426.6835728709266,"sensors":[14,4,10,15,16,36,37,28],"power":[0.1141239698447114,0.036040336100937403,0.054193219369860955,0.0368010254322816,0.07391463621399548,0.047738470809864014,0.2150407024384426,0.5445025397990236]}
{"id": 12, "drone": 4, "position":(25.0,25.0,1.0), "time":82.6060000127088,"sensors":[14,11,30,17,29,39,9,32,0,26,18],"power":[0.009071824162675338,0.8023067481277367,0.007705972283806456,0.22884880481162168,0.022576173351862232,0.02583820414912967,0.009804603081328246,0.011231420817809982,0.11853150490670683,0.010161520323649472,0.006399571773208318]}
{"id": 13, "drone": 6, "position":(16.666666666666668,33.333333333333336,1.0), "time":13.805703264563505,"sensors":[14,2,8,11,30,17,9,32,36,23,35,20,21,33,34],"power":[9.118946834640154E-4,0.0013704599256601582,0.007088643570450595,0.0016291203076227291,0.007618088920786298,0.0018594726135198764,0.0015199602808758288,0.009755654779448482,0.0032018638526466773,9.099449778039514E-4,0.0040005296455469345,0.0023643625002975634,0.0018308221991751793,0.0013822681749333277,0.0021477230818031253]}
{"id": 14, "drone": 6, "position":(25.0,41.666666666666664,1.0), "time":259.7464506010118,"sensors":[14,10,8,30,16,36,21,37,28],"power":[0.05910563128485827,0.22053789032627258,0.0492248776189694,0.08021158101347058,0.07608536378600451,0.2990081329023782,0.05317374318732384,0.05018256268876063,0.12848027704776566]}
{"id": 15, "drone": 6, "position":(25.0,33.333333333333336,1.0), "time":82.3907362400985,"sensors":[14,10,8,11,30,17,32,36,21,0,28],"power":[0.04512543621859971,0.0070185482435984855,0.012751606296037193,0.019865658992030223,0.048229603092740075,0.016297956650067832,0.011141571900854425,0.029016709689219062,0.005445400363516332,0.01973282416553578,0.00923152135984976]}
{"id": 16, "drone": 1, "position":(16.666666666666668,8.333333333333334,1.0), "time":64.15498032653456,"sensors":[39,13,22,26,27,18,25],"power":[0.005703365864727271,0.033551746021078736,0.019575803135320053,0.00452905869119093,0.01406018459401475,0.022908093237484904,0.022651396185499675]}
{"id": 17, "drone": 1, "position":(16.666666666666668,8.333333333333334,4.0), "time":306.09574056269764,"sensors":[39,13,22,27,18,25],"power":[0.02344523733816464,0.10035276562233951,0.07367531839181593,0.054699441263450145,0.08218286268100988,0.08229421522241896]}
{"id": 18, "drone": 1, "position":(41.666666666666664,16.666666666666668,1.0), "time":10.187783706123458,"sensors":[1,19,7,31],"power":[8.643641479965016E-4,0.002646983302587425,0.0042444247923989166,0.023402288319212712]}
