LP RESULTS :
 Obj = 0.1*lambda1+0.9*lambda2 = 128.6440071998832 (lambda1 = 1268.4400719988319, lambda2 = 2.0) Resol time = 722 ms

{"id": 0, "drone": 1, "position":(41.666666666666664,16.666666666666668,1.0), "time":640.7825475379077,"sensors":[39,18,28,7,24,5,2,21,27,9],"power":[0.14634631607274123,0.2949768280370404,0.8505842787919055,0.25465364429154197,0.08757624608039649,0.20595847821639088,0.07931832746144694,0.3509014312744493,0.1304046001600852,0.1537259719634353]}
{"id": 1, "drone": 1, "position":(25.0,8.333333333333334,3.0), "time":627.6575244609242,"sensors":[20,6,29,34],"power":[0.13994449344681084,0.1610080496162073,0.16530737396905856,0.05958417289269937]}
{"id": 2, "drone": 0, "position":(8.333333333333334,41.666666666666664,1.0), "time":180.15293933869776,"sensors":[33,30,31,13,26,35,22,37,16,11],"power":[0.13292177495686247,0.7532528715924415,0.011395997430748494,0.013403336595392628,0.16731667644142276,0.13155367979701016,0.07175695148302509,0.026095877533257737,0.06305657819272512,0.3444778518263572]}
{"id": 3, "drone": 0, "position":(41.666666666666664,8.333333333333334,1.0), "time":493.5634784638482,"sensors":[20,18,28,5,34,2,21,25],"power":[0.04073595582177705,0.7448585175500411,0.1695772889640029,0.04011929155634528,0.0792819756400267,0.4724841658978179,0.04529658030079256,0.15]}
{"id": 4, "drone": 4, "position":(25.0,25.0,1.0), "time":270.67484836282716,"sensors":[1,38,14],"power":[0.3388386144713615,0.15704202005979886,0.038940378954310614]}
{"id": 5, "drone": 4, "position":(25.0,8.333333333333334,3.0), "time":117.28358908748089,"sensors":[20,6,29,34],"power":[0.026149917470627337,0.030085836933417695,0.030889205284950937,0.01113385146727391]}
{"id": 6, "drone": 5, "position":(8.333333333333334,25.0,1.0), "time":514.045150211762,"sensors":[36,33,15,3,22,4,10,37,16,8],"power":[0.22148462139183198,0.04382192448417581,4.587354219903357,0.15000000000000002,0.038652143158423684,0.3191932221448039,0.4843470264558035,0.16886856448956222,0.03380984324344736,0.07106786940053]}
{"id": 7, "drone": 5, "position":(8.333333333333334,8.333333333333334,1.0), "time":523.4989584504268,"sensors":[6,23,29,8],"power":[0.0519148023749206,1.6082493836054854,0.06460852183413371,0.12474648667014589]}
{"id": 8, "drone": 6, "position":(33.333333333333336,33.333333333333336,5.0), "time":149.3758651406598,"sensors":[1,19,32,12,17,38],"power":[0.018984527104472362,0.031072568732284443,0.021097983385111308,0.030579813759509036,0.028272307740118286,0.012340437252563886]}
{"id": 9, "drone": 3, "position":(41.666666666666664,25.0,1.0), "time":134.09404599707614,"sensors":[39,1,28,7,12,24,5,21,27,9],"power":[0.03960947186534622,0.009708931151419107,0.015460768996778292,0.06732096645452186,0.02557988915199154,0.028389050932737477,0.02799842554920491,0.04146986883404685,0.019595399839914793,0.07191243468443635]}
{"id": 10, "drone": 3, "position":(33.333333333333336,41.666666666666664,4.0), "time":491.4066823972479,"sensors":[13,19,32,12,0,17],"power":[0.03185652724635207,0.42548143113976766,0.16446021130488447,0.05386379268860578,0.07875939799191202,0.1408802749708935]}
{"id": 11, "drone": 2, "position":(41.666666666666664,33.333333333333336,1.0), "time":493.5634784638478,"sensors":[39,19,7,12,24,0,9],"power":[0.03442658885513401,0.07072390910658483,0.037136034714935,2.548825325142322,0.03403470298686604,0.07124060200808795,0.054888911079479845]}
{"id": 12, "drone": 2, "position":(16.666666666666668,41.666666666666664,1.0), "time":574.241982448372,"sensors":[33,30,31,13,32,26,35,17,22,37,16,11,14],"power":[0.07844979356181145,0.10479383114229987,0.16881936091611882,0.29642129602324935,0.05902234626723736,0.084741497015329,0.06840983641831894,0.05359755702364497,0.03959090535855119,0.03805226109771602,0.2474247566126131,0.09718083920632384,0.11105962104568932]}
