LP RESULTS :
 Obj = 0.1*lambda1+0.9*lambda2 = 104.09491833250875 (lambda1 = 1013.9491833250875, lambda2 = 3.0) Resol time = 415481 ms

{"id": 0, "drone": 0, "position":(25.0,8.333333333333334,1.0), "time":360.1688513058956,"sensors":[7,20,26,19,6,36,22,0,12,30,28,29],"power":[0.1680530257595494,0.06512638682665661,0.023486134358376497,0.035442531058673205,0.036144833125582636,0.14930216734706409,0.1389961748905203,0.04119136329219092,0.022751014126861886,0.6412416952894651,0.07322414963752477,0.046525854066104017]}
{"id": 1, "drone": 0, "position":(33.333333333333336,8.333333333333334,1.0), "time":114.52485966232989,"sensors":[14,7,20,19,36,22,21,0,12,30,35,34,29],"power":[0.02116218585694422,0.07507282726449731,0.02658412347598726,0.013493010717910809,0.03739548420053612,0.011003825109479703,0.020498773623391208,0.05579407025467299,0.04044872805855241,0.012577598889516206,0.012789869206644724,0.007319024447394493,0.06243494891855424]}
{"id": 2, "drone": 0, "position":(41.666666666666664,33.333333333333336,1.0), "time":392.2272342821475,"sensors":[8,3,13,10,38,25,11],"power":[0.1537551567232279,0.07922440868610633,0.03511862046632905,0.06342517323706458,0.04498824144932397,0.06187575403921626,0.031304919007165505]}
{"id": 3, "drone": 1, "position":(33.333333333333336,25.0,1.0), "time":5.928691070736029,"sensors":[20,26,19,6,13,21,10,12,38,25,24,34],"power":[9.421637489249003E-4,0.0013905040266659757,0.0017325976255509665,0.0011763237533735213,0.04463383718295198,0.0010961075761919063,6.184646325759708E-4,4.36483929329239E-4,0.005615184669725316,0.003348925681610124,0.0013406532234280443,8.469667631287244E-4]}
{"id": 4, "drone": 1, "position":(41.666666666666664,25.0,4.0), "time":18.337465112696094,"sensors":[1,13,21,12,38,25,34],"power":[0.0013948422859438054,0.002788004386357595,0.0025146104887826255,0.0011806488816715872,0.006554629677345774,0.009829914077104781,0.005063831442207372]}
{"id": 5, "drone": 1, "position":(16.666666666666668,41.666666666666664,1.0), "time":764.8102915736519,"sensors":[33,4,2,17,31,9,23,27,18],"power":[0.8406983658918563,0.1581683571522838,0.1889057646194703,0.12536066234527182,0.37636755498056396,0.09802414828865241,0.1854941368519391,0.5861915939269715,0.14180890595878823]}
{"id": 6, "drone": 4, "position":(41.666666666666664,8.333333333333334,1.0), "time":426.1713209708922,"sensors":[14,7,20,1,21,0,12,35,34,29],"power":[3.184497273719853,0.03505743184260204,0.026912134520315628,0.06350273397409999,0.06991719777495965,0.0824606022450572,0.1567844751555203,0.5755259831753482,0.05497073563576921,0.07933494400449613]}
{"id": 7, "drone": 4, "position":(8.333333333333334,8.333333333333334,1.0), "time":208.41638549191788,"sensors":[5,39,28,32],"power":[0.103002520885319,0.10855694439823631,0.024757323904959643,0.5216908248568957]}
{"id": 8, "drone": 4, "position":(8.333333333333334,41.666666666666664,1.0), "time":84.33993477769258,"sensors":[33,17,31,23,27],"power":[0.009177899566146291,0.024639337654728175,0.02396391998159478,0.016187612325989722,0.01033516020019895]}
{"id": 9, "drone": 3, "position":(25.0,41.666666666666664,3.0), "time":48.047554836640515,"sensors":[33,4,2,31,10,27,24,11,18],"power":[0.014149488830792138,0.039557909060962175,0.03762476638445935,0.003916674906455146,0.007802219102571501,0.010206543170629676,0.005190926455126186,0.005288406841948465,0.00819109404121178]}
{"id": 10, "drone": 3, "position":(8.333333333333334,25.0,1.0), "time":30.35354444783856,"sensors":[5,9,16,23,15],"power":[0.0021574277365373623,0.003822702267303099,0.01333970977150453,0.0035986826036771735,0.03435288850656158]}
{"id": 11, "drone": 3, "position":(8.333333333333334,16.666666666666668,1.0), "time":372.25638100757226,"sensors":[5,16,15,39,28,32],"power":[0.16821354559961513,0.0866401450891761,0.11234859064068471,0.04144305560176368,0.05260482299860614,0.13595724902390458]}
{"id": 12, "drone": 2, "position":(25.0,33.333333333333336,1.0), "time":101.60390442673055,"sensors":[33,4,2,26,6,13,9,23,10,24],"power":[0.008006045192413963,0.05639293671427547,0.01039375766302802,0.010186543553750432,0.006491612050534755,0.011992396653041155,0.023158495897031214,0.010229986253219466,0.023317300027451585,0.11474369574132874]}
{"id": 13, "drone": 2, "position":(41.666666666666664,16.666666666666668,3.0), "time":298.4278022691151,"sensors":[14,20,1,19,13,21,12,38,25,35,34],"power":[0.05202243664527722,0.02926661291592783,0.06620195424309708,0.026817852451751376,0.020820595053907206,0.1409185787636737,0.10583835479739387,0.06202135149981138,0.05916440880597377,0.08127253936146103,0.3790547976390208]}
{"id": 14, "drone": 2, "position":(25.0,25.0,1.0), "time":84.33993477769275,"sensors":[4,20,26,19,6,13,9,16,38,25,24],"power":[0.005385760969385999,0.010599644638079364,0.11010330170065537,0.01972879817154111,0.042149656733516984,0.02202410640653155,0.012928410255172749,0.008753691360549605,0.007212149397788625,0.005344032127097973,0.02624356837357741]}
{"id": 15, "drone": 5, "position":(25.0,16.666666666666668,1.0), "time":40.266057420527375,"sensors":[7,20,26,19,6,13,16,21,12,30,28],"power":[0.011578032877186261,0.019938723717124823,0.022009356378628227,0.018689952589528547,0.05388146148762356,0.00409153054759995,0.0029891906371086645,0.003743457920676324,0.0028362936637386193,0.006056225031084061,0.009880963616370664]}
{"id": 16, "drone": 5, "position":(41.666666666666664,16.666666666666668,1.0), "time":48.43142183828687,"sensors":[14,7,20,1,19,13,21,12,38,25,35,34],"power":[0.009106124831618089,0.0034902436181495733,0.005079116366602729,0.01211941851629822,0.004819302183011882,0.003758954105456756,0.03274219763937338,0.02193912595246922,0.011089045266525856,0.010581093708700499,0.015069263860326214,0.143333437461729]}
{"id": 17, "drone": 5, "position":(41.666666666666664,16.666666666666668,5.0), "time":37.47489285334835,"sensors":[14,20,1,19,21,12,38,25,35,34],"power":[0.005320325834344337,0.003128519573640405,0.006781050980560963,0.0029726639745146877,0.01141491579421048,0.009974717460834037,0.006380282975831259,0.006099975584497384,0.008342490196621435,0.018330794267800647]}
{"id": 18, "drone": 6, "position":(16.666666666666668,25.0,1.0), "time":32.841508099174185,"sensors":[5,26,6,9,16,23,15,24,28],"power":[0.0021051263442084644,0.004844130282453839,0.003919813363733242,0.012081156153310292,0.03827726314166108,0.004799002640057973,0.0032985208527536985,0.002481156206540026,0.0031392980568320543]}
{"id": 19, "drone": 6, "position":(33.333333333333336,16.666666666666668,1.0), "time":24.386672127155485,"sensors":[14,7,20,26,19,6,13,21,12,38,25,35,34,29],"power":[0.001815187286271262,0.008089996072425323,0.04068069557522217,0.004702900402840868,0.02630329122751743,0.0062362994856353495,0.004771955197824772,0.030763507040004277,0.01064942076364114,0.006139115063647795,0.004491167364142048,0.001894272162412918,0.005122683042184525,0.0016125565915479985]}
{"id": 20, "drone": 6, "position":(41.666666666666664,41.666666666666664,1.0), "time":466.1417987088329,"sensors":[8,37,3,10,11],"power":[1.1333547039704235,0.15,0.07077559131389366,0.06082397786856133,0.15466597977306507]}
