LP RESULTS :
 Obj = 0.1*lambda1+0.9*lambda2 = 146.3360904086399 (lambda1 = 1445.360904086399, lambda2 = 2.0) Resol time = 3593 ms

{"id": 0, "drone": 0, "position":(8.333333333333334,25.0,1.0), "time":161.6964309691273,"sensors":[35,30,39,0,25,10,5,11],"power":[0.5699823511898928,0.022029628773705904,0.025700199912178055,0.04674277965692053,0.11478511219078458,0.02366546724219877,0.035959353006814604,0.013032464323688433]}
{"id": 1, "drone": 0, "position":(25.0,41.666666666666664,1.0), "time":709.5180411840339,"sensors":[21,1,4,17,2,27,29,24,19,33,18,9,23],"power":[0.9950981147424326,0.24785009326230484,1.0351195147821108,0.28799774605124845,1.8396594326851814,0.11101971833746033,0.048161490997950626,0.15,0.12459326655620033,0.42639547770205327,0.1789843294566079,0.7011219677997999,0.7346375920229266]}
{"id": 2, "drone": 1, "position":(41.666666666666664,41.666666666666664,4.0), "time":709.5180411840339,"sensors":[31,17,38,22,37,15,9],"power":[0.07041478382101926,0.0757808687849776,0.12132964305194043,0.06851702565987053,0.5003669879768844,0.05496778162896025,0.04725710348492997]}
{"id": 3, "drone": 2, "position":(41.666666666666664,33.333333333333336,2.0), "time":646.4394771709837,"sensors":[31,38,29,22,37,15],"power":[0.30572118811267873,0.7451690051458825,0.09152975389317582,0.8868163952949227,0.07703119947449509,0.2106588744429008]}
{"id": 4, "drone": 4, "position":(8.333333333333334,41.666666666666664,1.0), "time":735.8428629023651,"sensors":[1,13,27,7,3,28,5],"power":[0.06822170202275742,0.15,0.17449455724280516,0.4157505932433774,0.1983837650578399,0.2825150583269836,0.12958472269327803]}
{"id": 5, "drone": 4, "position":(16.666666666666668,25.0,1.0), "time":418.4123027289553,"sensors":[12,35,30,39,0,25,10,19,5,11],"power":[0.02752971293050721,0.08342702684117131,0.08079145593836799,0.20712968712452653,2.1639796271491143,0.03521488780921542,0.359038886798146,0.07170427485092759,0.06937275631095648,0.030067146424918288]}
{"id": 6, "drone": 5, "position":(41.666666666666664,16.666666666666668,4.0), "time":825.4197303345754,"sensors":[34,20,16,26,6,14],"power":[0.6741460839347105,0.1690514164046159,0.07902654796148263,0.5118045563354213,0.15216950255742892,0.07313868056352353]}
{"id": 7, "drone": 5, "position":(41.666666666666664,8.333333333333334,1.0), "time":39.8324400537408,"sensors":[34,20,16,26,6,14],"power":[0.006709818658126431,0.005847721624596619,0.07097345203851735,0.004420642753326721,0.398324400537408,0.015415710980433274]}
{"id": 8, "drone": 6, "position":(25.0,8.333333333333334,1.0), "time":580.1087336980827,"sensors":[12,32,14],"power":[0.1224702870694928,0.10543399539070722,0.06789313858641408]}
{"id": 9, "drone": 3, "position":(41.666666666666664,25.0,1.0), "time":89.40338573138138,"sensors":[34,20,31,38,29,26,22,15],"power":[0.023779539083340625,0.007213941365030742,0.018509442950907486,0.01550806602658581,0.01030875510887356,0.04633060502406201,0.04127327880533878,0.018191985480812647]}
{"id": 10, "drone": 3, "position":(8.333333333333334,8.333333333333334,4.0), "time":865.2521703883162,"sensors":[8,30,32,36,11],"power":[0.47441208628639087,0.10301867460984415,0.08433565668530525,0.3452867172140641,0.24603086781375255]}
