LP RESULTS :
 Obj = 0.1*lambda1+0.9*lambda2 = 146.21918760102903 (lambda1 = 1444.1918760102901, lambda2 = 2.0) Resol time = 827 ms

{"id": 0, "drone": 2, "position":(41.666666666666664,41.666666666666664,1.0), "time":237.67681623519576,"sensors":[34,35,1,5,20,8,13],"power":[0.070122501632207,0.08160664243598618,0.027763626875645795,0.04181216585906902,0.6262833981206174,0.033477926717173055,0.017825711265292827]}
{"id": 1, "drone": 2, "position":(8.333333333333334,16.666666666666668,1.0), "time":638.3243285085373,"sensors":[6,3,37,31,23,0,12],"power":[1.365965645913589,0.1185797533182497,1.0684145407971166,0.14026429544433552,0.982062013866057,0.05535343386772736,0.0455056767162883]}
{"id": 2, "drone": 1, "position":(41.666666666666664,33.333333333333336,2.0), "time":379.79834001059936,"sensors":[16,10,35,1,5,20,8,13],"power":[0.036899803705293284,0.06056601135458085,0.763663898153069,0.360430645957413,1.2651921420416765,0.04745752685812297,0.11652207328282695,0.1663422541467052]}
{"id": 3, "drone": 1, "position":(25.0,8.333333333333334,1.0), "time":414.5354387627574,"sensors":[38,4,21,18,26,36,24,27,30,28],"power":[0.029253020693467916,0.05109607099193356,0.09579313423433854,0.05917323164659028,0.31246081243592694,0.32038714684794795,0.10313283956815661,0.12186903671211796,0.08925681205093494,0.5649455566548953]}
{"id": 4, "drone": 5, "position":(8.333333333333334,41.666666666666664,1.0), "time":713.8548837951558,"sensors":[17,22,32,2,9,12,15],"power":[0.2802846857775328,0.2506672607517721,0.13339921211850891,0.10200300268360497,0.06724315676518645,0.054979178427559,0.14246868962470177]}
{"id": 5, "drone": 5, "position":(16.666666666666668,41.666666666666664,1.0), "time":176.14475735665894,"sensors":[14,17,22,29,32,9,15],"power":[0.015920584890274227,0.3303418152627244,0.03199923433372635,0.020260671335167124,0.0917616692629477,0.0494603066782795,0.07251949999143567]}
{"id": 6, "drone": 4, "position":(25.0,25.0,1.0), "time":582.5233675289264,"sensors":[38,14,16,25,10,18,39,29,0],"power":[0.35644935218522744,0.038292909603410884,0.09223454430239299,0.9149641336161318,0.09641381299560724,0.19213000305520372,0.14553931055105482,0.12046499554434724,0.1848656133541977]}
{"id": 7, "drone": 4, "position":(41.666666666666664,16.666666666666668,1.0), "time":67.33472970800733,"sensors":[19,33,10,21,39,7,13],"power":[0.1296028740946949,0.013127191531873365,0.005605730139399237,0.00650537571033222,0.007720069001284177,0.15,0.004566133861542981]}
{"id": 8, "drone": 6, "position":(8.333333333333334,33.333333333333336,2.0), "time":38.72499537679505,"sensors":[3,17,22,29,12,15],"power":[0.00921477176100407,0.003976164155013496,0.06273132042074712,0.00455505213181289,0.020823669817316863,0.010518990317831779]}
{"id": 9, "drone": 6, "position":(8.333333333333334,8.333333333333334,1.0), "time":752.5798791719511,"sensors":[6,37,23,11],"power":[0.2485279174552189,0.21608508640975593,0.07689284512235106,0.14999999999999997]}
{"id": 10, "drone": 0, "position":(8.333333333333334,25.0,1.0), "time":53.28766832980162,"sensors":[6,3,37,31,22,29,23,0,12,15],"power":[0.007107422933145452,0.2783210454996199,0.007404076079534266,0.009735704555664478,0.007060347076624433,0.004719280988672723,0.03047592320439396,0.00728619948050206,0.028691475038835814,0.0039011698452654175]}
{"id": 11, "drone": 0, "position":(8.333333333333334,41.666666666666664,5.0), "time":462.17957115187846,"sensors":[17,22,32,2,9,15],"power":[0.1146223313289654,0.10885897504949281,0.06425727633675642,0.04799699731639505,0.033296536556534057,0.07046983120887766]}
{"id": 12, "drone": 3, "position":(33.333333333333336,41.666666666666664,4.0), "time":481.8701684707647,"sensors":[14,16,34,35,5,20],"power":[0.12541618906148758,0.07549819900885331,0.079877498367793,0.06388609544321099,0.036287772131655835,0.10080985434092476]}
{"id": 13, "drone": 3, "position":(33.333333333333336,8.333333333333334,5.0), "time":962.3217075395254,"sensors":[4,19,33,21,26,36,24,27,30,28],"power":[0.21553407777266995,0.10285127994342239,0.18992849481380392,0.5862165668044186,0.0650294529883349,0.2941611853038088,0.07059326968854523,0.1546033518808099,0.14405366474992012,0.09810271432197054]}
