LP RESULTS :
 Obj = 0.1*lambda1+0.9*lambda2 = 103.53939787735384 (lambda1 = 1017.3939787735383, lambda2 = 2.0) Resol time = 3226 ms

{"id": 0, "drone": 5, "position":(41.666666666666664,8.333333333333334,1.0), "time":760.765433765578,"sensors":[25,28,14,34,5,37,12,18,36],"power":[0.16439289629229908,0.17565022630518481,0.10085030911999715,0.2648085592574294,0.4705777373365901,0.15520924440950365,0.624001929205645,0.49199238373371257,0.8910940975323184]}
{"id": 1, "drone": 5, "position":(33.333333333333336,25.0,1.0), "time":42.79791190373717,"sensors":[25,26,14,10,15,34,33,31,37,39,29],"power":[0.00536410936321903,0.0949879299763763,0.007260039563649597,0.009334803703582245,0.003267398207455898,0.0033566318149595735,0.38589090881953514,0.017394132954979536,0.0028960480271135436,0.007306707535496714,0.007400352884706154]}
{"id": 2, "drone": 6, "position":(8.333333333333334,41.666666666666664,1.0), "time":730.8199313453905,"sensors":[7,24,4,3,9,17],"power":[0.06778295372515496,0.16348262041226502,0.15,0.21636781992508936,0.05124840196357819,0.21819647505588805]}
{"id": 3, "drone": 6, "position":(16.666666666666668,25.0,1.0), "time":286.57404742814776,"sensors":[23,1,15,13,11,8,20,39],"power":[0.018152089288555096,0.04448160933356327,0.10866694887042093,0.02315959155068362,0.020113124357454437,0.029482396111749094,0.04539188464801439,0.0636640125445048]}
{"id": 4, "drone": 1, "position":(33.333333333333336,41.666666666666664,3.0), "time":642.6203760766213,"sensors":[22,21,27,30,19,2,29],"power":[0.10976878628903793,0.15000000000000002,0.36456902668423335,0.07856544723499925,0.14764366324754166,0.06999074823785678,0.1543077070511586]}
{"id": 5, "drone": 3, "position":(25.0,8.333333333333334,1.0), "time":80.5575749695181,"sensors":[23,16,0,32,38,13,6,37,35,20],"power":[0.01493510374467483,0.06471733255815447,0.043114867119867645,0.36455849009008834,0.11970283827495155,0.016297175603219836,0.02623450715630447,0.013792292129111395,0.02001900974083563,0.014658164148533357]}
{"id": 6, "drone": 3, "position":(8.333333333333334,16.666666666666668,1.0), "time":8.421965030820704,"sensors":[23,1,13,6,11,8,20],"power":[0.0013595859272220704,0.00250093090269802,0.001257202316524583,7.223556088728298E-4,0.04916076814847538,0.004712736189545964,8.51982356796083E-4]}
{"id": 7, "drone": 0, "position":(41.666666666666664,41.666666666666664,1.0), "time":39.54406938870764,"sensors":[22,27,2,29],"power":[0.09565328407941465,0.0036203124477814496,0.0800092517621432,0.0039069514782059025]}
{"id": 8, "drone": 0, "position":(16.666666666666668,8.333333333333334,1.0), "time":563.2394030448025,"sensors":[23,16,0,32,38,13,6,11,35,8,20],"power":[0.8446127172725201,0.12269577718673844,0.10688513288013236,0.08711052587737013,0.06935996466035145,0.540076689489625,1.011850909853965,0.054778999461052996,0.3931416657773636,0.16333061732530194,0.1259279691732938]}
{"id": 9, "drone": 2, "position":(41.666666666666664,25.0,1.0), "time":213.8306331042231,"sensors":[25,26,14,10,34,33,31,18,29],"power":[0.044644056414076504,0.03713556535297633,0.07185973678426534,0.37118859297862683,0.01720691520549015,0.04048857555525116,0.5065124179353486,0.019288744761908182,0.015098564696871894]}
{"id": 10, "drone": 2, "position":(25.0,25.0,1.0), "time":78.60098830024913,"sensors":[16,26,15,33,20,39,29],"power":[0.006146687589071657,0.017876504670647372,0.03806565292212317,0.019470339111674676,0.010620743120358905,0.14308077020049567,0.007061100344673507]}
{"id": 11, "drone": 4, "position":(8.333333333333334,25.0,3.0), "time":159.15856326976723,"sensors":[1,11,8],"power":[0.21276739568584466,0.025947108033017183,0.014852449525746955]}
{"id": 12, "drone": 4, "position":(16.666666666666668,41.666666666666664,1.0), "time":286.5740474281477,"sensors":[7,24,30,19,9],"power":[0.30162874444703575,0.023534913463407105,0.09937064940392229,0.02542639371137152,0.0987515980364218]}
