LP RESULTS :
 Obj = 0.1*lambda1+0.9*lambda2 = 109.67621645792966 (lambda1 = 1078.7621645792965, lambda2 = 2.0) Resol time = 177041 ms

{"id": 0, "drone": 0, "position":(41.666666666666664,16.666666666666668,5.0), "time":73.31050589326105,"sensors":[36,10,12,27,7,9,19,23],"power":[0.04408198424309389,0.004983862014896928,0.019816479095661973,0.005637506577633113,0.011279253668267299,0.009113262435109085,0.018052411812638204,0.004763609999338957]}
{"id": 1, "drone": 0, "position":(25.0,8.333333333333334,1.0), "time":477.3845516863751,"sensors":[25,33,39,3,29,21,20,23],"power":[0.06447656535483812,0.048056009965528286,0.5001647855252984,0.07874249699970165,0.32816800375339783,2.367815117515813,0.41535624001000154,0.07350753382294224]}
{"id": 2, "drone": 5, "position":(8.333333333333334,41.666666666666664,1.0), "time":203.1384180279718,"sensors":[11,14,24,28,18,4,22],"power":[0.03078671493961294,0.02795302168044674,0.09234542651220948,0.020446272813447675,0.02267318775250949,0.018012410635907233,0.016066694515961127]}
{"id": 3, "drone": 5, "position":(8.333333333333334,25.0,5.0), "time":726.7344918588947,"sensors":[34,28,8,37,32],"power":[0.07675767866208823,0.1295537271865525,0.20998776430822252,0.11918358283157852,0.08852803472765536]}
{"id": 4, "drone": 6, "position":(25.0,25.0,5.0), "time":362.496899797796,"sensors":[33,26,38,1,27,7,23],"power":[0.055862318089036536,0.04851841315477527,0.07212315068015619,0.1913650760488518,0.07630314814731337,0.024114297136401674,0.053104553626230185]}
{"id": 5, "drone": 6, "position":(16.666666666666668,41.666666666666664,1.0), "time":687.858471400978,"sensors":[11,14,13,24,17,18,4,22],"power":[1.3547941473523868,2.4473610982150635,0.15,0.05765457348779053,0.19611318542607561,0.17743072587691733,0.2767512201304186,0.3241849500099859]}
{"id": 6, "drone": 4, "position":(41.666666666666664,41.666666666666664,1.0), "time":673.3400393084444,"sensors":[6,2,16,31,35,30,5,0,15],"power":[0.17475540006135254,0.14999999999999575,0.05320337309726716,0.0923952472044556,0.25666024943695936,6.733400393084444,0.3922293765837614,0.4164616012272442,0.05432148181264899]}
{"id": 7, "drone": 4, "position":(41.666666666666664,25.0,1.0), "time":405.4221252708522,"sensors":[16,36,10,12,38,27,7,19,15],"power":[0.3732340613901987,0.09457161316685214,0.14501613798510307,0.11101532751634016,0.053850145320762946,0.05350564881396632,0.3265502066180455,0.05815317772111902,0.2211961088527726]}
{"id": 8, "drone": 1, "position":(16.666666666666668,16.666666666666668,5.0), "time":117.22043278303943,"sensors":[25,34,33,39,29,37,32,21,20],"power":[0.012217108958866758,0.010985909566825472,0.046081668388514935,0.020879080487629965,0.018929021575340578,0.02879029689457399,0.028951538466615776,0.007445115026936911,0.013575847506172994]}
{"id": 9, "drone": 1, "position":(33.333333333333336,8.333333333333334,1.0), "time":165.57020694201816,"sensors":[36,39,3,29,21,20,9,19,23],"power":[0.016402000501644823,0.01751307683572297,0.040537045840016175,0.012199928029273653,0.03167951494377178,0.033473702032258065,0.020965644845164652,0.03139276204963998,0.02637028962221634]}
{"id": 10, "drone": 3, "position":(41.666666666666664,8.333333333333334,1.0), "time":434.459326473184,"sensors":[36,12,3,9,19],"power":[0.08767763183698014,0.03980075819309087,0.030720457123455565,1.0183270581086292,0.058093874297030945]}
{"id": 11, "drone": 3, "position":(33.333333333333336,41.666666666666664,1.0), "time":163.81290319671714,"sensors":[6,31,35,30,26,17,5,0],"power":[1.2246731566789764,0.05760475279554178,0.02908476681129311,0.034288492857288036,0.02786697826934798,0.020964700798484903,0.17217688268470951,0.013990867689662328]}
{"id": 12, "drone": 3, "position":(25.0,8.333333333333334,4.0), "time":2.5986478607699063E-7,"sensors":[25,33,39,3,29,21,20,23],"power":[2.959064420764967E-11,2.2034082995513652E-11,1.2261367893800942E-10,3.682659996209008E-11,1.0180906109797554E-10,2.3777010382781585E-10,1.1382230815426258E-10,3.443179210280533E-11]}
{"id": 13, "drone": 2, "position":(25.0,33.333333333333336,1.0), "time":187.76527515034675,"sensors":[6,11,14,26,17,38,1,27,4,22],"power":[0.01452880763055288,0.013318854236635789,0.02564604321910704,0.2192694508711666,0.01919700479378458,0.03835995631047095,0.03669651704209377,0.014553696461119061,0.06165420493184844,0.06503723974649885]}
{"id": 14, "drone": 2, "position":(8.333333333333334,8.333333333333334,1.0), "time":234.8072116274766,"sensors":[25,34,29,37,32],"power":[0.07330627935511043,0.06943642036845146,0.02147416580942237,0.04488244361758929,0.060182833707181325]}
{"id": 15, "drone": 2, "position":(16.666666666666668,8.333333333333334,2.0), "time":2.8309889268277477E-5,"sensors":[25,34,33,39,29,37,32,21,20],"power":[4.630161442983453E-8,2.1431321787811684E-9,3.5349235060405794E-9,9.140877070931501E-9,2.3858690714626404E-8,3.5304357559446103E-9,4.7975823946025185E-9,6.248665294955573E-9,4.1165973607788884E-9]}
