LP RESULTS :
 Obj = 0.1*lambda1+0.9*lambda2 = 147.24206142087993 (lambda1 = 1454.4206142087992, lambda2 = 2.0) Resol time = 704 ms

{"id": 0, "drone": 5, "position":(41.666666666666664,16.666666666666668,1.0), "time":368.82775439267664,"sensors":[8,17,35,5,28,38,27,36,30],"power":[0.08141774893170273,0.16334396960523923,0.10950892032279946,0.03549046609182745,0.039787975096598316,1.477705853429747,0.22993642972060394,0.08416588697989276,0.03153280506669247]}
{"id": 1, "drone": 5, "position":(33.333333333333336,41.666666666666664,1.0), "time":1036.2757488334203,"sensors":[39,14,25,37,26,32,11,20,21,23,34],"power":[0.3235332272157062,0.2909841619033756,0.15,3.072692497289149,0.35136446582783804,3.326529992143696,0.36243324444381836,0.21766138851474767,0.6040672447798512,0.16286016098984676,0.7722598364418264]}
{"id": 2, "drone": 4, "position":(25.0,25.0,1.0), "time":325.54796445610265,"sensors":[16,15,33,23],"power":[0.11840193573386482,0.03832030341984204,0.023401277323468476,0.0654077163737237]}
{"id": 3, "drone": 4, "position":(8.333333333333334,8.333333333333334,1.0), "time":959.7363385387563,"sensors":[9,6,7,3,10,12,0,31,2],"power":[0.10246281003256176,0.16123716026254586,0.33936534788138356,8.624449191429568,0.17907343517625643,0.37184883543945074,0.12069566380082054,0.15,0.28394477428517934]}
{"id": 4, "drone": 0, "position":(41.666666666666664,8.333333333333334,1.0), "time":493.1699762311997,"sensors":[19,28,38,27,13,18,30],"power":[0.13608531579239536,0.0979225850012401,0.11694222093557714,0.35869533378860824,0.06342037525911537,0.10138395922847727,0.4755438352202038]}
{"id": 5, "drone": 0, "position":(33.333333333333336,8.333333333333334,1.0), "time":207.25613563104554,"sensors":[19,28,38,27,29,13,33,18,30],"power":[0.013914684207604642,1.3885069914726702,0.01582553147032954,0.023191573237997507,0.018442970675895027,0.05180174866056267,0.01610489254958356,0.04861604077152269,0.031917868667348116]}
{"id": 6, "drone": 3, "position":(8.333333333333334,33.333333333333336,1.0), "time":959.7363385387563,"sensors":[24,4,1,22],"power":[0.31644968370607707,0.25220375929013206,0.06552220911551351,0.7206882758811203]}
{"id": 7, "drone": 1, "position":(41.666666666666664,25.0,1.0), "time":385.16674795387735,"sensors":[39,8,17,35,5,38,27,36],"power":[0.033934956146292224,0.0685822510682973,0.6003794394219039,0.4170810707202479,0.5063776700323225,0.07213334351240917,0.028203754547989835,0.18461223984594594]}
{"id": 8, "drone": 6, "position":(25.0,8.333333333333334,1.0), "time":385.16674795387735,"sensors":[28,29,13,16,33],"power":[0.09098983502828095,0.22858285889530128,0.03477787608032197,0.03159806426613517,0.16988681223693994]}
{"id": 9, "drone": 6, "position":(8.333333333333334,25.0,1.0), "time":494.6842756700429,"sensors":[24,9,7,4,1,10,15,0,22],"power":[1.1307287671568813,0.11451832010877275,0.042213921610068,0.04395683511138599,0.12891408250501168,0.11104350114196263,0.13506918635337362,0.09772545672100726,0.39038227986221774]}
