LP RESULTS :
 Obj = 0.1*lambda1+0.9*lambda2 = 104.39689450492124 (lambda1 = 1016.9689450492123, lambda2 = 3.0) Resol time = 64606 ms

{"id": 0, "drone": 0, "position":(8.333333333333334,25.0,1.0), "time":255.62097103608733,"sensors":[2,16,32,24,27,5,28],"power":[0.02331211524557113,0.0672302835651346,0.1305459017338704,0.019467748082358877,0.6006686414928278,0.08431215119118343,0.06971756447242343]}
{"id": 1, "drone": 0, "position":(16.666666666666668,41.666666666666664,5.0), "time":259.616527405381,"sensors":[8,19,35,13,29],"power":[0.025043470494629953,0.04963549964972339,0.0337872631138973,0.0387513514670225,0.061865243768618024]}
{"id": 2, "drone": 0, "position":(33.333333333333336,16.666666666666668,1.0), "time":37.658798715396614,"sensors":[7,1,4,18,37,20,39,36,33,9,38,22],"power":[0.003920344744311915,0.05505950005533772,0.015709452422193286,0.03612221306744975,0.05819720901201976,0.003956444382132476,0.007530840141098749,0.007071128353291994,0.0035386321302638,0.003959531823374468,0.007151978912910049,0.002594001478719754]}
{"id": 3, "drone": 3, "position":(8.333333333333334,16.666666666666668,1.0), "time":119.13956516895834,"sensors":[2,16,32,24,27,26,28,22],"power":[0.14621983235590855,0.038839679905772924,0.01945409826612956,0.015671690777512425,0.019889644867277838,0.019202167620650176,0.0213637516509345,0.011580960182226568]}
{"id": 4, "drone": 3, "position":(41.666666666666664,41.666666666666664,1.0), "time":572.996444198226,"sensors":[21,23,25,12,14,11,15,34,10],"power":[0.1425631859850362,1.370966346153939,0.22521108453818425,0.14998380536940642,0.26603295222980267,0.06036637844592589,0.2666237383688797,0.34157249076432245,0.15430853579579337]}
{"id": 5, "drone": 3, "position":(41.666666666666664,25.0,5.0), "time":9.880079583698375,"sensors":[7,21,1,4,33,11],"power":[0.001037201309018057,0.001399977957776508,7.981705266707325E-4,0.0014395388830957393,0.0012492435688497413,0.0010319266970212604]}
{"id": 6, "drone": 6, "position":(25.0,33.333333333333336,1.0), "time":127.71743749584307,"sensors":[35,11,17,38],"power":[0.008610542694820192,0.020271967911580997,0.09913724087222017,0.01996599358428859]}
{"id": 7, "drone": 6, "position":(41.666666666666664,33.333333333333336,1.0), "time":0.13605439746137604,"sensors":[21,23,25,12,14,11,15,34,10],"power":[0.0013605439746137604,4.38150259852401E-5,1.3218246052722628E-5,1.6194630593570963E-5,5.538758978837809E-5,3.9178862632243364E-5,9.969705034660877E-6,1.367589612357839E-5,8.900636331833332E-6]}
{"id": 8, "drone": 6, "position":(41.666666666666664,8.333333333333334,1.0), "time":730.6089843867002,"sensors":[7,31,18,37,20,39,36,33],"power":[0.19172524355907467,0.15,0.1784056581406822,0.14360071979243516,0.22047900091769282,1.0016483052780172,0.09183065778629831,0.14521212430088648]}
{"id": 9, "drone": 4, "position":(25.0,41.666666666666664,3.0), "time":435.01078666597914,"sensors":[25,35,13,17,34],"power":[0.045997061223028476,0.19064826500685622,0.11090600420378585,0.030709768041977767,0.03269857824697552]}
{"id": 10, "drone": 4, "position":(16.666666666666668,25.0,1.0), "time":3.995556369293709,"sensors":[24,27,17,5,26,38,28,22],"power":[0.0010725138274223897,0.0015550209069898448,6.405539225551447E-4,5.609657092352299E-4,5.450419023765161E-4,3.64895943389616E-4,0.00851160545058265,5.774574778542895E-4]}
{"id": 11, "drone": 4, "position":(25.0,16.666666666666668,1.0), "time":106.03133436396749,"sensors":[1,4,18,37,24,36,0,9,17,26,38,28,22],"power":[0.030653739027255256,0.015596886539890805,0.01088203573176007,0.014552639808185823,0.03675401291072156,0.013470242919715466,0.014419582047137823,0.017177290377315402,0.009626171053729,0.02761577389131791,0.02247550361207208,0.011333579864393406,0.05847615890684373]}
{"id": 12, "drone": 5, "position":(8.333333333333334,8.333333333333334,1.0), "time":619.988816187839,"sensors":[2,16,0,30,26],"power":[0.42754892161581115,0.043930036529092456,0.056630850891744716,0.15,0.06591562015639787]}
{"id": 13, "drone": 5, "position":(33.333333333333336,33.333333333333336,1.0), "time":8.825659787545444,"sensors":[21,23,4,25,14,11,17,34,38],"power":[0.0019313693092545539,8.103857439294119E-4,0.0010468282629347429,0.001081890915517475,6.125574208906725E-4,0.04189140728508448,0.0017023507313200007,8.962967756205964E-4,0.0012405084401366914]}
{"id": 14, "drone": 5, "position":(33.333333333333336,25.0,1.0), "time":31.138916475256625,"sensors":[21,1,4,18,37,11,17,38],"power":[0.0027449227733189873,0.01257140108375244,0.07491960800817238,0.0031367939313279173,0.0034304910229768786,0.007830863697998174,0.0059953962186112325,0.020306204381604423]}
{"id": 15, "drone": 1, "position":(8.333333333333334,41.666666666666664,1.0), "time":755.5635432889522,"sensors":[3,8,19,6,29,5],"power":[0.3545851516881224,0.4012961843326161,0.599359329551369,0.15,0.2747645305400101,0.10934132816089996]}
{"id": 16, "drone": 1, "position":(25.0,8.333333333333334,1.0), "time":111.5309111078914,"sensors":[1,18,37,24,20,36,0,9,26,22],"power":[0.008146829141441008,0.009312704999370154,0.01222349025703234,0.012028250991981218,0.013814554844307575,0.04383268971857513,0.07549409565671607,0.35157788561233916,0.018127812304900594,0.0238409260700569]}
{"id": 17, "drone": 1, "position":(25.0,25.0,1.0), "time":34.06316919493467,"sensors":[1,4,24,11,17,26,38,28,22],"power":[0.00705961737124349,0.006846888828338213,0.00576006947397266,0.0028399143391024924,0.0335856752017169,0.002583197657024018,0.04124351537431352,0.005054841697210908,0.004053431578841354]}
{"id": 18, "drone": 2, "position":(16.666666666666668,41.666666666666664,1.0), "time":1.7888743548789847,"sensors":[3,8,19,35,13,29,5],"power":[1.2015597320166137E-4,2.1499095595962139E-4,4.807524523845181E-4,3.114417692741163E-4,3.426443291916386E-4,6.604653330557548E-4,1.4026590054937117E-4]}
{"id": 19, "drone": 2, "position":(25.0,25.0,5.0), "time":232.2111839162465,"sensors":[1,4,24,11,17,38,28,22],"power":[0.03571074279429935,0.03444079705537481,0.030022016880251124,0.015728362760654428,0.0830202757897403,0.08553440293831135,0.026015812676541347,0.021724183618859468]}
{"id": 20, "drone": 2, "position":(16.666666666666668,16.666666666666668,1.0), "time":22.219592656327563,"sensors":[2,24,0,27,26,28,22],"power":[0.004167386129341314,0.05649907767751925,0.0034554714044011995,0.00263087195587053,0.06267296438970799,0.008002844187913742,0.027152880686597523]}
