LP RESULTS :
 Obj = 0.1*lambda1+0.9*lambda2 = 139.9860801297262 (lambda1 = 1381.8608012972618, lambda2 = 2.0) Resol time = 171 ms

{"id": 0, "drone": 3, "position":(16.666666666666668,41.666666666666664,1.0), "time":162.7229583358577,"sensors":[39,18,26,36,11,10,23,30],"power":[0.030898099981677665,0.015998974487805708,0.03296602269843039,0.018320386890427857,0.02298826706271146,0.037609168915800406,0.2400790663244291,0.046183079370493735]}
{"id": 1, "drone": 3, "position":(41.666666666666664,41.666666666666664,1.0), "time":373.5979729839595,"sensors":[7,9,31,29,34,17,0,27,32,2,13,1,3],"power":[0.3808339729332903,0.03679790883319553,0.08977385838286098,0.312979291614695,0.11091547364008525,0.12071046316921548,0.09369382203200574,0.06262179611994068,0.03861311354025466,0.05346206379463078,0.09681169569246419,0.08094352957032412,0.2690563873252458]}
{"id": 2, "drone": 4, "position":(16.666666666666668,33.333333333333336,1.0), "time":529.3911071455827,"sensors":[4,18,26,36,11,10,14,23,21,30],"power":[0.04799169335398371,0.7587522348654906,0.0770739533444965,0.11959541156366181,0.8646006872865254,0.26170136849887415,0.048208010851103704,0.09376167300938708,0.11922746004744744,0.1284844883667402]}
{"id": 3, "drone": 4, "position":(25.0,33.333333333333336,1.0), "time":2.6839005275625283,"sensors":[39,4,18,36,11,9,31,10,14,21,27,32,1,16,30],"power":[2.623482899361742E-4,3.1240420748267027E-4,5.74391688581537E-4,0.02465212324904645,2.98383883170897E-4,5.497863973689538E-4,3.435464889367066E-4,1.7283631218654248E-4,0.002910987847235701,0.0012026967959097056,3.3375343786860547E-4,3.881319405306138E-4,3.613371750514336E-4,3.330303523316176E-4,0.0013521780292697402]}
{"id": 4, "drone": 2, "position":(41.666666666666664,16.666666666666668,1.0), "time":183.64114937920579,"sensors":[19,15,5,12,38,6,37],"power":[0.09013640200105691,0.050011034852354586,0.15965904955274282,0.024815834737342207,0.026752196249170312,0.01440407456083944,0.12789937785541913]}
{"id": 5, "drone": 2, "position":(25.0,16.666666666666668,1.0), "time":704.1343548058591,"sensors":[33,4,25,21,16],"power":[1.1643783056452768,0.2240529347180338,0.09541531360656076,0.07330918920554307,0.24228382449193772]}
{"id": 6, "drone": 1, "position":(8.333333333333334,16.666666666666668,1.0), "time":1356.1922948949907,"sensors":[35,20],"power":[0.19381647023791723,0.13861055242116657]}
{"id": 7, "drone": 1, "position":(25.0,41.666666666666664,1.0), "time":25.66850640227114,"sensors":[39,36,9,31,14,23,27,32,2,1,30],"power":[0.03789847307959138,0.0065658870677850435,0.002472797910751953,0.0034681785492640337,0.006380965165691957,0.0025996745823355072,0.0017886324621771072,0.01398098819581729,0.0016906640919096395,0.004088881074673824,0.025184960871439205]}
{"id": 8, "drone": 0, "position":(41.666666666666664,25.0,1.0), "time":520.4932054266533,"sensors":[9,15,27,5,12,37],"power":[0.05215576354717254,0.035858463387325665,0.05960917220131356,0.04366982056299211,0.1251841652626578,0.1590083128017921]}
{"id": 9, "drone": 0, "position":(33.333333333333336,41.666666666666664,2.0), "time":459.4172159568153,"sensors":[39,7,36,9,31,29,34,17,14,0,27,32,2,13,1,3,30],"power":[0.08094107864879477,0.03774913739126821,0.046530514804320515,0.09382224055019486,0.33596015357222214,0.039816469641851995,0.11034109373590195,0.029289536830784505,0.09250003613596863,0.061469026045538014,0.10897143151289096,0.56116392221325,0.09484727211345957,0.08620752781069731,0.4910789949214835,0.033490352475379355,0.053161604479869416]}
{"id": 10, "drone": 5, "position":(8.333333333333334,41.666666666666664,1.0), "time":664.0782294135502,"sensors":[22,26,28,11,10,24,23],"power":[0.218194342839672,1.5900108735853602,0.19363975363710825,0.06904147770948779,0.18959697828128194,0.15,0.3733865496018974]}
{"id": 11, "drone": 5, "position":(8.333333333333334,16.666666666666668,1.0), "time":2.6839005275626278,"sensors":[35,20],"power":[3.8356221951707075E-4,2.7430987196231E-4]}
{"id": 12, "drone": 6, "position":(8.333333333333334,25.0,1.0), "time":22.984605874708677,"sensors":[18,22,28,11,10,20],"power":[0.003195698691145893,0.001669963749791437,0.0017191886279436526,0.004402434250152712,0.002798185459514872,0.01111513770687112]}
{"id": 13, "drone": 6, "position":(41.666666666666664,8.333333333333334,1.0), "time":677.7264464914027,"sensors":[19,25,15,5,38,6,8,37],"power":[1.2729485940755048,0.07665936100563112,0.13423897179328645,0.4853572154312085,0.22488926262118067,0.1810240988262798,0.15,0.06607243228084671]}
