LP RESULTS :
 Obj = 0.1*lambda1+0.9*lambda2 = 134.55970906881987 (lambda1 = 1327.5970906881985, lambda2 = 2.0) Resol time = 5842 ms

{"id": 0, "drone": 0, "position":(41.666666666666664,33.333333333333336,1.0), "time":208.9154553619312,"sensors":[44,29,49,40,1,38,46,15,0,24,23],"power":[0.017487641107258423,0.11524470445174202,0.03621542051642128,0.023694650110909904,0.02834237368613927,0.014339660973270087,0.20172317997309747,0.01717086918399224,0.02153888231924471,0.03665892692878079,0.046660456078041576]}
{"id": 1, "drone": 0, "position":(16.666666666666668,41.666666666666664,1.0), "time":640.0051293789797,"sensors":[3,20,7,33,43,27,28,32,13,25,8,10,36,12],"power":[0.20615901547347307,0.07033064893353873,0.07970498167547463,1.7081890079421806,0.13185593570652826,0.17121360306236874,0.39670546793598915,0.4343583511518718,0.04481985420553946,0.1514697534588749,0.08424097560186002,1.148431763506469,0.39508265176655544,0.06323247778871098]}
{"id": 2, "drone": 4, "position":(33.333333333333336,41.666666666666664,1.0), "time":449.7864215705086,"sensors":[3,44,29,49,7,38,25,24,12,39],"power":[0.06432428672957684,3.828415721214257,0.0321953975897522,0.10560954558881903,0.041659727950207295,0.10335861397899372,0.08827936902901963,0.6244110992574733,0.26434003758888364,0.14534384052093657]}
{"id": 3, "drone": 3, "position":(41.666666666666664,41.666666666666664,2.0), "time":247.31790563574634,"sensors":[44,29,49,46,0,24,23,39],"power":[0.0519291019451369,0.08659575862347145,0.8361001943455532,0.04227662272020106,0.0846197905909583,0.04900501436818384,0.018374779190821495,0.03411366759406782]}
{"id": 4, "drone": 3, "position":(41.666666666666664,25.0,5.0), "time":752.6357810275966,"sensors":[6,40,1,46,15,23],"power":[0.0892027412675929,0.30121555009190726,0.14976282077807127,0.10109585279300762,0.1057949674255226,0.07592501452736292]}
{"id": 5, "drone": 6, "position":(8.333333333333334,25.0,1.0), "time":119.07759107578583,"sensors":[37,21,31,5,19,42,11,34,8,22],"power":[0.3377652074213604,0.10446964498643947,0.0218557586356568,0.011829675051984099,0.017884775028324806,0.03963175370095456,0.013435372328099144,0.009153054518355692,0.026750146263685715,0.019471813811824192]}
{"id": 6, "drone": 6, "position":(25.0,16.666666666666668,1.0), "time":301.02291616701535,"sensors":[48,30,31,41,18,14,15,16,9,45,22],"power":[0.15370068478844898,0.03384464002223646,0.04547747194581203,0.04207254594452055,0.27765704270396097,0.04851499997250243,0.03271848600682116,0.060879343479239595,0.20534703220880632,0.11623725625683963,0.0438209181253952]}
{"id": 7, "drone": 9, "position":(8.333333333333334,41.666666666666664,1.0), "time":413.5880656287721,"sensors":[20,33,5,42,11,27,28,32,13,8,10,36],"power":[0.6249426905636927,0.05400481640311182,0.09797019125334101,0.0332193429418392,0.07495572262105717,2.9143528076485943,0.18933837845875456,0.06367330672336351,0.10518014579446053,0.05978465442668507,0.06704267556997517,0.25111906350890845]}
{"id": 8, "drone": 9, "position":(16.666666666666668,16.666666666666668,1.0), "time":1.5481796249240887,"sensors":[37,48,30,31,18,19,14,9,45,22],"power":[2.483826938949475E-4,1.339266519020712E-4,1.128971785921532E-4,0.002899925315966967,1.706041892867305E-4,2.8127612613190327E-4,0.0015820518619938774,2.291631606366519E-4,2.6486787502362144E-4,0.004522819636414179]}
{"id": 9, "drone": 5, "position":(25.0,25.0,1.0), "time":29.79140777947562,"sensors":[48,31,41,18,38,15,9,45,22],"power":[0.019045315367829288,0.003330209227320478,0.10792745405547945,0.0026944518946323335,0.0036933530596174437,0.007470634577825184,0.002046076508225554,0.067644567195592,0.0026103551116127997]}
{"id": 10, "drone": 7, "position":(25.0,41.666666666666664,1.0), "time":119.07759107578556,"sensors":[3,44,7,33,38,43,28,32,25,24,10,36,12,39],"power":[0.38794173977182184,0.024953294668110835,0.028635290374318067,0.04200072046960628,0.031186099367740524,0.01814406429347176,0.009633909593375749,0.020432343909187863,1.1907759107578557,0.020005221029077105,0.028057447717764302,0.009153613274908436,0.1749312237980015,0.013704409250733745]}
{"id": 11, "drone": 7, "position":(25.0,8.333333333333334,1.0), "time":148.86899885526145,"sensors":[48,30,18,14,16,9],"power":[0.010052192914004367,0.2466457366074341,0.07309305817568865,0.022433740746403072,0.04696002703604461,0.17943809950743736]}
{"id": 12, "drone": 1, "position":(8.333333333333334,16.666666666666668,1.0), "time":81.84369528015557,"sensors":[37,21,31,19,14,34,22],"power":[0.021681546352174334,0.01130585894698445,0.020734289114593865,0.331671387782915,0.01650079489863431,0.02142959328337025,0.024561095620221345]}
{"id": 13, "drone": 1, "position":(8.333333333333334,33.333333333333336,1.0), "time":154.92630460466114,"sensors":[37,20,21,33,5,42,11,27,28,32,8,36],"power":[0.024689431315585764,0.0403431210447025,0.03422449606657607,0.011490210554850491,0.06668956556045098,0.07714890335720623,0.06160890505084368,0.03093042788732558,0.012906529552528113,0.026753836708089868,0.17618389774031104,0.015008750570150138]}
{"id": 14, "drone": 8, "position":(41.666666666666664,8.333333333333334,1.0), "time":462.2371153650779,"sensors":[6,2,4,26,16],"power":[0.0626602561562968,0.17699798502438013,2.648411408484553,0.15,0.05869409404607709]}
{"id": 15, "drone": 2, "position":(41.666666666666664,41.666666666666664,1.0), "time":118.72794866292458,"sensors":[44,29,49,46,0,24,12,23,39],"power":[0.02563001100981028,0.044959971103737735,0.8049278870911032,0.0209729024270852,0.04384132708979699,0.024710446448680947,0.007574721899510493,0.009039750203773992,0.017485329721488547]}
{"id": 16, "drone": 2, "position":(8.333333333333334,8.333333333333334,1.0), "time":794.3133007608419,"sensors":[35,31,19,14,34,17,47,22],"power":[0.15,0.05570234576064985,0.24842016053593913,0.15371455301839287,0.13002134990701053,0.20185779717418037,0.23362941767283496,0.07319017291614777]}
