LP RESULTS :
 Obj = 0.1*lambda1+0.9*lambda2 = 132.01937482998687 (lambda1 = 1302.1937482998685, lambda2 = 2.0) Resol time = 6744 ms

{"id": 0, "drone": 7, "position":(8.333333333333334,33.333333333333336,1.0), "time":528.1487698471309,"sensors":[27,29,48,31,34,38,11,16,37],"power":[0.05543194851467004,0.138584976454131,0.058839479578552865,0.04888293963147125,0.05134522399804851,0.05215178405896237,0.0414971538650923,0.637059876269112,0.12736154456561954]}
{"id": 1, "drone": 7, "position":(25.0,25.0,4.0), "time":231.47279990463528,"sensors":[3,5,42,36,31,18,6,2,12,46],"power":[0.07426311208107467,0.037735071579074,0.038578812100693416,0.09396809316695512,0.03904750011128115,0.04308454648927799,0.03491435142670909,0.029017855866019147,0.2283120051703391,0.019061191940400356]}
{"id": 2, "drone": 1, "position":(41.666666666666664,33.333333333333336,1.0), "time":800.4646996994325,"sensors":[33,10,21,47,4,43,18,0,40,2,32,46,1],"power":[0.09748767384599277,0.10716516680609621,0.9050235528152042,0.08648749824635484,0.32047985681193314,0.08596564053237918,0.08839333131542193,0.2158684146764761,0.2009275497936174,0.0679712465329452,0.23076480401367205,0.23673771156855947,0.07491907386297593]}
{"id": 3, "drone": 1, "position":(41.666666666666664,16.666666666666668,2.0), "time":270.3324441046002,"sensors":[33,45,49,10,42,24,43,8,13,44],"power":[0.0399256192806786,0.017427059758024686,0.09747496417740706,0.02458257581833193,0.038706550731010925,0.03980005365669801,0.12499558259282333,0.03477799862911695,1.0925157410417417,0.03177464603103555]}
{"id": 4, "drone": 2, "position":(41.666666666666664,8.333333333333334,1.0), "time":254.38242321729976,"sensors":[45,49,26,24,20,8,23,13,44],"power":[0.13063934457310616,0.27234106226483173,0.017384267980818505,0.13638784908189244,0.042640034473778544,0.5191234762779602,0.01784288838027271,0.053150956354868384,0.025998693369592485]}
{"id": 5, "drone": 2, "position":(41.666666666666664,41.666666666666664,1.0), "time":268.26494958845774,"sensors":[41,21,47,7,4,0,40,32,1],"power":[0.02218263922285472,0.02699517810718003,0.06351250175364515,0.03532413043655674,0.046790928013224715,1.480951899650571,0.05534892122049595,0.1640185183056106,0.1889711790392786]}
{"id": 6, "drone": 3, "position":(25.0,8.333333333333334,1.0), "time":699.1712040080942,"sensors":[3,5,9,26,39,20,6,23,44],"power":[0.05282752968484795,0.15410842797516425,0.32514961119114044,0.35466388304557483,0.1493611281043717,0.10220917248964063,0.15222539261251755,0.20747253270625085,0.15694097539474663]}
{"id": 7, "drone": 3, "position":(33.333333333333336,25.0,1.0), "time":32.444459764862735,"sensors":[3,5,21,42,36,4,43,18,6,2,13,44,12,46],"power":[0.00283102111440419,0.003880489844761835,0.007455013926030179,0.05158798210791281,0.004611026651738565,0.005092231482736706,0.006220227786645245,0.010472158682376375,0.00424123150742373,0.005296525788860655,0.00319128546061665,0.003351282541759853,0.0066871301091755864,0.02012537612955485]}
{"id": 8, "drone": 4, "position":(25.0,41.666666666666664,1.0), "time":12.488603709256097,"sensors":[28,41,36,7,4,31,18,2,32],"power":[0.02944165943637568,0.008931614130394,0.0010823332419879776,0.00328136481712316,8.685393642783874E-4,0.0015695655203979552,0.0011037259179043533,0.0023845184912423376,9.5088572698006E-4]}
{"id": 9, "drone": 4, "position":(16.666666666666668,41.666666666666664,1.0), "time":467.4274006179803,"sensors":[28,41,48,31,34,38,35],"power":[0.10091026166075327,0.03450677774590084,0.04816134937391194,0.06666384520779398,0.07616240713674582,0.066507001907467,0.1009838306748739]}
{"id": 10, "drone": 0, "position":(33.333333333333336,8.333333333333334,1.0), "time":9.071067521189258,"sensors":[45,49,5,9,42,26,39,20,6,8,23,13,44],"power":[0.0019335956688691527,0.0010130026644159808,0.001245152725884362,0.0015125394872572435,5.735464832671187E-4,0.004234797896954508,6.38871895628328E-4,0.005150793036580813,0.0014023884974685304,0.0029556957420478216,0.003204342803117231,8.050150422895573E-4,0.004302386799890861]}
{"id": 11, "drone": 0, "position":(8.333333333333334,41.666666666666664,1.0), "time":188.7354779302259,"sensors":[29,48,34,38,35,16,37],"power":[0.01987047989015915,0.20971714116880574,0.2624070316972794,0.2528280475128531,0.04901616932512573,0.01749251183142441,0.017019967749572245]}
{"id": 12, "drone": 8, "position":(25.0,33.333333333333336,1.0), "time":22.58981729732596,"sensors":[3,28,41,36,7,4,31,18,2,12,46],"power":[0.001570651351721836,0.0027668163558719674,0.0028092463090754,0.021489542146206398,0.001426748652584699,0.0028074721717342467,0.013291550695361408,0.008649190243798835,0.01751310284053422,0.003988565394450473,0.002069318401400691]}
{"id": 13, "drone": 8, "position":(8.333333333333334,25.0,1.0), "time":45.15955465035222,"sensors":[27,29,14,22,11,16,37,30],"power":[0.04337988716010583,0.005424198803172164,0.006037882676289833,0.010577602390538999,0.023607496686407888,0.029698786103388542,0.005618487684808067,0.004321847524419288]}
{"id": 14, "drone": 9, "position":(8.333333333333334,8.333333333333334,1.0), "time":716.8842477773567,"sensors":[17,14,19,15,25,30],"power":[0.18394696915188102,0.11168402024574264,0.15,0.4232521651978643,0.18672098183739222,0.2966631579841482]}
{"id": 15, "drone": 9, "position":(33.333333333333336,33.333333333333336,1.0), "time":3.274207239717054,"sensors":[41,21,42,36,7,4,31,18,0,2,32,12,46,1],"power":[4.241532533518299E-4,9.986920954300894E-4,3.400688557856936E-4,4.824689817474558E-4,3.1564918091084526E-4,0.006834982498331398,2.2385597140340847E-4,0.003986397202351701,4.233649589319627E-4,0.0034140232838706496,9.449246370813243E-4,2.660294776075085E-4,0.0017353594062762307,2.6987996977636365E-4]}
{"id": 16, "drone": 6, "position":(25.0,25.0,1.0), "time":36.792149683822345,"sensors":[3,5,42,36,31,18,6,11,2,44,12,46],"power":[0.018507685767951334,0.007097291674310655,0.007255253973312651,0.028366535811364484,0.007449458822130724,0.008336595744888148,0.006694952112212144,0.0023556703478053113,0.00533522835935572,0.002674337728386319,0.27623842176931457,0.0034320820872737715]}
{"id": 17, "drone": 6, "position":(41.666666666666664,25.0,1.0), "time":69.86937701045042,"sensors":[33,10,21,42,4,43,18,40,13,46],"power":[0.02561475050809109,0.018252257375571852,0.029028620123669652,0.012957785748017333,0.007842796207279535,0.12278297879777755,0.005469919133822198,0.004467297359030786,0.015978044590734077,0.02159902337800873]}
{"id": 18, "drone": 5, "position":(33.333333333333336,41.666666666666664,1.0), "time":92.79763399036584,"sensors":[28,41,21,7,4,18,0,2,32,46,1],"power":[0.016881262546999617,0.08399586965918054,0.00688378854645324,0.11107885556540922,0.023948879755122707,0.010807728772045808,0.023455951492454254,0.019067498837172115,0.05698249073331796,0.006430556819495237,0.039747495382111774]}
{"id": 19, "drone": 5, "position":(8.333333333333334,16.666666666666668,1.0), "time":540.1499458721595,"sensors":[27,17,14,15,22,11,16,30],"power":[0.21865330601178862,0.07715634948838856,0.22191434941489396,0.040255469805291204,0.13942239760946099,0.20889988531299214,0.03828494517669406,0.46653120392055997]}
