LP RESULTS :
 Obj = 0.1*lambda1+0.9*lambda2 = 132.61308244270197 (lambda1 = 1317.1308244270197, lambda2 = 1.0) Resol time = 197 ms

{"id": 0, "drone": 2, "position":(41.666666666666664,33.333333333333336,1.0), "time":603.5630708044747,"sensors":[9,47,33,32,48,10,25,37,18,21],"power":[0.10531449098212457,0.2234743566455454,0.060119215455791145,0.1522464090695307,0.21303837290065503,0.06429609601209191,0.7598136749284787,0.9063075970594681,0.10421360805920936,0.08554262194228382]}
{"id": 1, "drone": 0, "position":(41.666666666666664,8.333333333333334,1.0), "time":845.1522630759569,"sensors":[40,27,28,7,43,4,46,45,6,22,11],"power":[0.1307455978954358,0.6353161377373931,0.17485082086387807,0.28727543272061823,0.26355158443478216,0.15387582151600626,0.7100938178866535,0.14801297402083347,0.0860648147740675,0.1391692770091941,0.10235482484557548]}
{"id": 2, "drone": 4, "position":(8.333333333333334,25.0,1.0), "time":480.4912299358025,"sensors":[38,14,16,15,36,24,39,1,34,8,23,26,2],"power":[0.0549057822809296,0.32529426104828735,0.3503171894283107,0.15,0.031484576855857684,0.21562484142552882,0.08171715303378449,0.07046205247138033,0.1306647511858328,0.06632029062836367,0.06632414213025331,0.04466849434408311,0.79557184000004]}
{"id": 3, "drone": 8, "position":(8.333333333333334,41.666666666666664,1.0), "time":836.6395944912172,"sensors":[14,5,0,31,24,39,17],"power":[0.06329110998895628,0.15,0.21973062602521298,0.2819073215049067,0.09013798258430562,0.07058229180783157,2.7495302639401333]}
{"id": 4, "drone": 7, "position":(41.666666666666664,25.0,1.0), "time":253.6648853961642,"sensors":[40,9,47,28,32,48,10,25,37,46,21,6,22],"power":[0.05497649392630911,0.04468550901787544,0.03520606660964379,0.05570106149278172,0.4927948059018893,0.03563303776862688,0.12652011190484622,0.15602897602898907,0.08739975912200497,0.021377756443630856,0.06445737805771617,0.07582662318799997,0.054649101718256536]}
{"id": 5, "drone": 6, "position":(8.333333333333334,8.333333333333334,1.0), "time":364.6610331401543,"sensors":[12,30,16,20,36,34,26],"power":[0.09453105445993774,0.15,0.026364886787155234,0.8374360890573935,0.07838904412249681,0.04204660345057967,0.13361953775728053]}
{"id": 6, "drone": 1, "position":(33.333333333333336,41.666666666666664,1.0), "time":459.90286822638075,"sensors":[49,47,33,37,35,18,42],"power":[0.49872739668583654,0.08859927612063176,4.599028682263808,0.04031989165995686,0.05307227972803471,0.9929927471927266,0.034863354173214824]}
{"id": 7, "drone": 9, "position":(25.0,25.0,2.0), "time":360.2138185507429,"sensors":[38,29,41,1,8,23,44,42,19,3],"power":[0.1061836615404883,0.10340062810682203,0.040140012113399424,0.09494913304190741,0.11225140195640264,0.05343629296871171,0.03435438996340041,0.12427989968396093,0.09823958838350909,0.12391047596804834]}
{"id": 8, "drone": 5, "position":(16.666666666666668,41.666666666666664,1.0), "time":480.4912299358025,"sensors":[31,17,35],"power":[0.18825023790142315,0.12195220852300091,0.13730213997463198]}
{"id": 9, "drone": 3, "position":(25.0,8.333333333333334,1.0), "time":471.97856135106287,"sensors":[12,27,36,29,41,4,13,45,23,11,44,19,3],"power":[0.08300296904651529,0.03296995560103806,0.051208706272711145,0.07395490810665999,0.1344796852236061,0.035348806260139864,0.15745427036004286,0.04770192993216689,0.030239564901034972,0.1358094829321949,0.19550500993515574,0.051830139770557816,0.061752749767596225]}
