LP RESULTS :
 Obj = 0.1*lambda1+0.9*lambda2 = 138.94639585638708 (lambda1 = 1371.4639585638706, lambda2 = 2.0) Resol time = 10740 ms

{"id": 0, "drone": 0, "position":(33.333333333333336,33.333333333333336,1.0), "time":69.92925357977902,"sensors":[35,9,18,30,25,14,5,39,4,24,40],"power":[0.011598245473826376,0.007969245597488125,0.023968758204494574,0.044853138393811304,0.020323182352772237,0.004418358380156234,0.015643710208011797,0.018251785902566594,0.009428255524881681,0.005399408477217879,0.010584406229202743]}
{"id": 1, "drone": 0, "position":(16.666666666666668,41.666666666666664,1.0), "time":379.42712697981415,"sensors":[0,29,22,26,34,41,31,16,6,46,36,5,45,40],"power":[0.0845183440324223,0.22537460088703176,0.044412138269729826,0.0903380398107643,0.20740456596004048,0.04000860189721339,0.08360341635888562,3.7942712697981413,0.4435830337709386,0.05639427958251969,0.15041093574146835,0.05254368954982493,0.029986791136139303,0.028283385246504793]}
{"id": 2, "drone": 4, "position":(8.333333333333334,16.666666666666668,1.0), "time":292.60070568028334,"sensors":[28,42,49,8,27,20,47,11,1],"power":[0.06776841824277571,0.08656602200510381,0.10891825021150778,0.07209047780957367,2.2562359919768906,0.06747089873601896,0.5645155302497833,0.022608114053590443,0.03559947624418615]}
{"id": 3, "drone": 4, "position":(8.333333333333334,41.666666666666664,1.0), "time":613.938710097013,"sensors":[0,29,22,26,34,32,41,3,16,12,6,46,11,36,44,13,48,45],"power":[0.06204034594268712,0.04067253159631741,0.904262554603355,0.12084691983495233,0.04725919694060376,0.1443879215611968,0.17875246069061115,0.19438619099548324,0.1417905167215282,0.15,0.29430393541234884,2.1326959708702633,0.03912211642378816,0.500537379424253,0.10067425197430797,0.06433895727241691,0.1895124614955354,0.2183241374439719]}
{"id": 4, "drone": 2, "position":(41.666666666666664,41.666666666666664,1.0), "time":804.6055649759734,"sensors":[9,33,25,14,7,37,4],"power":[0.13938878519982695,0.15,0.2763302992857377,0.0909187838517889,1.3693333267466388,0.15323831018675538,1.7614819275926163]}
{"id": 5, "drone": 2, "position":(8.333333333333334,25.0,1.0), "time":33.83809530654253,"sensors":[28,42,49,26,8,27,32,20,47,11,44,1,13],"power":[0.016526585453465182,0.006109467524703074,0.006900665026441887,0.004216367844825427,0.02775511976235551,0.006042431016836899,0.003679508482776543,0.010490989983743535,0.0037534068597099212,0.01589579901492984,0.009333416690360127,0.0023495686748712897,0.0036105698115980293]}
{"id": 6, "drone": 9, "position":(8.333333333333334,8.333333333333334,1.0), "time":1045.0251575770449,"sensors":[42,49,27,23,47],"power":[0.08848984095795678,0.09571054681321194,0.27639571184782763,0.3979900955638116,0.479937461239169]}
{"id": 7, "drone": 1, "position":(25.0,8.333333333333334,1.0), "time":502.97335796474704,"sensors":[38,21,1,2,43],"power":[0.058973052648621946,0.18779873755131465,0.060889462336404236,0.05319460527789785,0.15]}
{"id": 8, "drone": 3, "position":(41.666666666666664,16.666666666666668,1.0), "time":405.1167345951984,"sensors":[17,10,35,19,38,15,39,24],"power":[0.03870753597689246,0.09958226797996249,0.06169835289318491,0.2755170375669293,0.03282837098353104,0.047322847892969505,0.045530931591336476,0.09319708238822466]}
{"id": 9, "drone": 3, "position":(8.333333333333334,33.333333333333336,1.0), "time":344.26002618050074,"sensors":[28,22,26,8,32,3,16,20,6,46,11,36,44,13,48],"power":[0.036084947819245095,0.04181634976714006,0.18615118535318773,0.04145581538496451,0.19274842883873713,0.10199127219700566,0.03717696410680666,0.025874905844027,0.03588675254103358,0.056416972098245,0.1295948877306045,0.12511021917518098,1.3304682984469949,0.08205047291598505,0.051791454923960444]}
{"id": 10, "drone": 8, "position":(41.666666666666664,8.333333333333334,1.0), "time":216.4470842831086,"sensors":[17,19,15],"power":[0.11129246402310754,0.01635266150052422,0.2240086022640704]}
{"id": 11, "drone": 8, "position":(33.333333333333336,41.666666666666664,1.0), "time":344.26002618050035,"sensors":[29,34,30,31,25,14,7,5,4],"power":[0.03412136562099593,0.02313996989841412,0.02626902239053155,0.043288062157326876,0.061512506778161516,0.1789004316043906,0.038453383826794606,0.07153833812659025,0.14573508946192004]}
{"id": 12, "drone": 5, "position":(25.0,25.0,4.0), "time":463.3738660039252,"sensors":[28,35,8,18,30,38,20,1,5,39,2,40],"power":[0.03711325207347419,0.06026088581526933,0.02945150755143505,0.11574197781826503,0.04171779936334687,0.09081682257576934,0.04616320543621048,0.0639351478288763,0.0335007249733513,0.041510338791335005,0.14700955005434327,0.13015431844896597]}
{"id": 13, "drone": 6, "position":(25.0,41.666666666666664,1.0), "time":33.838095306543245,"sensors":[0,29,34,31,16,6,14,5,40],"power":[0.0034413100248905657,0.04849333346899644,0.016116760533479414,0.02310852148378751,0.006931992730778852,0.0033095669674511807,0.007062206344481565,0.024828092620360974,0.004163448647361776]}
{"id": 14, "drone": 6, "position":(41.666666666666664,25.0,3.0), "time":152.66911382761782,"sensors":[10,35,9,18,30,19,25,39,24],"power":[0.05041773202003749,0.03899725669464662,0.029939993758182536,0.017316131652207432,0.03716003985231015,0.08698858792622265,0.018505483394772673,0.0555254063789578,0.27712928918254587]}
