LP RESULTS :
 Obj = 0.1*lambda1+0.9*lambda2 = 139.42832948993055 (lambda1 = 1376.2832948993052, lambda2 = 2.0) Resol time = 3292 ms

{"id": 0, "drone": 7, "position":(41.666666666666664,33.333333333333336,1.0), "time":658.5182655825146,"sensors":[1,9,33,32,31,19,5,21,6,44,14,40,38,35,30,49],"power":[0.15747887925733184,0.30428142465114993,0.16646853057760722,0.10619032533931007,1.2558378688222804,0.11426002880013193,0.2394466615988985,0.12954437062135704,0.136926958447458,0.11463727575765724,0.042038759592541,0.20111844364623274,0.2766688362175974,0.15327700960266244,0.14864912147508713,0.8167465051316758]}
{"id": 1, "drone": 7, "position":(25.0,41.666666666666664,2.0), "time":221.22977554447093,"sensors":[1,11,4,22,23,48,24],"power":[0.017927863008914607,0.05431621254985406,0.022862929257600244,0.1067744689109694,0.08565917821503567,0.05322453471827042,0.014848326146940167]}
{"id": 2, "drone": 9, "position":(41.666666666666664,25.0,4.0), "time":102.33892043225558,"sensors":[9,33,32,31,19,5,18,21,44,14,40,38,35,47,16,41,30,49],"power":[0.010002610542208263,0.007677737979269228,0.03373871052879349,0.014236328685795717,0.02857240472182554,0.00661570840445591,0.012248651636852945,0.02045562937864295,0.015291198976285043,0.009927980964351714,0.032752246708959536,0.007421814011421042,0.008306097015955667,0.006460791871636684,0.012816170994754978,0.01614996551643371,0.03673995880206671,0.008075805896984659]}
{"id": 3, "drone": 9, "position":(16.666666666666668,25.0,2.0), "time":568.6300070905747,"sensors":[11,45,25,4,26],"power":[0.06417808532503205,0.12241108413189829,1.1060499383360578,0.10670647129801221,0.07484287225565621]}
{"id": 4, "drone": 1, "position":(33.333333333333336,41.666666666666664,1.0), "time":399.22666666307043,"sensors":[1,9,31,44,22,23,48,24,49],"power":[0.3453138431063006,0.10293013603492433,0.07103486779419584,0.031092131405764417,0.049018924969605186,0.9560319348424432,0.026921832707681385,0.11373428523004898,0.06955040396585933]}
{"id": 5, "drone": 1, "position":(33.333333333333336,25.0,1.0), "time":34.03342756659793,"sensors":[9,31,19,4,44,14,26,40,46,47,41,30],"power":[0.005148223072079941,0.004010337512514057,0.07573032510916113,0.003888142793312071,0.030769865459734515,0.05901166894788448,0.012361235194437364,0.019759222677207484,0.0023519747634970323,0.0051184740258249225,0.009010411432684995,0.034048755623940906]}
{"id": 6, "drone": 2, "position":(41.666666666666664,41.666666666666664,2.0), "time":97.30858710924939,"sensors":[1,9,33,31,5,6,23,38,35,24,49],"power":[0.05364410315929334,0.018450160288514383,0.013765197501568783,0.022776652458243334,0.02846788566857171,0.017651894399116092,0.011405560239286081,0.025549063645451533,0.010676034428903343,0.021417388623010857,0.05700243622437554]}
{"id": 7, "drone": 2, "position":(8.333333333333334,25.0,1.0), "time":527.9686129415379,"sensors":[20,45,29,25,36],"power":[0.07014637206534036,1.7737472325486623,0.14999999999999997,0.12752670648265535,0.06475688368808871]}
{"id": 8, "drone": 0, "position":(25.0,8.333333333333334,1.0), "time":102.33892043225592,"sensors":[13,15,27,8,37,42,46,17,47,28,10,0],"power":[0.008566868754522285,0.07316640551746685,0.01352993925026141,0.006774260793367476,0.023733981021787576,0.02999792720293258,0.008889297478669593,0.040186602219691205,0.012840372309859984,0.03822931209564777,0.01872616062403934,0.009263040080018924]}
{"id": 9, "drone": 0, "position":(33.333333333333336,8.333333333333334,1.0), "time":526.8190362839855,"sensors":[13,15,27,8,37,12,46,47,28,10,41],"power":[0.16339898925261526,0.19868736795701855,0.29844760471409076,0.11134043113948815,0.12626601897821244,0.15233262483345528,0.2937713987426959,0.16493926848755644,0.13624664865790742,0.14480256951938522,0.0797869854786224]}
{"id": 10, "drone": 3, "position":(41.666666666666664,16.666666666666668,1.0), "time":484.08409420868827,"sensors":[32,19,18,40,12,46,47,16,41,30],"power":[0.07390142658514458,0.05377736021266097,0.1197029903214348,0.04260451064890862,0.038020329982923325,0.14845846596258622,0.10089498448364022,0.13736096992253338,0.19557028435447144,0.05880988040424651]}
{"id": 11, "drone": 3, "position":(16.666666666666668,41.666666666666664,3.0), "time":34.03342756659805,"sensors":[34,11,22,7,48],"power":[0.005168405010311341,0.007012561219643204,0.0062788893181206385,0.010105812368712832,0.005465488582875446]}
{"id": 12, "drone": 4, "position":(25.0,33.333333333333336,4.0), "time":84.85742754561784,"sensors":[11,9,25,4,44,14,26,22,23],"power":[0.036452772863216076,0.007763405851037318,0.008104202677459128,0.04906590614845873,0.0124692684398025,0.013281642555692535,0.015649873664565977,0.043989334533880736,0.009891784654796582]}
{"id": 13, "drone": 4, "position":(8.333333333333334,41.666666666666664,1.0), "time":362.2673405417549,"sensors":[34,43,7],"power":[1.60699091071387,0.15,0.5242491256228672]}
{"id": 14, "drone": 8, "position":(8.333333333333334,8.333333333333334,1.0), "time":823.8912030266699,"sensors":[20,2,39,36,3,42,17,0],"power":[0.08389758211207356,1.107136135197272,3.793787853368102,0.2561628179094628,2.8065259853907034,0.11605665252944339,0.08418965245525907,0.5729104427002037]}
{"id": 15, "drone": 8, "position":(25.0,25.0,5.0), "time":97.30858710924895,"sensors":[11,25,19,4,44,14,26,40,22,30],"power":[0.00923968386520524,0.012362641866800519,0.009449443978032613,0.026098854845090287,0.012791822403581428,0.02573994793952998,0.04714601888534054,0.006178254345353711,0.007571619004683367,0.00678188606549709]}
{"id": 16, "drone": 5, "position":(16.666666666666668,8.333333333333334,1.0), "time":24.423478931097563,"sensors":[2,39,15,36,3,42,17,28,0],"power":[0.0025236104528192525,0.007564584344187472,0.0021789849205232116,0.0019629514386718242,0.003505583845077489,0.047686205572605694,0.025623745325049713,0.0020619007320626607,0.02562082494889495]}
{"id": 17, "drone": 6, "position":(41.666666666666664,8.333333333333334,1.0), "time":229.00781640777745,"sensors":[13,18,27,8,12,46,47,10,16,41],"power":[0.04392159998041766,0.01804835804171226,0.04426997431823643,0.03188530806714437,0.15126729510597206,0.07570111215267088,0.028299240196021116,0.018049343911315237,0.021191975730063903,0.02480682959756689]}
{"id": 18, "drone": 6, "position":(16.666666666666668,41.666666666666664,1.0), "time":370.2240700427948,"sensors":[34,11,4,22,7,48],"power":[0.06347215160366917,0.08663131378679133,0.02500586293322403,0.07445147639480443,0.1283990305377943,0.06438814399117275]}
