LP RESULTS :
 Obj = 0.1*lambda1+0.9*lambda2 = 108.78337021232326 (lambda1 = 1069.8337021232326, lambda2 = 2.0) Resol time = 6911 ms

{"id": 0, "drone": 1, "position":(8.333333333333334,41.666666666666664,4.0), "time":42.08612440846605,"sensors":[41,1,14,18,28,16],"power":[0.010651006301059187,0.028699077295393765,0.006509244660309894,0.0034740002169827175,0.010612049684508115,0.017963030633830437]}
{"id": 1, "drone": 1, "position":(25.0,25.0,2.0), "time":177.55402038808123,"sensors":[22,47,43,20,27,23,34,4,12,40,9],"power":[0.04850935290433917,0.02761969042214646,0.014513037560855927,0.04755723985745774,0.015823322391507598,0.04389237306506872,0.10967072789065048,0.012525258094530586,0.027372141457033764,0.03792267774696425,0.030828831793003154]}
{"id": 2, "drone": 2, "position":(41.666666666666664,25.0,1.0), "time":618.2513851561348,"sensors":[22,47,36,46,17,27,30,40,9],"power":[0.10341056228362287,0.10421164206690411,0.506371684360881,0.2627524200230885,1.8166160951981964,0.190525328765794,0.8147440478932368,0.12205486006936589,0.12671944192405502]}
{"id": 3, "drone": 4, "position":(33.333333333333336,41.666666666666664,1.0), "time":721.8819078898018,"sensors":[29,2,43,19,45,33,38],"power":[0.2296624092236334,5.292672847606146,0.17502621384829878,0.05441465004546178,0.15,0.05816750560714909,0.4288008427503942]}
{"id": 4, "drone": 0, "position":(25.0,8.333333333333334,1.0), "time":444.38242563343454,"sensors":[37,11,39,23,7,15],"power":[1.2703390943449817,0.2962040660619399,0.09329734927467645,0.04158493343937925,0.13156554826847805,0.2608792022582481]}
{"id": 5, "drone": 3, "position":(16.666666666666668,16.666666666666668,1.0), "time":89.64210411898398,"sensors":[24,37,8,20,11,23,10,6,25,4,48,13,5,12,3],"power":[0.013769797868214301,0.008016593180765743,0.007868000041478458,0.008410388236334703,0.015442995586843866,0.07497143919303584,0.024745088201266606,0.010939166174007605,0.010351316289176302,0.008274711534663234,0.029771131229175837,0.013928830722606962,0.006392961034742936,0.11345246607107637,0.011598151061020993]}
{"id": 6, "drone": 3, "position":(8.333333333333334,41.666666666666664,1.0), "time":857.349803869417,"sensors":[41,1,14,18,42,28,31,16,21],"power":[0.27946637403011526,1.8533284376831645,0.15483230985747962,0.08115331721112908,0.0564110092980119,0.27031021433691554,0.05942827066721649,0.7567432058955692,0.056352889270108446]}
{"id": 7, "drone": 6, "position":(41.666666666666664,8.333333333333334,1.0), "time":625.4512764897981,"sensors":[35,39,26,0,44],"power":[1.2027350731666895,0.12018267048276823,0.15,0.15494210937267813,0.26373295430889715]}
{"id": 8, "drone": 6, "position":(16.666666666666668,41.666666666666664,1.0), "time":170.39777384534952,"sensors":[43,20,1,14,18,28,38,16],"power":[0.018948519340359207,0.010988581673824913,0.059486450630606875,1.418257736807612,0.06537268257188819,0.011529580793975161,0.015283271355601542,0.03294537516544917]}
{"id": 9, "drone": 5, "position":(16.666666666666668,8.333333333333334,1.0), "time":76.52616276328786,"sensors":[24,37,8,11,23,10,6,7,15,48,13,12,3],"power":[0.008583498858596123,0.01105445064143614,0.026710081728249624,0.09227265937575939,0.008099954542838779,0.008010983182077873,0.005106641003139027,0.018434451731521948,0.017468634662591426,0.016449905544896337,0.011847637719776353,0.0069780070084080005,0.006332265652604393]}
{"id": 10, "drone": 5, "position":(41.666666666666664,41.666666666666664,3.0), "time":170.39777384534796,"sensors":[29,2,36,46,19,33],"power":[0.012684946393108201,0.03605577470116506,0.013261945897714202,0.012601592917686076,0.06605047788698405,0.042299822256260444]}
{"id": 11, "drone": 9, "position":(8.333333333333334,25.0,1.0), "time":144.20383466279304,"sensors":[24,49,41,20,23,10,6,25,42,4,48,13,5,12,31,3,21],"power":[0.017152534249739976,0.2449644576502832,0.01050150566660516,0.017044659050020384,0.009579733302533403,0.03654837719609605,0.025127211985874157,0.09712489871040465,0.20876526482618965,0.09458597253492677,0.01703332654745569,0.011887467984795941,0.2780627064203164,0.024398744636024393,0.2015209553909452,0.020453732005327886,0.16316947013542848]}
{"id": 12, "drone": 9, "position":(41.666666666666664,41.666666666666664,1.0), "time":177.5540203880828,"sensors":[29,2,36,46,19,33,38],"power":[0.014559324843485167,0.04072965405871831,0.014779541233920262,0.014259103868268844,0.09299013134332183,0.04953267213659047,0.012209318410335443]}
{"id": 13, "drone": 8, "position":(8.333333333333334,16.666666666666668,1.0), "time":2.5221178848216397,"sensors":[32,24,49,8,23,10,6,25,42,4,48,13,5,12,31,3,21],"power":[3.5778380786658713E-4,0.0048866701251064045,3.009093243577949E-4,2.967040713022644E-4,2.2409440569208964E-4,0.013903386740415313,0.0057048062040034216,0.0018489055358723947,2.588801787061227E-4,2.529050672351622E-4,0.0035435998798299816,0.0022450287092398453,6.564299580372686E-4,4.7353628690760145E-4,2.4650417325243907E-4,0.005610001442434371,2.3357490099674042E-4]}
{"id": 14, "drone": 8, "position":(33.333333333333336,25.0,1.0), "time":103.63052273366696,"sensors":[22,47,36,46,17,27,30,34,40,9],"power":[0.6184036439699403,0.07651105702111709,0.015639055923933883,0.008244379600042935,0.03859537008876111,0.05542779694996832,0.010336533450548746,0.033765578059286976,0.5068172429451888,0.17371722009909327]}
{"id": 15, "drone": 7, "position":(8.333333333333334,8.333333333333334,1.0), "time":459.2830096075263,"sensors":[32,24,8,11,10,6,25,48,13,3],"power":[0.14964221619213341,0.1893988919570041,0.6502609822160217,0.04294666597561647,0.08472003443821091,0.10312217463297581,0.0373892189250712,0.1609725392557057,0.39924421256864334,0.13512547780502832]}
{"id": 16, "drone": 7, "position":(16.666666666666668,25.0,1.0), "time":65.75794570620238,"sensors":[49,20,23,10,25,42,34,4,48,5,12,31,21],"power":[0.008960877236592021,0.06599913118236228,0.02012945999173519,0.008392418357472727,0.007218110839643472,0.015311542148438365,0.006563694050062529,0.03436115276864424,0.0053070597533700576,0.007647492896174082,0.0443534003435047,0.011233216359630507,0.01646463270864911]}
