LP RESULTS :
 Obj = 0.1*lambda1+0.9*lambda2 = 150.31477944133334 (lambda1 = 1485.1477944133333, lambda2 = 2.0) Resol time = 316543 ms

{"id": 0, "drone": 4, "position":(25.0,41.666666666666664,1.0), "time":605.4626555689914,"sensors":[41,46,0,49,22,42,39,14,24,9,47,8],"power":[0.31925379293264894,0.06619430324528662,0.22898725677568754,0.15,0.042286473785708566,0.06291143443506111,0.050160939722516375,0.19651862459997882,0.06117560707742223,0.3894395193121423,0.0805865362019937,0.1364808583712836]}
{"id": 1, "drone": 4, "position":(8.333333333333334,8.333333333333334,1.0), "time":317.5656615482014,"sensors":[30,45,3,33,12,37,18,27,16,5,23],"power":[0.055208436854233746,0.09098132813447239,0.03428700745793806,0.09779398832018046,0.0951348461964412,0.026168550214242105,0.514739855561826,0.10939499076694528,0.023834285243337475,0.27251197050035764,0.1416897675233482]}
{"id": 2, "drone": 3, "position":(41.666666666666664,8.333333333333334,3.0), "time":684.3886462065277,"sensors":[31,1,17,40,36,29,38,44,15,11],"power":[0.9636842750246599,0.22104803779156731,0.0519741493558508,0.1627271930035669,0.1834157238483555,0.15433437630144858,0.19375866703511357,0.15,0.11332586412135348,0.3377582383539544]}
{"id": 3, "drone": 5, "position":(41.666666666666664,25.0,1.0), "time":788.2225590823359,"sensors":[17,26,40,4,35,43,15],"power":[0.09535751596815431,0.0816825036556124,0.14099430679737762,0.058161134785195565,0.7943711550517754,0.11794804416344523,0.13794037485298385]}
{"id": 4, "drone": 9, "position":(8.333333333333334,41.666666666666664,1.0), "time":879.6851388443419,"sensors":[10,19,0,42,25],"power":[0.15,0.29042734434533213,0.06554425106521819,0.1613204317537711,0.26396669362811226]}
{"id": 5, "drone": 1, "position":(41.666666666666664,41.666666666666664,1.0), "time":696.9252353309973,"sensors":[32,26,4,22,39,9,47,8],"power":[0.16911025727049564,0.268996750546357,0.7297423183883918,0.12823042343128607,0.33755459043371877,0.05296931747539864,0.18294982825832906,0.11836309652002648]}
{"id": 6, "drone": 1, "position":(41.666666666666664,16.666666666666668,2.0), "time":12.536589124469685,"sensors":[31,1,17,40,36,29,35,43,15,11],"power":[0.002838475298063539,0.0019293327917528258,0.0026683346759949138,0.043228201872682503,0.0010200751867141481,0.002991991381562039,0.0024567240593409367,0.0015084732252092783,0.010092808640131217,0.002124556036748411]}
{"id": 7, "drone": 2, "position":(16.666666666666668,8.333333333333334,1.0), "time":441.3714633115004,"sensors":[20,30,3,33,28,18,27,16,2,48,5,23,34],"power":[0.032767334480489275,0.13507706648179457,0.13349624753936226,0.20749251678309094,0.07092459050513553,0.1480653355656882,0.04060500923305471,0.216993893844695,0.16882001731297414,0.06735618713209149,0.11907917248806262,0.3439971965184214,0.034782696827486075]}
{"id": 8, "drone": 0, "position":(8.333333333333334,25.0,1.0), "time":15.896660722084885,"sensors":[30,21,45,13,37,24,7,5],"power":[0.0013859436595809356,0.043105555975938604,0.0011031827697454129,0.009541925094692181,0.002116931534802237,0.0013603448850572596,0.10940920832299912,0.001128695421131743]}
{"id": 9, "drone": 7, "position":(8.333333333333334,16.666666666666668,1.0), "time":503.43529931421045,"sensors":[30,21,45,12,13,37,18,16,7,5,23],"power":[0.15144438918703648,0.07480792516188785,0.17215967295780604,0.09408838533759847,0.06381374472256054,0.12171451825095567,0.062210185674654285,0.03637273866035955,0.0882076116911298,0.2877993396067306,0.135159001214041]}
{"id": 10, "drone": 8, "position":(16.666666666666668,33.333333333333336,5.0), "time":487.71591343767443,"sensors":[46,21,13,14,24,7],"power":[0.1524775726626314,0.03208651886217353,0.08554798957783427,0.03833360856228752,0.23912060646616687,0.04712448875619109]}
{"id": 11, "drone": 8, "position":(25.0,8.333333333333334,1.0), "time":206.87870951733618,"sensors":[20,30,3,33,28,36,16,2,48,11,23,34],"power":[0.04462990064205601,0.0190249678807844,0.02804306664230858,0.01780318897586124,0.24245502344968875,0.028852830918974365,0.08072413697046872,0.571191152078106,0.05782780199242107,0.019109136298712977,0.01798655433901713,0.11521730317251391]}
{"id": 12, "drone": 6, "position":(25.0,25.0,2.0), "time":376.0725646845825,"sensors":[20,6,46,28,13,14,24,35,43,48],"power":[0.0726027648774547,0.6951279926864117,0.09373110857551704,0.02568548881729079,0.03357678270532845,0.03897708323425453,0.06064551446786289,0.027639207714437192,0.08620522030457524,0.057939791752361955]}
