LP RESULTS :
 Obj = 0.1*lambda1+0.9*lambda2 = 149.1668624062223 (lambda1 = 1482.6686240622228, lambda2 = 1.0) Resol time = 432 ms

{"id": 0, "drone": 6, "position":(8.333333333333334,8.333333333333334,1.0), "time":709.2804847938618,"sensors":[3,42,1,45,34,11,30,39,25,12,16,48,4,44,10,41,9,28,21],"power":[0.06638657551620533,0.1989914709083475,0.15382415900214982,0.05375334385129342,0.12460369119045882,0.05643879099443852,0.15088511234635488,0.06267722269258523,0.08009810033229886,0.0686651043397645,2.276552194691658,0.09530640576726711,0.05246717258389944,1.7927426560283777,0.2808693585059268,0.17165785650449228,0.1853161869656261,0.45573468725139127,1.282621509781005]}
{"id": 1, "drone": 0, "position":(8.333333333333334,25.0,3.0), "time":668.5442696723869,"sensors":[3,34,11,25,48,4,18,31,41,26],"power":[0.1680357470900248,0.11858403246743096,0.1567511764159653,0.18195721731979642,0.201396684908847,0.42996070641615364,0.11051496760137652,0.1558003731812747,0.048318737792722104,0.053107539036778256]}
{"id": 2, "drone": 8, "position":(25.0,41.666666666666664,5.0), "time":632.1976250483277,"sensors":[7,49,0,27,23,15,37,46],"power":[0.14568385096470526,0.3702312080092624,0.2085585362259361,0.0757646626570556,0.13963384600094428,0.24126333060201222,0.30071903534881694,0.15688056810039003]}
{"id": 3, "drone": 4, "position":(16.666666666666668,8.333333333333334,4.0), "time":73.42677090470926,"sensors":[3,45,34,30,39,25,12,16,44,10,9,28,21,14],"power":[0.0060817613165839385,0.028018390501046635,0.009532815732606278,0.0365585874259355,0.024290912785411616,0.006015731920715773,0.013259224773122753,0.015532018069911793,0.007934574865475882,0.03777967639579181,0.010571299085880254,0.006526640461594678,0.022264635306615006,0.010287969006906744]}
{"id": 4, "drone": 1, "position":(41.666666666666664,41.666666666666664,4.0), "time":850.470999013895,"sensors":[35,5,38,22,43,23,46,33],"power":[0.071257799590844,0.11059429300741119,0.19952875098673892,0.5469152082506918,0.1437887304660316,0.06100026225157299,0.08358814747931162,0.15000000000000008]}
{"id": 5, "drone": 2, "position":(8.333333333333334,41.666666666666664,4.0), "time":814.1243543898215,"sensors":[7,8,27,47,26],"power":[0.09318922455572036,0.2891431424227143,0.07423533734294534,0.16863764972484915,0.2642083520249358]}
{"id": 6, "drone": 9, "position":(41.666666666666664,8.333333333333334,1.0), "time":782.7072556985728,"sensors":[6,29,20,17,24,32],"power":[0.180873160167759,0.06551715043176698,0.07237638359242951,0.39654561549275,0.16529214173609197,0.15]}
{"id": 7, "drone": 5, "position":(25.0,8.333333333333334,1.0), "time":699.96136836365,"sensors":[45,30,39,12,20,10,40,14,2],"power":[0.6425799259203184,0.11137315064405172,0.21535628685487526,0.06807567088711246,0.4335869273544654,0.07428881073368838,0.15,0.12814596478572465,0.11744578633942977]}
{"id": 8, "drone": 7, "position":(41.666666666666664,25.0,1.0), "time":632.1976250483277,"sensors":[19,6,36,35,13,5,29,17,43,24],"power":[0.1136407887107407,0.11901274922162175,0.15904254749434962,0.3724623858863251,0.15169702843068014,0.166537709619327,0.306874500409656,0.04354446388056858,0.1430247364274903,0.06363958123737033]}
{"id": 9, "drone": 3, "position":(25.0,25.0,5.0), "time":709.2804847938619,"sensors":[0,19,36,18,14,2],"power":[0.04538418819948869,0.115604811478232,0.06459778535716845,0.1023803001514857,0.09439418471144989,0.128226232754815]}
