LP RESULTS :
 Obj = 0.1*lambda1+0.9*lambda2 = 135.0272198666781 (lambda1 = 1332.272198666781, lambda2 = 2.0) Resol time = 3727 ms

{"id": 0, "drone": 4, "position":(25.0,41.666666666666664,1.0), "time":148.67253892656132,"sensors":[44,15,19,24,2,26,20,31,36],"power":[0.03676347083822218,0.1940932684266141,0.011416764675844916,0.011659967618004427,0.017360997461220044,0.030607941484894326,0.10259903683644356,0.0438130703899066,0.024417707740472704]}
{"id": 1, "drone": 4, "position":(25.0,25.0,5.0), "time":475.5736204982293,"sensors":[35,8,24,27,29,28,36,42],"power":[0.10503705832600511,0.0370469143950607,0.13834003238199555,0.10873501881916241,0.031152871430276948,0.10953433678748807,0.044326785218186525,0.06739731085250117]}
{"id": 2, "drone": 2, "position":(41.666666666666664,25.0,1.0), "time":605.0340874604892,"sensors":[35,12,10,16,8,9,5,17,22,43,38,13,33,14,42],"power":[0.08160880338306589,0.16611026211907248,0.1310794360605007,0.08725545174728959,0.23481924472063714,0.4903401640861767,0.08837047067017184,0.0748066389992425,0.9483540631242335,0.1848757270522531,0.1091076717444985,0.3248225738716588,0.051597640659647136,0.06133899850828329,0.08259059103121945]}
{"id": 3, "drone": 2, "position":(8.333333333333334,25.0,3.0), "time":233.39167224220841,"sensors":[0,41,7,27,21,48,37,39,18],"power":[0.0978115478935976,0.025669043323886705,0.11352633803662987,0.0154338801593167,0.28203527819694435,0.021557025299082808,0.05944294994877361,0.04765921901116756,0.03333298229912397]}
{"id": 4, "drone": 3, "position":(16.666666666666668,41.666666666666664,1.0), "time":84.7191333156473,"sensors":[15,23,19,47,2,32,20],"power":[0.008044995374791928,0.01186997476825599,0.06790494532861091,0.02035583587465461,0.03605797151477557,0.017607563969578226,0.009679290146290606]}
{"id": 5, "drone": 3, "position":(8.333333333333334,33.333333333333336,4.0), "time":397.81919399572377,"sensors":[23,19,41,7,21,2,32,39,25],"power":[0.07153026558445955,0.04989332786729153,0.10850488238770424,0.1111989074945756,0.04335905910587838,0.07864510407994724,0.028809728426909893,0.042622327181178886,0.03186944577585326]}
{"id": 6, "drone": 1, "position":(33.333333333333336,16.666666666666668,2.0), "time":45.47950532430633,"sensors":[35,12,16,8,6,49,9,17,22,13,29,28],"power":[0.014099451865180926,0.0032420401286798383,0.0056776840547810075,0.014558835892690202,0.003325527753223411,0.004882100904823897,0.011227079079492844,0.08171146622447349,0.0058348681897231,0.004214039660095429,0.012501480989772102,0.003361923898768444]}
{"id": 7, "drone": 1, "position":(8.333333333333334,8.333333333333334,1.0), "time":834.0906165677293,"sensors":[4,0,3,30,48,37,40,46,18],"power":[0.15,0.07504773975200825,0.08404637456241607,3.7169933349118525,0.20132531452988142,0.06313474521732168,0.11670247290822446,0.324447758717241,0.16136971541551967]}
{"id": 8, "drone": 7, "position":(41.666666666666664,8.333333333333334,1.0), "time":501.1223091510933,"sensors":[45,12,16,49,5,1,11,17,33,34],"power":[0.041956042360303744,0.0512346571164084,0.1428576152584041,0.1382092091224327,0.0658668096968848,0.36910584709589456,0.1187854413911467,0.07776758863720318,0.07059474444009758,0.03292444574440304]}
{"id": 9, "drone": 7, "position":(41.666666666666664,16.666666666666668,1.0), "time":110.19844646493704,"sensors":[35,12,16,8,49,9,5,1,17,22,13,33],"power":[0.009870367297039412,0.07208820206921855,0.24621789724746349,0.026545176597527094,0.008093636067849519,0.032109444416093015,0.041236599063880254,0.008084248563743273,0.04237580144499767,0.018088226447013498,0.01022660228865331,0.027807614900255295]}
{"id": 10, "drone": 6, "position":(8.333333333333334,41.666666666666664,1.0), "time":436.27142257200535,"sensors":[23,19,41,47,2,32,25],"power":[1.5944445756913368,0.41254918325325035,0.06689074005035679,0.12964416412534538,0.07717506924976171,0.40575880720805674,0.11813055422414673]}
{"id": 11, "drone": 6, "position":(25.0,8.333333333333334,5.0), "time":139.66458602955163,"sensors":[45,3,6,49,29,28,40,34],"power":[0.020682641058369554,0.02838904948051091,0.07365608604627644,0.014871581889987082,0.040835433867113954,0.00907755210483556,0.017087278114207363,0.031987526903775626]}
{"id": 12, "drone": 9, "position":(41.666666666666664,41.666666666666664,1.0), "time":417.4592835809807,"sensors":[44,15,43,38,14,26,31,36],"power":[0.05212124130583335,0.028152099017973244,0.05763465184675595,0.04630564060945479,0.17407125522768258,0.07645126622798484,0.0659883347981493,0.030551306283543703]}
{"id": 13, "drone": 8, "position":(25.0,8.333333333333334,3.0), "time":358.5169960695,"sensors":[45,3,6,49,27,11,29,28,40,34],"power":[0.06461982599447956,0.09157938121340786,0.5041960510607054,0.045338130041987314,0.024873875963408214,0.022833426842303325,0.15138246850625467,0.028026187208907927,0.0533011893366939,0.1046955472080765]}
{"id": 14, "drone": 8, "position":(41.666666666666664,33.333333333333336,1.0), "time":95.98653891881906,"sensors":[10,8,9,22,43,38,13,14,26,31,36,42],"power":[0.01892056393949927,0.008227786422518467,0.0104211087926266,0.02113028874517752,0.2267595710177831,0.036805893466733575,0.02726259132703332,0.10808313647693352,0.013870749988244472,0.00781620945167758,0.012476920375405376,0.015466871035759831]}
{"id": 15, "drone": 0, "position":(8.333333333333334,25.0,1.0), "time":264.7899098568433,"sensors":[0,41,7,27,21,48,2,37,39,18],"power":[0.1523845294040653,0.032251512646043166,0.1745422873456776,0.017761762090809617,0.7266700005747327,0.026459003326567816,0.017324339640814777,0.07565776618234006,0.05971845380765366,0.0411088326095581]}
{"id": 16, "drone": 5, "position":(33.333333333333336,8.333333333333334,1.0), "time":70.43785026595481,"sensors":[45,16,6,49,1,11,17,29,34],"power":[0.02274149058684713,0.005692779846957479,0.01670693837161743,0.11156089227693737,0.010611000127092204,0.021003175240183164,0.01615390839254004,0.019528377298875597,0.025109558655770678]}
{"id": 17, "drone": 5, "position":(33.333333333333336,41.666666666666664,1.0), "time":155.67795178924354,"sensors":[44,15,38,14,26,20,31,36,42],"power":[0.12553390029983072,0.09816472770922371,0.02354349607100401,0.015255431157688883,0.27674907483156613,0.03772167301726583,0.7884556607708942,0.0382272803823917,0.01585072098267636]}
