LP RESULTS :
 Obj = 0.1*lambda1+0.9*lambda2 = 165.15846378513623 (lambda1 = 1633.5846378513622, lambda2 = 2.0) Resol time = 909 ms

{"id": 0, "drone": 6, "position":(33.333333333333336,25.0,1.0), "time":180.96690521245262,"sensors":[29,27,32,14,40,16,44,5,7,38,21,18,49],"power":[0.040064802208942644,0.023228638877141345,0.1276472341431248,0.01380195275852805,0.011508550496865569,0.029981990933227044,0.02504208645974069,0.3128477514274037,0.07724003584139016,0.01690149595119929,0.02835147225639891,0.013634832886100526,0.44368301554056394]}
{"id": 1, "drone": 6, "position":(33.333333333333336,25.0,2.0), "time":755.8014405246413,"sensors":[29,27,32,14,20,16,44,5,7,38,21,18,49],"power":[0.16047429852394654,0.09272864459608482,0.462445638281171,0.054095191622197177,0.04828830427286425,0.11961697680322063,0.09882583909851878,0.9980564720071182,0.29746020674575513,0.07101512682026996,0.11679898374400328,0.05539860686684167,1.2943312501977704]}
{"id": 2, "drone": 3, "position":(25.0,8.333333333333334,4.0), "time":412.20500144627215,"sensors":[0,47,27,22,16,17,21,2,8,18],"power":[0.16856751576424517,0.034244312667557016,0.04214297112859213,0.19621746630175865,0.06002208959941794,0.15,0.060434101456311395,0.060607200875066485,0.11350620402198143,0.085141179679572]}
{"id": 3, "drone": 3, "position":(16.666666666666668,33.333333333333336,1.0), "time":111.94486177842543,"sensors":[15,34,29,14,10,44,38,4,19],"power":[0.013123998442260632,0.020587239464284358,0.01140246575755361,0.01897908353122652,1.1194486177842544,0.02421693802573625,0.02802995850690098,0.00800659770958447,0.06666733011081945]}
{"id": 4, "drone": 5, "position":(8.333333333333334,41.666666666666664,1.0), "time":807.7239830588591,"sensors":[9,12,34,11,10,28,43,19],"power":[0.14527893829502728,0.14306327824569717,0.21586818938298669,0.3370366042431821,0.08620312537259213,0.15,0.17033336159457527,0.07440223041217846]}
{"id": 5, "drone": 5, "position":(16.666666666666668,41.666666666666664,1.0), "time":16.66792848117882,"sensors":[9,15,12,34,11,14,10,4,19],"power":[0.004721061704972718,0.002043391401177372,0.009090814065684837,0.0016799235914106995,0.001529247616581688,0.0019423930083268422,0.0036217804402899536,0.0019605524211740127,0.008930439477002089]}
{"id": 6, "drone": 9, "position":(41.666666666666664,8.333333333333334,1.0), "time":1221.37963640509,"sensors":[0,36,6,22,41],"power":[0.09780200453003636,0.35990182970901724,0.09500535146100315,0.09270893085559195,1.6883405937261646]}
{"id": 7, "drone": 0, "position":(41.666666666666664,16.666666666666668,1.0), "time":5.095465160012168,"sensors":[6,41,32,20,40,16,5,24,7,49,3],"power":[0.0013982160340154772,7.093552636209053E-4,4.7968765931240395E-4,0.0010129634154611544,0.0016093788878007165,5.381802331704105E-4,9.80803515864448E-4,5.951433931620681E-4,0.00121217777572503,5.880496195296001E-4,0.0013292420735274016]}
{"id": 8, "drone": 0, "position":(41.666666666666664,41.666666666666664,1.0), "time":883.443391095217,"sensors":[39,35,25,26,37,30,48],"power":[0.37798434096711575,0.15000000000000002,0.4133501809262572,0.4406699055031837,0.30391341247958203,0.219968290419824,0.2910998817476282]}
{"id": 9, "drone": 1, "position":(41.666666666666664,25.0,1.0), "time":322.9399468507745,"sensors":[6,32,20,40,5,24,7,49,3],"power":[0.05359643250498136,0.1704943930210836,0.17716324538431316,0.13688207061533372,0.09092809739678553,0.16613756107303926,0.6467020829841804,0.11870132522712311,0.1486707579264726]}
{"id": 10, "drone": 2, "position":(33.333333333333336,41.666666666666664,1.0), "time":199.42262175118265,"sensors":[15,39,26,14,37,30,4,48],"power":[0.0495463423836452,0.0274065980649828,0.07060935397875426,0.031101799135412937,0.10273915477700687,0.018725213414027747,0.08177883493795768,0.7734490625543067]}
{"id": 11, "drone": 4, "position":(25.0,25.0,1.0), "time":4.072963154596891,"sensors":[15,29,27,32,14,1,10,16,44,5,38,21,18,49],"power":[3.1146002682961416E-4,0.04072963154596892,0.0016956653925608279,3.467469738503707E-4,5.285996844620309E-4,2.715258144770189E-4,3.5834683922236044E-4,5.325396460094926E-4,0.002893193050601136,5.63574479859346E-4,0.0036041980186142107,0.0010451268715790068,7.543644527404162E-4,5.411343663132152E-4]}
{"id": 12, "drone": 4, "position":(8.333333333333334,25.0,1.0), "time":689.2551768310014,"sensors":[34,1,10,42,31,13,23],"power":[0.11792844387589292,0.08317775446276252,0.06803692883901512,0.3839033693667454,0.07215324742027102,0.06561023775879264,0.15]}
{"id": 13, "drone": 7, "position":(33.333333333333336,33.333333333333336,1.0), "time":360.7881924015844,"sensors":[15,29,26,32,14,37,44,5,7,38,4,48,49],"power":[0.08471516034371708,0.03724591922543312,0.023518768023290896,0.10924018567836628,0.08725475961399608,0.026223411333464043,0.05265393286064965,0.042020098252230485,0.04496120432837158,0.028167105594036554,0.07358581046993364,0.06972194664850219,0.0906729047773078]}
{"id": 14, "drone": 7, "position":(25.0,25.0,3.0), "time":3.9197245473003477,"sensors":[15,29,27,32,14,10,16,44,5,38,21,18,49],"power":[2.596474023700991E-4,0.0076147160774966026,0.0013194484240225393,3.037416975904007E-4,4.7317110375317417E-4,3.3022594281946894E-4,4.789322549886914E-4,0.0018777925864052723,5.050901321115255E-4,0.00228211510897893,8.679681196656444E-4,6.584826135226851E-4,4.560968619034956E-4]}
{"id": 15, "drone": 8, "position":(8.333333333333334,8.333333333333334,1.0), "time":940.2564978657639,"sensors":[47,45,46,1,33,42,31,2,13,8],"power":[0.2497982618018406,0.21041162781938463,0.2844510653365335,0.1279652982155138,0.15,0.08868472375403703,0.29286558397164514,0.2072529099247654,0.2780873058595426,0.10173873866316675]}
