LP RESULTS :
 Obj = 0.1*lambda1+0.9*lambda2 = 155.5852532579749 (lambda1 = 1537.8525325797486, lambda2 = 2.0) Resol time = 5221 ms

{"id": 0, "drone": 6, "position":(33.333333333333336,16.666666666666668,1.0), "time":878.3586138990661,"sensors":[34,21,25,24,10,40,38,6,36,13,16,5,29,39,1],"power":[0.5450008979565295,0.05821732168840126,0.1346961999180337,0.2989656127737957,0.14828244622379377,0.16473515710232442,0.6086039172663947,0.7911097860564663,0.5389720381156288,0.23095547631981797,0.2142698279012424,0.48377603684524234,0.33762186252309156,0.1401677663782909,0.10147146831726522]}
{"id": 1, "drone": 6, "position":(25.0,41.666666666666664,3.0), "time":67.98866057642829,"sensors":[41,43,47,12,2,48,20,4],"power":[0.016495719222398307,0.012098848189477577,0.1208590309276705,0.022277002020143093,0.005171086372674395,0.005028981295275194,0.023735408030486838,0.018425593225162115]}
{"id": 2, "drone": 8, "position":(8.333333333333334,8.333333333333334,1.0), "time":1336.266243684614,"sensors":[49,18,30,45,46,32,7,35,23],"power":[0.09598650507995438,0.7340695979064522,0.24503344202652838,0.14414284166473906,0.7039277853160055,0.23313889027322343,0.35297360933792565,0.09886756413992015,0.2842991823619995]}
{"id": 3, "drone": 1, "position":(8.333333333333334,8.333333333333334,5.0), "time":67.98866057642772,"sensors":[18,30,45,46,32,7,23],"power":[0.019580867832532833,0.009346710174031284,0.0058571583352609365,0.019339986626976603,0.008692138174829995,0.012647929491079762,0.01076724580516806]}
{"id": 4, "drone": 1, "position":(33.333333333333336,41.666666666666664,1.0), "time":773.3230907954585,"sensors":[41,33,17,47,12,48,20,4,26],"power":[0.055791595819439994,0.10761924770337994,0.15892863728641102,0.1685108751255653,0.06646962359888844,0.15739477762961038,0.09189970099865839,0.13795883144594848,0.09118620729192399]}
{"id": 5, "drone": 5, "position":(16.666666666666668,25.0,1.0), "time":55.50101498599163,"sensors":[19,14,25,41,11,7,9,35,42,27,12,31,2,8],"power":[0.01720434382911876,0.006576975350197203,0.009882886133260287,0.005797472293764225,0.04370327772827588,0.006025728253221873,0.005143668607258776,0.012282232488258809,0.012592448483838089,0.03776924080043094,0.004420644935857797,0.007507233610907036,0.007761515828579976,0.017185603460332308]}
{"id": 6, "drone": 5, "position":(8.333333333333334,33.333333333333336,1.0), "time":685.5219983477111,"sensors":[19,3,44,14,43,37,9,42,27,31,0,8],"power":[0.273197742318001,0.0695427488336174,0.14436078916461295,0.24803426964721118,0.09295898010507544,0.049708261223396694,0.2722376638695455,0.3144764999587131,0.17364255954658162,0.10476120048432634,0.05571322453121124,0.16149478900955783]}
{"id": 7, "drone": 7, "position":(25.0,41.666666666666664,1.0), "time":75.50500149553739,"sensors":[41,43,47,12,2,48,20,4,8],"power":[0.020597890855010157,0.015002997989022644,0.5766786949790319,0.030095956610076212,0.006313119318996105,0.005932778756811361,0.034364890970854794,0.02333340705631336,0.005120852760424238]}
{"id": 8, "drone": 7, "position":(41.666666666666664,41.666666666666664,1.0), "time":303.2601343532868,"sensors":[28,33,17,48,26],"power":[0.15,0.30279288219995626,0.1010610332007595,0.03204865217624178,0.02016546633802651]}
{"id": 9, "drone": 4, "position":(16.666666666666668,33.333333333333336,1.0), "time":565.534764726333,"sensors":[19,14,41,11,43,9,42,27,47,12,2,8],"power":[0.12280407704035332,0.05127448987679788,0.22996184306202938,0.04312355359808693,0.19003721217329397,0.044349801172771756,1.0387791932907138,0.1371876012084878,0.06434624128927344,0.1873117073528715,0.08054707642199281,2.534899595026101]}
{"id": 10, "drone": 0, "position":(33.333333333333336,25.0,1.0), "time":238.08113103538352,"sensors":[34,25,24,10,40,38,6,36,13,16,5,2,29,48,39,26],"power":[0.020432125812890126,0.027141339057464384,0.04887557752032536,0.8286422489455765,0.035105179978016,0.051654438061839045,0.023780576686178723,0.09984394705764801,0.08345462812111885,0.06871375559332497,0.02160639887703352,0.05020720205775671,0.43521224706748735,0.05424931445923554,0.289901906365099,0.1030816703024564]}
{"id": 11, "drone": 3, "position":(16.666666666666668,16.666666666666668,1.0), "time":65.60896774227871,"sensors":[19,49,18,30,25,11,7,35,27,5,31],"power":[0.005112881539909446,0.009572352555498624,0.01805865868166386,0.007242852882186431,0.01655634638453119,0.06065843771157608,0.023122158285535405,0.3823670510034554,0.007600819663175356,0.004858962236430022,0.00526912633376331]}
{"id": 12, "drone": 3, "position":(41.666666666666664,8.333333333333334,1.0), "time":285.4354664924434,"sensors":[34,21,24,40,38,6,16,22,1],"power":[0.02099227838582739,0.06877452295586467,0.03487359772521519,0.030624184801991503,0.0388748415978544,0.07179130140456529,0.0190325188837514,0.14287408077409358,1.1924025318354736]}
{"id": 13, "drone": 9, "position":(33.333333333333336,8.333333333333334,1.0), "time":67.98866057642738,"sensors":[49,34,15,21,24,38,6,36,22,5,1],"power":[0.006067663270418935,0.024500403478769122,0.012154877807437972,0.03737019871607594,0.006055333253594425,0.008905126728790425,0.024824566111734253,0.005871327629998813,0.007125919225906415,0.020514263306368033,0.02193992861072166]}
{"id": 14, "drone": 9, "position":(8.333333333333334,25.0,1.0), "time":12.487645590436287,"sensors":[19,44,14,30,11,7,9,35,42,27,31,8],"power":[0.01588439679375647,0.00563921083538703,0.016032240512225897,0.002520560982236112,0.0025147309620610005,0.0019879111527555,0.008740499578784366,9.708981739695295E-4,0.002170459672518936,0.009841280795177062,0.032462439571002345,0.0016734541742473928]}
{"id": 15, "drone": 2, "position":(25.0,8.333333333333334,1.0), "time":67.98866057642829,"sensors":[49,34,15,18,21,25,35,6,36,5],"power":[0.07789244533600866,0.020416281274090613,0.137845122192562,0.006153137655422953,0.007362024079336998,0.007857571627653997,0.007764660540992154,0.005447652036221229,0.004881542399644945,0.020707197260005257]}
{"id": 16, "drone": 2, "position":(8.333333333333334,41.666666666666664,1.0), "time":143.3021074337391,"sensors":[3,43,37,42,0,8],"power":[0.18791234452121644,0.03062102003307006,0.10029173877660331,0.018658249512563597,0.10211957356916693,0.010936131715380897]}
