LP RESULTS :
 Obj = 0.1*lambda1+0.9*lambda2 = 162.53974973887372 (lambda1 = 1616.397497388737, lambda2 = 1.0) Resol time = 152 ms

{"id": 0, "drone": 7, "position":(8.333333333333334,25.0,1.0), "time":496.2496249207497,"sensors":[48,33,7,6,17,25,23,45,22,15,13,49],"power":[0.13321988637595977,0.08216305445095949,0.20909162615561613,0.23870320638026826,0.07576436344627742,4.962496249207497,0.10042298024480734,0.2175648278937793,0.20940741827892403,0.07470097156743592,0.1136888726793299,0.05448545860675196]}
{"id": 1, "drone": 6, "position":(25.0,8.333333333333334,5.0), "time":868.5376523139984,"sensors":[28,42,0,43,26,47,2],"power":[0.05977001598431466,0.20692094946501716,0.1802473033400012,0.4297762564010491,0.1900644495771729,0.24987827967880305,0.1752654942969883]}
{"id": 2, "drone": 8, "position":(8.333333333333334,41.666666666666664,1.0), "time":768.9421778434624,"sensors":[46,27,17,1,29,22,9,20,44],"power":[0.12690995741444105,1.69983891252398,0.21962507178275556,0.10612503271840414,0.6324710550560234,0.05670013303089512,0.10236578307928647,0.05844712253720682,0.15000000000000002]}
{"id": 3, "drone": 5, "position":(25.0,41.666666666666664,1.0), "time":345.351694226119,"sensors":[46,21,1,38,12,37,9,20,10,35],"power":[0.09690591552170885,0.05203521521410581,0.09600653937321325,0.029186869550851896,0.025107798631088425,0.1189821458029924,0.047634216920713526,0.13243982385446054,0.09977300882025432,0.24951599598162383]}
{"id": 4, "drone": 3, "position":(41.666666666666664,33.333333333333336,1.0), "time":453.0555622658644,"sensors":[3,12,32,14,40,19,31,39,10],"power":[0.15,0.0434160013301075,0.2118738351334286,0.3378544862690677,0.17421261450570155,1.638070162433853,0.20666996228472975,0.9018672892404418,0.04430981136607194]}
{"id": 5, "drone": 0, "position":(25.0,25.0,2.0), "time":509.2785223981058,"sensors":[28,38,45,13,4,49],"power":[0.2513710258145042,0.30541098863891036,0.03622479050803502,0.10276740389372317,0.567560488838859,0.07384818650273085]}
{"id": 6, "drone": 1, "position":(8.333333333333334,33.333333333333336,1.0), "time":351.205694624525,"sensors":[33,46,27,7,6,17,1,25,23,45,29,22,13],"power":[0.0678369455490405,0.024909876623786773,0.13673601880737463,0.049487885385611406,0.03512692080803959,1.0016033462978573,0.036701912349142045,0.07312325105240108,0.049577019755192644,0.027170583213783094,0.04138080940494754,0.1722695225221248,0.03559083580310924]}
{"id": 7, "drone": 2, "position":(33.333333333333336,41.666666666666664,2.0), "time":817.9902408967537,"sensors":[21,12,37,14,40,19,31,39,10,35],"power":[0.33052752688055265,0.4091419481949262,0.8964802865512075,0.21144778683851362,0.2624322312369424,0.06445964707614113,0.05554848877714596,0.0772176889295968,0.48364516781406136,0.1995160520596931]}
{"id": 8, "drone": 4, "position":(41.666666666666664,8.333333333333334,1.0), "time":747.8598450747387,"sensors":[34,16,24,11,36,26,47,30],"power":[0.17717564259977267,4.064460569347284,0.7183832961458634,1.084153398354989,2.768279192515279,0.11058274603775067,0.05998624750773058,0.15]}
{"id": 9, "drone": 9, "position":(8.333333333333334,8.333333333333334,1.0), "time":610.8693500698815,"sensors":[48,18,41,42,0,5,8,15,49,2],"power":[0.10335209922193049,0.6661815557930724,0.16684880011792982,0.07462864093096479,0.09516554310274274,0.14999999999999997,0.4251360824799773,0.16264460073556955,0.04060466772785984,0.04038841672072148]}
