LP RESULTS :
 Obj = 0.1*lambda1+0.9*lambda2 = 138.61345844193582 (lambda1 = 1368.134584419358, lambda2 = 2.0) Resol time = 3987 ms

{"id": 0, "drone": 7, "position":(16.666666666666668,41.666666666666664,1.0), "time":12.457941375153268,"sensors":[22,15,20,46,2,23,43],"power":[0.01111254451117123,0.12026094633076334,9.861613827012285E-4,0.0032166504122508586,0.009852080842484534,0.0024915662978455557,0.011305270227303826]}
{"id": 1, "drone": 7, "position":(8.333333333333334,16.666666666666668,2.0), "time":498.95576787452114,"sensors":[27,37,29,6,4,14,47,21,16,10,31],"power":[0.14173940524641146,0.12183972291581818,0.05923328393175733,0.16489146819367675,0.04637371715226634,0.044449290940541585,0.11922134536181776,0.08539436858505454,0.6374334938568896,0.13182596963792118,0.04423265145843073]}
{"id": 2, "drone": 6, "position":(33.333333333333336,8.333333333333334,1.0), "time":487.1798978946831,"sensors":[18,38,42,30,25,24,3,12,28,40,35,5,44,13,1],"power":[0.258578357209361,0.16673971827327747,0.09012971547644615,0.34706602168048206,0.06269134565034014,0.11732475931032614,0.0822051195770539,0.15765615739219138,0.05089084870196716,0.12314913089220586,0.06811054383768297,0.21240571762524446,0.04080530946040879,4.472989195613798,0.11573229954066991]}
{"id": 3, "drone": 6, "position":(8.333333333333334,16.666666666666668,1.0), "time":12.457941375153405,"sensors":[27,37,29,6,17,4,14,47,21,16,10,31],"power":[0.0036636973909398686,0.003132070575157265,0.0015025773113259268,0.004562681038955749,7.905611312560989E-4,0.001153398354510201,0.0011187173509317157,0.0031369775125001695,0.0022475248807140875,0.02070435153501031,0.003438912964024238,0.0011279567361622948]}
{"id": 4, "drone": 0, "position":(8.333333333333334,8.333333333333334,1.0), "time":824.3223592762854,"sensors":[27,37,29,6,0,4,14,16,10,31],"power":[0.07012209310851782,0.05610320943757217,1.8965499720597023,0.08896269311929414,0.15,0.2101721993135096,0.5483614644584911,0.08917386039897829,2.1104708795398084,0.1328946080994934]}
{"id": 5, "drone": 9, "position":(25.0,8.333333333333334,1.0), "time":17.267622443407106,"sensors":[38,30,24,3,12,21,40,31,5,13,1],"power":[0.013859883360771853,0.0017022879260509965,0.003878883520244767,0.0670542480109438,0.003151731245139159,0.0013094055584369827,0.08575019141061481,0.0048375529273937245,0.0011882631645808025,0.004283189606256643,0.05609965102439175]}
{"id": 6, "drone": 3, "position":(8.333333333333334,41.666666666666664,1.0), "time":1323.2781271508065,"sensors":[22,15,17,11,46,2,23,41,43],"power":[0.8985240418622407,0.3208811982854262,0.13263075922914908,0.30158434124227246,0.3978804408272914,0.9512681060278704,0.35298187140174464,0.15,0.1255871029694585]}
{"id": 7, "drone": 1, "position":(41.666666666666664,8.333333333333334,1.0), "time":323.52215634517466,"sensors":[18,42,30,25,12,28,35,5,44,13],"power":[0.47966435370654636,0.07117750494426169,0.10133069487288549,0.027207587824880572,0.030026385792213613,0.11281064555737468,0.028059267359509237,0.13554904858040948,0.1091946905395912,0.060738852259942286]}
{"id": 8, "drone": 2, "position":(33.333333333333336,33.333333333333336,4.0), "time":306.4380368746615,"sensors":[34,20,49,48,45,8,26,33],"power":[0.045153294189383686,0.03284454637946991,0.029033978295295627,0.0931612879326247,0.021867830029357473,0.08351908313487325,0.04806070187217288,0.02862858617712639]}
{"id": 9, "drone": 4, "position":(25.0,25.0,5.0), "time":494.12683084389056,"sensors":[20,25,24,21,35,48,33],"power":[0.11936430054432635,0.03543144208773238,0.04806545540107103,0.05706179304624851,0.03719526486365163,0.03780804497426298,0.19407675198424648]}
{"id": 10, "drone": 4, "position":(8.333333333333334,25.0,1.0), "time":32.398515893398034,"sensors":[27,37,6,17,47,21,16,23],"power":[0.005766984915211159,0.005671318825625263,0.005685965408988024,0.018494763434487502,0.02764167712568205,0.003986907929545862,0.015138581715799609,0.004464926399160832]}
{"id": 11, "drone": 5, "position":(41.666666666666664,25.0,1.0), "time":56.27645607947299,"sensors":[25,19,28,35,48,45,26],"power":[0.010377999210847321,0.18639331128450667,0.007320526793741903,0.00921144290149275,0.018407481760787783,0.015211908066574988,0.004621699344953195]}
{"id": 12, "drone": 5, "position":(25.0,41.666666666666664,1.0), "time":32.398515893397956,"sensors":[22,15,20,36,2,8,43],"power":[0.0027175832594357784,0.006330097996393708,0.003682991253144993,0.0032129693854290892,0.0026156298824174646,0.013196865848992741,0.013107626803237649]}
{"id": 13, "drone": 8, "position":(33.333333333333336,16.666666666666668,1.0), "time":7.0292432561366525,"sensors":[18,38,30,25,24,3,19,28,40,35,48,5,33,13,1],"power":[0.0012825067415904322,0.0018696113004899979,5.876037074462503E-4,0.014291625226199567,0.006751698196110634,7.406324120023055E-4,4.942812607101945E-4,0.0010627605946669577,6.082313659830941E-4,0.02042557794363588,6.231853323244261E-4,0.002710466826195656,0.0014267392037269273,0.0013435382400332715,5.104203062788749E-4]}
{"id": 14, "drone": 8, "position":(41.666666666666664,41.666666666666664,1.0), "time":1005.4200914652234,"sensors":[34,49,9,36,7,32,39,45,8,26],"power":[2.1678251304707663,3.7744585482025226,1.3530266693674982,0.2545420077204411,0.18158566963552994,0.38011211358657765,0.3561660192692284,0.11292026190406752,0.08985812763274748,0.8381812280289532]}
