LP RESULTS :
 Obj = 0.1*lambda1+0.9*lambda2 = 143.49149473718856 (lambda1 = 1416.9149473718853, lambda2 = 2.0) Resol time = 5509 ms

{"id": 0, "drone": 3, "position":(25.0,16.666666666666668,1.0), "time":71.56326448772643,"sensors":[40,28,43,10,27,39,19,23,11,31,17,0],"power":[0.061733392252211056,0.00740717167924462,0.009513486185449158,0.012661118448098812,0.16218611984479187,0.049063161863349296,0.007007602920969116,0.005388290730186019,0.0721790214559395,0.005517116172172609,0.005653455386833478,0.014309070369184189]}
{"id": 1, "drone": 3, "position":(33.333333333333336,8.333333333333334,1.0), "time":71.57405777960393,"sensors":[40,3,12,28,43,36,27,39,19,22,47,32,34,23,31,0,9],"power":[0.018482772513088146,0.009663230559408218,0.006648828079443769,0.008662071620647494,0.005346450396087223,0.008421196950257719,0.006061277312519259,0.008458969658839004,0.6772917061073163,0.018411731407100177,0.03536437721921215,0.006622628938524046,0.004653242655505843,0.014009348737148564,0.023443829863768133,0.01592522991263681,0.03560102410036198]}
{"id": 2, "drone": 9, "position":(41.666666666666664,33.333333333333336,1.0), "time":110.11027535909022,"sensors":[38,35,42,1,49,37,26,30,29,4],"power":[0.030470412936882713,0.2659022924741119,0.019230114242183162,0.02247257964113525,0.10155069162520064,0.055162115436239875,0.021961991124935135,0.02448195445071248,0.011798655481083808,0.021004184208760112]}
{"id": 3, "drone": 9, "position":(8.333333333333334,16.666666666666668,1.0), "time":670.3699360293012,"sensors":[44,10,2,25,8,6,41,21,17,20],"power":[0.1467402332761478,0.1720273994462349,0.23137373956743412,0.04809873978730956,0.20339265060024003,0.14082061487958153,0.1258805022166222,0.1687012101430477,0.1427174338886198,0.10896917275150889]}
{"id": 4, "drone": 0, "position":(16.666666666666668,8.333333333333334,1.0), "time":92.77204703633218,"sensors":[40,43,10,39,2,25,8,6,11,41,20],"power":[0.008667110718656574,0.08944669546865086,0.025910502878267166,0.023205684229304385,0.006265528838795053,0.047506105279644266,0.006181668785775667,0.031014606907665016,0.006362003407844295,0.013675375215910099,0.008086714845542369]}
{"id": 5, "drone": 0, "position":(8.333333333333334,41.666666666666664,1.0), "time":551.2217025714555,"sensors":[14,24,13,18],"power":[0.060756247916811154,0.07980283626770578,0.08349431275642975,0.10930714373790944]}
{"id": 6, "drone": 5, "position":(16.666666666666668,16.666666666666668,1.0), "time":551.2217025714552,"sensors":[40,43,10,27,39,2,25,33,6,11,41,21,17],"power":[0.06111672451604386,0.07863596860197242,2.8542880198851717,0.08054114805508382,0.1321754640311541,0.03502480158603838,0.04179688540216183,0.04296469248689144,0.07069170446112945,0.1635657261331892,0.03750452519240155,0.044304176244185714,0.17442289550992035]}
{"id": 7, "drone": 5, "position":(16.666666666666668,41.666666666666664,1.0), "time":234.27740022047152,"sensors":[14,24,13,33,5,18],"power":[0.0291901015349263,0.19613001312735528,0.09790234913047759,0.01719945646689678,0.02140723495980098,0.04069285626209055]}
{"id": 8, "drone": 4, "position":(41.666666666666664,25.0,1.0), "time":357.97273294218644,"sensors":[3,28,38,35,42,1,49,32,37,15,23,26,46,31,45,0,4],"power":[0.030904007252414135,0.07958982862429685,0.10091460016841401,0.14503935030466072,0.1307698857578168,0.08377505512561406,0.11146735873515763,0.06391744805791005,0.11493392459824188,0.038998962359105965,0.05480693168875362,0.051374004900208395,0.04453693849170393,0.03050204339997381,0.09389884573876127,0.03618556758231667,0.17985995443218336]}
{"id": 9, "drone": 4, "position":(41.666666666666664,41.666666666666664,1.0), "time":948.8319390706088,"sensors":[35,7,49,37,48,30,29],"power":[0.11521223477211084,0.1950190555715756,0.10326998352063395,0.07856345888878796,0.15,4.152183317925691,1.69464344465781]}
{"id": 10, "drone": 8, "position":(16.666666666666668,33.333333333333336,1.0), "time":76.57699930464814,"sensors":[14,24,13,33,5,17],"power":[0.0825727850867223,0.0058989765582792624,0.17446196249655596,0.04673279677036373,0.008129497475627457,0.00947216821139609]}
{"id": 11, "drone": 8, "position":(41.666666666666664,8.333333333333334,1.0), "time":915.8048921623686,"sensors":[3,12,28,36,19,22,47,32,15,34,23,46,31,16,45,0,9],"power":[0.6548744649521653,1.0249141927538272,0.09236939752633887,0.41315539039063287,0.2214855299358129,0.2563739447842338,0.5626096338668328,0.23894415360797847,0.12632811651773806,0.28876208173994655,0.1899602716998807,0.1771554339765364,0.2757537386010429,0.15,0.1064561971179958,0.09455055127738071,0.11439897589963803]}
{"id": 12, "drone": 1, "position":(8.333333333333334,8.333333333333334,1.0), "time":30.987997247069984,"sensors":[44,43,10,2,25,8,6,41,20],"power":[0.0032597667238522033,0.0026841395653371056,0.004207975540188192,0.01415813850259026,0.012598269530884347,0.014063555744320548,0.1202776834188165,0.13104931266498807,0.03294411240294874]}
{"id": 13, "drone": 7, "position":(25.0,33.333333333333336,5.0), "time":554.8388452753104,"sensors":[14,38,1,13,33,5,26],"power":[0.041001526613223746,0.045365406793486225,0.05315506674746641,0.07894290768636388,0.04310305427584803,0.18866941423996086,0.08582186204825834]}
