LP RESULTS :
 Obj = 0.1*lambda1+0.9*lambda2 = 133.6231551066494 (lambda1 = 1318.2315510664937, lambda2 = 2.0) Resol time = 11734 ms

{"id": 0, "drone": 7, "position":(8.333333333333334,16.666666666666668,1.0), "time":391.72484161754187,"sensors":[25,26,21,43,15,36,6,7,22,30,11,47],"power":[0.05971577555793473,0.07860417311244965,0.042408326597641655,0.07974761110036248,0.04075736618017283,0.08263228717881854,0.0725666284211095,0.0874056855982852,0.034564495942274426,0.07285459383514564,0.07355084009378296,0.15040317347999183]}
{"id": 1, "drone": 1, "position":(8.333333333333334,41.666666666666664,1.0), "time":606.6411872640384,"sensors":[29,9,37,8,49,23,34,48,0],"power":[0.12710034640787482,0.2926067974885626,0.15883772349475112,0.4111038555964465,3.916658191041887,0.07568283124639877,0.06266116947740112,0.38806147287583925,0.15]}
{"id": 2, "drone": 1, "position":(16.666666666666668,8.333333333333334,1.0), "time":3.0931713953338686,"sensors":[25,26,44,43,15,42,22],"power":[2.1694188392165257E-4,5.46319209690412E-4,3.020178395005043E-4,2.8633286746700647E-4,0.004252876256969824,4.3234313994593377E-4,0.012632421365834834]}
{"id": 3, "drone": 2, "position":(41.666666666666664,8.333333333333334,2.0), "time":794.130756391113,"sensors":[3,27,5,4,33,14,13,28],"power":[0.11582924442623281,0.3968777543341403,0.15,0.1163667468802849,0.09853100969388837,0.13628846696539637,0.12480742176212399,0.7325890981410005]}
{"id": 4, "drone": 4, "position":(25.0,25.0,1.0), "time":546.5250558794149,"sensors":[25,44,45,16,35,40,46,17,6,38,42,30,39,32,19],"power":[0.1083739182849838,0.15468191218312252,0.07700378189600776,0.1315722072577764,0.13760976516689638,0.07701048000564314,0.17819511339543184,1.0052134712160146,0.03695426768041632,0.10694929941377702,0.10305306470144386,0.05586308411585623,0.2753972818887415,0.17345216982903136,0.20137516976325287]}
{"id": 5, "drone": 8, "position":(16.666666666666668,33.333333333333336,1.0), "time":1.9082960930841182,"sensors":[25,45,9,37,36,40,17,49,6,38,30,39,34],"power":[1.7373712883489957E-4,0.0038936542280681055,2.2665184284788648E-4,1.4221898313579158E-4,2.3723918518086943E-4,0.0038664812941070054,1.3368042327268354E-4,2.240419003523146E-4,3.1060198897583425E-4,3.228021798282684E-4,2.9352597270264433E-4,5.659676810602257E-4,0.001411197303268248]}
{"id": 6, "drone": 8, "position":(8.333333333333334,8.333333333333334,4.0), "time":913.9423215520912,"sensors":[26,43,15,18,22,11],"power":[0.88814080726805,0.45083397980119594,0.10300471053879792,0.15,0.1993685806471666,0.22206572940937214]}
{"id": 7, "drone": 6, "position":(33.333333333333336,8.333333333333334,1.0), "time":23.128942143340815,"sensors":[3,27,42,32,19,33,13,28],"power":[0.013984618809421322,0.0015624804332923616,0.0018412345060769713,0.001887290084818125,0.0015179527287112486,0.05049917986792956,0.08229011338316344,0.0034152816070800083]}
{"id": 8, "drone": 6, "position":(41.666666666666664,41.666666666666664,1.0), "time":703.8054942485624,"sensors":[20,1,31,2,24,41,10],"power":[0.13853922844353306,0.30718736280781345,0.21869089322076873,0.15000000000000002,0.08995923931684384,0.14039565516280844,0.1042313292053662]}
{"id": 9, "drone": 0, "position":(33.333333333333336,41.666666666666664,1.0), "time":256.7510935056414,"sensors":[20,31,24,41,10,38],"power":[0.10461188101072912,0.02099752824655909,0.060040760683156134,0.07320921193502083,0.8220178327045591,0.03204476793703461]}
{"id": 10, "drone": 9, "position":(8.333333333333334,25.0,1.0), "time":365.5089695795922,"sensors":[25,21,9,36,6,7,30,47],"power":[0.06189802901378605,0.11426503309879511,0.03457864353478479,1.7084501819396773,0.4945042214219954,0.06259431440171483,0.19950226910523286,0.11896098601990551]}
{"id": 11, "drone": 3, "position":(25.0,16.666666666666668,1.0), "time":9.471216501526715,"sensors":[25,44,3,16,35,15,46,17,42,39,32,19,33,13],"power":[0.0016845816410788494,0.035668588104207186,0.0019236593626179622,0.0010733733226315004,7.99594132690692E-4,0.0019850470240594105,7.473608062061213E-4,0.0040308718590742676,0.04467335765253323,6.136960475847658E-4,0.003680954789165119,0.0031676915110123273,9.698104381820757E-4,0.0014598485740145435]}
{"id": 12, "drone": 3, "position":(16.666666666666668,41.666666666666664,1.0), "time":344.17309812977896,"sensors":[29,45,9,37,8,40,49,38,23,39,34,48],"power":[0.08767506790873339,0.06910256387592362,0.03555036292243365,0.22544226026077221,0.024025178932263077,0.06971540989023942,0.07397385924782982,0.028876884144024118,0.1167945008562513,0.022065711022148368,0.20524631578899485,0.028824562251896155]}
{"id": 13, "drone": 5, "position":(41.666666666666664,25.0,1.0), "time":357.6749633122896,"sensors":[20,16,35,46,41,12,4,32,19,14],"power":[0.02605188567286316,0.06808128876389606,0.06277546945917531,0.039447126289942444,0.03645964064674811,0.1301147737359565,0.10381129268686684,0.026075694831362108,0.02794200411146789,0.055434625567203265]}
{"id": 14, "drone": 5, "position":(41.666666666666664,16.666666666666668,1.0), "time":166.42583136309122,"sensors":[3,27,16,35,12,4,32,19,14,13,28],"power":[0.02802330263658656,0.03311454666787706,0.015098832955883035,0.010628054128715548,0.01988522626404349,0.4003675686334677,0.013500639749127036,0.012353745334166175,0.12036735394779954,0.01625613006845053,0.015338892658549258]}
