LP RESULTS :
 Obj = 0.1*lambda1+0.9*lambda2 = 142.94235370317944 (lambda1 = 1411.4235370317942, lambda2 = 2.0) Resol time = 3758 ms

{"id": 0, "drone": 2, "position":(33.333333333333336,16.666666666666668,1.0), "time":288.96969716068475,"sensors":[42,43,39,7,40,3,11,30,48,37,33],"power":[0.06853407692667549,0.04485543441178715,0.07756130368868848,0.05376379371850683,0.060188089553548735,0.09363693487082676,0.2828638136795769,0.027778293363713385,0.021698210634176263,0.08940176287016095,0.18686830196055568]}
{"id": 1, "drone": 2, "position":(41.666666666666664,33.333333333333336,1.0), "time":116.35077647606522,"sensors":[21,14,0,22,25,15,32,30,41,46,13],"power":[0.06564443766915659,0.01458067378585178,0.03674425368211264,0.0387695071837298,0.0765902153043142,0.06766328220226257,0.007393168771371831,0.008231559817152408,0.008738809152588166,0.015090893440487137,0.05848545473841478]}
{"id": 2, "drone": 7, "position":(33.333333333333336,25.0,4.0), "time":117.75631860798055,"sensors":[42,43,14,7,3,1,11,15,9,49,30,13,37,33],"power":[0.013949881180031475,0.011808922143607316,0.008172623575395456,0.01629880272919001,0.044165990449841375,0.008964633320943197,0.017869990744308416,0.027337167744571633,0.013755846288061644,0.009407929645134339,0.046432984250930225,0.03119899492076167,0.023159950067687188,0.03206064455612083]}
{"id": 3, "drone": 7, "position":(25.0,8.333333333333334,1.0), "time":542.8003141950915,"sensors":[42,39,23,7,20,40,47,11,48,27,33],"power":[0.08262523093253286,0.1478517859675353,0.2319637872619068,0.0478195706782715,0.053400018061538684,0.04194728403333939,0.05653119647566375,0.09565651930125672,0.13254018595763412,0.15,0.04527564581839265]}
{"id": 4, "drone": 9, "position":(25.0,41.666666666666664,1.0), "time":14.516325120906899,"sensors":[17,18,44,22,19,31,36,28,9,10,41],"power":[0.006663843345578369,0.008132564257392453,0.0026513129745089313,0.001010113438033962,0.028220496357098893,0.040807057789280204,0.0060023028844078535,0.012239283200405298,0.0031398285341291657,0.001464336739680809,0.006063213443111716]}
{"id": 5, "drone": 9, "position":(41.666666666666664,41.666666666666664,1.0), "time":465.44135073386053,"sensors":[21,24,18,0,22,25,15,28,32,41,13],"power":[0.040137968239000864,0.1273332461859244,0.046408586489377956,0.07806108761761832,0.23572147311530767,0.09154900529365133,0.034128608252455526,0.03749807533655203,0.25476489232292127,0.04067610553777228,0.03693728812397973]}
{"id": 6, "drone": 1, "position":(8.333333333333334,33.333333333333336,1.0), "time":381.042903087697,"sensors":[16,38,45,4,26,10,29,6],"power":[0.05064032148598139,0.1484217775761918,0.06817607326955985,0.09018400687099284,0.038344077571671985,0.029029172393877277,0.46144180122389333,0.4327052633492283]}
{"id": 7, "drone": 1, "position":(8.333333333333334,25.0,1.0), "time":10.952712418787318,"sensors":[16,38,45,1,5,47,4,34,26,29,49,6,12],"power":[0.02893118748905555,0.013695881338570047,0.0033655348043803417,7.909040281153302E-4,0.0017859044817497068,9.556253366023563E-4,0.04600050683058111,8.859324621112454E-4,0.0023985388759144694,0.003777232588933436,6.932504315429661E-4,0.003376421275978852,8.738564876948795E-4]}
{"id": 8, "drone": 0, "position":(41.666666666666664,25.0,1.0), "time":426.6625804032468,"sensors":[43,21,14,0,3,25,15,30,46,13,37,33],"power":[0.18965282100757122,0.1420976022956164,0.3227799639723397,0.04193264320681349,0.03722999181868252,0.05907063651547703,0.27998441850600875,0.03723329727411602,0.10423688620431232,0.15108067967984629,0.1815790434247756,0.030830071424040525]}
{"id": 9, "drone": 8, "position":(25.0,16.666666666666668,1.0), "time":1.618584816135958,"sensors":[42,39,23,7,3,1,47,26,11,49,30,48,33],"power":[0.007100170372311236,2.2500279929178567E-4,3.222929157854161E-4,0.0018368665766473281,4.585949574320921E-4,3.127342732403719E-4,3.821732965895004E-4,1.477839386934879E-4,0.001361394219259777,1.7814671840331645E-4,1.4256347502961968E-4,0.0010881865822367166,6.708938651533737E-4]}
{"id": 10, "drone": 8, "position":(41.666666666666664,33.333333333333336,4.0), "time":285.21251081064213,"sensors":[21,14,0,22,25,15,46,13],"power":[0.09729471703089537,0.030313403915844014,0.07129756347940619,0.07488027699507571,0.10484850341432563,0.099346102774975,0.030672220355200536,0.09337201493711575]}
{"id": 11, "drone": 4, "position":(8.333333333333334,16.666666666666668,1.0), "time":105.01097234666508,"sensors":[16,23,38,20,45,5,47,4,34,26,48,12],"power":[0.0388782297509998,0.0071128375256113,0.011179466287205753,0.0175016094445501,0.009169201219237243,0.04871196378738785,0.020904798886134206,0.019208785256603425,0.08691080943369846,0.009507523967823252,0.008516993752983471,0.027516012314203545]}
{"id": 12, "drone": 4, "position":(41.666666666666664,8.333333333333334,1.0), "time":578.0349408598821,"sensors":[43,39,2,40,37],"power":[0.06219997909233896,0.09740406962548458,0.15,0.5117673141679724,0.054983437161744364]}
{"id": 13, "drone": 5, "position":(41.666666666666664,41.666666666666664,5.0), "time":117.75631860798117,"sensors":[21,24,18,0,22,25,28,32,41],"power":[0.008153224356030456,0.02266675381407599,0.009244994256655611,0.014562478217593829,0.03286228099944992,0.017601519664895395,0.007758980152982607,0.03356858061027453,0.008266188873796229]}
{"id": 14, "drone": 5, "position":(16.666666666666668,41.666666666666664,1.0), "time":353.643963001368,"sensors":[17,18,44,19,31,36,28,10],"power":[0.2909528524727672,0.023036788216367374,0.8288354468936538,0.0471475906330413,0.09492922981673549,0.07162263398802114,0.028339821468631777,0.3210754982046981]}
{"id": 15, "drone": 3, "position":(8.333333333333334,8.333333333333334,1.0), "time":750.8279105708917,"sensors":[23,20,5,8,47,34,35,12],"power":[0.08089582215387509,0.47629457291100075,0.10224501436671335,0.14999999999999997,0.0690957791627856,0.6280659436121082,0.18916452496267544,0.12161013119810157]}
{"id": 16, "drone": 3, "position":(25.0,33.333333333333336,3.0), "time":460.06557956767915,"sensors":[17,18,7,19,31,3,45,1,36,26,28,9,49,30,41],"power":[0.03863672729360095,0.07645613685791935,0.030242802534046712,0.1305050851412818,0.13144267841511884,0.03654583995776478,0.038200867679852826,0.06903085259032864,0.3739692784161201,0.04298877941821021,0.0641638398414284,0.40364834208688183,0.12567433437995754,0.11221160950187999,0.11766369731423525]}
{"id": 17, "drone": 6, "position":(16.666666666666668,33.333333333333336,1.0), "time":452.5197421106073,"sensors":[17,16,38,44,19,31,45,1,4,36,26,9,10,29,49,6],"power":[0.046448973514440724,0.031516397089617405,0.043043466057213514,0.0545493621790263,0.0417948253229348,0.07362910323772437,0.14276311554223065,0.07086221898947757,0.06274363555733406,0.12591376678708865,0.10678670268445917,0.04813112782137277,0.04355344715424142,0.05013541868616981,0.1141808172667729,0.048098475350755295]}
{"id": 18, "drone": 6, "position":(16.666666666666668,16.666666666666668,1.0), "time":0.21304268422245876,"sensors":[42,16,23,7,20,45,1,47,4,34,26,11,49,48],"power":[3.979789686757955E-5,3.386418434585556E-5,5.875281023341953E-5,3.8163763337664054E-5,4.193021189849958E-5,2.9351503872473534E-5,3.8656797894968125E-5,0.0021304268422245877,2.3682382817794233E-5,4.48110776829279E-5,4.251817161747995E-5,1.624287726094691E-5,1.9933072397791304E-5,1.7298951955860878E-4]}
