LP RESULTS :
 Obj = 0.1*lambda1+0.9*lambda2 = 114.76564572054393 (lambda1 = 1129.6564572054392, lambda2 = 2.0) Resol time = 1219 ms

{"id": 0, "drone": 6, "position":(33.333333333333336,33.333333333333336,1.0), "time":6.227286670065041,"sensors":[43,25,44,1,37,23,3,16,30,48,15,28,38],"power":[0.0010492928587193294,0.007327398222453189,5.830172078956019E-4,7.497857935439967E-4,4.5020784603032863E-4,4.127550918551728E-4,8.017467090911842E-4,0.007393173009068272,0.00548600987900462,4.0156283085099375E-4,6.717267013898896E-4,0.005158173264724305,4.8438007111881805E-4]}
{"id": 1, "drone": 6, "position":(41.666666666666664,25.0,4.0), "time":157.9801233366394,"sensors":[36,17,44,2,20,23,27,8,15,47,28],"power":[0.07611197783516005,0.02736061773400909,0.01682803229121309,0.10342355594764827,0.024623903407347537,0.11932370936233037,0.012146542948076643,0.034181927820418186,0.029932678090835125,0.023745043769170728,0.02083020428722185]}
{"id": 2, "drone": 0, "position":(41.666666666666664,41.666666666666664,1.0), "time":705.9867778906759,"sensors":[18,25,37,3,16,30,15,28,38,31],"power":[0.11018553453845646,0.13375508979895354,0.30789842131152095,0.11936812416291873,0.15838875746629336,0.046255690183876895,0.11333501436389848,0.13922451030298721,0.21975619562405022,0.1423451775433034]}
{"id": 3, "drone": 0, "position":(8.333333333333334,33.333333333333336,1.0), "time":8.358703983943315,"sensors":[4,6,33,10,12,26,41,11,46],"power":[0.002185023207176919,0.00899622659537791,0.022396366025566283,6.998530093371284E-4,7.748293352578703E-4,0.003404690887311978,9.302738816756886E-4,0.0027915904449603833,0.00133208122564764]}
{"id": 4, "drone": 4, "position":(41.666666666666664,8.333333333333334,4.0), "time":505.7659606965751,"sensors":[17,20,49,24,47,9],"power":[0.06684975886413864,0.1000648247309654,0.15,0.17335010389256117,0.05953841090719559,0.13600933350915476]}
{"id": 5, "drone": 4, "position":(16.666666666666668,25.0,1.0), "time":9.258479221429901,"sensors":[6,7,32,48,21,39,41,11],"power":[0.0014466849398793295,0.004391692696426512,9.488188691257419E-4,8.567816368859687E-4,0.0031602445151734967,0.002186522029023985,0.02137115901532677,0.003366964817527391]}
{"id": 6, "drone": 9, "position":(25.0,25.0,1.0), "time":42.09024537613703,"sensors":[44,1,7,32,30,48,27,21,41],"power":[0.011583297936649167,0.0031747299764956966,0.004931556223961743,0.004390343974279093,0.004254466138542292,0.025818226171018463,0.005396253703366721,0.043514751828010664,0.005326876803611715]}
{"id": 7, "drone": 9, "position":(8.333333333333334,8.333333333333334,2.0), "time":407.92069930457365,"sensors":[0,22,35,19,14,40,42,34,39],"power":[0.3194500784574072,0.09550284584120156,0.3032742348620271,0.4800880406159806,0.13888033046533593,0.1519141112039178,0.3349633580845204,0.08908986021233845,0.04712854531932182]}
{"id": 8, "drone": 2, "position":(8.333333333333334,25.0,1.0), "time":375.35214726856145,"sensors":[4,6,7,33,26,39,41,11],"power":[0.14219155773569034,0.2687680830004116,0.07119425455126008,0.049413761661466084,0.10155894939900904,0.10801097235690814,0.1374539519714567,0.48435418735116703]}
{"id": 9, "drone": 2, "position":(8.333333333333334,16.666666666666668,1.0), "time":69.69776781983103,"sensors":[4,0,22,6,7,32,35,19,14,42,39,41,11],"power":[0.005623419057132748,0.021687011515783727,0.0048328526353860314,0.005345146383873085,0.018115976411748093,0.005087318277717457,0.006346743883516761,0.007818784067030156,0.005487248905060934,0.013433237013173805,0.06910625367506697,0.011863864446144706,0.008143488483693801]}
{"id": 10, "drone": 5, "position":(25.0,16.666666666666668,4.0), "time":361.3588895933894,"sensors":[44,7,29,13,32,48,27,21,41],"power":[0.06767482297240841,0.04441162425353513,0.028840672325696814,0.05385524469218572,0.13982359904405353,0.11487425353694629,0.07862298721058167,0.10105566267930621,0.02385453132152547]}
{"id": 11, "drone": 5, "position":(41.666666666666664,16.666666666666668,1.0), "time":452.88009045667394,"sensors":[36,17,44,2,20,23,27,8,24,47,9],"power":[0.14450635934458894,0.5287175279707798,0.04791954135273683,0.10574273058553,2.506161378950946,0.08685820427986782,0.07717497648701946,0.1158180721795818,0.02936175862725262,0.2535579820769753,0.15282361874973]}
{"id": 12, "drone": 8, "position":(16.666666666666668,41.666666666666664,1.0), "time":201.4909761974934,"sensors":[43,1,33,5,10,45,46],"power":[0.03248219150226592,0.04888506056094544,0.02198601034815926,0.07594998049725404,1.158559135077051,0.05712814599037832,0.03870830938626817]}
{"id": 13, "drone": 8, "position":(25.0,16.666666666666668,2.0), "time":4.471564335034234,"sensors":[17,44,7,29,13,32,48,27,21,41],"power":[3.125960821159496E-4,9.734588062173008E-4,6.420431091384767E-4,4.218165880446351E-4,7.48830812479113E-4,0.0026527895278228154,0.001981512467689317,0.00115447392885345,0.0015414582652551977,3.2099885045410587E-4]}
{"id": 14, "drone": 7, "position":(25.0,41.666666666666664,1.0), "time":375.35214726856157,"sensors":[18,43,25,1,37,3,5,16,30,10,45,38],"power":[0.043773456669516646,0.9714920002649129,0.054904252891142855,0.3128419565864488,0.025418295320275903,0.09356742980677345,0.2406751808742263,0.03709797034436153,0.09400383379857548,0.0708559842048123,0.09287185400962168,0.03404285275260878]}
{"id": 15, "drone": 7, "position":(8.333333333333334,8.333333333333334,1.0), "time":267.4273635910431,"sensors":[0,22,7,35,19,14,40,42,34,39],"power":[0.25585702099666147,0.06494960829710623,0.017082789461156458,0.24870544882529688,0.4180094187928263,0.09621062164527022,0.10895295909717075,0.27282888674535577,0.06091013978766153,0.03200964567962504]}
{"id": 16, "drone": 1, "position":(8.333333333333334,41.666666666666664,1.0), "time":544.4546297554408,"sensors":[6,33,10,12,26,46],"power":[0.04746486985615035,0.1864270219148953,0.1307019581042488,0.1492251706647421,0.045036359713678975,2.6546159206711746]}
{"id": 17, "drone": 1, "position":(33.333333333333336,16.666666666666668,1.0), "time":8.558718380516531,"sensors":[36,17,44,2,20,13,32,48,27,21,47],"power":[6.287427945364715E-4,0.005659138901161741,0.00443782943287953,5.469248660612111E-4,0.0014531181706153693,8.713200753971132E-4,6.67315817576209E-4,0.0025464587268088376,0.04942408548477131,7.278827122545214E-4,5.434484957364801E-4]}
{"id": 18, "drone": 3, "position":(41.666666666666664,41.666666666666664,3.0), "time":42.09024537613675,"sensors":[18,25,37,3,16,15,28,38,31],"power":[0.006039398031344263,0.0071453560010614845,0.014499723887556625,0.006166550384043939,0.008664925251762304,0.006060580843876506,0.007482102391491762,0.011661810120871316,0.007654822456696613]}
{"id": 19, "drone": 3, "position":(25.0,8.333333333333334,1.0), "time":102.31682572704872,"sensors":[29,13,32,14,48,27],"power":[0.12073751108625855,0.4847841455523579,0.028253258223223988,0.010495429846646169,0.006898378696313324,0.01061230538990183]}
