LP RESULTS :
 Obj = 0.1*lambda1+0.9*lambda2 = 190.77595743580974 (lambda1 = 1889.759574358097, lambda2 = 2.0) Resol time = 1840 ms

{"id": 0, "drone": 8, "position":(41.666666666666664,41.666666666666664,1.0), "time":797.9805914674748,"sensors":[17,38,29,8,13,5,35,43],"power":[1.7121236504751458,0.45741089914435157,0.07007077002568306,4.083961848690268,0.053011722059052496,0.07801353161850719,0.15871288131581507,0.15]}
{"id": 1, "drone": 8, "position":(25.0,8.333333333333334,4.0), "time":55.77058998969733,"sensors":[27,44,7,42,31,15,34],"power":[0.01315881563626734,0.004225029831936832,0.016902008864701046,0.007326669629223264,0.007671480930285557,0.007536056860167313,0.012201948351013079]}
{"id": 2, "drone": 9, "position":(8.333333333333334,33.333333333333336,1.0), "time":355.3860576130164,"sensors":[30,6,21,37,11,33,39,10],"power":[0.11238288758430076,0.08765579148346347,0.04333254677890512,0.03546583433301723,0.0959261660150557,0.03556792906977318,0.2859702374633809,0.02509741604928768]}
{"id": 3, "drone": 9, "position":(16.666666666666668,8.333333333333334,1.0), "time":93.00157735537937,"sensors":[45,46,44,7,42,1,32,36,19,15,34],"power":[0.015292423905552193,0.016810363960045076,0.007788275623292656,0.010376109306445412,0.05431363717208119,0.014145965875116618,0.009757748534280585,0.02331011718351854,0.010185567730902017,0.03685535360769836,0.008433222941829605]}
{"id": 4, "drone": 6, "position":(8.333333333333334,25.0,1.0), "time":124.87438435169784,"sensors":[45,30,6,32,37,19,39],"power":[0.01615563949002972,0.02158947457883273,0.01881257378265134,0.027107617320649112,0.07648507119840445,0.030959769111357276,0.00985269062762715]}
{"id": 5, "drone": 6, "position":(25.0,16.666666666666668,5.0), "time":331.8993789295998,"sensors":[27,28,45,44,14,20,0,32,19,16,34],"power":[0.09581739245138068,0.028028498999891596,0.048580339599681895,0.09495946780374097,0.05489964083048453,0.028263837632707824,0.05603634023647459,0.030566604678136315,0.02530172137611952,0.023866728031250114,0.1834778026056221]}
{"id": 6, "drone": 0, "position":(41.666666666666664,16.666666666666668,1.0), "time":727.886944356816,"sensors":[25,27,41,28,3,4,0,47,31,26,40,24,16],"power":[0.11811014517562937,0.05584616158411175,0.12022843009262023,0.336810340280981,0.062073143194248455,0.07788826523096265,0.11147213059591389,0.15531983706015912,0.08330741960716509,0.1857271447105917,0.4635203094896001,0.09320972239846459,0.3974825044272097]}
{"id": 7, "drone": 0, "position":(16.666666666666668,33.333333333333336,1.0), "time":285.12941416898775,"sensors":[30,20,6,23,9,21,12,39],"power":[0.7497358182595094,0.05397192432883971,0.9039494954031152,0.06320857820215219,0.02468070245890468,0.10544384907531364,0.021504861316463657,0.04184786258938166]}
{"id": 8, "drone": 5, "position":(16.666666666666668,25.0,1.0), "time":512.8511772984871,"sensors":[45,44,30,14,20,6,32,37,19,12,34],"power":[0.14837326145739554,0.16052516626143698,0.14916485732092613,0.03801282661172099,0.13375954452851746,0.17623773927004685,0.20729363736577164,0.038049094468578355,0.16688080403545688,0.03717449126381631,0.03325869633398464]}
{"id": 9, "drone": 5, "position":(25.0,8.333333333333334,1.0), "time":276.12878893990234,"sensors":[27,45,44,7,42,31,15,34],"power":[0.08035664983809274,0.019672850982400847,0.023343320806551212,0.12272188182885363,0.043665900281458815,0.04599585996309995,0.04471123692558007,0.07468742429763775]}
{"id": 10, "drone": 3, "position":(41.666666666666664,8.333333333333334,1.0), "time":608.9638167123145,"sensors":[28,3,48,47,31,26,40,16],"power":[0.07365426950192017,0.39224065768003386,0.15,0.08008101492199994,0.17375941045803364,0.07300210472677318,0.7833834282507335,0.1425225051995818]}
{"id": 11, "drone": 3, "position":(33.333333333333336,16.666666666666668,1.0), "time":221.00943435936694,"sensors":[27,41,28,44,14,4,0,31,40,24,16,34],"power":[0.1360858075524693,0.035752619826745075,0.3991535728672196,0.01598099661493347,0.051123917460891295,0.021218271634805302,0.3007773263274212,0.04513971660603688,0.03914970190641629,0.020918490942359196,0.20847630898470984,0.0610476599214897]}
{"id": 12, "drone": 2, "position":(16.666666666666668,25.0,4.0), "time":33.78541869784101,"sensors":[45,44,30,14,20,6,32,19],"power":[0.00771941452831161,0.008394498825903842,0.007859485660424112,0.002187730702919943,0.007136534877913707,0.008895703470154705,0.009757751789584013,0.008708772021125426]}
{"id": 13, "drone": 2, "position":(8.333333333333334,8.333333333333334,1.0), "time":517.2188487851897,"sensors":[45,46,42,1,32,36,19,15,49],"power":[0.042998785708339086,0.8697371138369946,0.08076957846335622,0.14345111122377024,0.0394899215825243,4.801495253932793,0.04599745177762283,0.06089735260655428,0.15]}
{"id": 14, "drone": 7, "position":(8.333333333333334,41.666666666666664,1.0), "time":548.1699632086709,"sensors":[18,30,6,23,21,11,22,33,39,10],"power":[0.034823297748204765,0.05088723486705958,0.04097276041578834,0.04064089323918563,0.09566336457856636,0.14060544006965578,0.15,0.15769076247897915,0.5103139843051353,0.13040048356289888]}
{"id": 15, "drone": 7, "position":(25.0,33.333333333333336,1.0), "time":29.563159019396153,"sensors":[30,14,20,29,6,23,9,21,5,12],"power":[0.004136476037454834,0.003775884393983206,0.0126281102493352,0.005144478728443814,0.005214889706449835,0.006892869171831175,0.0096384531668017,0.004684441480006556,0.006544603510524301,0.014406247562788166]}
{"id": 16, "drone": 4, "position":(25.0,41.666666666666664,1.0), "time":671.5109803480259,"sensors":[18,2,29,23,9,21,5,12,35],"power":[0.14562243432524716,0.15,0.5097098852840327,0.6091575129610717,1.202142880117972,0.15771757676298576,0.06541966386141959,0.05148414354315581,0.05700009359884338]}
{"id": 17, "drone": 1, "position":(41.666666666666664,33.333333333333336,1.0), "time":390.70484352320017,"sensors":[25,17,41,38,4,8,13,5,12,24],"power":[0.031889854824370616,0.10054101274431122,0.07166648807658892,0.039932672459705686,0.11647191933181536,0.0621011180854995,0.0969882779409475,0.08534796548257238,0.025430256313775892,0.11875769724440098]}
