LP RESULTS :
 Obj = 0.1*lambda1+0.9*lambda2 = 138.991046763812 (lambda1 = 1380.9104676381198, lambda2 = 1.0) Resol time = 192 ms

{"id": 0, "drone": 0, "position":(41.666666666666664,25.0,1.0), "time":783.581463365576,"sensors":[41,43,48,22,12,21,17,24],"power":[0.15000000000000002,0.1530581966014494,0.24065652147229072,0.12233632216559688,0.050224617860550276,0.1429322601157282,0.2407654009638324,0.09655530817348262]}
{"id": 1, "drone": 7, "position":(41.666666666666664,8.333333333333334,2.0), "time":576.4353229978719,"sensors":[31,39,36,8,15,12,34,24,45],"power":[0.08293444412662657,0.1306910183000051,0.1870511921169688,1.241571876522024,0.15,0.1832535091761004,0.8232613556752777,0.11427360715425944,0.5669369433229824]}
{"id": 2, "drone": 4, "position":(33.333333333333336,8.333333333333334,5.0), "time":663.6220868578323,"sensors":[31,46,39,28,19,8,34,45],"power":[0.3214689975958045,0.04203384133894985,0.3906587971958702,0.07077066923464741,0.0815196374695724,0.07221381624009306,0.17709489317655658,0.052077143249177844]}
{"id": 3, "drone": 2, "position":(8.333333333333334,8.333333333333334,3.0), "time":260.57849074444175,"sensors":[1,40,20,26,47,30,49],"power":[0.04098629806301555,0.25750859580871094,0.07057586533346745,0.022553342777507913,0.34120763575304136,0.06015407761045108,0.02648942891592719]}
{"id": 4, "drone": 3, "position":(25.0,25.0,1.0), "time":403.0435961133905,"sensors":[32,23,3,13,27,14,10,2,26,11,17,42],"power":[0.29054643952952625,0.10415585153534583,0.08489031625714658,0.031212391066400818,0.18116260521121158,0.16826327934517296,0.0832379643712584,0.04688516045374888,0.03778403669031503,0.05632844794500931,0.033378380838170414,0.08716106983130621]}
{"id": 5, "drone": 1, "position":(41.666666666666664,41.666666666666664,1.0), "time":597.3290042725437,"sensors":[18,44,7,16,43,22,21,25,6],"power":[0.09634158135292412,1.0114671169682647,0.5221685511907316,0.15,0.1479661666858742,0.12112276589887155,0.04094959346100868,0.12017153789372874,0.24035578985413905]}
{"id": 6, "drone": 6, "position":(8.333333333333334,33.333333333333336,1.0), "time":877.1768095715686,"sensors":[0,37,5,4,3,9,13,35,33,38],"power":[0.08013681684622538,0.20773560041861036,0.09354710184080872,0.47574670191352714,0.1059884544900714,0.12297470265057778,0.301472573691609,0.058482458645481995,8.771768095715686,0.13045847865896365]}
{"id": 7, "drone": 8, "position":(25.0,41.666666666666664,4.0), "time":403.0435961133905,"sensors":[18,29,23,9,35,25,38,42],"power":[0.0984323111816232,0.31794799690974634,0.05324168991213468,0.05321809435245723,0.07137325807172373,0.07672012474428004,0.04942222461221325,0.065859754187339]}
{"id": 8, "drone": 5, "position":(16.666666666666668,8.333333333333334,2.0), "time":717.2883807802875,"sensors":[46,28,1,40,19,10,2,20,26,47,11,30,49],"power":[0.2900212192829418,0.22288574568360053,1.3652325271320287,0.15071479920530315,0.16129326266832608,0.0667620356287416,0.16396528203487074,0.12846540186384672,0.12047473470307811,0.09357767520662494,0.13640446328185668,0.14163866672145822,0.20485066631685891]}
{"id": 9, "drone": 9, "position":(8.333333333333334,41.666666666666664,1.0), "time":100.69006195316075,"sensors":[0,5,4,9,13,35,33,38],"power":[0.06986318315377461,0.07672189597262886,0.007751819820965192,0.02947140331549255,0.011757253534094982,0.020144283282794245,0.0197335826966175,0.031522038867706936]}
