LP RESULTS :
 Obj = 0.1*lambda1+0.9*lambda2 = 108.13521632204458 (lambda1 = 1063.3521632204458, lambda2 = 2.0) Resol time = 4095 ms

{"id": 0, "drone": 4, "position":(33.333333333333336,41.666666666666664,1.0), "time":505.7714804683229,"sensors":[29,45,35,7,0,42,24,6,28,16,38,22,4,12],"power":[0.10924302609902768,0.11241584257076884,0.1416207530959072,0.036711745110163244,0.20544129474684864,0.07675761812568281,0.34894834702350985,0.130987758078168,0.115273561399813,0.10453788035525237,0.6531603872524099,0.09323597216283992,0.06129919587290063,0.06817679623070368]}
{"id": 1, "drone": 4, "position":(16.666666666666668,25.0,1.0), "time":107.89839758274456,"sensors":[33,30,14,8,7,11,46,3,47,27],"power":[0.020454147484191686,0.02960391175941704,0.17898436500422577,0.022134109925284275,0.008418585149213599,0.030962115312229962,0.15844469182516432,0.017098753074133537,0.020133548507963336,0.25438150285946637]}
{"id": 2, "drone": 5, "position":(25.0,8.333333333333334,3.0), "time":249.12428321410766,"sensors":[33,26,11,36,41,20,47,13,21,10,17],"power":[0.035351510420300825,0.06743701444298177,0.01808749301236399,0.026506340476509207,0.061987131255147536,0.06935999844363432,0.036361167300210176,0.1561928153472779,0.07756948497841075,0.07462320917310139,0.061228729105980206]}
{"id": 3, "drone": 5, "position":(41.666666666666664,25.0,1.0), "time":160.09913404361322,"sensors":[39,31,37,5,1,18,16,34,19,49,23,22,4],"power":[0.054111284016795005,0.013976423016195914,0.021291444607916484,0.04140631175626418,0.051551538988209404,0.019864393661790738,0.012557828347350876,0.015736757830055667,0.05779265747526212,0.02484843883146961,0.03855495512998433,0.011529746329537708,0.03850346838869239]}
{"id": 4, "drone": 7, "position":(25.0,41.666666666666664,1.0), "time":160.0991340436131,"sensors":[29,8,7,0,42,24,6,28,32,16,44,2,38],"power":[0.01087037959055647,0.010927479630176321,0.05739397621503551,0.4035747472268571,0.08382195553667034,0.015421216777323849,0.03167606604733477,0.03278100598974291,0.016453719128270768,0.01878649652107955,0.036698523481667925,0.030415521257130325,0.04650421319126491]}
{"id": 5, "drone": 7, "position":(41.666666666666664,16.666666666666668,1.0), "time":663.2292270357761,"sensors":[31,37,5,18,19,49,23,10],"power":[0.5910410786706477,0.2030757192370069,0.05358868406279224,1.7670175325723123,0.05771505800633899,0.10616416905054989,0.07274823363067215,0.05002412956272322]}
{"id": 6, "drone": 9, "position":(25.0,25.0,1.0), "time":83.55406239182078,"sensors":[33,30,14,8,7,11,37,42,28,5,46,41,3,16,47,13,49,23,27],"power":[0.012537816862831777,0.007260753625902716,0.008746747693225114,0.10233146741926721,0.00712526763926442,0.011269605101886201,0.006422970081034002,0.008772249499757575,0.01090736194365145,0.013759893134325267,0.018683307306282388,0.013516942968670596,0.33409757374006843,0.010377745090248301,0.014936896119419962,0.006359339861967459,0.015640427977409284,0.016599455975482572,0.0321947469533045]}
{"id": 7, "drone": 9, "position":(8.333333333333334,41.666666666666664,1.0), "time":580.5740978495958,"sensors":[30,43,25,9,48,32,44,2],"power":[0.05590680166018039,3.2225331770709746,0.18114021621766124,0.15,0.5064280946197721,0.14345437253832685,0.04546068292480814,0.14391263155398626]}
{"id": 8, "drone": 6, "position":(16.666666666666668,16.666666666666668,1.0), "time":20.608604971077483,"sensors":[33,14,40,11,36,46,41,3,20,47,13,17,27],"power":[0.037109732432527145,0.0035750834382477447,0.0018301283296403425,0.10898743778271956,0.008122198618469544,0.002079715907577213,0.0032047535165310526,0.0019356896871573744,0.004183360081593362,0.02148815571823087,0.0036091384608217276,0.0038381845350065097,0.00495411615183879]}
{"id": 9, "drone": 6, "position":(8.333333333333334,8.333333333333334,4.0), "time":276.7489766369043,"sensors":[40,36,20,15,17],"power":[0.11518522272418678,0.06927264475790194,0.03512887792408524,0.06869888849807633,0.04027149536222394]}
{"id": 10, "drone": 3, "position":(16.666666666666668,8.333333333333334,1.0), "time":412.5688150174011,"sensors":[33,40,11,36,41,20,15,47,13,21,17],"power":[0.07938040655263047,0.04241613176062836,0.06724657248189785,0.4868979490934182,0.037923638005600925,1.7277378225986437,0.04977827729195666,0.07071980990520055,0.07476421269721645,0.03463134696960009,2.2876476991339634]}
{"id": 11, "drone": 3, "position":(41.666666666666664,33.333333333333336,1.0), "time":148.35726549440216,"sensors":[39,45,35,24,28,5,1,16,34,19,23,22,4,12],"power":[0.4827080947380998,0.03699657577237887,0.021573575459038347,0.042418320921232086,0.013686810896449462,0.022650486115604232,0.1662065604476623,0.02359716805335914,0.08166258340520648,0.034492284518398905,0.014358098902398864,0.10104257217520524,0.12481321094594446,0.03252509197095308]}
{"id": 12, "drone": 2, "position":(41.666666666666664,41.666666666666664,4.0), "time":243.6531964354339,"sensors":[29,39,45,35,24,1,38,34,22,4,12],"power":[0.029886594310415824,0.0290993151302732,0.24588889914307258,0.19246909443218677,0.06126373774733261,0.02331453177257793,0.02630732683596351,0.05260065876473785,0.12262646413623739,0.0265384438105653,0.18932678673918232]}
{"id": 13, "drone": 2, "position":(33.333333333333336,25.0,1.0), "time":5.47108677867368,"sensors":[39,8,37,24,28,5,41,3,1,16,49,23,4],"power":[6.218816005932186E-4,9.165388082483429E-4,0.0012598672303075424,3.622076228840854E-4,7.987648040051996E-4,0.018594624931014207,5.247460638667546E-4,0.0015192875506663348,4.241947309469254E-4,0.001202180284753606,0.00410742699645121,0.0547108677867368,0.0012538645237839998]}
{"id": 14, "drone": 8, "position":(16.666666666666668,33.333333333333336,1.0), "time":1.9921250973558244,"sensors":[30,14,43,8,7,42,28,46,32,2,27],"power":[0.007302421091135754,4.280623431844759E-4,1.3678658609937348E-4,3.6346654008530407E-4,8.849605329449645E-4,3.7825566194021047E-4,1.4240333254472964E-4,0.001103697571133065,1.314026678505113E-4,3.907647585369293E-4,3.342439272147168E-4]}
{"id": 15, "drone": 8, "position":(33.333333333333336,8.333333333333334,1.0), "time":148.35726549440187,"sensors":[31,26,37,41,18,13,49,21,10],"power":[0.015250409327009905,0.08973519917099083,0.028180568084097673,0.02284677435631736,0.01978292301793779,0.025425204475768844,0.012970276902576584,0.03779916805198918,0.38885046827616054]}
{"id": 16, "drone": 0, "position":(16.666666666666668,41.666666666666664,1.0), "time":204.0369636365886,"sensors":[30,43,7,0,42,48,46,32,44,2],"power":[0.03306053233757395,0.03685932759493595,0.06666455590251236,0.025313007261644628,0.03230439743941333,0.020800428074765776,0.013317082051987561,0.11482574628665793,0.06784079359352392,2.0403696363658863]}
{"id": 17, "drone": 0, "position":(25.0,16.666666666666668,1.0), "time":2.6413874761601885,"sensors":[33,8,11,37,36,41,3,20,47,13,49,23,10,17,27],"power":[0.0013242980992477585,2.51500054264835E-4,5.965053818589391E-4,4.041519380705719E-4,2.420300498920684E-4,0.009996013833865789,7.564297536908356E-4,3.3356566084017227E-4,0.0020197339613269526,0.002176858105511291,5.185026435186812E-4,2.490266846649664E-4,4.3288628749499103E-4,2.6744638484219914E-4,4.339740516599891E-4]}
{"id": 18, "drone": 1, "position":(8.333333333333334,8.333333333333334,1.0), "time":101.66009590479507,"sensors":[40,11,36,20,15,17],"power":[0.08403966916645125,0.007396645863764955,0.032649352714288545,0.015256197902770198,0.03152283420996699,0.017262332151593004]}
{"id": 19, "drone": 1, "position":(16.666666666666668,25.0,5.0), "time":85.2965166623402,"sensors":[33,30,14,8,11,46,3,47,27],"power":[0.011981458876791064,0.016865579525789754,0.036176853997407395,0.013075437622673672,0.01757014433386667,0.03395065708122381,0.010318025301360775,0.011762064253212554,0.04087287500754438]}
