LP RESULTS :
 Obj = 0.1*lambda1+0.9*lambda2 = 124.0924899497174 (lambda1 = 1222.924899497174, lambda2 = 2.0) Resol time = 2071 ms

{"id": 0, "drone": 9, "position":(25.0,41.666666666666664,1.0), "time":412.126470595065,"sensors":[38,4,19,49,30,24,45,18,42,22,36],"power":[0.07890161405275822,2.620282317035443,0.06464908899240727,0.12507597594498437,0.04011962042255225,0.09300902778682175,0.15023394968061135,0.05647856346221518,0.07795746565935992,0.2419612949981301,2.7884476586157265]}
{"id": 1, "drone": 9, "position":(33.333333333333336,25.0,1.0), "time":1.0891913669543811,"sensors":[40,47,21,30,10,34,39,18,28,5,9,20,29,1,46,14],"power":[4.281980758597703E-4,3.3150724552901843E-4,4.4842430946762975E-4,1.7549088591794706E-4,2.7568978579523E-4,8.792537584269935E-4,0.0035285221775335223,1.3895655738500239E-4,2.7267949417742344E-4,9.565422382517956E-5,1.6001971418563992E-4,2.3707984034936633E-4,3.226460213535834E-4,9.679227186453471E-4,8.319775346280026E-5,1.8604934398929327E-4]}
{"id": 2, "drone": 2, "position":(41.666666666666664,41.666666666666664,1.0), "time":264.77612070595785,"sensors":[38,25,49,10,22,28,29,27,7],"power":[0.06396331802637645,0.26253415821905873,0.024924024055015623,0.02926853560963164,0.017925606721260957,0.0227001207273484,0.025861443474790528,0.1008625387937773,0.3708620669616863]}
{"id": 3, "drone": 2, "position":(41.666666666666664,33.333333333333336,1.0), "time":527.9086648498746,"sensors":[38,25,40,10,34,28,29,1,27,3,13,7],"power":[0.06331425675934935,0.2641478428793843,0.05024935658867126,0.3812507948043737,0.14114644378815858,0.42828915963301095,0.30617094596822947,0.05558830956815409,0.04913746120622272,0.04933009106924775,0.04419764591032364,0.21648669420554442]}
{"id": 4, "drone": 1, "position":(25.0,8.333333333333334,1.0), "time":429.1509225743872,"sensors":[2,44,43,17,32,5,11],"power":[0.0568041047567897,0.07174022214998821,0.06324661977082591,0.28988206452756293,0.11602426782459017,0.058438574096306414,0.13352692129022087]}
{"id": 5, "drone": 7, "position":(41.666666666666664,25.0,1.0), "time":429.1509225743872,"sensors":[6,40,21,10,34,39,28,9,20,29,1,3,46,13],"power":[0.033908576507131985,0.3125191978233985,0.07799405192822283,0.11305896713191807,0.19102324537000231,0.06011968495572351,0.2696712266330207,0.17695316343194445,0.07530398571496756,0.12309048035063265,0.23327103180473568,0.10066990893075224,0.12487054074099953,0.15704731618751736]}
{"id": 6, "drone": 7, "position":(25.0,33.333333333333336,5.0), "time":18.113643346276575,"sensors":[38,4,15,19,47,30,45,39,18,22,36,29,14],"power":[0.0014290324454349214,0.003005724440483073,0.003595656321030828,0.0012222257682211856,0.002841779000151195,0.007077111852298148,0.007002286816966066,0.0014842519733533825,0.009418905071822078,0.0012914271715276046,0.0036422355471679773,0.001143116516262518,0.002696454616316537]}
{"id": 7, "drone": 6, "position":(8.333333333333334,8.333333333333334,1.0), "time":748.0690909845084,"sensors":[33,16,26,35],"power":[3.7022697466558725,0.2307012272013206,0.3816923909628671,0.07430667128349606]}
{"id": 8, "drone": 8, "position":(16.666666666666668,41.666666666666664,1.0), "time":433.18255863355114,"sensors":[4,15,41,19,48,23,8,12,24,45,18,31,42,22,36],"power":[0.07321638058459226,0.03191950628315805,0.11436201628024442,1.9294917322975156,0.04125789407644233,0.041773850728954016,0.030937822654974377,0.10504393879526122,0.0605616767672234,0.09900429747759168,0.029023416804301882,0.06324176276353871,1.3277438125605685,0.033586036549779354,0.09381099456072764]}
{"id": 9, "drone": 0, "position":(33.333333333333336,8.333333333333334,1.0), "time":138.8318733029255,"sensors":[6,2,44,43,17,21,32,5,20,11,0],"power":[0.03178019112652305,0.03582374275139711,0.19363567960599848,0.0465927639500795,0.024712042294277318,0.01658382815527124,0.9048906505411851,0.09382662606555411,0.02288762389950126,0.527509360578926,0.00957828862094515]}
{"id": 10, "drone": 0, "position":(8.333333333333334,25.0,1.0), "time":474.8558085126656,"sensors":[37,15,23,16,35],"power":[0.2990440770342453,0.04673164715301701,0.050667766793347314,0.07320156041903897,0.07569332871650393]}
{"id": 11, "drone": 4, "position":(8.333333333333334,41.666666666666664,1.0), "time":314.8865323509573,"sensors":[37,41,19,48,23,8,12,31,42],"power":[0.029547381898056696,0.08561110701695257,0.09348052909426732,0.2700936327890834,0.12306602478402374,0.1190621773450256,2.953175172082794,0.8224775940282947,0.06884429661569716]}
{"id": 12, "drone": 3, "position":(41.666666666666664,8.333333333333334,3.0), "time":264.77612070595774,"sensors":[6,2,44,43,32,5,9,20,11,46,0],"power":[0.13697775687776675,0.022736244418629828,0.04915720556369131,0.027173665257327048,0.04185102451772717,0.04846437997308763,0.02992897277018208,0.03283500079317119,0.036575512873715736,0.032318598528657524,0.05293202922173903]}
{"id": 13, "drone": 3, "position":(25.0,25.0,1.0), "time":264.77612070595774,"sensors":[15,47,21,30,45,34,39,18,1,14],"power":[0.07579528369393979,1.2639491043436817,0.030892649501596182,0.15768853827896004,0.0285309981889699,0.023300717756455577,0.08486754089338955,0.09039258395035785,0.022951399355356814,1.6207705632647993]}
{"id": 14, "drone": 5, "position":(41.666666666666664,8.333333333333334,1.0), "time":389.07679154694915,"sensors":[6,2,44,43,21,32,5,9,20,11,46,0],"power":[0.2974110041241118,0.034635908073183355,0.08177960852322058,0.044799406978878284,0.02732894642347359,0.06625832329135763,0.07737426758198047,0.047973668322461464,0.054440697600787374,0.05749450018070741,0.04997777003617352,0.08748968215731581]}
