LP RESULTS :
 Obj = 0.1*lambda1+0.9*lambda2 = 136.28515730412582 (lambda1 = 1344.851573041258, lambda2 = 2.0) Resol time = 3069 ms

{"id": 0, "drone": 1, "position":(25.0,25.0,3.0), "time":333.1540509513266,"sensors":[13,43,24,40,34,33,35,0,26,28,9,12,36,21,37],"power":[0.028600153386306993,0.11766850417073876,0.04718844291623217,0.0816153627382621,0.16998160172868218,0.025230809952724857,0.05960125550781607,0.03868189214708965,0.04447417712230377,0.0699080571850921,0.028453236880971733,0.09592939184654599,0.09797093060488253,0.054364975808610175,0.059825467498990655]}
{"id": 1, "drone": 1, "position":(16.666666666666668,16.666666666666668,1.0), "time":868.3253862921,"sensors":[13,43,33,45,17,35,0,42,9,12,36,14,46],"power":[0.06334911460054223,0.1189843971229402,0.09203607673811107,0.6304363115155203,0.06434730746870344,0.1661545403560751,0.4339474418823103,0.27867023122422885,0.36252263080388253,0.1854431158228129,0.09194777879269578,0.09379105805444189,0.08965816766671607]}
{"id": 2, "drone": 5, "position":(33.333333333333336,8.333333333333334,1.0), "time":80.46351759144004,"sensors":[3,43,33,48,35,26,7,28,12,21,37,8],"power":[0.04094458206502686,0.005840751413860324,0.02170733520911096,0.17056883161519126,0.008955936536452947,0.010153429602996505,0.010603867789819792,0.006621246931898422,0.0054264235897260185,0.007050068000308388,0.007907357929821005,0.15696174229558046]}
{"id": 3, "drone": 9, "position":(41.666666666666664,41.666666666666664,1.0), "time":742.7072438382523,"sensors":[29,25,11,27,30,47,5,39,6],"power":[0.09125850673827335,0.057892319880089235,0.15,0.33870408493816706,0.06375098121849075,0.057829171761548476,2.4479909053805726,0.14572244864741146,0.2726334270373494]}
{"id": 4, "drone": 9, "position":(16.666666666666668,33.333333333333336,1.0), "time":54.18434836191195,"sensors":[13,20,4,41,40,44,32,31,0,16,9,38,36,46],"power":[0.03042013232463632,0.004147766414812356,0.005895017570954947,0.036006899380165915,0.01995566747426958,0.010160684221638606,0.010217386884479908,0.23276911724557142,0.005247490271751171,0.007642744341442909,0.004702606694734163,0.0076725515079032035,0.02072070500625752,0.013813311215591305]}
{"id": 5, "drone": 6, "position":(41.666666666666664,8.333333333333334,1.0), "time":805.4690455570455,"sensors":[3,49,48,10,19,7,8,1],"power":[0.6173845242744687,0.23232721166413145,0.17907340595755178,0.08643262048426895,0.15,0.24816981898449997,0.08917738914669725,0.2955416928220054]}
{"id": 6, "drone": 6, "position":(41.666666666666664,25.0,1.0), "time":1.1589156361030994,"sensors":[29,25,24,34,47,10,26,28,21,37,22],"power":[4.107258890172668E-4,8.61256781148483E-4,3.2700702194355915E-4,9.031797717798525E-5,5.496607472862116E-4,1.227626813015647E-4,1.48367399553853E-4,1.3914222254957353E-4,1.7886223957730755E-4,1.4139681099544974E-4,0.00125299984149474]}
{"id": 7, "drone": 7, "position":(8.333333333333334,25.0,1.0), "time":89.18778743591916,"sensors":[13,4,45,17,31,0,16,42,9,36,14,46],"power":[0.027630599688514466,0.006468101800741932,0.01594996277182159,0.08565269253129655,0.007348339977405357,0.024553328574343714,0.013702363454777416,0.03345812649906366,0.03184862398925637,0.009392214214546269,0.011201411201380728,0.07415043414552581]}
{"id": 8, "drone": 7, "position":(25.0,41.666666666666664,1.0), "time":602.1443292030057,"sensors":[20,41,40,32,30,31,18,38],"power":[2.336206444261531,0.13197896928980857,0.08728373577573285,0.09728954588506071,0.4448775923557953,0.06410833962099187,0.13533496181544047,0.049360380897346956]}
{"id": 9, "drone": 4, "position":(8.333333333333334,41.666666666666664,1.0), "time":487.33493634821843,"sensors":[4,41,44,32,31,15,16,38],"power":[0.3901874142003341,0.07290504115002708,0.9651761980547886,0.14027901858378636,0.07375935936122285,0.15,0.13442650402883086,0.40387209552475156]}
{"id": 10, "drone": 3, "position":(8.333333333333334,8.333333333333334,1.0), "time":387.3383993132388,"sensors":[23,45,2,42,14],"power":[0.19368593730888264,0.07168775307592813,0.15000000000000002,0.041926917663364746,0.12243032090182021]}
{"id": 11, "drone": 3, "position":(41.666666666666664,33.333333333333336,2.0), "time":551.6195965610558,"sensors":[29,25,24,47,5,39,6,22],"power":[0.8379143491465502,0.3382508587402741,0.08040762320260353,0.28584473358592544,0.15825299848281874,0.08989669078936816,0.07975318663251267,0.07905809204078176]}
{"id": 12, "drone": 8, "position":(33.333333333333336,16.666666666666668,1.0), "time":36.38271100569395,"sensors":[3,43,24,34,33,48,35,26,28,12,21,37,8],"power":[0.00966085509771127,0.010131470908467244,0.005641692647263665,0.004545000744559839,0.011025778100053122,0.015775803835152973,0.008852840986476335,0.10014070786448684,0.03160814752207241,0.0073363926750884085,0.03997412326619309,0.04972041464006852,0.007353095642803103]}
{"id": 13, "drone": 2, "position":(41.666666666666664,16.666666666666668,5.0), "time":422.53629888707843,"sensors":[3,49,24,48,10,26,28,21,37,1,22],"power":[0.09043768556996534,0.04201670361925135,0.030207612431329474,0.052529683004140085,0.07657892841637079,0.06058471399812761,0.04172340613838748,0.052292836857081686,0.04891179433167191,0.03132193683739937,0.06968890811772348]}
{"id": 14, "drone": 2, "position":(16.666666666666668,41.666666666666664,5.0), "time":112.00017169220246,"sensors":[20,4,41,40,44,32,31,18,16,38],"power":[0.012551925621746141,0.010668679329641453,0.0414468042215765,0.008981649944559708,0.025640898928717435,0.062190325153533975,0.02363230003664345,0.014665038184559512,0.007197687858309298,0.03685364661814131]}
