LP RESULTS :
 Obj = 0.1*lambda1+0.9*lambda2 = 156.51970086512992 (lambda1 = 1547.197008651299, lambda2 = 2.0) Resol time = 4155 ms

{"id": 0, "drone": 0, "position":(41.666666666666664,25.0,1.0), "time":615.2783612312061,"sensors":[1,29,6,24,44,27,37,12,15,18,3,31,11,45],"power":[0.046475370358325725,0.10737069900545111,0.2150247978054587,0.06199712476280752,0.1877884121490674,0.13559269617174852,0.1093670142483106,0.08492539536100605,0.0882267055900675,0.042275851857025724,0.12079514993166632,0.14440839563126115,0.5985566051901674,0.1281900474540524]}
{"id": 1, "drone": 5, "position":(8.333333333333334,25.0,1.0), "time":587.6578076350863,"sensors":[41,9,26,47,34,43,14],"power":[0.1540289552577108,0.15,0.06095624098566881,0.1710294174529647,0.12276860122020594,0.8013493036778236,0.1281156666947528]}
{"id": 2, "drone": 5, "position":(33.333333333333336,41.666666666666664,1.0), "time":31.680412071958777,"sensors":[1,28,39,35,24,21,5,38,12,15,10,33,0],"power":[0.012131298564088537,0.014562848218384083,0.010259824253807127,0.011287727643760778,0.009159925200637516,0.02977925553154393,0.1874959491791668,0.09304950403321857,0.0024578410896705367,0.0037965020617227252,0.002695070292824893,0.007399184389801556,0.0048857152966687726]}
{"id": 3, "drone": 3, "position":(41.666666666666664,16.666666666666668,1.0), "time":87.83989301969928,"sensors":[29,6,13,44,36,18,42,3,31,11,45,48],"power":[0.0262886096539793,0.011767367905425518,0.00788823112476905,0.010147728257907553,0.011575065814113848,0.054546166518493894,0.018747762325793806,0.05236539964715177,0.005591604368738833,0.00786971019976161,0.007359481069486763,0.005624687031359184]}
{"id": 4, "drone": 3, "position":(16.666666666666668,16.666666666666668,1.0), "time":660.216932449164,"sensors":[26,34,2,43,19,8,14,48],"power":[2.8641687249863232,0.17810426564413054,0.107887084073622,0.056754401815989036,0.23865302154482718,0.10343777255486623,0.06865061647418734,0.054940271025239976]}
{"id": 5, "drone": 9, "position":(8.333333333333334,41.666666666666664,1.0), "time":232.8608353555054,"sensors":[40,41,23,16,17,20,30],"power":[0.06824777013406004,0.04131107076776064,0.08080188683162588,0.15319170141797267,0.11013666237041045,0.07908369024657191,0.04376476541191816]}
{"id": 6, "drone": 9, "position":(33.333333333333336,25.0,1.0), "time":0.8289969351752706,"sensors":[1,29,39,24,44,15,2,19,11,45,48],"power":[7.199459352203778E-5,2.5946348163760445E-4,1.1765473372138233E-4,8.941358582600838E-5,0.0038288146423714423,3.628323302392296E-4,1.3197723226639622E-4,6.722169614562492E-5,2.1776665645644388E-4,0.008289969351752706,7.280514253381787E-5]}
{"id": 7, "drone": 4, "position":(8.333333333333334,8.333333333333334,2.0), "time":656.8618163038934,"sensors":[32,22,8],"power":[0.13122438590198202,0.25392807255531413,0.11918462326182318]}
{"id": 8, "drone": 8, "position":(41.666666666666664,8.333333333333334,1.0), "time":424.02634926956443,"sensors":[29,13,36,46,4,18,42,3],"power":[0.03784548201080254,0.14211176887523094,0.08396698100095552,0.03780189647918701,0.06561770306429196,0.591665499715354,0.4429710792214459,0.054813133412801536]}
{"id": 9, "drone": 1, "position":(16.666666666666668,41.666666666666664,4.0), "time":1231.0956271462849,"sensors":[40,23,16,35,17,20,30,33],"power":[0.08175222986593995,0.14461452788225715,0.20857733724818742,0.1358526806932655,0.2705463017000159,0.34735946357241615,0.33448661226582854,0.20041997610642937]}
{"id": 10, "drone": 2, "position":(33.333333333333336,33.333333333333336,1.0), "time":25.85578704245002,"sensors":[1,28,39,35,24,21,5,44,27,37,38,12,15,11,45,33],"power":[0.016793020696858577,0.0017043514279751941,0.09233438135084228,0.0028595916629737183,0.020500131705200958,0.002174027423985205,0.007217118456534523,0.005824475639539539,0.002962046621659079,0.00196417545775523,0.003870005476802528,0.003124079063203531,0.057613960017970534,0.005985882532058736,0.0061605021247081275,0.0029936656694480126]}
{"id": 11, "drone": 2, "position":(33.333333333333336,8.333333333333334,1.0), "time":419.223408195654,"sensors":[29,25,36,2,46,4,18,42,48],"power":[0.05782094956897258,0.09060592238040831,1.362052045680275,0.03533535007173689,0.1018941645866489,0.08438229693570805,0.07646070784093636,0.29306099444951983,0.11968236722660285]}
{"id": 12, "drone": 6, "position":(25.0,8.333333333333334,1.0), "time":230.1182598982416,"sensors":[25,26,32,36,2,46,42,19,8,48],"power":[0.05939407761959166,0.018983463469958925,0.018775614098017982,0.04785840090028861,0.0331293574075366,0.027940456577913542,0.016436539187444654,0.01759406138776749,0.05488061515018098,0.07545079434943126]}
{"id": 13, "drone": 6, "position":(41.666666666666664,41.666666666666664,3.0), "time":56.15948094774046,"sensors":[1,28,39,24,21,5,27,37,38,7,12,10,49,0],"power":[0.014411814184232406,0.014189697599252982,0.005593540694339501,0.01286601876843452,0.007146393965936563,0.009718014688020088,0.009268390719602332,0.008101226683733576,0.007771141381127343,0.008801329497916122,0.013919122711305612,0.036303075679036206,0.012011445055612649,0.011541262098340036]}
{"id": 14, "drone": 7, "position":(41.666666666666664,41.666666666666664,1.0), "time":817.3939704227683,"sensors":[1,28,39,24,21,5,27,37,38,7,12,10,49,11,0],"power":[0.24060434123735283,0.23638423332148512,0.08871213022109153,0.2185401655746081,0.1109003230785343,0.1554750505441968,0.14647313093213918,0.12930098006419136,0.12237495412839307,0.14119867050208385,0.2320010971500844,0.8775294701855396,0.19296402654912448,0.057518167792593264,0.18500568532635742]}
