LP RESULTS :
 Obj = 0.1*lambda1+0.9*lambda2 = 172.20960116358964 (lambda1 = 1704.096011635896, lambda2 = 2.0) Resol time = 2211 ms

{"id": 0, "drone": 1, "position":(41.666666666666664,41.666666666666664,1.0), "time":872.4207650723216,"sensors":[16,4,9,36,26,34,6,10,25,28,38,1,2],"power":[0.3968226715705528,0.5410131550140583,0.1869496363583096,0.08852853968976473,1.3726977494855395,0.27102043273237164,0.20908469887476638,0.06743440098173505,0.09809796151516507,0.30025399136832986,0.11952684310307495,0.7908729960694187,0.15]}
{"id": 1, "drone": 1, "position":(8.333333333333334,16.666666666666668,1.0), "time":193.21668798581817,"sensors":[41,46,49,11,48,20,39,21,7,42,12],"power":[0.0380712999320532,0.022004271356880337,0.017150240096138903,0.13230354016836418,0.017642430146234137,0.04326410338480188,0.024298454200343555,0.0798208470297431,0.051423443376399376,0.03705534475881338,0.03848460388954565]}
{"id": 2, "drone": 9, "position":(8.333333333333334,8.333333333333334,1.0), "time":694.1447201965326,"sensors":[0,41,49,33,47,11,23,39,21,7,42,12],"power":[0.09831345361957727,0.1119287000679468,0.7544743387853317,0.08700610693663428,0.15,0.07923982590189388,0.07684796071725715,0.07528976993843826,0.15205617141997077,0.055876786963772976,3.423897204895457,0.22346198377890122]}
{"id": 3, "drone": 9, "position":(25.0,16.666666666666668,1.0), "time":192.1599750056937,"sensors":[46,33,39,29,27,12],"power":[0.032291301247876526,0.020431002543681562,0.05270292059857142,0.07687398593570456,0.04786754217897701,0.01757389572229179]}
{"id": 4, "drone": 0, "position":(41.666666666666664,8.333333333333334,1.0), "time":668.4176605124158,"sensors":[44,18,19,35,8,17,15,31,45,27],"power":[0.4216112208847172,0.07437427693775801,0.32646053198653247,0.8783633923234117,0.1425788016233479,0.04654355806059211,0.08677684925201423,1.9435833475384134,0.4894269019534475,0.04398932560558702]}
{"id": 5, "drone": 0, "position":(25.0,25.0,2.0), "time":41.499835235527144,"sensors":[3,46,32,48,40,29,27],"power":[0.006251946587214527,0.010005396039211092,0.006787989865864628,0.005910199960270681,0.004114985715837824,0.009558170194439107,0.005338520202772976]}
{"id": 6, "drone": 7, "position":(25.0,33.333333333333336,1.0), "time":111.07886715328596,"sensors":[3,46,32,48,43,10,25],"power":[0.49040886693209906,0.00844162136767586,0.3198864540074732,0.009948378876707431,0.01829615467318008,0.023747255756728005,0.011365824167074748]}
{"id": 7, "drone": 7, "position":(16.666666666666668,41.666666666666664,1.0), "time":720.5963794102888,"sensors":[3,30,32,43,5,10,13,22],"power":[0.09931832556030543,0.2681729321171408,0.11374174187516989,1.0724959286025755,0.8196136451649345,0.05881834326153694,0.11303667165916668,0.11432378055926465]}
{"id": 8, "drone": 4, "position":(41.666666666666664,33.333333333333336,1.0), "time":720.5963794102885,"sensors":[16,4,36,26,40,37,25,28,38,1],"power":[0.7159775745504255,0.5260702541268545,0.25428956302608546,0.4015178028056841,0.11808501386151261,0.08785766988886938,0.3562962635532671,1.2457902603951647,1.3396670973142037,0.136411766122567]}
{"id": 9, "drone": 4, "position":(16.666666666666668,8.333333333333334,1.0), "time":58.508982426465366,"sensors":[0,49,33,14,23,39,42,12],"power":[0.06655075644899242,0.009999968125131377,0.126349005835036,0.005858353353778213,0.016994298571054427,0.029016163365890926,0.009419405513679263,0.09450526103511321]}
{"id": 10, "drone": 5, "position":(8.333333333333334,25.0,1.0), "time":552.6733477598295,"sensors":[46,11,48,20,21,7,13],"power":[0.09098347406954001,0.13566294149489463,0.16121510748248458,0.12991031327088204,0.05577100049534763,0.08996601902396843,0.10591092383230469]}
{"id": 11, "drone": 6, "position":(25.0,8.333333333333334,5.0), "time":566.0656460213866,"sensors":[0,33,14,23,39,29,27,12],"power":[0.09956166791010633,0.13516368603049386,0.14414164664622187,0.05615774071168847,0.09280046244987726,0.03954204852754085,0.03712669206594573,0.055331574229815626]}
{"id": 12, "drone": 8, "position":(41.666666666666664,8.333333333333334,4.0), "time":799.7254562626077,"sensors":[44,18,19,35,8,17,15,31,45],"power":[0.28967233154782995,0.075625723062242,0.2497745303679313,0.43576079432806586,0.1424028671110127,0.05126135055708287,0.08722784837099751,0.6122655777679441,0.30936883970127294]}
{"id": 13, "drone": 2, "position":(41.666666666666664,16.666666666666668,1.0), "time":235.9528948608728,"sensors":[44,19,35,8,40,17,15,37,31,45,29,27],"power":[0.032094628421566504,0.018682093833030218,0.07694331112073513,0.7615445593126665,0.036985987672011764,0.05219509138232501,0.4024995466535026,0.06627870630807742,0.07090625243710334,0.06468939162680865,0.0240257953423153,0.04345590224401276]}
{"id": 14, "drone": 2, "position":(8.333333333333334,41.666666666666664,1.0), "time":430.8262844657777,"sensors":[30,24,43,5,13,22],"power":[0.029903903640499847,0.15,0.04255346030140541,0.09293511739351995,0.08053472665978022,1.9114725676208215]}
