LP RESULTS :
 Obj = 0.1*lambda1+0.9*lambda2 = 170.23582714891754 (lambda1 = 1693.3582714891752, lambda2 = 1.0) Resol time = 207 ms

{"id": 0, "drone": 6, "position":(41.666666666666664,41.666666666666664,1.0), "time":976.0774054041635,"sensors":[41,2,34,5,42,8,18,20,48,29],"power":[0.2846161896185692,0.1006200311425413,0.2295646540657527,0.17530371167120098,0.3207641251415338,0.14220314953948682,0.281901884110022,1.2848004725210005,0.2251161578384465,0.16163634286435113]}
{"id": 1, "drone": 7, "position":(25.0,41.666666666666664,1.0), "time":629.1350955320218,"sensors":[19,2,5,47,42,4,48,0,29],"power":[0.42448392978934435,0.11686413841691097,0.07662751586671991,0.07115313310267038,0.0895636358128172,0.22935808827331597,0.05211394299579022,0.5699372166330859,0.15960714542239904]}
{"id": 2, "drone": 1, "position":(8.333333333333334,41.666666666666664,1.0), "time":938.0754555278332,"sensors":[49,45,33,11,1,17,25,43,37,38,3,10,31],"power":[0.10859576705322911,0.2716406062869787,0.07700336624509733,0.33733539128309226,0.556819835555045,0.15,6.877496875886247,0.34359776048325225,0.1701688038358243,0.8625092304250205,0.31324029762757954,0.2725074936474623,0.1720026192972548]}
{"id": 3, "drone": 2, "position":(8.333333333333334,16.666666666666668,1.0), "time":904.5213319141114,"sensors":[46,24,26,28,27,30,39,44],"power":[0.12313648763701722,0.06761844808900846,0.12730978061543496,0.14304069328745359,0.18976337172966784,0.06412657627484672,0.21653725337212873,0.1784372659968042]}
{"id": 4, "drone": 8, "position":(41.666666666666664,16.666666666666668,1.0), "time":700.6228322304714,"sensors":[12,23,40,16,36,22,7,21,15],"power":[0.12048903356851572,0.08925767566743115,0.11179756558689397,0.07433832960897972,0.2936961150595065,0.1606920851216538,0.5041001342912889,0.08535730292015568,0.07265038715059399]}
{"id": 5, "drone": 5, "position":(25.0,8.333333333333334,1.0), "time":788.8369395750638,"sensors":[46,9,12,28,35,14,6,40,16,30,22,21,13,15],"power":[0.05824533818910565,0.206370928082392,0.09245875754039985,0.0947843849137156,1.2813907208987927,1.3607122477915343,1.1988081888604725,0.14907753312600652,0.09940273574369671,0.27653341994342545,0.07814767963590732,0.09722288712298395,0.11074411751311011,0.14982898474662343]}
{"id": 6, "drone": 3, "position":(33.333333333333336,33.333333333333336,1.0), "time":88.14577055298993,"sensors":[19,47,42,8,4,48,0,29],"power":[0.018911374162389163,0.07884686689732961,0.01457780925744599,0.0077968504605131625,0.010569493382980456,0.09694294233540367,0.008291589573492854,0.011803143569198055]}
{"id": 7, "drone": 9, "position":(8.333333333333334,33.333333333333336,2.0), "time":755.282815961342,"sensors":[49,33,24,11,26,25,32,37,38,39,3,10],"power":[0.7736258975789583,0.19696356217293698,0.10857431483979074,0.728092572942998,0.23410940623038676,0.16489465734556719,0.15,2.845121726106205,0.44672248322330865,0.0728586693471554,0.11841268561987077,0.049553458144095924]}
{"id": 8, "drone": 0, "position":(41.666666666666664,8.333333333333334,2.0), "time":203.89849968364,"sensors":[12,23,40,36,22,7,21,13],"power":[0.01607851323814749,0.06074232433256883,0.034326404942522905,0.015194148776323692,0.021170255782856317,0.023373877031444678,0.07640329067908676,0.03925588248688988]}
