LP RESULTS :
 Obj = 0.1*lambda1+0.9*lambda2 = 136.6735646448245 (lambda1 = 1348.7356464482448, lambda2 = 2.0) Resol time = 9357 ms

{"id": 0, "drone": 5, "position":(8.333333333333334,25.0,4.0), "time":510.0351669104585,"sensors":[49,39,42,24,9,13,11,16],"power":[0.09332006884450705,0.16996136318838273,0.18455889424176739,0.04251010600673841,0.45735612907606604,0.057749306371401465,0.05082242386375629,0.14357017431690908]}
{"id": 1, "drone": 9, "position":(8.333333333333334,16.666666666666668,1.0), "time":75.64160977854687,"sensors":[36,49,26,12,39,42,24,46,9,20,11,16],"power":[0.012799635474819944,0.006229486807965033,0.012465635273343949,0.010544652965560371,0.05692301100058361,0.024203998833424386,0.10439725813562972,0.005140977953170843,0.012994151424788677,0.018476416586905773,0.040269078245520756,0.19934358477298567]}
{"id": 2, "drone": 9, "position":(33.333333333333336,8.333333333333334,1.0), "time":542.4090741583295,"sensors":[15,38,31,3,29,32,46,30,6,28,47],"power":[0.04870739864309661,1.779634802414446,0.061681284207825066,0.06468539465359031,0.4323386870687509,0.11138154460355543,0.03589011452112387,0.17400830650640392,0.05538700494536081,0.040057530213228824,0.1637549208576572]}
{"id": 3, "drone": 0, "position":(16.666666666666668,8.333333333333334,5.0), "time":427.43118411400906,"sensors":[36,3,26,12,24,46,20,6,35],"power":[0.04180799355265656,0.03499973069335727,0.14374845421022955,0.07133053410489362,0.05849638187802275,0.10681596866922538,0.05640286470541327,0.06447393673620012,0.07978617582194077]}
{"id": 4, "drone": 4, "position":(41.666666666666664,41.666666666666664,4.0), "time":862.3742722608853,"sensors":[17,7,10,25,27,14,5,18,44],"power":[0.1558606755513159,0.22219561869927348,0.4691748595532226,0.054479402447248075,0.07288134621235814,0.19876646579380414,0.30797324187649466,0.48054775055105203,0.15938648452018905]}
{"id": 5, "drone": 2, "position":(41.666666666666664,33.333333333333336,1.0), "time":116.55111728053559,"sensors":[7,10,19,2,27,14,8,5,18,44],"power":[0.03565245114267908,0.04353657813942675,0.010556902412619182,0.014903724577092993,0.10836177171809033,0.018667251647163513,0.05106816730084119,0.009975381135425256,0.06563910316589795,0.009789514361175424]}
{"id": 6, "drone": 2, "position":(8.333333333333334,33.333333333333336,1.0), "time":427.43118411400906,"sensors":[0,49,45,39,42,34,9,13,22,37],"power":[0.1098267635110709,0.0504504443475279,0.08969889728761478,0.028420009180910286,0.03979603466990034,0.058284948728076165,0.11262118995306432,1.2327414114684574,0.03049676345824688,0.08035888479574979]}
{"id": 7, "drone": 8, "position":(25.0,41.666666666666664,1.0), "time":360.5071472457935,"sensors":[7,19,25,34,33,23,41,37,48],"power":[0.0317992255407001,0.0945206303298835,0.3068284993033361,0.04404871492157455,0.5979212589415974,0.6312969704308751,0.03340589619308947,0.05529061280961493,0.11248372759022862]}
{"id": 8, "drone": 3, "position":(33.333333333333336,33.333333333333336,1.0), "time":9.303109661030476,"sensors":[15,7,10,19,2,25,27,33,8,21,18,41],"power":[6.659976828636148E-4,0.004600645941717776,0.001966246175055888,0.00762874886877915,0.004227607389127406,0.0022280617938429128,9.99085576756305E-4,0.0016386435649620409,7.135094525358528E-4,0.0011498761347104852,0.001738922891862833,8.868074220882927E-4]}
{"id": 9, "drone": 3, "position":(8.333333333333334,8.333333333333334,4.0), "time":335.6276856452304,"sensors":[36,26,39,24,20,11,16,35],"power":[0.2409861875322697,0.15709002072930156,0.024220703342065976,0.11423471473849162,0.3218083968693337,0.05890849789072295,0.03674951356488493,0.05690117293023361]}
{"id": 10, "drone": 1, "position":(25.0,8.333333333333334,1.0), "time":203.59267223530946,"sensors":[38,3,26,12,29,32,46,30,6,28,35],"power":[0.03359090348100725,0.054411170439125585,0.015706881212600873,0.028348015442543825,0.0358365338326602,0.03861845539644457,0.07980513920511322,0.017711882346417584,0.0844072768365343,0.03171929914085618,0.01331265124782562]}
{"id": 11, "drone": 1, "position":(41.666666666666664,8.333333333333334,1.0), "time":602.733900054606,"sensors":[4,38,31,40,29,30,1,43,47],"power":[0.1845623286999139,0.15557124359231625,0.0907701992537093,0.15,0.09927248269054222,0.11619982122727085,0.08023178088729033,0.11994960585008982,0.21561259365238858]}
{"id": 12, "drone": 6, "position":(41.666666666666664,25.0,1.0), "time":203.5926722353091,"sensors":[15,31,2,27,8,21,18,1,43],"power":[0.03616794214121593,0.0526335150804595,0.03377977200700155,0.08398429521206749,0.09821832324662295,0.015573779071354621,0.013280496126386713,0.06976821911270965,0.03220153990232166]}
{"id": 13, "drone": 6, "position":(25.0,25.0,5.0), "time":560.7973150884422,"sensors":[15,19,12,2,34,21,28,41],"power":[0.06707019428556739,0.037293718388718186,0.050833088513902995,0.09708889602677805,0.0609184848463584,0.1811686346840088,0.11704943648477287,0.13758530633631866]}
{"id": 14, "drone": 7, "position":(8.333333333333334,41.666666666666664,1.0), "time":410.49212452331017,"sensors":[0,45,13,22,37,48],"power":[0.07936553805059263,0.09884553263938346,0.14354011615104048,0.12261472539383773,0.05771415907148995,0.037516272409771394]}
