LP RESULTS :
 Obj = 0.1*lambda1+0.9*lambda2 = 118.56804623597387 (lambda1 = 1167.6804623597386, lambda2 = 2.0) Resol time = 1105 ms

{"id": 0, "drone": 1, "position":(41.666666666666664,33.333333333333336,1.0), "time":409.04430875219043,"sensors":[37,35,31,17,38,28,6,34,15,49,5,32,48],"power":[0.026175382378950854,2.504046475300228,0.04767161759262608,0.034549114021825186,0.059746131423431055,0.15276458035678017,0.06742866997077059,0.09552626370044238,0.09865086204516522,0.04647965814409411,2.057944234761605,0.1446452505153839,0.8249353037506093]}
{"id": 1, "drone": 1, "position":(16.666666666666668,25.0,1.0), "time":156.96210848010423,"sensors":[0,12,3,14,43,9,2,25,18],"power":[0.03996862230870434,0.021197617180047822,0.017949300497165345,0.01374625759930531,0.09368579923868409,0.01625641779616945,0.014946458755648297,0.012498317281789,0.06897893752866345]}
{"id": 2, "drone": 4, "position":(41.666666666666664,41.666666666666664,1.0), "time":21.703495500664115,"sensors":[35,31,38,28,6,45,15,5,32,48],"power":[0.003615697045233834,0.006096113502043197,0.0026252694332453753,0.007022643028408723,0.07508327432693244,0.0018677764288174054,0.0027340486857189475,0.0034243908878747943,0.023883083377982794,0.0034688180301906918]}
{"id": 3, "drone": 4, "position":(25.0,8.333333333333334,1.0), "time":262.5489926058442,"sensors":[0,7,3,14,8,47,40,10,26,22,36],"power":[0.025474880593449475,0.3752419191189241,0.030591280865790275,0.06164333961807372,0.023208872431683725,0.14553188799360106,0.02499214429719705,0.03391530550813192,0.03740688450509451,0.024194358443434,0.028446865283409825]}
{"id": 4, "drone": 9, "position":(8.333333333333334,33.333333333333336,1.0), "time":301.10884862684895,"sensors":[39,12,20,9,24,44,25,18,4],"power":[0.06949396700227227,1.0192256186815283,0.0547479788657322,0.4997449118716737,0.06888470559150162,0.08460674565721271,0.206509616255507,0.06721068720591002,0.19713302548821987]}
{"id": 5, "drone": 9, "position":(33.333333333333336,25.0,1.0), "time":135.23738861786592,"sensors":[37,35,41,3,43,17,38,8,2,34,15,26,22,49,5,48],"power":[0.026871066190272925,0.016615317790071228,0.09458320106367081,0.024637698851738596,0.011200967553552632,0.05644200549636345,0.0141184835821659,0.04440056988425662,0.031161295246626378,0.01369639241074963,0.023584746043383988,0.02360446246902904,0.026493238155885147,0.029954798664162945,0.017260187606619033,0.023610137740065675]}
{"id": 6, "drone": 3, "position":(25.0,41.666666666666664,1.0), "time":468.7072766007153,"sensors":[37,29,31,13,17,38,33,45,2,15,23],"power":[0.06798279468533718,0.04838193609723462,0.08006047319004243,0.32899162005802546,0.03407633041835624,0.08914640488861476,0.12442076816526133,0.18156926432671508,0.04708757448757453,0.049045615673990836,0.470289494799484]}
{"id": 7, "drone": 3, "position":(33.333333333333336,33.333333333333336,1.0), "time":72.60880957119923,"sensors":[37,35,41,31,17,38,6,45,2,15,49,5,32,48],"power":[0.0401517661072518,0.015970789201750397,0.005865450864518213,0.015525549990266792,0.043036675125298,0.11042890016923101,0.007488055702296962,0.006423581168665546,0.02203343578333159,0.44249524194850953,0.004687773393462163,0.016034063799067633,0.005816194196485693,0.0305122803481892]}
{"id": 8, "drone": 5, "position":(33.333333333333336,16.666666666666668,1.0), "time":66.06615026932752,"sensors":[21,7,41,3,8,40,10,26,22,49],"power":[0.0189106753661463,0.004220433815226407,0.038225633118157944,0.016524515463639727,0.06785086752973801,0.0059478689869765095,0.004752925690486911,0.32062306696177884,0.6092650576256003,0.011407316834148277]}
{"id": 9, "drone": 5, "position":(41.666666666666664,8.333333333333334,1.0), "time":644.4267719741348,"sensors":[30,21,40,10,26,22],"power":[0.14999999999999997,0.42574168393734546,0.23385559016911164,0.14134474942976838,0.05821240168160517,0.07451556541061789]}
{"id": 10, "drone": 8, "position":(8.333333333333334,8.333333333333334,4.0), "time":449.9745985751067,"sensors":[11,16,14,46,42,27,1,19,36],"power":[0.03512825742096881,0.0902021249917422,0.04439254222759686,0.18898091476253837,0.10404961342045,0.09569137905751902,0.29066727315471597,0.11790696421297968,0.107192945692545]}
{"id": 11, "drone": 8, "position":(8.333333333333334,41.666666666666664,1.0), "time":31.441521913695816,"sensors":[39,29,12,33,9,24,44,25,23,4],"power":[0.04868442054679709,0.006438490754107477,0.0042706916139296815,0.00410095171171109,0.009177673608922278,0.055630749290609544,0.1326824106279726,0.011761756859831975,0.002092769072502411,0.008335946383753193]}
{"id": 12, "drone": 7, "position":(8.333333333333334,25.0,1.0), "time":451.49623417938966,"sensors":[11,0,12,20,43,9,27,25,18,4],"power":[0.09281787119324256,0.04071179687233684,0.15808467042626215,0.0952520211342678,0.032798315529123295,0.06207612060889944,0.0729332737929551,0.04084823645053088,0.0699528723099818,0.048133232524857975]}
{"id": 13, "drone": 7, "position":(25.0,33.333333333333336,1.0), "time":31.44152191369575,"sensors":[37,43,31,13,17,38,33,45,2,15,18,23],"power":[0.03960738095192445,0.008567021665415401,0.00252693894199091,0.002441046450160701,0.011528986471046878,0.007939986711762242,0.00199270955433173,0.002399490187053818,0.0352702054764337,0.006046060880394143,0.005814392283506913,0.004005408470756989]}
{"id": 14, "drone": 0, "position":(8.333333333333334,8.333333333333334,1.0), "time":242.8322325490699,"sensors":[11,16,0,14,46,42,27,1,19,36],"power":[0.022053871385788636,0.05979787500825779,0.017324616925519176,0.02630549266341927,0.19930984202906707,0.07087277185735032,0.06461066229879524,0.4731524342293952,0.08033073901718989,0.07394136721691193]}
{"id": 15, "drone": 0, "position":(25.0,16.666666666666668,1.0), "time":30.463497489158645,"sensors":[0,7,41,3,14,43,8,47,26,22,36],"power":[0.008060056381545342,0.008104647370872716,0.0030238862243168792,0.05993133753577219,0.008386627131291536,0.0034940688376497685,0.01222103881971118,0.001978688173260766,0.008536453705638327,0.005743802627862413,0.002876627372373531]}
{"id": 16, "drone": 2, "position":(16.666666666666668,41.666666666666664,1.0), "time":226.67174915970008,"sensors":[39,29,12,13,33,9,24,44,25,18,23],"power":[0.11300548557450565,0.09517957314865791,0.01436801021577421,0.06108057716863072,0.2768374653032284,0.04492651090484374,0.02548454511788883,0.03796991411836255,0.06461266479377115,0.02632925628229219,0.1316860662542453]}
{"id": 17, "drone": 2, "position":(41.666666666666664,25.0,1.0), "time":28.93766140340802,"sensors":[21,35,41,17,8,28,34,15,26,22,49,5,48],"power":[0.0018512736800509496,0.008053196594143885,0.00830182872933693,0.0022991548064684258,0.002318651334610451,0.002091695252962512,0.040777343888808,0.0025475264321172908,0.0020110849519483593,0.0028312258018616627,0.05747045296413283,0.008708013990831345,0.007098799190318012]}
{"id": 18, "drone": 6, "position":(16.666666666666668,16.666666666666668,1.0), "time":2.380778472122276,"sensors":[0,7,3,14,43,27,36],"power":[0.014605095759966751,4.7019477498259107E-4,3.6586678589426233E-4,0.002284724679643244,2.538271755741065E-4,3.3701739547243177E-4,0.0011299520503712758]}
{"id": 19, "drone": 6, "position":(16.666666666666668,8.333333333333334,1.0), "time":20.996618584049656,"sensors":[0,7,14,46,47,27,1,36],"power":[0.0038549311584766023,0.009821163930012736,0.011545598453906469,0.0020513317610273496,0.0024894238331381645,0.0017262823608593324,0.002469554400805502,0.01813892775678133]}
