LP RESULTS :
 Obj = 0.1*lambda1+0.9*lambda2 = 120.02632886312713 (lambda1 = 1182.2632886312713, lambda2 = 2.0) Resol time = 1756 ms

{"id": 0, "drone": 6, "position":(25.0,25.0,4.0), "time":485.9955836328181,"sensors":[42,31,22,4,20,18,44,28,38,8,27,25,32],"power":[0.05466260141248433,0.056780208382951225,0.2282092527624098,0.14682770680089344,0.291979016248999,0.0734638683885583,0.06929191153099956,0.19003562668878693,0.09258166806485871,0.09880886500039766,0.37768588604617964,0.03372375783392747,0.18037425258560158]}
{"id": 1, "drone": 6, "position":(16.666666666666668,8.333333333333334,1.0), "time":90.1740950572999,"sensors":[41,31,49,8,10,36,25],"power":[0.30441927861912105,0.019900557995592556,0.03960095905520291,0.006783944994897773,0.016804065714721688,0.04123746312826852,0.01920916998411163]}
{"id": 2, "drone": 5, "position":(41.666666666666664,16.666666666666668,1.0), "time":558.895510773963,"sensors":[35,40,24,48,7,47,43,46,5],"power":[0.0897600079289055,1.5673751029750966,1.623997539236906,0.051522982988946246,0.4140441927048448,4.961797927627241,0.11912639219546876,0.0370503979850575,0.10665501223641444]}
{"id": 3, "drone": 3, "position":(41.666666666666664,8.333333333333334,1.0), "time":483.30990793948774,"sensors":[35,40,24,7,45,47,46,5],"power":[2.3063649978012237,0.1853425247800487,0.10074631297733873,0.08807017946894677,0.15592762204131777,0.09212811709067434,0.11294960201494249,0.09010910478490432]}
{"id": 4, "drone": 3, "position":(25.0,33.333333333333336,1.0), "time":7.984039414951027,"sensors":[42,12,22,4,20,33,18,44,13,28,1,38,29,27,3,32],"power":[0.023420502263629413,0.001650313721131452,0.006099852277694483,0.0018050650726505904,0.002991411221048273,5.755527531431903E-4,0.014321826890117089,5.146072334229032E-4,7.017190815081828E-4,0.0018981702260538024,5.752362653879559E-4,0.001243934884601233,0.002190126867580019,0.0011063286735801107,0.0010206252681234699,0.00459981198040271]}
{"id": 5, "drone": 2, "position":(41.666666666666664,41.666666666666664,1.0), "time":404.2478813940751,"sensors":[14,21,19,48,15,33,17,13,2,1,37,0,29,3],"power":[0.12925556379327355,0.2539337119642401,0.16547347482062683,0.026757832260371067,0.04361290572648063,0.17178570922138484,0.23152372626429393,0.1274405479310881,0.13119653441779974,0.030280678647498158,0.06966361316404886,0.13193087190629502,0.04323792217233816,0.09467420863927263]}
{"id": 6, "drone": 2, "position":(16.666666666666668,16.666666666666668,1.0), "time":36.61633910919099,"sensors":[41,23,31,49,20,44,28,38,8,10,36,27,25],"power":[0.008855296927408295,0.0031925300632047173,0.0391668153774838,0.0030302700257251176,0.002839484187044472,0.01126834295549728,0.004543621292286916,0.0045816477939122704,0.024177067898215922,0.0034049332204005448,0.0032010148548815404,0.004305115728255276,0.3004386177315658]}
{"id": 7, "drone": 0, "position":(25.0,41.666666666666664,1.0), "time":151.42755800269637,"sensors":[42,12,22,19,33,18,17,13,1,0,29,3,32],"power":[0.0560500446227623,0.7419993982267957,0.01106511710147742,0.009646117516318014,0.013041102541290492,0.032409325005865394,0.01145895803372536,0.020959544467005327,0.06606051288621799,0.009814342847079023,0.02920102757114272,0.019843583827955886,0.010738454099783187]}
{"id": 8, "drone": 0, "position":(8.333333333333334,41.666666666666664,1.0), "time":517.0735491754749,"sensors":[11,6,30,34,9,16],"power":[0.03425408825155375,1.0263245691376015,0.7211519973690663,0.1403115031803489,0.2044916668645411,0.2260711613832068]}
{"id": 9, "drone": 1, "position":(16.666666666666668,41.666666666666664,1.0), "time":79.0620265454132,"sensors":[42,12,6,30,34,9,1,16],"power":[0.011402117139362235,0.024034060524540907,0.013088172269151545,0.007655490119924014,0.01321359425338144,0.011316246004628395,0.005556257611290802,0.016926574067073385]}
{"id": 10, "drone": 1, "position":(8.333333333333334,33.333333333333336,1.0), "time":370.57035948524396,"sensors":[11,6,30,34,44,39,9,38],"power":[0.11574591174844626,0.15621976907207138,0.07469187567991492,0.9765089327348968,0.03050305187059318,0.14937543855465654,0.9601755167496443,0.04682882695278462]}
{"id": 11, "drone": 9, "position":(8.333333333333334,8.333333333333334,1.0), "time":363.8797873502136,"sensors":[41,23,49,26,36,25],"power":[0.050511521381016146,0.08421944898046205,0.02319459278643439,0.14518549811937215,0.023394963863311878,0.04014924657219703]}
{"id": 12, "drone": 9, "position":(41.666666666666664,33.333333333333336,1.0), "time":79.06202654541289,"sensors":[21,4,19,48,15,33,17,13,2,29,3],"power":[0.023269083884895188,0.005807699703969286,0.005279753735947558,0.044129544280098056,0.03042799431246631,0.023080164740258948,0.022462591686105732,0.013195791616265858,0.043561051124580495,0.01099974545955684,0.017666710318423477]}
{"id": 13, "drone": 4, "position":(25.0,8.333333333333334,1.0), "time":140.05786991782043,"sensors":[41,31,49,10,36,25,5],"power":[0.04635349254478356,0.028131417977662842,0.0841741781326377,1.2424157297541032,0.1011160571915218,0.011492445597622957,0.022043153943284655]}
{"id": 14, "drone": 4, "position":(41.666666666666664,25.0,1.0), "time":140.0578699178202,"sensors":[40,24,4,48,15,7,2,47,43],"power":[0.01779979223212826,0.027439263967697896,0.014329580875519063,0.1525896176642137,0.024377806945224147,0.021766431326207612,0.01208335703377656,0.03346207741159479,0.030873607804531227]}
{"id": 15, "drone": 7, "position":(8.333333333333334,16.666666666666668,1.0), "time":65.53961356392827,"sensors":[41,23,31,44,39,26,8,25],"power":[0.004999417756577553,0.06258802095633322,0.00602100026630894,0.009472718563717269,0.006067496053019804,0.004814501880627858,0.008029903148109396,0.017080117586334462]}
{"id": 16, "drone": 7, "position":(16.666666666666668,33.333333333333336,1.0), "time":215.55735342513935,"sensors":[42,12,6,22,20,18,34,44,39,9,28,38,8,32],"power":[0.04837478066865148,0.025766775610679894,0.025808334072356522,0.03828567131325956,0.04127733133659614,0.024026135350359797,0.07205712542888433,0.03345573433064663,0.018668968322466572,0.04507712919227616,0.05182890664663652,0.08251287025451785,0.01813920519123427,0.06054404412323449]}
{"id": 17, "drone": 8, "position":(33.333333333333336,41.666666666666664,1.0), "time":35.08600222000359,"sensors":[14,42,21,12,19,33,18,17,13,1,0,29,3],"power":[0.00983941817719316,0.004604121737382968,0.0026898253169522156,0.005370412290548146,0.01317321411133575,0.02330368036844249,0.005778844365099442,0.022211760745967844,0.09490428880854532,0.015527490497681965,0.011468119684502572,0.0148255281347997,0.029272630687738332]}
{"id": 18, "drone": 8, "position":(41.666666666666664,41.666666666666664,3.0), "time":504.455781054132,"sensors":[14,21,19,15,33,17,13,2,1,37,0,29,3],"power":[0.14098515829162,0.22361403937825963,0.16988795206864823,0.051581293015828956,0.17007675108079548,0.2115837005520243,0.13801428627769757,0.1423455759846757,0.03199982409192327,0.08033638683595114,0.14180622667049098,0.049545649794582425,0.10420191259195515]}
