LP RESULTS :
 Obj = 0.1*lambda1+0.9*lambda2 = 146.59400468107393 (lambda1 = 1447.940046810739, lambda2 = 2.0) Resol time = 1647 ms

{"id": 0, "drone": 2, "position":(16.666666666666668,41.666666666666664,1.0), "time":223.02895069325174,"sensors":[49,11,13,44,30,6,24,42,5,48],"power":[0.019146934915203855,0.06871458731323944,0.015509793783100726,0.015818213241555957,0.06271198983915563,0.1369080178135002,0.08782775028336608,0.036533867040912944,0.044641509581655164,0.2740106949106914]}
{"id": 1, "drone": 3, "position":(33.333333333333336,41.666666666666664,4.0), "time":267.284435074376,"sensors":[45,2,49,20,9,18,24,29,5,40],"power":[0.10927565190867092,0.0566256847864002,0.05331656759737191,0.07071243032004662,0.023575679065048708,0.021533770883929847,0.018407087848422397,0.08508043048057415,0.04326274654434224,0.09200864939299315]}
{"id": 2, "drone": 3, "position":(41.666666666666664,8.333333333333334,1.0), "time":428.6327793859408,"sensors":[26,21,15,37,19,8,33,10,46,34],"power":[0.3175283125153288,0.03258736513735071,0.10732246094001324,0.06370701722649455,0.09617175375518344,0.037737105399210005,1.2509716064124183,0.08040577630048241,0.23170910622231383,0.037114621759083075]}
{"id": 3, "drone": 4, "position":(25.0,41.666666666666664,1.0), "time":162.82389550918424,"sensors":[45,2,49,11,44,30,6,24,29,5,40,48],"power":[0.015344906569242266,0.0341399392153209,0.061302826201832826,0.031326334184689206,0.023004745868884728,0.010834044933817653,0.012431364470869068,0.08527458062475743,0.02309888642090142,0.33129960043872453,0.0105112042663094,0.10680907387388938]}
{"id": 4, "drone": 4, "position":(41.666666666666664,25.0,5.0), "time":929.2947186629691,"sensors":[4,38,18,16,37,23,34],"power":[0.223745486931237,0.2130054869689008,0.11693924001273709,0.163981230156293,0.08629298277350543,0.23905620454700646,0.27296444270170467]}
{"id": 5, "drone": 1, "position":(41.666666666666664,41.666666666666664,1.0), "time":251.36089307339424,"sensors":[45,2,20,9,18,29,40],"power":[0.10223180785776448,0.016901444408119116,0.6110920683883236,0.1264243209349513,0.06962886565089882,0.04182068309852442,0.38707786741654826]}
{"id": 6, "drone": 1, "position":(25.0,33.333333333333336,1.0), "time":421.873925790536,"sensors":[2,38,49,13,44,24,5,27,48],"power":[0.1969058994463778,0.0332145542697829,0.462842957184156,0.11033665114805245,1.571309013767587,0.03314783746524381,0.0481314990949487,0.05992179218327734,0.06404440896453281]}
{"id": 7, "drone": 0, "position":(25.0,8.333333333333334,1.0), "time":399.85702514338277,"sensors":[12,31,3,14,21,43,19,32,8,25,39,46,7,47],"power":[0.047681166221745695,0.035128801339004305,0.09036357402253718,0.026761116256484137,0.3107869161420987,0.07733952488466633,0.08061483566628844,0.09056941241718187,0.04772445045661938,0.06062339609722708,0.608112285543635,0.03675405253852155,0.09137949655857461,0.17159951218167296]}
{"id": 8, "drone": 0, "position":(16.666666666666668,16.666666666666668,1.0), "time":32.80268111280907,"sensors":[12,31,36,3,41,14,43,1,13,32,25,28,39,27,47],"power":[0.07937902037886198,0.3280268111280907,0.013010411021587434,0.025743132942430243,0.003533053704558024,0.026011664333254435,0.04596855223553143,0.003462832012186633,0.0028183798014325277,0.012902377269582157,0.0026634416562573743,0.0021040006207557233,0.0037728064516890356,0.0062805756530332985,0.010419483375253778]}
{"id": 9, "drone": 9, "position":(33.333333333333336,8.333333333333334,1.0), "time":569.281499631875,"sensors":[26,21,15,19,8,33,25,10,39,46,7],"power":[0.08623475791189317,0.4021070077420078,0.04267753905998677,4.016655627723324,0.13373009812132036,0.0964994270362024,0.08763462007115032,0.1313676460676573,0.05948713694841507,0.6138998338321882,0.058620503441425394]}
{"id": 10, "drone": 9, "position":(8.333333333333334,41.666666666666664,1.0), "time":372.9288397433908,"sensors":[17,11,30,6,24,42,22,48],"power":[0.08850756680549503,0.029243952392529093,0.08370910821741744,0.22535467684889954,0.023592471294653507,0.12234734229026162,0.025850808946321174,0.035008943236458825]}
{"id": 11, "drone": 5, "position":(8.333333333333334,33.333333333333336,2.0), "time":349.0709993726338,"sensors":[41,1,13,6,42,22],"power":[0.0627341620515111,0.07712916497927465,0.03262128843789904,0.03341879409072886,0.6557080356605355,0.17031660140346946]}
{"id": 12, "drone": 7, "position":(8.333333333333334,16.666666666666668,1.0), "time":358.799904895835,"sensors":[12,31,36,3,41,14,43,1,32,28,22,35,47],"power":[0.04469198965332521,0.08843562184436404,0.2610630872388799,0.02713652158334156,0.09088858017424892,0.17032469270478473,0.05211356957235113,0.06940800300853871,0.045852778672594845,0.04674289863845742,0.02865856870918049,0.1000410777793295,0.025547552733881145]}
{"id": 13, "drone": 8, "position":(25.0,25.0,1.0), "time":50.16874264954026,"sensors":[12,31,3,2,38,49,43,13,44,8,25,27],"power":[0.008370580367244715,0.004307441591557332,0.006756771451690982,0.005564040843786615,0.0068050342011420914,0.0052250207363878426,0.003166136212682789,0.015272054212897618,0.016976128111006183,0.005204878776799524,0.009583791080091124,0.08379763216368942]}
{"id": 14, "drone": 8, "position":(8.333333333333334,41.666666666666664,2.0), "time":267.2844350743763,"sensors":[17,11,30,6,42,22,48],"power":[0.06149243319450498,0.02071512610954225,0.05822568135609913,0.14372840479182422,0.0824759371390927,0.017899813840464806,0.02367954278414006]}
{"id": 15, "drone": 6, "position":(8.333333333333334,8.333333333333334,1.0), "time":606.3116930091718,"sensors":[31,36,14,0,43,32,28,35,47],"power":[0.06327314660825391,0.2251083221563365,0.15764618476557482,0.15,0.07334029328546646,0.10932985247643354,1.664471321099729,0.04995892222067051,0.061586533210127394]}
