LP RESULTS :
 Obj = 0.1*lambda1+0.9*lambda2 = 163.27985519047533 (lambda1 = 1614.7985519047531, lambda2 = 2.0) Resol time = 2009 ms

{"id": 0, "drone": 4, "position":(33.333333333333336,25.0,1.0), "time":521.7281524527295,"sensors":[21,34,17,44,0,14,24,13,45,10],"power":[0.09843326221287886,0.08785345562563955,0.08639690964979758,0.1361880760136799,0.10023902513564652,0.05296935613234755,0.20898311178806042,0.05348826321090346,0.5962468120347556,0.04396044127019376]}
{"id": 1, "drone": 4, "position":(16.666666666666668,8.333333333333334,1.0), "time":92.70439030408933,"sensors":[11,5,35,20,41,40,43],"power":[0.020590859214784627,0.02091951216151755,0.04153589460839968,0.5845043959464797,0.010364843140909739,0.4811619255754615,0.00893203544201292]}
{"id": 2, "drone": 5, "position":(8.333333333333334,41.666666666666664,1.0), "time":758.5765662583406,"sensors":[39,4,47,18,31,29,3,15,12,23,42,6],"power":[0.1811141493777953,0.17896373719320463,0.1547069672587872,0.06364155231205543,0.07587143841598805,1.3826154789998126,0.22346193231095,0.21517204924495376,0.07278698690921528,0.1900424227049822,0.1337479670948891,0.15]}
{"id": 3, "drone": 5, "position":(41.666666666666664,16.666666666666668,1.0), "time":51.748227720275565,"sensors":[21,34,17,44,30,14,13,33,45,38],"power":[0.007256515869013191,0.0039100803105658125,0.1405770501935834,0.04188597766897194,0.010090906138737216,0.11984357776931512,0.005656311758222924,0.0070119779066378785,0.0035072597223098014,0.004666805993721668]}
{"id": 4, "drone": 8, "position":(8.333333333333334,8.333333333333334,1.0), "time":782.6046646826684,"sensors":[11,5,35,20,41,40,28],"power":[0.055292985510236745,0.05806693523680586,0.6461077913201317,0.2152201058115768,0.13567069522102743,0.15916008183106298,0.1417576773088491]}
{"id": 5, "drone": 8, "position":(33.333333333333336,8.333333333333334,1.0), "time":211.80533416429608,"sensors":[21,8,17,44,0,30,14,13,33,19,9,2],"power":[0.04852334163236391,0.08898327654585242,0.021695612228381077,0.0153153749824169,0.01507816955311493,0.04482862955600528,0.037307474930443264,0.08481389689248707,0.014543668316221612,0.07025829093801106,0.07091298756603595,0.24803735840481486]}
{"id": 6, "drone": 3, "position":(33.333333333333336,41.666666666666664,1.0), "time":501.00134551853944,"sensors":[48,18,16,26,36,27,25],"power":[0.04124319068233869,0.03728864675341542,0.054947874359185814,0.23384368572504788,0.14723383224733091,0.13881290456634185,0.11060837290570012]}
{"id": 7, "drone": 3, "position":(41.666666666666664,8.333333333333334,1.0), "time":174.6911056553971,"sensors":[21,8,17,44,30,14,13,33,19,9,2],"power":[0.012887779279580631,0.01832632478690981,0.027106768991478913,0.01625198899014376,1.7469110565539712,0.04856858547181853,0.015157501733270594,0.11267164308676537,0.05626717938012628,0.036294534241338376,0.01776355301762179]}
{"id": 8, "drone": 6, "position":(41.666666666666664,33.333333333333336,1.0), "time":734.4206593815579,"sensors":[34,48,49,26,32,27,38,46],"power":[0.7707559781168789,0.6074697502485497,0.29271654135656827,0.09016211845557215,0.04849773892411056,0.06423383776969771,0.13440531838988434,0.15]}
{"id": 9, "drone": 6, "position":(8.333333333333334,8.333333333333334,4.0), "time":55.34913367436798,"sensors":[35,20,41,40,28],"power":[0.02275468257607703,0.012141716091461504,0.007993437811148061,0.009216170967221484,0.008242322691150866]}
{"id": 10, "drone": 0, "position":(41.666666666666664,41.666666666666664,1.0), "time":306.90151235019016,"sensors":[34,48,49,26,32,27,25],"power":[0.026523376600756522,0.12507102232650297,0.06618983066675597,0.34258844218121287,0.10150226107588944,0.24343102952003315,0.10422891238324726]}
{"id": 11, "drone": 0, "position":(16.666666666666668,16.666666666666668,1.0), "time":5.538425815037499,"sensors":[5,0,35,20,41,40,43,1,7,22,10],"power":[0.01744331621297862,7.724698982320637E-4,0.0014303415478391266,0.001087909216669816,0.0018931496608932147,0.0016370907633172186,0.007265738250450246,4.0569017468871884E-4,0.0014423345394858006,4.001399113362045E-4,8.805822462260744E-4]}
{"id": 12, "drone": 9, "position":(41.666666666666664,16.666666666666668,5.0), "time":153.82438639351597,"sensors":[21,17,44,30,14,13,33,38],"power":[0.016507093596056493,0.07499159218278693,0.05002391881937747,0.022547371812731837,0.07011207797299834,0.01284534288901325,0.015772710690375155,0.010927875616393983]}
{"id": 13, "drone": 9, "position":(25.0,41.666666666666664,1.0), "time":192.33362062000577,"sensors":[39,18,16,36,31,15,12],"power":[0.016570727004262698,0.14517420365841782,0.0887044104900266,0.9824700062479823,0.028239896548364597,0.031916539608592275,0.01837012137865051]}
{"id": 14, "drone": 1, "position":(25.0,8.333333333333334,1.0), "time":501.00134551853904,"sensors":[21,8,11,5,0,20,40,13,19,9,2],"power":[0.07050550102877719,0.10032485772662832,0.07411615527497849,0.07383401553448449,0.0550636805238045,0.08440275987668727,0.1118780657970726,0.12086469487527463,0.03426834574878453,0.042792478192625695,0.23160219376936778]}
{"id": 15, "drone": 1, "position":(16.666666666666668,33.333333333333336,1.0), "time":162.88701950786776,"sensors":[39,4,47,18,36,31,15,24,43,12,42,1,7,22,10],"power":[0.17076197024422116,0.02607470735151204,0.02126901226784187,0.0262510766951637,0.012121196136541992,0.6718782067606104,0.03578849332477054,0.011945156573515437,0.010750120573305995,1.6288701950786777,0.19834327575213986,0.17000937725772644,0.023500352773597542,0.08465001876246499,0.029025908500889073]}
{"id": 16, "drone": 2, "position":(33.333333333333336,41.666666666666664,5.0), "time":72.47503465446562,"sensors":[48,16,26,36,27,25],"power":[0.004791696933066169,0.00634771515078756,0.019430139483468906,0.015171436128008775,0.014379890975138403,0.011586801436366827]}
{"id": 17, "drone": 2, "position":(8.333333333333334,25.0,1.0), "time":445.6522118441711,"sensors":[39,4,47,37,41,43,12,42,1,7,22,10],"power":[0.03462187786482982,0.08318882286668872,0.08964711613761116,0.1384674812131082,0.10860198245333773,0.061768595534932844,0.04297683932100315,0.06703937880466444,0.06735545485987929,0.04942760704869169,0.037090126280574,0.033779222452329866]}
{"id": 18, "drone": 7, "position":(16.666666666666668,25.0,1.0), "time":55.34913367436796,"sensors":[39,4,47,5,0,31,41,24,43,12,42,1,7,22,10],"power":[0.005578432014266981,0.004002829975296388,0.0035569372169469817,0.010188747028665148,0.005946648064384916,0.008506831192343937,0.008516155729358292,0.006181869462586053,0.033591282531539104,0.01190770659366278,0.009249932464652232,0.04139140974664892,0.09519963879440525,0.027859715045624997,0.04235384553036169]}
{"id": 19, "drone": 7, "position":(8.333333333333334,16.666666666666668,2.0), "time":177.60059191005075,"sensors":[5,35,20,37,41,40,43,7],"power":[0.02296540230108729,0.05411573080717294,0.018648529642587605,0.011532518786891792,0.37966532457315166,0.020137592694694666,0.02769222766775856,0.011759448474329214]}
