LP RESULTS :
 Obj = 0.1*lambda1+0.9*lambda2 = 110.35121063868012 (lambda1 = 1085.5121063868012, lambda2 = 2.0) Resol time = 2693 ms

{"id": 0, "drone": 6, "position":(16.666666666666668,25.0,1.0), "time":11.668675299855323,"sensors":[15,39,34,45,19,32,29,16,31,23,38,33,14,4,6,47],"power":[0.0013208714617752844,0.0015319097249424575,0.007066927979545811,0.0033715027892243722,0.0017360590640689095,0.0023319470908766365,0.002090739348556241,0.04013833227671044,0.006285749784061155,7.963773837689606E-4,0.001879186125737955,7.519136583019914E-4,0.001561622115117073,0.0011930337997722433,8.353424509343794E-4,0.0012638479264580997]}
{"id": 1, "drone": 6, "position":(16.666666666666668,41.666666666666664,1.0), "time":236.87775220450035,"sensors":[15,39,12,28,22,31,37,33,27,14,47],"power":[0.06759302568419344,0.08105012810830799,0.04119002144784081,0.21734062549019817,0.020391540450513102,0.019645460331126338,0.09921707916401606,0.03517440166526158,0.029444079441827364,0.08452515262961469,0.034215563166442774]}
{"id": 2, "drone": 2, "position":(33.333333333333336,41.666666666666664,1.0), "time":164.5898133530518,"sensors":[7,12,28,11,5,22,49,44,9,40,47],"power":[0.016702797396606052,0.04379462460942783,0.012546319275866892,0.7731505639062575,0.11602429368167012,0.12887511309160202,0.015058167535918342,0.07522158036432545,0.638927949558743,0.03793644984517728,0.01326601697315836]}
{"id": 3, "drone": 2, "position":(25.0,8.333333333333334,1.0), "time":289.9875299478362,"sensors":[41,0,24,46,19,26,18,38,35,4],"power":[0.033823705057284,0.5686265541708547,0.1493745388797488,0.8101901989058634,0.05048982000014882,0.07680176033643282,0.05906256742803888,0.031191496545871226,0.06966720494669924,0.04940128083916991]}
{"id": 4, "drone": 3, "position":(25.0,16.666666666666668,1.0), "time":23.841295681761437,"sensors":[41,0,34,46,45,19,26,29,16,13,18,38,10,4],"power":[0.0038557334152383867,0.009245729775240692,0.0033230534792211375,0.004580273469364096,0.0029711556334094083,0.08445862975038848,0.0032603025134348464,0.0019075933586290739,0.0037802404993060455,0.0045236638151026016,0.050442410058458294,0.04371827573073485,0.0021450137272220754,0.14434081296257514]}
{"id": 5, "drone": 3, "position":(41.666666666666664,25.0,4.0), "time":289.9875299478362,"sensors":[17,1,20,21,49,13,42,30,10,43],"power":[0.099969150138357,0.24979355881128418,0.057552478527882055,0.07449136477410988,0.04138703857659073,0.03751604016078129,0.05887885145913542,0.2003962525857725,0.05578098968872826,0.10758691993296432]}
{"id": 6, "drone": 4, "position":(16.666666666666668,33.333333333333336,1.0), "time":233.99224308118738,"sensors":[15,39,34,12,28,16,31,37,33,27,14,47],"power":[0.20461971565277343,0.5616881948132213,0.049437415445457364,0.01722859517980212,0.047615537042267765,0.035203405541140764,0.17573744192672208,0.014820245791527282,0.05314202722688599,0.015535391584707564,0.6360927577818251,0.0708496295580303]}
{"id": 7, "drone": 4, "position":(8.333333333333334,41.666666666666664,1.0), "time":436.0337006607421,"sensors":[15,39,3,28,31,37,33,27,14],"power":[0.11083955789798978,0.04456670978619853,0.17729946090281487,0.037100130428962326,0.02880453190372248,0.03261513355085946,0.1719848089365184,0.9461340679528881,0.07009353591746907]}
{"id": 8, "drone": 5, "position":(25.0,41.666666666666664,1.0), "time":9.123897372509102,"sensors":[15,39,12,28,11,5,22,37,44,9,14,47],"power":[5.925770380085242E-4,0.0015669840152585971,0.04778675876292935,0.007401682108744024,0.0022959225326955133,0.001304243679866115,0.008554832457187045,0.0030116034533742182,0.0028783376214666077,0.0016638021173684962,0.0010417099893635733,0.002240046285553028]}
{"id": 9, "drone": 5, "position":(8.333333333333334,8.333333333333334,1.0), "time":508.84096280071554,"sensors":[45,32,26,29,23,2,6],"power":[0.05001467769700206,0.04341455215715705,0.08769838890194454,0.08779602480447424,0.23162612919625705,0.12182380625209623,0.03389946470034126]}
{"id": 10, "drone": 7, "position":(41.666666666666664,25.0,1.0), "time":401.1593338580866,"sensors":[17,41,1,20,21,49,13,42,30,10,43],"power":[0.21700322906545846,0.027620244286460243,1.7528231903694518,0.09674582350138998,0.13408018847902442,0.06885454282879153,0.06196312583022646,0.09954947061012911,0.8712630070692438,0.09378368715204449,0.27290381551148757]}
{"id": 11, "drone": 7, "position":(25.0,25.0,1.0), "time":152.92113805319647,"sensors":[39,34,45,19,16,31,49,13,18,38,4,47],"power":[0.012449138406095432,0.1670791787074293,0.012089954492549772,0.039119191208425136,0.042284036284002124,0.015204918057668345,0.024700251058699413,0.02610948813247144,0.02906647867181494,0.07321104159765597,0.04113625471075883,0.02816489609035743]}
{"id": 12, "drone": 0, "position":(8.333333333333334,41.666666666666664,3.0), "time":4.894699714810429,"sensors":[15,39,3,28,37,33,27,14],"power":[0.001111661738677834,4.505537961992995E-4,0.0016056928195512718,3.708935962440278E-4,3.3593804022300454E-4,0.0015600683730703016,0.00514625077629204,7.022339880466888E-4]}
{"id": 13, "drone": 0, "position":(8.333333333333334,16.666666666666668,1.0), "time":262.8423179564878,"sensors":[45,32,26,29,16,23,2,6],"power":[0.09281854743172614,0.25093414863308533,0.024811350963453504,0.24021800645450228,0.026373819526802077,0.3359184295302625,0.02817619374790378,0.10927937087087247]}
{"id": 14, "drone": 1, "position":(33.333333333333336,8.333333333333334,1.0), "time":217.60280884592072,"sensors":[41,0,8,24,46,48,13,18,10,35,4],"power":[0.08600249203373884,0.03233231214648047,0.024000152780866226,0.03656961298854819,0.0851175837047121,0.06250386501618907,0.020256367469637222,0.03232770326847178,0.025668823140405098,0.0689991708182145,0.019354121779258337]}
{"id": 15, "drone": 8, "position":(8.333333333333334,25.0,1.0), "time":14.018597087319506,"sensors":[15,34,45,32,29,16,31,23,33,14,6],"power":[0.0014351324103697581,9.484966088370249E-4,0.0025857692106697836,0.01094959849309644,0.0025113593651121934,0.00222016587203857,0.0036877121939005828,0.0014451326483568142,0.001765107142350816,0.001079338918631232,0.005985821977851884]}
{"id": 16, "drone": 8, "position":(41.666666666666664,8.333333333333334,1.0), "time":152.92113805319627,"sensors":[41,8,48,10,35],"power":[0.025646720075128217,0.1569819475247815,0.43766185387929624,0.01612245156415674,0.011333624235086267]}
{"id": 17, "drone": 9, "position":(41.666666666666664,41.666666666666664,5.0), "time":236.87775220450067,"sensors":[7,11,5,25,36,44,9,40],"power":[0.08703040866787355,0.031593808554806944,0.03305478573823514,0.031616438112712135,0.04364145867873567,0.015614734677542852,0.04267674560935111,0.05518848443996376]}
{"id": 18, "drone": 9, "position":(41.666666666666664,41.666666666666664,1.0), "time":674.9206434567396,"sensors":[7,11,5,25,36,22,44,9,40],"power":[0.8347612050790875,0.12029912364321602,0.12695913192838673,0.11838356188728787,0.17715754432977826,0.05014943183123192,0.056285347336665084,0.16261714534798105,0.22686782199814273]}
