LP RESULTS :
 Obj = 0.1*lambda1+0.9*lambda2 = 147.69909576972134 (lambda1 = 1458.9909576972132, lambda2 = 2.0) Resol time = 5723 ms

{"id": 0, "drone": 1, "position":(33.333333333333336,16.666666666666668,1.0), "time":206.39779849127189,"sensors":[19,9,30,21,8,22,13,32,47,43,31,38,33,36],"power":[0.020755487119428016,0.017207956463325392,0.01848625322949823,0.17390443823488155,0.037809031811035655,0.021523582923727608,0.022548984151474296,0.02253358450233389,0.695013637489791,0.032234980971551634,0.1253711630242157,0.05348658921323126,0.029534589696460254,0.01650716043476805]}
{"id": 1, "drone": 1, "position":(8.333333333333334,25.0,1.0), "time":93.16367688138803,"sensors":[5,49,28,27,41,3,29,40,12,24,6],"power":[0.016909864489378444,0.014200272432636232,0.009684222496782954,0.006430047800065314,0.025576442447745346,0.015046433768270225,0.006840584153370099,0.2580899933270758,0.017866420090534425,0.006039565621695178,0.009319830292530524]}
{"id": 2, "drone": 2, "position":(25.0,25.0,1.0), "time":521.4732877049842,"sensors":[49,17,21,0,23,8,22,3,29,13,2,31,38,36],"power":[0.10970509095030088,0.15603254538124053,0.06277600336963751,0.1929705862912936,0.06856595428678902,0.10640789711411831,0.379808118192328,0.07390322378303368,0.0707106891492986,0.20146520431994552,0.0453532684427208,0.09998701718229858,0.04567522543155655,3.1077497965680143]}
{"id": 3, "drone": 2, "position":(25.0,8.333333333333334,1.0), "time":93.16367688138803,"sensors":[10,30,25,39,47,43,38],"power":[0.01826481448854923,0.06824358982992783,0.017660817512303893,0.006159555011761363,0.010731837047529742,0.013487696010238354,0.05882778209822104]}
{"id": 4, "drone": 8, "position":(16.666666666666668,41.666666666666664,1.0), "time":455.8469587746865,"sensors":[5,49,17,18,34,15,29,11,44,24,7],"power":[0.030958985248235045,0.03266068953505247,0.04491404656590692,0.05726360604856328,0.028912253426593672,0.5627818831884519,0.08756100226674844,0.18827285099331081,0.0434698239915477,0.06867119111427154,0.03266407074932241]}
{"id": 5, "drone": 8, "position":(8.333333333333334,41.666666666666664,3.0), "time":637.8959967724812,"sensors":[5,34,28,27,15,41,12,24,7],"power":[0.13121156514287868,0.12108774657340633,0.14225329356545813,0.14456156482965332,0.10703005584204701,0.08192980382029427,0.11065299323463132,0.4922073071915566,0.16291184315998483]}
{"id": 6, "drone": 4, "position":(8.333333333333334,8.333333333333334,1.0), "time":1331.56056337778,"sensors":[26,10,45,25,39,6],"power":[0.15,0.16270016402766713,1.9247708180612526,0.16935697525486873,1.8065790612827424,0.568281290277746]}
{"id": 7, "drone": 4, "position":(8.333333333333334,33.333333333333336,1.0), "time":23.259032186108925,"sensors":[5,49,17,28,27,41,29,40,12,24],"power":[0.0675665275436843,0.0033365311155828226,0.0017276637762603225,0.013278785261838866,0.007234566641583401,0.0424937537319604,0.003417969195406721,0.00586215162303975,0.03848267419230778,0.012658486950848003]}
{"id": 8, "drone": 7, "position":(41.666666666666664,8.333333333333334,1.0), "time":590.3217012557532,"sensors":[48,9,37,47,43],"power":[1.2778423789387048,0.11393797053976869,0.15,0.08603481542062125,0.18100111168202862]}
{"id": 9, "drone": 7, "position":(41.666666666666664,33.333333333333336,1.0), "time":503.5703339338104,"sensors":[19,35,20,14,46,23,8,13,2,32,33],"power":[0.08752106656630605,0.6722254331693206,0.23897618479029123,0.11301565567823925,0.12839756536383617,0.11279763758321112,0.05737496742194439,0.03956936231561178,0.04763212979302899,0.10181385651515668,0.08268352130091616]}
{"id": 10, "drone": 0, "position":(41.666666666666664,41.666666666666664,4.0), "time":724.7091994228729,"sensors":[35,20,14,1,42,4,16],"power":[0.1823690311490319,0.39161548464216867,0.06448401837324216,0.10542700292791429,0.15566306131536192,0.19996112225484788,0.18288676054985492]}
{"id": 11, "drone": 0, "position":(33.333333333333336,41.666666666666664,1.0), "time":68.69933390837292,"sensors":[35,20,18,1,42,0,23,4,11,44,2,16],"power":[0.005593520315433936,0.01764350287930686,0.006329406915310146,0.025792681883292545,0.006280054513295087,0.005286546008760734,0.006919161650111575,0.0071566970129707886,0.00827657587329337,0.009163821799912611,0.02312139060023446,0.013193575717830334]}
{"id": 12, "drone": 5, "position":(33.333333333333336,8.333333333333334,1.0), "time":569.1077810688,"sensors":[48,30,21,47,43,31,38],"power":[0.1225285123606055,0.05388783761563275,0.04660796032878545,0.19034027230750283,1.7898695710656052,0.04071242011340412,0.13573750502684376]}
{"id": 13, "drone": 5, "position":(16.666666666666668,16.666666666666668,1.0), "time":34.266717438045134,"sensors":[10,49,30,25,3,39,6,38,36],"power":[0.04578745901041687,0.0029471777318375567,0.009382319324941301,0.0021942396269977894,0.06105034244869621,0.006098588842160556,0.010426268000784842,0.004130272700688429,0.004257857667265891]}
{"id": 14, "drone": 9, "position":(25.0,41.666666666666664,1.0), "time":365.2480021500455,"sensors":[17,18,1,0,15,29,11,44,2],"power":[0.034415917563693166,0.09274570293340544,0.04045587060775019,0.04304532595395602,0.0671858413673477,0.04276924756927405,0.8670789821641618,0.0973663542085397,0.10068945856025333]}
{"id": 15, "drone": 3, "position":(41.666666666666664,25.0,5.0), "time":162.0120904321571,"sensors":[19,35,9,14,21,46,23,8,13,32,31,33],"power":[0.09271391421254985,0.014942712611128419,0.018854072996905915,0.012043547851173697,0.027631645233940898,0.021602434636163827,0.022746824669831345,0.026753877703247927,0.01257189463092622,0.09627105685683174,0.02185904465296829,0.08900952787559538]}
