LP RESULTS :
 Obj = 0.1*lambda1+0.9*lambda2 = 132.27585345586826 (lambda1 = 1304.7585345586824, lambda2 = 2.0) Resol time = 1038 ms

{"id": 0, "drone": 7, "position":(41.666666666666664,25.0,1.0), "time":413.7060044182963,"sensors":[26,7,12,34,44,15,33,36,37],"power":[0.1324509756733218,0.02810049138959748,0.04644232033860313,0.1357463124457656,0.16716511320364574,0.03123018573493303,0.03058648029271779,1.6003919357550616,4.137060044182963]}
{"id": 1, "drone": 7, "position":(25.0,8.333333333333334,1.0), "time":342.6171338901538,"sensors":[29,19,4,43,8,30,15],"power":[0.04238724630442235,0.08576289055791128,0.047627237760555996,0.5598370860579172,0.07584930104117607,3.426171338901538,0.02328682458141368]}
{"id": 2, "drone": 1, "position":(25.0,41.666666666666664,1.0), "time":17.747351975318225,"sensors":[11,16,9,42,7,46,45,24,22,5],"power":[0.0027040510913122016,0.005710647404226071,0.0015769952911727737,0.0017210190044761754,0.0013132697951097176,0.011040533838810693,0.0012990292432107104,0.0011636010439014736,0.002312176747147981,0.0020738649559747645]}
{"id": 3, "drone": 1, "position":(16.666666666666668,8.333333333333334,1.0), "time":628.0300585206949,"sensors":[17,48,14,4,43,8,30,21,38,27],"power":[0.05158370736401416,0.2598268665793636,0.07442973330312773,0.7658309163058689,0.06746152124574481,0.04859462699721246,0.14313848375402963,0.11374293390202161,0.13438225752613533,0.15257536443207656]}
{"id": 4, "drone": 6, "position":(33.333333333333336,41.666666666666664,1.0), "time":224.94430135361839,"sensors":[16,9,42,2,7,46,12,34,35,6,33],"power":[0.049640609672937715,0.2372227941205284,0.017477686599730778,0.04786677256484801,0.09501538064730287,0.02617704812173123,0.057108200511987714,0.015821121394886346,0.04298669821666756,0.05702057732999719,0.0645790569113339]}
{"id": 5, "drone": 6, "position":(41.666666666666664,8.333333333333334,1.0), "time":700.7082416393389,"sensors":[13,40,29,19,47,23,44,20,41],"power":[2.4945804710262878,0.1776867225063633,0.16348179317316827,0.06841982847818866,0.1549671142796883,0.14028090484345213,0.04528132430499128,0.7217464317504337,0.3725300895266227]}
{"id": 6, "drone": 4, "position":(8.333333333333334,33.333333333333336,1.0), "time":158.93741572503617,"sensors":[39,10,24,49,18,0,32,5,25,1],"power":[0.621774159027115,0.03470357181980804,0.022345029595580036,0.01975130141736878,0.04930806022961977,0.05663529248136281,0.03564169404316153,0.020440320491272212,0.11031686603729136,0.1192152228152118]}
{"id": 7, "drone": 4, "position":(41.666666666666664,16.666666666666668,5.0), "time":172.59693652572884,"sensors":[13,26,40,44,20,36,37],"power":[0.02597959894957855,0.01354275031583483,0.01544230684833966,0.0419310393487756,0.011311996387596602,0.039351123031173094,0.027078571084171627]}
{"id": 8, "drone": 3, "position":(41.666666666666664,8.333333333333334,2.0), "time":53.04461168449154,"sensors":[13,40,29,19,47,23,20,41],"power":[0.12111569381718255,0.012790623358356304,0.012012531328182294,0.004895751284238661,0.011572061787781926,0.009719095156547883,0.04575439460533409,0.02452141358152243]}
{"id": 9, "drone": 3, "position":(41.666666666666664,41.666666666666664,1.0), "time":637.5434300179694,"sensors":[9,2,7,12,34,35,6,33,28],"power":[0.4517585879057958,0.237785279291216,0.22245729830753608,0.15608774276690113,0.09131049660182482,0.10701330178333243,0.9924519255691596,0.40809446717127174,0.15]}
{"id": 10, "drone": 8, "position":(33.333333333333336,8.333333333333334,3.0), "time":208.3885473446977,"sensors":[13,29,19,43,47,8,30,15,20,41],"power":[0.02594663303752088,0.09415694142025387,0.07774375753215651,0.07419278628915897,0.03637131971791074,0.025556071961611426,0.039707385443861105,0.01432925646605111,0.03285522389427756,0.018175832624995787]}
{"id": 11, "drone": 8, "position":(25.0,25.0,4.0), "time":340.0468489055346,"sensors":[31,42,24,15],"power":[0.23971528444857199,0.09544954057902426,0.05594599375520966,0.08859023236848099]}
{"id": 12, "drone": 2, "position":(8.333333333333334,25.0,1.0), "time":342.617133890154,"sensors":[39,24,14,0,32,21,25,1],"power":[0.053556741227447476,0.03960681177801906,0.042409603632379916,0.25035018469140885,0.11435830595683846,0.05532590677087177,0.17405460775077103,0.1620067162075048]}
{"id": 13, "drone": 2, "position":(16.666666666666668,41.666666666666664,1.0), "time":271.84783709028045,"sensors":[39,11,16,10,46,45,24,18,22,3,5,25],"power":[0.040132588139814546,0.08026671949769311,0.021845573530895484,0.032887843767980235,0.05974820222690273,0.06529559398531641,0.02815395963516996,0.07331868451922556,0.2703668788038786,0.048312726616439844,0.5807877246734398,0.017873284200312388]}
{"id": 14, "drone": 0, "position":(25.0,33.333333333333336,1.0), "time":10.817446793480125,"sensors":[31,42,7,46,24,12],"power":[0.004477856086141505,0.00990828306113049,8.508075234721067E-4,7.467764025511064E-4,0.00278460419211987,8.839695351125465E-4]}
{"id": 15, "drone": 0, "position":(41.666666666666664,25.0,5.0), "time":17.747351975318225,"sensors":[26,12,34,44,36,37],"power":[0.004006274010843357,0.0015765248962968195,0.004005591426973198,0.0045009457916722,0.009520138250389306,0.011044484225528617]}
{"id": 16, "drone": 5, "position":(25.0,41.666666666666664,5.0), "time":329.86224316948517,"sensors":[11,16,9,42,46,22,5],"power":[0.037708229315602956,0.07280316939194072,0.02323629043779726,0.02544347075563828,0.09934098255116751,0.03359590313105207,0.029623231131006626]}
{"id": 17, "drone": 9, "position":(8.333333333333334,41.666666666666664,1.0), "time":526.3636865985624,"sensors":[39,11,10,45,49,18,22,3,5,25,1],"power":[0.15122788149154612,0.05063470693106521,1.2018364921154359,0.08340537677147287,0.13024869858263122,1.7491863050402814,0.13045362493793414,0.20394561526693608,0.2214905225676809,0.044041427660113756,0.04509545947751993]}
{"id": 18, "drone": 9, "position":(8.333333333333334,8.333333333333334,1.0), "time":334.1113421478335,"sensors":[17,48,14,4,21,38,27],"power":[0.09841629263598582,0.7194026192679674,0.13149065788322986,0.08362582154229678,0.08130452209046078,0.947902359334587,0.07405990092518235]}
