LP RESULTS :
 Obj = 0.1*lambda1+0.9*lambda2 = 116.50265655073432 (lambda1 = 1147.026565507343, lambda2 = 2.0) Resol time = 1892 ms

{"id": 0, "drone": 1, "position":(41.666666666666664,16.666666666666668,1.0), "time":39.26014698635481,"sensors":[18,8,10,20,35,15,5],"power":[0.014790523962098009,0.018783301525160362,0.07120541508717222,0.029700114788660092,0.00321185842844768,0.0026126627625974873,0.017331267066582695]}
{"id": 1, "drone": 1, "position":(25.0,25.0,2.0), "time":597.5056314510333,"sensors":[3,26,36,16,25,17,12,6,9,24],"power":[0.16517809001194694,0.054041604436403476,0.07701838842675258,0.1453839332740547,0.3030142141387662,1.0723342695120737,0.05340296995362108,0.04431268597423684,1.0302457847127109,0.3377968014733734]}
{"id": 2, "drone": 3, "position":(41.666666666666664,8.333333333333334,1.0), "time":848.3890875370668,"sensors":[21,4,46,18,8,47,10,20,35,15,5,34],"power":[0.2994779610094332,0.18860786485378403,0.14999999999999997,0.07642799301000013,0.06873205177016649,0.07233650038320755,0.12927796697348143,0.13166093720535457,0.0891786525312384,0.2196530939175966,1.6376003857809942,0.1714706614015063]}
{"id": 3, "drone": 0, "position":(8.333333333333334,41.666666666666664,1.0), "time":568.0052063262835,"sensors":[38,33,7,29,45,1,11,43,27,31,22,42],"power":[0.12639731619140923,0.15,0.15104502923890556,0.05447090719617237,0.11374346641284172,0.4401864971391299,0.3850887542598006,0.1538490841287034,0.14822660334961532,0.7389142308022509,0.3076452903897802,2.8353419265974162]}
{"id": 4, "drone": 7, "position":(16.666666666666668,8.333333333333334,1.0), "time":483.32185757181145,"sensors":[39,32,37,14,48,49,41,13],"power":[0.062082709419476925,0.18406170350321494,0.10201003713754278,2.1962141314442922,0.3852558504916339,0.15435919178275714,0.09235255100141955,0.20233787304578124]}
{"id": 5, "drone": 5, "position":(8.333333333333334,8.333333333333334,1.0), "time":303.7326596802361,"sensors":[39,37,14,48,49,41,13],"power":[0.08791729058052307,0.04798996286245722,0.05752533297396158,0.07616543007408817,0.3089024848200027,0.12528736028678042,0.05067268000138505]}
{"id": 6, "drone": 5, "position":(33.333333333333336,33.333333333333336,1.0), "time":4.360109244713152,"sensors":[3,26,36,25,19,17,2,12,6,9],"power":[0.0015721671016621951,5.232748115973415E-4,0.0119445397750851,7.716316447635075E-4,9.431259991133601E-4,6.236077738002542E-4,0.001152227045153703,0.0011598915029216277,5.539305413420002E-4,3.02025652120054E-4]}
{"id": 7, "drone": 4, "position":(33.333333333333336,41.666666666666664,1.0), "time":113.61435973636972,"sensors":[26,36,19,40,2,12,6,30],"power":[0.01178074458851815,0.02386920893265706,0.09753073006908772,0.021475906686218477,0.6336443168712076,0.02604089220973722,0.014471397399071849,0.032465573585159425]}
{"id": 8, "drone": 4, "position":(41.666666666666664,25.0,1.0), "time":259.3773309839215,"sensors":[3,18,8,10,20,0],"power":[0.03579534783242951,0.05878148302790192,0.09086277819636085,0.06579940405362741,0.04744902527412167,0.08066802606523504]}
{"id": 9, "drone": 2, "position":(8.333333333333334,25.0,1.0), "time":359.9720482552955,"sensors":[38,28,29,45,44,22,41],"power":[0.057473618193958055,0.15546260304875792,0.14074754838851236,0.05735081159196929,0.40429444595804226,0.027622925539807698,0.04141373786432607]}
{"id": 10, "drone": 6, "position":(41.666666666666664,41.666666666666664,2.0), "time":764.3187554088669,"sensors":[19,23,2,0,30],"power":[0.5248678825751876,0.14422510436154343,0.1912004394484538,0.05368523830912518,0.09344131724516282]}
{"id": 11, "drone": 9, "position":(25.0,8.333333333333334,1.0), "time":259.37733098392147,"sensors":[4,32,16,47,14,35,48,15,13,24],"power":[0.017494612831440423,0.5527671529561837,0.04298914055184433,0.07766349961679243,0.05888910057320858,0.09528895774603592,0.031359240397701306,0.036243575202908086,0.032227136277293546,0.021057917361557356]}
{"id": 12, "drone": 9, "position":(41.666666666666664,33.333333333333336,1.0), "time":39.75656665780173,"sensors":[3,36,19,23,2,0],"power":[0.003922583083083606,0.005020092455654378,0.008497600998794303,0.005774895638456581,0.005250328054093547,0.015646735625639764]}
{"id": 13, "drone": 8, "position":(16.666666666666668,41.666666666666664,1.0), "time":206.5696906156354,"sensors":[38,26,29,45,40,1,11,27,31,22,12,6,42],"power":[0.03766237984687925,0.04817062195998676,0.015852346251801055,0.0395199090988483,0.02426388761896498,0.03890694452255821,0.048221246150507185,0.12550738243709922,0.022635690285638076,0.01769907956111237,0.023151005640643735,0.04894364279246867,0.04935803875063031]}
{"id": 14, "drone": 8, "position":(25.0,41.666666666666664,1.0), "time":224.97677445959152,"sensors":[26,36,25,19,40,2,27,12,6,30],"power":[0.11003329945576797,0.032147770409850875,0.022239824443367043,0.017801713743389066,0.10426020569481653,0.039053559986747304,0.022844267314990698,0.12448532983446524,0.18987194506071545,0.024093109169677756]}
