LP RESULTS :
 Obj = 0.1*lambda1+0.9*lambda2 = 165.5266860807541 (lambda1 = 1637.2668608075408, lambda2 = 2.0) Resol time = 2464 ms

{"id": 0, "drone": 7, "position":(41.666666666666664,8.333333333333334,1.0), "time":211.550170936257,"sensors":[12,5,17,29,25,38,8,2,9,34,30,10,16,7,45],"power":[0.033177599856584285,0.014673480409628266,1.3399279880784132,0.12720946436620537,0.023377221062200318,0.10612586289880552,0.024070769341701475,0.020282942989441635,0.030968316224676867,0.019954480059625572,0.0658181217681076,0.22554312146302768,0.39291064136034326,0.020624953594320063,0.36145051066858186]}
{"id": 1, "drone": 7, "position":(8.333333333333334,25.0,4.0), "time":645.9919210896837,"sensors":[32,19,24,46,43,15,27,0,4,49],"power":[0.07115659790472807,0.1125843495871134,0.05077084810057696,0.17371988486520418,0.04632855731466823,0.15460986380156533,0.08497104499857658,0.12639764539850346,0.04887048993677588,0.1967963553570662]}
{"id": 2, "drone": 1, "position":(33.333333333333336,33.333333333333336,1.0), "time":574.4720717296575,"sensors":[21,6,39,41,31,11,44,18,3,37,36],"power":[0.0629469605501023,0.3044585857010887,0.09391054976917117,0.47877271717532355,0.12595357751243447,0.11008156836608064,0.07806579260257926,0.2055750616724401,0.09104363232267011,0.047165189044946786,0.05427245212341675]}
{"id": 3, "drone": 6, "position":(8.333333333333334,16.666666666666668,1.0), "time":344.07727948278506,"sensors":[32,47,19,28,15,27,0],"power":[0.057768435162661606,0.047782710080610635,0.4743772333344178,0.09431467364141373,0.042095650641298374,0.06502895500142342,0.4144271279913531]}
{"id": 4, "drone": 6, "position":(25.0,8.333333333333334,2.0), "time":205.30201649279618,"sensors":[12,5,47,13,1,25,8,2,9,34,28,30,40,10],"power":[0.03193679243980217,0.10400848650432029,0.03334757929163777,0.022827099594230914,0.04332605407847376,0.03312673600139137,0.05586925906290372,0.021957071767523977,0.06338013224636635,0.017443268703884834,0.020823111788850355,0.019294835551892955,0.021243995731764845,0.013614792312840211]}
{"id": 5, "drone": 3, "position":(8.333333333333334,41.666666666666664,1.0), "time":989.4971393031177,"sensors":[14,26,42,24,46,43,48,20,4,22,49],"power":[1.7468912091780417,0.24455754532764126,0.14645630022024062,0.5171378193017362,0.0716384034351062,0.16358215870552303,0.18587456450545572,1.0539472667746965,0.20493518739485864,0.798887095032641,0.08808019601561128]}
{"id": 6, "drone": 9, "position":(41.666666666666664,16.666666666666668,1.0), "time":382.76118897446713,"sensors":[17,31,29,44,38,8,2,34,30,10,16,7,45],"power":[0.09656421917035676,0.04147114058863164,0.027676331576488036,0.05476361707006786,0.02979672294213837,0.038875905185621284,0.07508328483535283,0.08356367661973498,0.10832587170244425,0.05211809695048353,0.04844019658818294,0.12937504640567993,0.16146961713724262]}
{"id": 7, "drone": 9, "position":(25.0,25.0,1.0), "time":206.50775563818456,"sensors":[6,32,13,39,41,44,2,34,37],"power":[0.015798708027009476,0.03538359705756318,0.07792802762241874,0.4709195024141437,0.034856094284658606,0.03940554932135166,0.02026194201402964,0.02063985644966345,0.3702121103987431]}
{"id": 8, "drone": 2, "position":(41.666666666666664,41.666666666666664,1.0), "time":626.2077838586142,"sensors":[21,6,23,35,11,18,36],"power":[0.08705303944989772,0.04213536516334809,0.15,0.25586124648216474,0.09138717787059918,0.26080774689267394,0.0629295834000248]}
{"id": 9, "drone": 0, "position":(33.333333333333336,8.333333333333334,1.0), "time":190.4558241689484,"sensors":[12,5,17,1,29,25,38,8,2,9,34,30,10,16,45],"power":[0.11666804904310059,0.08865311819034691,0.04956005505672578,0.012155411333739598,0.019799334428098586,0.06703430614749088,0.014077414159056105,0.16646664004191195,0.0444087441708467,0.5879278348355811,0.038250930792225385,0.13323657485181326,0.11753648172146457,0.06047376196356337,0.049237056101321036]}
{"id": 10, "drone": 0, "position":(33.333333333333336,41.666666666666664,2.0), "time":228.3014491663452,"sensors":[6,41,11,18,3,36],"power":[0.07597501327360999,0.03958212352731445,0.5556017402497178,0.0642891315807235,0.06818625748045189,0.16609239966831532]}
{"id": 11, "drone": 4, "position":(8.333333333333334,8.333333333333334,1.0), "time":647.197660235072,"sensors":[47,19,28,33,40,0],"power":[0.1736740625624517,0.11057365966852636,0.12679680550153624,0.15,0.16095764056687892,0.09319361741739639]}
{"id": 12, "drone": 4, "position":(16.666666666666668,33.333333333333336,1.0), "time":1.7778004147392465,"sensors":[14,6,42,39,41,24,46,43,3,37,22,49],"power":[1.855207444778873E-4,1.1666225278240017E-4,0.0035436997797593742,1.262101281104564E-4,1.4711309597390754E-4,4.899131802247521E-4,1.2085673164699343E-4,0.005012350419162877,1.4783831503071597E-4,3.4113350767766464E-4,1.737873218477964E-4,5.799540196860536E-4]}
{"id": 13, "drone": 5, "position":(25.0,8.333333333333334,1.0), "time":440.68990459688746,"sensors":[12,5,32,47,13,1,25,8,2,9,34,28,30,40,10],"power":[0.07096006474055733,0.2489322386779007,0.027936223682621834,0.07528218515895628,0.04924487278335033,0.09451853458778661,0.07413466738605125,0.12633052850796844,0.04826394451500647,0.14138839543524548,0.0402747386821548,0.04716610753668015,0.04411635273496251,0.04732127857008354,0.031063046336631362]}
