LP RESULTS :
 Obj = 0.1*lambda1+0.9*lambda2 = 136.96512588359153 (lambda1 = 1351.651258835915, lambda2 = 2.0) Resol time = 585 ms

{"id": 0, "drone": 2, "position":(25.0,41.666666666666664,1.0), "time":240.29495312257367,"sensors":[11,48,18,39,36,22,32,49,10],"power":[0.09792037566670651,0.02089916936603243,0.02298766192188832,0.11437357687850046,0.023933505512241503,0.7599638876575966,1.9003202731781712,0.019874026200760946,0.13147127864210403]}
{"id": 1, "drone": 2, "position":(41.666666666666664,41.666666666666664,1.0), "time":803.1559920403747,"sensors":[11,48,1,12,18,25,45,44,14,34,36,16,37,41,43,38],"power":[0.07152383067759524,0.10862472543000723,0.28221743147804806,0.11011070959524552,0.050872475461867975,0.28973141754232484,0.16064741772879582,0.1621506371634797,0.34057632385111375,0.28090158528954523,0.0904207875246198,0.18804951746851437,0.35292513960170324,3.5510214708464543,0.1525431444478213,0.47126424326780525]}
{"id": 2, "drone": 4, "position":(33.333333333333336,8.333333333333334,1.0), "time":515.2640436817696,"sensors":[28,2,31,13,47,8,19,35,3,6,42],"power":[0.04364785931612233,0.05678239853469723,0.19991751638390728,0.09794183804398997,0.15,0.8836944139456964,5.152640436817697,0.08820533818326111,0.03604229697793131,0.29514809366064626,0.055881916210529084]}
{"id": 3, "drone": 4, "position":(41.666666666666664,33.333333333333336,1.0), "time":188.67164967051463,"sensors":[1,12,18,25,45,14,34,36,3,16,37,41,43,38,24],"power":[0.03813552931571329,0.03988929040475447,0.030300737381677156,0.5649649249467232,0.23445688764828856,0.05118310594133862,0.03454940018199712,0.043233604469741595,0.01192773407417954,0.10174035711234085,0.021864780574207085,0.04605110347460797,0.2911960173678482,0.13066390881631465,0.10518979669005359]}
{"id": 4, "drone": 9, "position":(41.666666666666664,16.666666666666668,1.0), "time":500.84110616424584,"sensors":[28,2,8,27,19,35,3,24],"power":[1.2055961435809912,2.6325727324784713,0.09647968849829729,0.15,0.04815571349840052,1.2184667459592544,0.3071629021259972,0.05062412858224418]}
{"id": 5, "drone": 9, "position":(16.666666666666668,41.666666666666664,1.0), "time":41.49485655802698,"sensors":[39,29,22,32,49,10],"power":[0.0032876666304900346,0.0060738149924943145,0.01269485275603389,0.009690384763838746,0.028376965876496952,0.00778852387246135]}
{"id": 6, "drone": 8, "position":(8.333333333333334,41.666666666666664,1.0), "time":779.0618186800962,"sensors":[29,23,7,26,49],"power":[0.11424604852594139,0.15,0.17700567077431167,0.21064953642393036,0.36414450574183665]}
{"id": 7, "drone": 8, "position":(33.333333333333336,41.666666666666664,1.0), "time":81.93229042209333,"sensors":[11,48,18,25,39,36,22,41,32,43,38,10],"power":[0.06180865161043769,0.020476105203960326,0.013225628291308938,0.012110676338705027,0.027812441043479866,0.020368469779116962,0.012068887630859396,0.02476560445878026,0.01667675243903135,0.012661986843647164,0.022792032561008778,0.010740197485434621]}
{"id": 8, "drone": 0, "position":(8.333333333333334,8.333333333333334,1.0), "time":566.5870689263129,"sensors":[40,46,9,33,4,15,21,30],"power":[0.15326390825468297,0.2905135996500231,0.08703619609267953,0.9412895548178082,0.08231302105521997,0.08271483916746002,0.13260062779819076,0.15]}
{"id": 9, "drone": 0, "position":(33.333333333333336,33.333333333333336,1.0), "time":6.809242233419219,"sensors":[11,18,25,39,45,36,20,16,41,32,43,38,24],"power":[6.583524218813883E-4,0.027991250418080153,0.0015287551118597408,0.002316728151320258,6.566660700476378E-4,0.0680924223341922,6.577589481596629E-4,4.4404497046546026E-4,9.726429424310904E-4,5.332219200040786E-4,0.0038882188308619276,0.001971224185016301,0.0012115489520059387]}
{"id": 10, "drone": 7, "position":(8.333333333333334,25.0,1.0), "time":480.3487221523924,"sensors":[40,17,29,15,5],"power":[0.054087763879791154,0.14569611860668494,0.09980588745676179,0.12266411992220481,0.10985523426698489]}
{"id": 11, "drone": 7, "position":(25.0,25.0,1.0), "time":30.787131346939493,"sensors":[18,39,0,36,20,5],"power":[0.0046222465251774415,0.0022095872962093594,0.07043937109521166,0.002492841929980668,0.1324168433472647,0.006266450689675901]}
{"id": 12, "drone": 1, "position":(16.666666666666668,8.333333333333334,1.0), "time":300.79092246002796,"sensors":[40,9,31,33,13,4,21,42],"power":[0.07608810657549553,0.06296380390732047,0.03720831250534008,0.041425331466048744,0.06775831374903588,0.41079831246613513,0.021123413835382517,0.10592177896217685]}
{"id": 13, "drone": 3, "position":(25.0,16.666666666666668,5.0), "time":335.5461089898996,"sensors":[31,13,0,8,19,20,4,42],"power":[0.04002668462522458,0.0736297269558517,0.07846821164484413,0.026769621980514278,0.0249012816388446,0.04145309538235364,0.048618731932759146,0.027531101440144135]}
{"id": 14, "drone": 5, "position":(16.666666666666668,25.0,1.0), "time":3.924545297181785,"sensors":[40,29,0,20,15,5],"power":[4.2026341217612443E-4,7.927264596062605E-4,0.001092417259944228,0.0010912351793646924,2.599166772714478E-4,0.028047904188080928]}
{"id": 15, "drone": 6, "position":(8.333333333333334,33.333333333333336,1.0), "time":46.821316148217875,"sensors":[17,29,5,49],"power":[0.00430388139331504,0.04375303098842426,0.005830410855258724,0.004166588452464718]}
