LP RESULTS :
 Obj = 0.1*lambda1+0.9*lambda2 = 147.27673937818707 (lambda1 = 1454.7673937818706, lambda2 = 2.0) Resol time = 4127 ms

{"id": 0, "drone": 0, "position":(8.333333333333334,33.333333333333336,1.0), "time":66.64453687693143,"sensors":[25,15,1,27,32,40,14,34],"power":[0.004502631295202506,0.07705329605794604,0.03189945047450108,0.00757861888063641,0.007523619100178825,0.00724764610850883,0.007673737455748589,0.006587884260249585]}
{"id": 1, "drone": 0, "position":(25.0,41.666666666666664,1.0), "time":1.4065339972120317,"sensors":[32,47,17,40,18,8,36],"power":[2.1068459235432446E-4,1.1087921698525909E-4,1.5540088467038015E-4,3.6296224704115786E-4,2.6572362116758047E-4,3.227008812706345E-4,0.014065339972120316]}
{"id": 2, "drone": 2, "position":(25.0,25.0,1.0), "time":40.63031417373327,"sensors":[25,10,48,0,38,33,24,35,47,37,9,22,8,42,16,5],"power":[0.0029479473560392326,0.0033776174410226423,0.04157560715732437,0.024675144538328114,0.005295257537881468,0.0064162560048334075,0.004383050713079405,0.00465825199229271,0.037230274332224506,0.00803985568443558,0.006079838828912161,0.004547064720609329,0.008217618956267863,0.22749671120067744,0.004233801278222314,0.0036257968541391224]}
{"id": 3, "drone": 2, "position":(8.333333333333334,8.333333333333334,1.0), "time":480.80260952825085,"sensors":[25,20,10,41,43],"power":[0.03267887791967195,0.03405110697286682,0.0520557359724063,0.1543521204262692,0.09151160565636864]}
{"id": 4, "drone": 5, "position":(41.666666666666664,33.333333333333336,1.0), "time":618.4706958527104,"sensors":[28,2,39,24,17,37],"power":[0.1378887167716603,0.16063703036875315,0.17097214601464655,0.05366108766534286,0.11670879295308907,0.09310096888634753]}
{"id": 5, "drone": 3, "position":(25.0,8.333333333333334,1.0), "time":365.5909222977761,"sensors":[20,10,48,41,38,31,44,33,35,9,16,5],"power":[0.07761207870034231,0.029181000935379623,0.024905454871602725,0.036720263440965115,0.08670593414233371,0.4686944050979804,0.1350259663888059,0.05995160488986374,0.13804199688616156,0.0316776126812279,0.032550763118590974,0.26887338504553443]}
{"id": 6, "drone": 3, "position":(25.0,33.333333333333336,1.0), "time":207.94163501832475,"sensors":[48,0,1,47,17,40,37,8,42,36],"power":[0.018970756457749774,0.05046917013080225,0.02258936989140196,0.17219145998914528,0.013841849044108708,0.034258898655380454,0.03627650460143626,2.0794163501832474,0.038451548208547064,0.03879528545772637]}
{"id": 7, "drone": 7, "position":(8.333333333333334,41.666666666666664,1.0), "time":652.7657748909461,"sensors":[15,12,19,1,27,32,40,18],"power":[0.45389634464347506,0.1685274228370417,0.14859056296633674,0.0907307663181665,1.226286542304846,0.2155993117522538,0.10689049003506265,0.12721029856402047]}
{"id": 8, "drone": 1, "position":(16.666666666666668,41.666666666666664,1.0), "time":14.78382263033373,"sensors":[15,12,19,1,27,32,40,18,8,36],"power":[0.0023531455030956004,0.0025106496121156947,0.0014094370336632895,0.0026375570675309604,0.0037767374879718427,0.05540664011047298,0.038249257850848956,0.022523977814811955,0.0014587736448918509,0.003463237026739425]}
{"id": 9, "drone": 1, "position":(41.666666666666664,16.666666666666668,1.0), "time":162.51282618520713,"sensors":[28,49,45,30,2,4,39,33,24,9,22,3,16,7,29,23],"power":[0.012111283228339693,0.055401431890730934,0.033811810359763494,0.46084382734139484,0.010749634242267108,0.12947083491982952,0.02413568684414065,0.016178378265040264,0.03696757370896462,0.026672194840134614,0.04272509441222288,0.022251979601919013,0.03458675676953162,0.07082818230056621,0.029964005967537028,0.022332298873714997]}
{"id": 10, "drone": 9, "position":(16.666666666666668,8.333333333333334,1.0), "time":210.66719253340239,"sensors":[25,20,10,41,38,31,44,35,5],"power":[0.015108839412081132,0.060680277841251316,0.0435304299529954,0.14286034375208242,0.04619552984575238,0.02815203345195722,0.014974033611194107,0.04118544320135677,0.03733898170292926]}
{"id": 11, "drone": 8, "position":(41.666666666666664,8.333333333333334,1.0), "time":809.5336727561748,"sensors":[6,46,11,49,45,30,4,22,3,13,16,7,29,23],"power":[0.1672568529164595,0.19369673835375303,0.1566262960121044,2.4498864322763043,0.11618818964023651,0.2683493225979555,0.2796694511052633,0.05546454056351907,0.9094977525551592,0.15000000000000002,0.07007981351051921,0.6381010478123404,0.13410425531273049,0.3540667953580346]}
{"id": 12, "drone": 8, "position":(33.333333333333336,16.666666666666668,1.0), "time":41.60416455394888,"sensors":[48,0,49,30,4,38,31,33,24,35,37,9,22,42,16,5,7],"power":[0.0093159184805338,0.004996975419490498,0.004493701477691585,0.011071014616244766,0.018088177684562647,0.0035743793076868867,0.00895477001563158,0.06124783790440315,0.014298753032861955,0.005616755536540977,0.003933066085904471,0.15047074115653586,0.06101306473420505,0.003717627433490652,0.4160416455394888,0.007161851394930038,0.0036010494454302923]}
{"id": 13, "drone": 4, "position":(25.0,33.333333333333336,2.0), "time":511.22509036812266,"sensors":[48,0,1,47,40,37,8,42,36],"power":[0.046284174808171964,0.11526772244609743,0.05360685461737024,0.3532748237903951,0.08070339848064892,0.08482540995191229,2.0653945562516527,0.09226185046391762,0.09367613754341388]}
{"id": 14, "drone": 4, "position":(33.333333333333336,25.0,1.0), "time":34.89549381503055,"sensors":[48,0,30,4,39,33,24,47,37,9,22,8,42,16],"power":[0.008948088224617342,0.030034613063785336,0.0027356826919619557,0.0029569794497059303,0.004528551108516203,0.006205922935859453,0.04068953487975115,0.0070920542714669205,0.04520041198110692,0.010538223035749429,0.015499865367520241,0.003515179960506663,0.006123930563454939,0.00843466775015353]}
{"id": 15, "drone": 6, "position":(8.333333333333334,16.666666666666668,1.0), "time":357.07635524870835,"sensors":[25,10,41,38,43,14,34],"power":[0.13046253409856481,0.09374398325362303,0.023887651628971808,0.026511948178947607,0.05848839434363136,0.1423262625442514,0.17296648960555983]}
{"id": 16, "drone": 6, "position":(41.666666666666664,41.666666666666664,1.0), "time":626.9485289136234,"sensors":[26,21,17],"power":[0.15,0.2150744025212222,0.2875244207691914]}
