LP RESULTS :
 Obj = 0.1*lambda1+0.9*lambda2 = 132.48535603476844 (lambda1 = 1306.8535603476844, lambda2 = 2.0) Resol time = 2876 ms

{"id": 0, "drone": 7, "position":(41.666666666666664,33.333333333333336,1.0), "time":77.44674402201508,"sensors":[22,24,1,34,5,41,42,17,49,39],"power":[0.006746056212319563,0.0186839485940142,0.08317843009177965,0.2952585445389565,0.020479367294963316,0.011497100989977325,0.01664025950570505,0.010055309789693365,0.00685575893027752,0.009952598595186457]}
{"id": 1, "drone": 7, "position":(8.333333333333334,16.666666666666668,1.0), "time":392.4960835010739,"sensors":[43,36,11,12,35,31,27,26,10,2,15,44,13,7],"power":[0.04259724945116985,0.038768044769931516,0.10718455643163113,0.043543679497055066,0.07573959788158946,0.16136806499455061,0.04500315641468146,0.17484588040577242,0.17673649749695441,0.1663526110707215,0.05062189676122035,0.3479138793602558,0.07352299392317718,0.07526590406510923]}
{"id": 2, "drone": 6, "position":(25.0,33.333333333333336,1.0), "time":392.48324676324023,"sensors":[36,33,19,22,18,5,16,40,14,8,49,39,45],"power":[0.03475464444225929,0.0392831690122342,0.5764908568214454,0.1953168716117543,0.21994788467263732,0.051909112908702974,0.08400521823088497,0.03974187180466157,0.549072142322726,0.057409064933799374,0.09754426007414259,0.04891187155547439,0.827203141565391]}
{"id": 3, "drone": 6, "position":(41.666666666666664,8.333333333333334,1.0), "time":27.717877680125216,"sensors":[3,28,9,6],"power":[0.01672074096042963,0.006898483695235296,0.0025585982139785636,0.05009182685539826]}
{"id": 4, "drone": 3, "position":(8.333333333333334,41.666666666666664,3.0), "time":530.0916529799232,"sensors":[30,0,32,4,48],"power":[0.5449787606262032,0.3283469722138704,0.42079473722029664,0.6247101408329555,0.11369719194069293]}
{"id": 5, "drone": 3, "position":(8.333333333333334,8.333333333333334,1.0), "time":266.14133355248794,"sensors":[21,12,31,26,10,2,23,44,46,13,7],"power":[0.03136922067622159,0.14958288997777427,0.017753837444782348,0.4128170132824634,0.058756003853441326,0.054903985337574866,0.03918075972372424,0.06654528934799263,0.020086904786418603,0.026512664597042494,0.07473409593489079]}
{"id": 6, "drone": 5, "position":(41.666666666666664,25.0,1.0), "time":496.92996281802743,"sensors":[22,24,1,34,28,41,42,9,25,49,39],"power":[0.034296122532341676,0.0760780149857445,0.04520763682663228,0.10136951491811044,0.09234591060306814,0.22194482517771183,1.8108103043461863,0.11910257835573303,0.11190618033998848,0.052438032237172846,0.10486124882329956]}
{"id": 7, "drone": 5, "position":(16.666666666666668,33.333333333333336,1.0), "time":213.32610762024282,"sensors":[36,30,19,22,18,32,16,40,35,14,15,8,45],"power":[0.03657423690627738,0.023353460480276676,0.08850546190749252,0.013677978311420293,0.03515237152850953,0.03794222562511325,0.020612235529591173,0.018423405701555193,0.0286411970504014,0.06352675173589718,0.014748066019443763,0.32243273453337784,0.03515675546281961]}
{"id": 8, "drone": 2, "position":(8.333333333333334,33.333333333333336,1.0), "time":66.49300019165798,"sensors":[43,36,30,0,32,4,48,35,31,27,15,8],"power":[0.012785238178946763,0.004502154920504427,0.010164087227335132,0.01462850039660773,0.014578593036865227,0.010993449426961458,0.013983653916299235,0.01463148270697033,0.004647080607260063,0.008796998249742997,0.019151318822388793,0.017762748581634038]}
{"id": 9, "drone": 2, "position":(16.666666666666668,8.333333333333334,1.0), "time":406.1610210226532,"sensors":[38,21,12,20,26,10,37,23,44,46,13],"power":[0.05622961824138014,0.6190939861797401,0.0264856275113968,0.11709403598671855,0.057023555994907243,0.11455919429910733,0.09350452120617421,0.1808683535535078,0.09582904136514195,0.09485379088717256,0.10962086460515762]}
{"id": 10, "drone": 8, "position":(8.333333333333334,25.0,5.0), "time":241.51560746513394,"sensors":[43,36,11,35,31,27,10,2,15,44,8],"power":[0.062077580662198,0.03257326587621113,0.04281544356836887,0.12959373434937463,0.06404782431722318,0.05046933747298145,0.019285589883359246,0.01998276054011938,0.09359782484349961,0.022691112198325813,0.03541621236696697]}
{"id": 11, "drone": 8, "position":(8.333333333333334,33.333333333333336,3.0), "time":339.6680208309952,"sensors":[43,30,0,32,4,48,35,31,27,15,8],"power":[0.05884067804956715,0.04665768249153034,0.06639872418933877,0.06649998791868153,0.05094625646916567,0.06635512206310112,0.0686842439959928,0.022338125451893683,0.039860313011998515,0.086691880195481,0.07993538867400578]}
{"id": 12, "drone": 9, "position":(8.333333333333334,33.333333333333336,4.0), "time":52.8152259322452,"sensors":[43,30,0,32,4,48,35,27,15,8],"power":[0.008587068202660027,0.006583451615955603,0.009585226474929343,0.00953112220783468,0.00743146615632314,0.009541221527757621,0.009582881463637777,0.005870194850595574,0.012045194920501191,0.01100884495576819]}
{"id": 13, "drone": 9, "position":(25.0,8.333333333333334,3.0), "time":241.51560746513383,"sensors":[38,21,3,20,37,23,46,13],"power":[0.05077824247732795,0.07493590294434278,0.018560616530697967,0.3168652057972371,0.17376040569433307,0.0327826190516762,0.03505930432640885,0.02728784712905372]}
{"id": 14, "drone": 4, "position":(41.666666666666664,16.666666666666668,1.0), "time":202.6875308679065,"sensors":[3,28,41,42,9,25,39,6],"power":[0.04972907944132244,1.7048537757106481,0.02891432453131277,0.04013579923451315,0.08528072119911784,0.03809381966001154,0.014367566830823898,0.037601775835590386]}
{"id": 15, "drone": 4, "position":(25.0,41.666666666666664,1.0), "time":104.44671605478719,"sensors":[33,19,22,18,32,5,16,40,14,17,45],"power":[0.13056484915313055,0.013614910216417567,0.009664889343678184,0.1599291800776856,0.007008806403561928,0.011747537437189726,1.044467160547872,0.09182948191966658,0.04166240440148355,0.007885691086639274,0.012541245639442868]}
{"id": 16, "drone": 0, "position":(33.333333333333336,8.333333333333334,1.0), "time":579.5181889816254,"sensors":[38,3,20,28,37,6],"power":[0.04299213928129189,0.46688569862411927,0.09125567661409735,0.06897835839738994,0.08781764793470227,0.062306397309011365]}
{"id": 17, "drone": 0, "position":(16.666666666666668,25.0,1.0), "time":0.5395148063355144,"sensors":[36,19,35,31,10,14,15,44,13,8,45],"power":[0.0028276530848173184,1.0940512366445408E-4,1.7567956874269135E-4,3.809058548692139E-5,6.722986460896865E-5,4.0015250351977236E-5,5.699369213135111E-5,6.23338270644149E-5,9.732615944047751E-5,2.486525164951964E-4,6.472255256807658E-5]}
{"id": 18, "drone": 1, "position":(16.666666666666668,41.666666666666664,1.0), "time":0.012836737832913059,"sensors":[30,0,33,19,18,32,4,16,40,14,8],"power":[4.930239876961081E-6,1.1298598228912416E-6,1.6601940949885243E-6,1.3022670688084324E-6,2.5062758390259414E-6,7.204069849944403E-6,1.6683804510567134E-6,2.9002460673227625E-6,5.2405741166673866E-6,2.6764956125155156E-6,1.3381387153204843E-6]}
{"id": 19, "drone": 1, "position":(41.666666666666664,41.666666666666664,1.0), "time":732.4768535076419,"sensors":[24,1,34,5,29,17,47],"power":[0.05523803642024125,0.4811837737929449,0.15652691259399015,0.16013952987900232,0.16539853424220652,0.6590260050211931,0.15]}
