LP RESULTS :
 Obj = 0.1*lambda1+0.9*lambda2 = 121.19405183160586 (lambda1 = 1193.9405183160586, lambda2 = 2.0) Resol time = 3868 ms

{"id": 0, "drone": 4, "position":(33.333333333333336,33.333333333333336,1.0), "time":33.715323704586055,"sensors":[17,39,19,18,12,24,33,46,44,28,37,11,1,27,49,16],"power":[0.13806908382141928,0.03514558132988379,0.004369701580352949,0.004054565931875045,0.016611485056199825,0.029986435257375932,0.006794252472149238,0.0034191441857699826,0.007061697448194234,0.010051904860097473,0.0059545571721857215,0.014153517115979024,0.003998204016925342,0.009289656877679386,0.011668066964183734,0.006842458405466698]}
{"id": 1, "drone": 4, "position":(25.0,41.666666666666664,1.0), "time":353.1106870033254,"sensors":[4,39,18,36,12,24,3,33,0,44,37,11,1,16],"power":[0.04652857845143757,0.030297101459052726,0.12413480571613095,0.10441591004667242,0.12193737300505487,0.04940990638393629,0.028804152991246685,0.0837497009207834,0.08223952791045912,0.4625401497308958,0.06439256855821893,0.03625490941916626,0.635360202586627,0.42092062855321444]}
{"id": 2, "drone": 1, "position":(33.333333333333336,41.666666666666664,1.0), "time":467.9708789664416,"sensors":[17,39,19,18,36,12,24,33,0,44,28,37,11,1,16],"power":[0.08560490718643068,0.04981779906490649,0.2100721415346532,0.04100991515220025,0.08703034297081608,0.17826255638928443,0.36338190324517106,0.04504400568806041,0.06776047208954086,0.21420754148588148,0.04557432066976631,2.682359986121009,0.4285530702038585,0.21162117122494759,0.28047800671391415]}
{"id": 3, "drone": 3, "position":(33.333333333333336,8.333333333333334,2.0), "time":590.9226154980319,"sensors":[38,41,23,45,47,10,48,6,35],"power":[0.1637258290421866,0.08941946496781467,0.055850528636052374,0.14499041869676496,0.16583025160560333,0.4045732827251539,0.13305023670947008,0.15560815295559835,0.10750415515676551]}
{"id": 4, "drone": 5, "position":(8.333333333333334,8.333333333333334,1.0), "time":528.9013228131423,"sensors":[2,32,34,25,40,26,43,20,7,5,13],"power":[0.15352510136688957,0.10543848312561481,0.03895960029161003,0.114250235847155,0.09211840145458959,0.05735100769465109,0.033875855549480006,0.042271116666704425,0.15609358053649558,0.20956974253154265,0.05171243209246141]}
{"id": 5, "drone": 5, "position":(41.666666666666664,25.0,5.0), "time":353.11068700332515,"sensors":[42,17,31,39,46,28,27,49],"power":[0.12667746526250295,0.037803073959495406,0.028741594462911604,0.022291492845256236,0.024415106487651286,0.06918979200798413,0.07868584118096107,0.09199656398833532]}
{"id": 6, "drone": 7, "position":(8.333333333333334,41.666666666666664,1.0), "time":840.8298313127331,"sensors":[9,4,8,21,3,22,29],"power":[0.2119350522972142,0.2132105697950323,0.3931869442468106,0.5345060107278433,0.1811477176079232,2.122251094988465,0.15]}
{"id": 7, "drone": 7, "position":(16.666666666666668,8.333333333333334,1.0), "time":14.07450506701906,"sensors":[38,40,26,41,23,45,47,30,7,14,6],"power":[0.001527162153875625,0.04837226752474773,0.0015877174958414141,0.004286442118042526,0.0034210797030147324,0.0014205595453068997,0.0023173881290787426,0.0011306719612238592,0.0013066900655944686,9.952369569120015E-4,0.0014803803320657639]}
{"id": 8, "drone": 8, "position":(33.333333333333336,16.666666666666668,1.0), "time":309.4804835371755,"sensors":[42,38,41,23,45,47,46,10,30,14,27,49],"power":[0.027106994867401417,0.08030504689296065,0.02639762944115485,0.03654106977216975,0.08838134557437698,0.04014559175300312,0.09612749639751485,0.23363918474138323,0.05497435545238399,0.027598398269185618,0.04845055254580302,0.02911223278769851]}
{"id": 9, "drone": 2, "position":(8.333333333333334,16.666666666666668,1.0), "time":371.50177622206513,"sensors":[2,32,34,25,26,43,20,7,5,15,13],"power":[0.02595761462777604,0.19517128970443479,0.16704879629679661,0.05324604926935605,0.23755397705717085,0.11612414445051998,0.1519309257807832,1.1408156974448735,0.057176028103406266,0.03111381596207178,0.5024045882335928]}
{"id": 10, "drone": 6, "position":(41.666666666666664,8.333333333333334,1.0), "time":144.6099796326232,"sensors":[10,48,35],"power":[0.018551446632392183,0.02066528652719138,0.042495844843234494]}
{"id": 11, "drone": 6, "position":(16.666666666666668,25.0,1.0), "time":155.69249508388006,"sensors":[34,26,8,18,23,33,46,30,14,15,13],"power":[0.010019942888233461,0.041700474862946396,0.010473012817656016,0.01346455529288391,0.010467984285876602,0.014412040919006951,0.00991729847996343,0.022445196885425744,0.04651210759464883,0.9844993631030928,0.029610041369564515]}
{"id": 12, "drone": 9, "position":(25.0,16.666666666666668,1.0), "time":123.77041912995209,"sensors":[38,40,26,41,23,45,47,46,10,30,14,6,15],"power":[0.0638908817318553,0.009509331020662658,0.010809003240327601,0.02989646347298796,0.11413627693074278,0.09915466738081652,0.028798583197055704,0.03373587533508253,0.029211372096069218,0.5086051472245957,0.07489425717925355,0.009127889978578862,0.014864203803680904]}
{"id": 13, "drone": 0, "position":(41.666666666666664,33.333333333333336,1.0), "time":339.1436286417054,"sensors":[42,17,31,39,19,12,24,28,37,11,27,49],"power":[0.03533316265669279,0.10791519281815992,0.12125840553708835,0.03473951814615698,0.05453752853818149,0.02563374271327823,0.07465383484579438,1.2264163790438558,0.03236255224799354,0.08808511715525699,0.05536297590873133,0.09401220777765967]}
