LP RESULTS :
 Obj = 0.1*lambda1+0.9*lambda2 = 137.26488314219463 (lambda1 = 1354.6488314219462, lambda2 = 2.0) Resol time = 6982 ms

{"id": 0, "drone": 3, "position":(16.666666666666668,41.666666666666664,1.0), "time":370.9502898927891,"sensors":[40,44,35,13,32,37,36,0,7],"power":[0.05459273211748714,0.024157440241326975,0.033581855232988705,0.08818069177791962,0.6422293286619152,0.0931346174860688,0.039777264260910654,0.17434364173452546,0.02952710132911643]}
{"id": 1, "drone": 3, "position":(16.666666666666668,16.666666666666668,1.0), "time":485.05433166901116,"sensors":[14,30,22,48,1,45,2,10,4,19,42,23,21,24,16,6],"power":[0.05649422623089575,0.034712866358029566,0.06022688865186139,0.21428217694003276,0.3513263325438995,0.1344470608990331,0.050826132463188275,0.08008739514638522,0.042354287371183796,2.13237004273503,0.07614715316093108,0.07683411254996671,0.7630913525557118,0.5033797024349954,0.04350007840309782,0.0667083917806513]}
{"id": 2, "drone": 5, "position":(8.333333333333334,8.333333333333334,3.0), "time":395.8336259781133,"sensors":[30,22,48,45,19,42,23,38,29,24,6],"power":[0.5386290269695114,0.06549553264879342,0.04243886978823279,0.08228924030614815,0.042637498532316,0.17431089275933087,0.07306444021355964,0.10824470987077184,0.0738043904427368,0.0663506007779438,0.5301674974011096]}
{"id": 3, "drone": 5, "position":(8.333333333333334,33.333333333333336,1.0), "time":226.92628750168524,"sensors":[40,44,35,2,32,18,36,0],"power":[0.45066552620316513,0.019438416837940762,0.30493083561584716,0.035769141035892585,0.040711237326736434,0.06480788791804686,0.07617095070588945,0.051188682791234244]}
{"id": 4, "drone": 6, "position":(41.666666666666664,8.333333333333334,1.0), "time":1247.2070660367124,"sensors":[39,28,33,34,12,46,43,11,49,15,20,26,31],"power":[0.14999999999999997,0.30173232705524244,0.11214153275938593,1.1533135341987766,0.2932955590512774,0.3697196646647147,0.25358208948154176,0.3429215468609749,0.429983219930067,0.25313671880659167,0.1400322095864729,0.21113006323353198,0.42859829192036997]}
{"id": 5, "drone": 6, "position":(33.333333333333336,33.333333333333336,1.0), "time":21.41332515926168,"sensors":[17,27,8,25,9,47,16,7],"power":[0.0021378600596140525,0.024148633664672133,0.01211195746329975,0.009335249562186999,0.002151138980982721,0.014547149169180628,0.0015794011525451725,0.002876373525455699]}
{"id": 6, "drone": 9, "position":(41.666666666666664,25.0,1.0), "time":93.44237383456476,"sensors":[5,43,8,25,41,9,20],"power":[0.012420227372256764,0.01111681649772137,0.023418598250405986,0.007615835193543313,0.01565907496399689,0.5915890022776208,0.023632289339826154]}
{"id": 7, "drone": 9, "position":(41.666666666666664,33.333333333333336,1.0), "time":482.13883241676064,"sensors":[5,17,27,8,3,25,41,9,47],"power":[0.12009219207016031,0.03867756995922707,0.051497660672417,0.10135935945775333,0.033409078707968456,0.25318749175746386,0.1989989524877924,0.09105138856595632,0.03428479365551303]}
{"id": 8, "drone": 1, "position":(33.333333333333336,41.666666666666664,1.0), "time":15.983217950171522,"sensors":[17,27,13,8,3,25,47,7],"power":[0.014323173904567159,0.005779028047932834,0.0019456213176329736,0.0010315898263470096,0.0018864564879953678,0.005242667414482079,0.002814693997213086,0.013763922590537148]}
{"id": 9, "drone": 1, "position":(8.333333333333334,25.0,3.0), "time":107.44176538523399,"sensors":[40,48,35,2,18,23,36],"power":[0.019427629653607278,0.02868454734272991,0.030012603314772682,0.1570651255473988,0.08519211208195314,0.020970473792699285,0.021860548486684155]}
{"id": 10, "drone": 7, "position":(25.0,16.666666666666668,1.0), "time":13.999391550668662,"sensors":[14,33,22,1,12,45,46,10,4,19,21,15,20,24,16],"power":[0.025197623093987338,0.0025177483758601618,9.12732849559657E-4,0.015652788346534306,0.001627920523344589,0.0015733613070724518,0.0013298405660262067,0.004213901544010029,0.005155129184534001,0.003155315220154568,0.006456190041480104,0.0013145356642593402,0.0011362783826895642,0.0023167451632824894,0.001536905617257123]}
{"id": 11, "drone": 7, "position":(8.333333333333334,41.666666666666664,1.0), "time":253.49686266412104,"sensors":[40,44,35,32,37,36,0],"power":[0.04939418534277268,0.10640414292073225,0.030739484553327513,0.12360564430683815,0.038222975880572926,0.02098129065874164,0.45216120670431914]}
{"id": 12, "drone": 0, "position":(25.0,8.333333333333334,1.0), "time":93.4423738345651,"sensors":[14,28,33,22,1,12,45,46,4,19,42,21,15,24,31],"power":[0.025981541393781903,0.01008106260295638,0.06398125635866748,0.021070049003029844,0.01674182327186731,0.009962706240168635,0.01853297106959614,0.00958157444211552,0.10249058344428218,0.012557969159603954,0.008828448592636307,0.017672332334100968,0.02119042605483759,0.014656117633176083,0.010110743946626173]}
{"id": 13, "drone": 0, "position":(8.333333333333334,8.333333333333334,1.0), "time":366.31910838958765,"sensors":[30,22,48,45,19,42,23,38,21,29,24,6],"power":[1.2761709201277145,0.067340401441284,0.04308903894066391,0.08695957543043945,0.04464607315500384,0.2230887269633765,0.0755941935533896,0.11348691893400978,0.023610713554099914,0.07619560955726318,0.06718055466135851,1.2349447983595405]}
{"id": 14, "drone": 4, "position":(25.0,41.666666666666664,1.0), "time":243.65551554787146,"sensors":[17,27,13,32,37,47,7],"power":[0.02535364090568055,0.057339991423588255,0.17629443488327778,0.02651837579434341,0.018642406633358262,0.04645291422136019,0.195186851055015]}
{"id": 15, "drone": 4, "position":(25.0,25.0,5.0), "time":395.8336259781165,"sensors":[14,1,27,10,8,21,47,36,16],"power":[0.04232660928133494,0.05311040827305829,0.026211074975425488,0.1960623280188646,0.0412775868080679,0.03725918917554423,0.0519004489567329,0.02756433858899395,0.13897545537657263]}
{"id": 16, "drone": 8, "position":(41.666666666666664,41.666666666666664,1.0), "time":195.62431436976433,"sensors":[5,17,27,3,25,41,7],"power":[0.017487580557582923,0.06950775517091116,0.017324017544414195,0.11470446480403618,0.0711358980693508,0.024400212406216232,0.01539339581491817]}
