LP RESULTS :
 Obj = 0.1*lambda1+0.9*lambda2 = 110.84249876453235 (lambda1 = 1090.4249876453234, lambda2 = 2.0) Resol time = 1940 ms

{"id": 0, "drone": 5, "position":(41.666666666666664,16.666666666666668,1.0), "time":442.7048984716477,"sensors":[10,23,4,44,32,34,8,28,37,47,16,39],"power":[0.16175001335985514,0.09408761547015339,0.12396115376753027,0.07984344945352743,0.0632300447191379,0.0704629856607213,0.21145603789464165,0.20060680449415202,0.21052226690850065,0.039375954020961036,0.09501726590031903,0.08755872899657348]}
{"id": 1, "drone": 5, "position":(41.666666666666664,25.0,1.0), "time":101.87836469177262,"sensors":[10,19,4,32,34,8,28,37,47,11,6,22],"power":[0.03443860424847045,0.021053525168237084,0.15092255000758636,0.04619818079936669,0.010153372977349988,0.012754502847911528,0.18621122503965581,0.006503454009405298,0.02169670176410317,0.010154378216919583,0.019900858051352555,0.024842747973586817]}
{"id": 2, "drone": 4, "position":(25.0,33.333333333333336,1.0), "time":59.52634509609538,"sensors":[35,19,27,1,30,45,0,47,48,11,41,33,49],"power":[0.005992110137177578,0.005014080731573216,0.02743357021501268,0.010964856853853426,0.03154940477152944,0.006797589160054926,0.04108698419190404,0.006177050285828716,0.007300567354974302,0.013670545822373292,0.007512395685579612,0.018951093920786446,0.006032629127413385]}
{"id": 3, "drone": 4, "position":(33.333333333333336,8.333333333333334,1.0), "time":437.01113181459107,"sensors":[10,9,20,38,23,44,13,34,37,12,42,16,17,29,39],"power":[0.03284018347529976,0.12687247520166597,0.10460147330973238,0.10575906202065771,0.4222458229092395,0.22118332771631902,0.04418055317271223,0.06379063164686709,0.050263041931416806,0.06501225894979981,0.06514362237237335,0.5657452162712773,0.14266893075043088,0.06264161883631185,0.07286864372089544]}
{"id": 4, "drone": 8, "position":(16.666666666666668,41.666666666666664,1.0), "time":443.96677988590613,"sensors":[26,35,27,1,30,45,0,48,33,15,49],"power":[0.15,0.09586956404475899,0.04147876493725728,0.305019607071271,0.13094442804915965,0.08541627948447282,0.0357130789533622,0.28379860448250405,0.05357679787074769,0.06714308079528586,0.745146896660081]}
{"id": 5, "drone": 8, "position":(25.0,16.666666666666668,1.0), "time":13.465649395823846,"sensors":[10,38,13,34,12,47,16,17,29],"power":[0.0010517562569562382,0.0018363484019717216,0.0025521699517874604,0.0037386955264674527,0.007459706778903449,0.0013257536836902466,0.0010074183044404663,0.0046339300383435285,0.040938959721877305]}
{"id": 6, "drone": 9, "position":(41.666666666666664,41.666666666666664,1.0), "time":409.31657144090707,"sensors":[2,19,11,41,6,22,7,36],"power":[0.3084665434059063,0.057232210296332575,0.035704498444949696,0.05917840757983415,0.03826975807290443,0.07428224289091485,0.5522436662399932,0.10865898360792674]}
{"id": 7, "drone": 9, "position":(41.666666666666664,8.333333333333334,1.0), "time":89.76550548703028,"sensors":[10,9,23,44,8,37,16,39],"power":[0.005891937291135258,0.011593449495312809,0.06532273414168965,0.15862336856835876,0.016216283386674336,0.0883042408938753,0.03569784223966712,0.5146778774387634]}
{"id": 8, "drone": 1, "position":(33.333333333333336,25.0,1.0), "time":5.599437784457828,"sensors":[10,19,4,34,28,0,47,11,22,29],"power":[0.0024640499970940326,0.0012097947401577868,6.180038117603464E-4,0.0017110823338801623,0.0013568424438712542,4.1218672882559806E-4,0.05599437784457828,0.0013520982353780607,4.5291224062291567E-4,7.297874039030927E-4]}
{"id": 9, "drone": 1, "position":(8.333333333333334,33.333333333333336,1.0), "time":584.481115698395,"sensors":[35,18,1,3,30,45,33,15,40,5],"power":[0.32522053931598477,0.04514286099560965,0.10738795627120445,0.15,0.05090956111300611,0.2752719396342882,0.07336172976470558,0.20720920037268195,0.3297228194717368,0.457226176617723]}
{"id": 10, "drone": 2, "position":(41.666666666666664,8.333333333333334,4.0), "time":17.712296989200226,"sensors":[9,23,44,8,37,16,39],"power":[0.0019379593021451146,0.006792632238665989,0.010747194476146901,0.0026584737890022374,0.008235407195307975,0.005214178186105063,0.016736144518852122]}
{"id": 11, "drone": 2, "position":(8.333333333333334,8.333333333333334,1.0), "time":365.6676157358959,"sensors":[24,14,31,43,21,25,46],"power":[0.10404226485012907,0.04554665239468591,0.04747670391236316,0.13005273587784788,2.961359107480544,0.07262622585924433,0.2128813655149193]}
{"id": 12, "drone": 3, "position":(33.333333333333336,41.666666666666664,1.0), "time":250.2275533595823,"sensors":[2,19,27,0,48,11,41,22,7,36],"power":[0.15097758909967834,0.03669403326357424,0.08392792068563784,0.07256550979475589,0.02111889388495372,0.04816103037651225,0.9530703842119,0.01741386432004935,0.14036623068798187,0.04134101639207326]}
{"id": 13, "drone": 6, "position":(8.333333333333334,16.666666666666668,1.0), "time":327.6662490731225,"sensors":[43,18,21,25,40,46],"power":[0.11205999647771073,0.10485713900439035,0.08282010050214096,1.5036743997552495,0.023014702964606806,0.022294681284796242]}
{"id": 14, "drone": 0, "position":(41.666666666666664,33.333333333333336,1.0), "time":263.87671527250825,"sensors":[2,19,4,32,28,47,11,41,6,22,7],"power":[0.028667820728544558,0.19738831908041715,0.03514636501509949,0.04057177448149546,0.029646244867131178,0.025430162400838566,0.05543355306695158,0.017276156531586526,0.09182938387574308,1.2467376639147663,0.060060593819317415]}
{"id": 15, "drone": 0, "position":(16.666666666666668,8.333333333333334,1.0), "time":397.091122836305,"sensors":[24,14,31,20,38,13,21,25,12,42,17,29,46],"power":[0.0459577351498709,0.3545858008629416,0.32065218864903444,0.02889503234403851,0.07091184823836552,0.22081635333888464,0.0743072091307375,0.04812901627666937,0.0927753558485499,0.05095380277904469,0.048244352425782865,0.026174978747906016,0.044174130006936964]}
{"id": 16, "drone": 7, "position":(25.0,8.333333333333334,1.0), "time":89.76550548703028,"sensors":[14,9,31,20,38,23,13,34,12,42,16,17,29],"power":[0.02247968421229431,0.009596116000876084,0.02177003430450241,0.028382890680318185,0.2699854615708206,0.007528939865072476,0.14417062512582665,0.007670275812187701,0.11739746857263532,0.033902574848581835,0.00957663684895101,0.1327654252564978,0.019514655290001896]}
{"id": 17, "drone": 7, "position":(16.666666666666668,33.333333333333336,1.0), "time":2.4507469649271325,"sensors":[35,27,1,30,45,0,48,33,15,40,5,49],"power":[0.003530185217220537,2.1861968052481727E-4,0.0030462728009118633,0.0018613650118918033,0.004991133317463815,2.22240331152193E-4,2.830463832205275E-4,0.004110378443760279,2.5327309392791366E-4,2.1721205348082556E-4,1.826807392807774E-4,3.3379223183016424E-4]}
