LP RESULTS :
 Obj = 0.1*lambda1+0.9*lambda2 = 136.70701541821782 (lambda1 = 1349.0701541821782, lambda2 = 2.0) Resol time = 2799 ms

{"id": 0, "drone": 3, "position":(33.333333333333336,41.666666666666664,1.0), "time":371.41845038753263,"sensors":[15,24,28,32,11,41,12,22,46,34],"power":[0.14127145243549583,0.12594212323699028,0.42085397615582876,0.06616812219970106,0.0503722092864913,0.12352169834604777,0.08383881144559248,0.11737311896517047,0.034158955642746576,0.2017653067192976]}
{"id": 1, "drone": 3, "position":(25.0,16.666666666666668,1.0), "time":421.10456629231504,"sensors":[23,25,39,10,13,27,20,0,3],"power":[0.048228440620141304,0.32809503241179183,0.31697582776149635,0.7689922818946746,0.08891177732791086,0.07326572205129116,0.06329915408018193,0.045699073174360616,0.08948409584934416]}
{"id": 2, "drone": 0, "position":(33.333333333333336,16.666666666666668,1.0), "time":121.72738405876066,"sensors":[23,42,16,36,4,25,39,10,13,3],"power":[0.03189712184573649,0.00916147086107073,0.031018834961491954,0.010900361211000105,0.03741329516455143,0.02012864481231529,0.07813564559713493,0.04192254383129523,0.02893167033153605,0.01870710927669359]}
{"id": 3, "drone": 0, "position":(8.333333333333334,41.666666666666664,1.0), "time":283.2755656267491,"sensors":[14,43,38,8,40,17,19,30,31],"power":[0.03589240513249096,0.07417958382617289,0.046001003368413375,0.019430897690279048,0.0192140225039573,0.06012490970913871,0.5457636124174323,0.03398159972777105,0.40118112895098473]}
{"id": 4, "drone": 6, "position":(41.666666666666664,8.333333333333334,1.0), "time":545.4170208530966,"sensors":[44,16,36,9,47,4,1,35,6],"power":[0.06725120965155375,0.07998485321382658,0.21247733162746152,0.18265961160219638,0.1721848956914251,0.20749326928564565,0.07254948371066665,0.15,0.0580077482322477]}
{"id": 5, "drone": 6, "position":(33.333333333333336,8.333333333333334,1.0), "time":367.0084317820566,"sensors":[44,16,36,9,4,1,39,10,0,3,6],"power":[0.10604624649222917,0.0292212969822415,0.028708026594692855,0.1069221296649318,0.07896290495258813,0.07745051628933336,0.09401844296927103,0.03406540772171801,0.029639728327502318,0.15805182944239643,0.10108420617523982]}
{"id": 6, "drone": 7, "position":(8.333333333333334,8.333333333333334,4.0), "time":133.53898268686896,"sensors":[18,33,21,49,2,7,48,20,45],"power":[0.026848047380408604,0.034824872617730644,0.016429383245557507,0.02247451429462371,0.052297654785170546,0.038215574820101565,0.01552840078981553,0.018961623294747924,0.02455186853579739]}
{"id": 7, "drone": 7, "position":(41.666666666666664,41.666666666666664,1.0), "time":652.2846277786723,"sensors":[15,24,28,41,26,46,34],"power":[0.07681724247577376,0.044503217330685706,0.07550330692099069,0.2520106719144093,0.1478795148487739,0.0692101733469103,0.3858643906276729]}
{"id": 8, "drone": 1, "position":(8.333333333333334,8.333333333333334,1.0), "time":167.57720870971588,"sensors":[18,33,21,49,2,7,48,20,0,45],"power":[0.04123964466642352,0.056878941960312276,0.025063324760655245,0.03427653800905022,0.11880409181057211,0.06700186084872913,0.023233974899507008,0.029947717032052963,0.011892746033926548,0.03647459446120994]}
{"id": 9, "drone": 1, "position":(16.666666666666668,8.333333333333334,1.0), "time":393.3799473980907,"sensors":[18,33,21,2,7,20,0,3,45],"power":[0.030224988877350104,0.062224354330909955,0.10850729199378724,0.2468029495860253,0.06480305288287302,1.3945782120760302,0.23142814327562827,0.04606196884396319,0.028465979598021805]}
{"id": 10, "drone": 5, "position":(8.333333333333334,41.666666666666664,3.0), "time":324.96364656421446,"sensors":[14,43,38,8,17,19,30,31],"power":[0.03768924277604873,0.07582041617382711,0.047381887762471334,0.02092984714369841,0.06405419191970879,0.3216128235268986,0.03550521797488633,0.25947135432079865]}
{"id": 11, "drone": 5, "position":(41.666666666666664,25.0,1.0), "time":314.51388803650485,"sensors":[23,37,42,16,36,4,13,5,46],"power":[0.06445197254015837,0.15000000000000002,1.737573451218203,0.1029643942197269,0.027427327214389997,0.03501191823627786,0.027951587500725225,0.2484110627516772,0.10095119353935697]}
{"id": 12, "drone": 2, "position":(41.666666666666664,41.666666666666664,3.0), "time":10.449758527708923,"sensors":[15,28,41,26,46,34],"power":[0.0010957705348629103,0.0010719926794142734,0.003420908636000464,0.0021204851512261116,0.0010247375346817721,0.004523921064699686]}
{"id": 13, "drone": 2, "position":(8.333333333333334,25.0,1.0), "time":369.55741543456634,"sensors":[29,14,18,38,40,49,48,27,45],"power":[0.353759657406232,0.13611154695180816,0.06415232268663659,0.09077980477796903,0.03277634888272815,0.027152009854115308,0.04064073629358268,0.026695859630313776,0.0708388870011476]}
{"id": 14, "drone": 4, "position":(33.333333333333336,25.0,1.0), "time":0.40342945175944167,"sensors":[23,15,42,24,16,32,4,25,39,10,13,5,46,27],"power":[0.0034737783876371627,5.083174053477822E-5,6.69746955507578E-5,3.566982334636663E-5,5.954647026918194E-5,7.20607742012834E-5,3.108827158087763E-5,7.135368082527133E-5,4.351457849304724E-5,7.787857973704135E-5,4.398204991557099E-4,3.397016595300199E-5,9.88187338082101E-5,3.737860122864788E-5]}
{"id": 15, "drone": 4, "position":(16.666666666666668,33.333333333333336,2.0), "time":371.2735265566483,"sensors":[29,14,32,11,38,8,40,17,19,27,30,31],"power":[0.02958812531291442,0.08766027323978148,0.028061168191092646,0.07664378521127137,0.13724719068475255,0.18560033861739192,1.0366366613017066,0.03958184750011699,0.031424751164426355,0.061946510575324666,0.03422091488706066,0.06464130309959054]}
{"id": 16, "drone": 9, "position":(8.333333333333334,16.666666666666668,1.0), "time":233.4694490951877,"sensors":[29,18,49,2,48,20,45],"power":[0.02358313549552905,0.635828480927622,0.06609693784221077,0.024831023894439194,0.07059688801709478,0.02557803488899753,0.8726507107634586]}
{"id": 17, "drone": 8, "position":(25.0,25.0,4.0), "time":10.449758527709264,"sensors":[23,24,32,11,8,25,40,39,10,13,27],"power":[0.0019486866063265545,7.473385194422772E-4,0.001506521075800026,0.0010073348579006153,7.182767992901433E-4,0.004889793597550346,0.001185249573607298,0.001010021570572456,0.00254166119269383,0.0037651443406720437,0.005230971213940735]}
{"id": 18, "drone": 8, "position":(25.0,41.666666666666664,1.0), "time":314.51388803650457,"sensors":[15,24,28,32,11,8,12,40,22,17,34,30,31],"power":[0.05198431058848071,0.0925798882009133,0.10138073698600665,0.05419212775920504,0.1413337324978356,0.09728875856397581,0.06616118855440752,0.03304335032467568,0.3485781048116159,0.056429841111375605,0.022342158265840788,0.08887050179526579,0.021397772238434476]}
