LP RESULTS :
 Obj = 0.1*lambda1+0.9*lambda2 = 102.72095610330324 (lambda1 = 1009.2095610330324, lambda2 = 2.0) Resol time = 3753 ms

{"id": 0, "drone": 0, "position":(25.0,25.0,5.0), "time":425.7325817726469,"sensors":[15,27,3,49,12,6,39,28,46,14,0,11],"power":[0.17417565046898129,0.17502086039019535,0.16462119509157516,0.029517430079640437,0.04689342179791465,0.10160563981032285,0.1506303343982067,0.19164531329904919,0.06457183902001859,0.17240348492966856,0.14313223127827895,0.09664769447602464]}
{"id": 1, "drone": 0, "position":(25.0,33.333333333333336,1.0), "time":3.3477169565976443,"sensors":[24,15,27,3,44,12,6,39,2,16,28,20,30,14,0,11,34,21],"power":[6.532046982173349E-4,7.382243670208822E-4,6.378769384258612E-4,0.0014577413272734868,2.6704863900952193E-4,0.003394856280165167,6.145677423119425E-4,7.894308347341148E-4,2.919916436175831E-4,2.2797912547619831E-4,7.019739847539257E-4,4.0945500226881223E-4,2.3337338550899868E-4,8.329131501635396E-4,3.744888508186149E-4,6.355168912260077E-4,3.8526982453239406E-4,8.168239634335253E-4]}
{"id": 2, "drone": 9, "position":(8.333333333333334,16.666666666666668,1.0), "time":11.625393746167775,"sensors":[36,49,25,13,18,42,8],"power":[0.0272274470269531,0.0016541994103517466,0.007814963991103758,9.00945886493345E-4,0.0033290512938533756,9.66431540916497E-4,0.004437297641387646]}
{"id": 3, "drone": 9, "position":(25.0,41.666666666666664,1.0), "time":389.07720530215533,"sensors":[24,32,12,2,16,20,35,40,34,21],"power":[0.2595325251823804,0.0300943347500844,0.08393321852675133,0.07690584244446351,0.23463616206699248,0.5047008064046916,0.04240924916460718,0.12923609991567783,0.0444719349718011,0.05867717944528456]}
{"id": 4, "drone": 8, "position":(16.666666666666668,8.333333333333334,2.0), "time":51.32275433117567,"sensors":[36,49,25,29,5,13,46,18,42,8],"power":[0.0033834513168914727,0.015149429613295972,0.005606851501215939,0.00419688138899282,0.010223219939719473,0.015590911408531857,0.003938371209090551,0.015863585839909936,0.19754857115301325,0.004744349211969996]}
{"id": 5, "drone": 8, "position":(41.666666666666664,25.0,2.0), "time":389.07720530215545,"sensors":[41,44,26,37,6,47,22,39,10,30],"power":[0.11095787069495053,0.06392126574110438,0.3502138987184363,0.46881960732325934,0.04627980291924226,0.2647048576516701,0.10319733630269465,0.02568282222607339,0.06806726910625356,0.029367944198384222]}
{"id": 6, "drone": 1, "position":(8.333333333333334,41.666666666666664,1.0), "time":466.61706764439873,"sensors":[24,9,33,31,35,7,43,34],"power":[0.04253941760008172,0.15,0.04930144297473702,0.15824549622048706,0.09029941091305056,0.47945493973305564,0.17902373912315844,0.11675084597678227]}
{"id": 7, "drone": 1, "position":(16.666666666666668,25.0,5.0), "time":0.9649059347947855,"sensors":[15,27,3,49,33,39,28,14,0,8,11],"power":[2.6501030645771016E-4,2.749734060405023E-4,1.953840832617889E-4,1.0013774255125819E-4,1.1199634925420092E-4,7.021193082181632E-5,2.5886010362979124E-4,2.669772141823277E-4,2.688158268227349E-4,2.3325704288171546E-4,4.2489153538812397E-4]}
{"id": 8, "drone": 6, "position":(41.666666666666664,41.666666666666664,1.0), "time":425.732581772647,"sensors":[23,41,44,45,26,32,47,10,2,48,30,21,1],"power":[0.2216963232099644,0.06062010718620287,0.07605433324260125,0.8034553432113503,0.03068960785926978,0.3861102547608512,0.032040362859308905,0.03924699914328247,0.10209731642476817,0.25451367347056275,0.16193358192768326,0.047321280940761865,0.13150544846197448]}
{"id": 9, "drone": 6, "position":(41.666666666666664,8.333333333333334,1.0), "time":583.4769792603854,"sensors":[17,4,38,19],"power":[0.18810262558236557,0.1407527151464838,0.49079612598922584,0.15233323862095183]}
{"id": 10, "drone": 5, "position":(25.0,8.333333333333334,1.0), "time":283.2004112076512,"sensors":[17,49,29,5,46,42,19],"power":[0.03218539107686201,0.05254080788665186,0.1172055042691467,1.0982397677656168,0.06458464141424194,0.0649035881157021,0.047685693809477014]}
{"id": 11, "drone": 5, "position":(41.666666666666664,8.333333333333334,1.0), "time":38.33373890567361,"sensors":[17,4,38,19],"power":[0.012358117274286174,0.009247284853516223,0.032244717818063255,0.010008111379738388]}
{"id": 12, "drone": 3, "position":(16.666666666666668,41.666666666666664,1.0), "time":150.16757112988068,"sensors":[24,16,31,20,35,40,7,43,34],"power":[0.17539516159201102,0.0225309573272095,0.021483532370134454,0.06192047871069578,0.06633561684417646,0.020763900084322166,0.013740910721587864,0.011153780357158288,0.10985531909010922]}
{"id": 13, "drone": 3, "position":(8.333333333333334,25.0,1.0), "time":392.424922258753,"sensors":[36,25,33,0,8,11,43],"power":[0.06589819001190647,0.029640053993596406,0.20052920449674833,0.0257761041013696,0.10919798280533369,0.04900214751939558,0.03426041870996016]}
{"id": 14, "drone": 7, "position":(8.333333333333334,8.333333333333334,1.0), "time":212.12399414718075,"sensors":[36,49,25,13,18,42,8],"power":[0.05051123900610995,0.018791084291163957,0.16218997570349875,0.13195689299374586,0.5138902048386171,0.04290546816214703,0.016851463806298757]}
{"id": 15, "drone": 7, "position":(33.333333333333336,33.333333333333336,1.0), "time":2.638216493801364,"sensors":[41,3,44,45,26,32,12,37,6,47,39,2,30,14,21],"power":[8.964797389102266E-4,2.736980175216878E-4,0.0024302582363898272,4.727798510634324E-4,4.940255995629925E-4,3.494947782891192E-4,0.001934303237452321,2.1797269731143516E-4,7.766420216242558E-4,3.2725300948224854E-4,5.574063086233206E-4,5.485672678415873E-4,0.0011204186196055242,1.690707918525748E-4,0.009580299355426578]}
{"id": 16, "drone": 4, "position":(16.666666666666668,16.666666666666668,1.0), "time":24.239519893415814,"sensors":[15,27,3,36,49,25,5,13,28,46,18,14,42,0,8,11],"power":[0.003168656920053358,0.003814061997705786,0.0017419106260923348,0.0029796726381390035,0.05475064784723928,0.002700020338210242,0.0031970163180031017,0.001551249711228933,0.0033815291735064743,0.003989268851937539,0.0041759035642709615,0.0028511212707088007,0.004901483209224532,0.006128858353360594,0.018095399235170503,0.003289749577965638]}
{"id": 17, "drone": 4, "position":(33.333333333333336,8.333333333333334,1.0), "time":104.19843165932218,"sensors":[17,29,5,38,46,19],"power":[0.11658121092451366,0.028597614341860426,0.02157321610836511,0.008172780126324187,0.012915879504711335,0.37023447112437025]}
{"id": 18, "drone": 2, "position":(41.666666666666664,33.333333333333336,1.0), "time":188.41384050783105,"sensors":[23,41,44,45,26,32,12,37,6,47,22,10,2,48,30,21,1],"power":[0.02849971676603439,0.38402617170780506,0.16694253956190208,0.047586512364198405,0.13187665333531337,0.026961689038856984,0.01384420015771651,0.021983595597212278,0.015384912061030421,0.13088394183730825,0.046802663697305354,0.060214624799588216,0.019017628958079437,0.01602516634302944,0.0878653685960046,0.033604416295093455,0.018494551538025508]}
