LP RESULTS :
 Obj = 0.1*lambda1+0.9*lambda2 = 157.79597171669812 (lambda1 = 1568.9597171669811, lambda2 = 1.0) Resol time = 156 ms

{"id": 0, "drone": 8, "position":(25.0,25.0,1.0), "time":976.2294588927014,"sensors":[16,0,33,44,7,14,38,35,39,15,19,29],"power":[2.138796917255646,0.10317096958380115,0.14019248668691045,0.2666724100051233,0.5766598285108775,0.21340893790282559,0.8320790248390694,1.2152586101242866,0.29153130822421125,4.326291641719981,1.3616984620564658,0.80842173977249]}
{"id": 1, "drone": 7, "position":(41.666666666666664,8.333333333333334,1.0), "time":976.2294588927014,"sensors":[4,1,21,24,28,11,17,42],"power":[0.0695778522085626,0.3729058251635453,0.0704700203789612,0.38245480811527566,0.14999999999999997,0.3026096259988758,0.33433108772896303,0.09152684149337544]}
{"id": 2, "drone": 2, "position":(25.0,8.333333333333334,1.0), "time":440.47649300336514,"sensors":[37,4,31,21,49,2,20],"power":[2.282208410315163,0.14317478072075887,0.054018685015016714,0.35002895257122274,0.15,0.07460147487941508,0.1404792171290624]}
{"id": 3, "drone": 1, "position":(41.666666666666664,16.666666666666668,2.0), "time":592.7302582742798,"sensors":[44,40,24,42],"power":[0.04969122505669557,0.15,0.29884970671580097,0.45130182704630767]}
{"id": 4, "drone": 5, "position":(16.666666666666668,41.666666666666664,1.0), "time":215.26195191436244,"sensors":[47,10,30,34,23,3,5,18,46],"power":[0.10584935440359118,0.019828400242923646,0.028890604209862242,0.07468888101638961,0.04261073916089341,0.06080286142831335,0.14465347657079472,0.0273523133699841,0.021517907792651655]}
{"id": 5, "drone": 3, "position":(8.333333333333334,8.333333333333334,1.0), "time":1128.483224163616,"sensors":[8,41,32,31,6,22,2,45,12,20],"power":[2.4672618717485135,0.18552411446961392,0.07265132762628768,0.3031506439028444,0.2706029273285155,0.2803281843161546,0.09818836625593243,0.15126331580371727,0.0843463386189745,0.0808274718744408]}
{"id": 6, "drone": 0, "position":(41.666666666666664,41.666666666666664,1.0), "time":845.093284205848,"sensors":[13,48,46,9,43,27],"power":[1.5715894432377129,0.17354196989245113,0.055768837919767854,0.7764032723882125,0.06173860241467991,0.14999999999999997]}
{"id": 7, "drone": 4, "position":(8.333333333333334,41.666666666666664,1.0), "time":845.093284205848,"sensors":[47,10,30,34,23,3,5,36,25],"power":[0.17269515686946302,0.32727045191959964,0.2484621229581166,0.07531111898361041,0.5274628289167711,0.1458344715839946,0.059280943376131504,0.059628629321816576,0.21687506216718871]}
{"id": 8, "drone": 6, "position":(33.333333333333336,41.666666666666664,1.0), "time":508.6044810467707,"sensors":[13,14,39,5,18,46,9,43],"power":[0.06310436194990657,0.06662551085745114,0.04090334388061336,0.04821917148188712,0.16428724717491003,0.29413581918081894,0.044167637827740996,0.16784890599220423]}
{"id": 9, "drone": 9, "position":(8.333333333333334,25.0,1.0), "time":179.4032548293262,"sensors":[26,0,30,33,32,35,22,36,12],"power":[0.3407327761574411,0.07578635868437873,0.028386000457643022,0.061269115060828286,0.1363576371778945,0.012502588263139379,0.03472066703277744,0.15326853963607168,0.06565366138102548]}
