LP RESULTS :
 Obj = 0.1*lambda1+0.9*lambda2 = 208.44934984921275 (lambda1 = 2075.4934984921274, lambda2 = 1.0) Resol time = 359 ms

{"id": 0, "drone": 3, "position":(41.666666666666664,16.666666666666668,4.0), "time":1168.899832398633,"sensors":[40,13,8,28,42],"power":[0.20469259785232116,0.14999999999999997,0.4847583601368614,0.40125318028946,0.27511311076808465]}
{"id": 1, "drone": 9, "position":(16.666666666666668,33.333333333333336,1.0), "time":330.0626355586401,"sensors":[45,36,1,18,34,48,12,32,26,2,4],"power":[0.02129853283835685,0.05821980318099435,0.025443786471104495,0.06253612269201105,0.045315623767690966,0.02356347666395215,0.5968556124867584,0.04300553499050101,0.04885341067482816,0.047360614748486886,0.09788685195583077]}
{"id": 2, "drone": 0, "position":(25.0,8.333333333333334,3.0), "time":981.459464500829,"sensors":[41,17,31,10,24,33,7,49,47],"power":[0.15,0.27022445779083726,1.5240220087176395,0.2115826059697364,0.21939116688731627,0.18012038299191538,0.1828414773312276,0.07152075333676783,0.16578561123873353]}
{"id": 3, "drone": 1, "position":(8.333333333333334,25.0,2.0), "time":1076.1187952755045,"sensors":[43,35,36,44,1,18,34,3,14,12],"power":[0.133861593105039,0.11837123321028489,0.0684893080558852,0.34338158593109663,0.07381789415615952,1.5746252533035499,0.6903742789936955,0.12888774198560585,0.33173331686500673,0.15828214252477374]}
{"id": 4, "drone": 8, "position":(25.0,41.666666666666664,2.0), "time":673.2274975745279,"sensors":[45,48,15,6,0,38,27,32,39,26,29,2,4],"power":[0.5491198640765345,0.08614377327823165,0.08488477684137385,0.10770722944249009,0.07834629679269292,0.18004717019000982,0.12214490436170523,0.2696672197276277,0.09639707587497409,0.27843534466979797,0.14999999999999997,0.21386718662657053,0.10793319110927614]}
{"id": 5, "drone": 2, "position":(8.333333333333334,41.666666666666664,1.0), "time":669.312067657983,"sensors":[43,20,34,9,48,14,5,4],"power":[0.050818062412359755,0.15000000000000002,0.05614068660937626,0.3002861221399705,0.13568448629214397,0.043017245352752705,0.23613554861343994,0.1767458651674628]}
{"id": 6, "drone": 4, "position":(33.333333333333336,33.333333333333336,1.0), "time":28.196736739485953,"sensors":[30,46,15,6,0,27,32,39,26,2,42],"power":[0.01768800753301521,0.016269261052529353,0.09447250335328092,0.006162541552553322,0.21410280186687977,0.0036516289370051944,0.008098119463998443,0.05360292412502587,0.007093824883099818,0.008176135105341441,0.0027612722714505586]}
{"id": 7, "drone": 7, "position":(25.0,16.666666666666668,1.0), "time":140.59793146482045,"sensors":[31,36,1,24,7,49],"power":[0.03022465763351932,0.02329088876312046,0.050738319372736,0.04651781686487509,0.3240409980921536,0.10581914978033218]}
{"id": 8, "drone": 6, "position":(41.666666666666664,41.666666666666664,1.0), "time":1374.0692641781131,"sensors":[30,22,46,15,6,37,23,0,27],"power":[0.2007963139087754,0.15,0.34384278820031483,0.0897697427398657,0.38658828717492943,0.8259635853656241,0.36990337293845416,0.11954221325538042,0.3089622645237118]}
{"id": 9, "drone": 5, "position":(8.333333333333334,8.333333333333334,3.0), "time":953.436102526478,"sensors":[35,10,16,25,24,3,33,19,11,21],"power":[0.08767261124720657,0.0642849685957302,0.6115827611440823,0.20775781117946315,0.07628203206300767,0.2861727647553613,0.14404631749916477,0.1533375952339791,0.16829427917378323,0.19038945235227753]}
