LP RESULTS :
 Obj = 0.1*lambda1+0.9*lambda2 = 153.73882611335554 (lambda1 = 1519.3882611335553, lambda2 = 2.0) Resol time = 6423 ms

{"id": 0, "drone": 3, "position":(25.0,8.333333333333334,4.0), "time":673.1962933754289,"sensors":[19,1,16,15,40,14],"power":[0.0561949490551802,0.04702786141561733,0.10783162403916129,0.04756269322022532,0.10158741225442698,0.1411373926669312]}
{"id": 1, "drone": 3, "position":(25.0,8.333333333333334,1.0), "time":70.78155436053709,"sensors":[19,1,16,15,13,40,14],"power":[0.0071687850110062614,0.005668515796697812,0.013465462415445167,0.005830660390882356,0.005117728345369964,0.012853605475708928,0.017866117585614037]}
{"id": 2, "drone": 6, "position":(33.333333333333336,33.333333333333336,1.0), "time":98.21834757428883,"sensors":[6,23,33,3,11,30,48,7,32,31,34,10,36,39,9],"power":[0.009502243017995715,0.009031962695966397,0.03285817819027256,0.10891597987436716,0.018286653679817775,0.014600366992888369,0.05163247782055496,0.011608751612839679,0.008924739337852346,0.007328813430857616,0.7548305615049052,0.007813540955832478,0.09189806501836321,0.015487801220902639,0.009320712027040485]}
{"id": 3, "drone": 9, "position":(25.0,25.0,3.0), "time":514.8744065219928,"sensors":[19,1,16,5,32,42,34,36,24],"power":[0.14602565226204653,0.07829992682199916,0.0710869923879596,0.03341367893616596,0.06679385110399545,0.0325244500876291,0.052412787103762265,0.09056691299896309,0.17589207827479295]}
{"id": 4, "drone": 9, "position":(41.666666666666664,16.666666666666668,1.0), "time":4.490972235517129,"sensors":[19,1,16,23,43,8,38,47,32,13,31,26],"power":[2.8389895405929845E-4,7.264680453734417E-4,3.7546537033497917E-4,7.593201948249078E-4,8.476001840477241E-4,0.0021615035080150297,0.0051967783927440465,0.004549254623703432,9.04319641581651E-4,0.0014326933415862335,0.001294109426957377,0.0011585021909478223]}
{"id": 5, "drone": 2, "position":(41.666666666666664,25.0,1.0), "time":19.19025651700676,"sensors":[1,23,33,29,8,48,38,47,32,31,34,39],"power":[0.002015125828497192,0.08023915221534136,0.00311439721250703,0.0012814322133224813,0.00437595164836932,0.0012744906262190402,0.002341882369679971,0.014794684942978285,0.004338489746602507,0.1130051383622498,0.002155319424431738,0.0036398678011269306]}
{"id": 6, "drone": 2, "position":(8.333333333333334,16.666666666666668,3.0), "time":638.1596989997156,"sensors":[4,28,5,18,44,12,41],"power":[0.2141697434200823,0.13768041802151665,0.11619294591680462,0.06164404432083499,0.11358324401073439,0.13020795250551942,0.27536407913973987]}
{"id": 7, "drone": 4, "position":(33.333333333333336,8.333333333333334,1.0), "time":185.26348027954208,"sensors":[19,1,16,43,8,38,32,13,40,46,2],"power":[0.016892492700948718,0.025236069486690414,0.03700453460257858,0.08048248775941001,0.02198871293940785,0.04135132149691019,0.012792783955216188,0.0968258133593155,0.03555898226986396,0.01215775551623063,0.039738502267427755]}
{"id": 8, "drone": 4, "position":(8.333333333333334,8.333333333333334,1.0), "time":775.4104133975892,"sensors":[4,35,15,27,12,41],"power":[0.169695239907814,0.3252019789948206,0.274456776934505,0.15,0.201645830102207,0.056272969411174684]}
{"id": 9, "drone": 0, "position":(33.333333333333336,25.0,1.0), "time":51.59129784353034,"sensors":[19,1,16,23,33,3,8,48,38,47,32,31,34,36,39],"power":[0.013883372755046686,0.01755654837055808,0.007986691500295805,0.008325424628959837,0.005446398014947009,0.0047356848720757185,0.014536181034407613,0.0037891150556341523,0.005046991533521184,0.008223705484373562,0.05624581621475174,0.010715490102943008,0.014080213977934155,0.010134615200443379,0.0035928232014424168]}
{"id": 10, "drone": 0, "position":(8.333333333333334,41.666666666666664,1.0), "time":681.3258061007296,"sensors":[22,42,17,45,49,21,37],"power":[0.15000000000000002,0.07127774916124999,0.2863529097168838,0.07420246162734388,0.42241015305165286,0.16916536499568305,0.13303344453936053]}
{"id": 11, "drone": 1, "position":(16.666666666666668,41.666666666666664,1.0), "time":732.2443062965751,"sensors":[30,7,42,17,45,49,21,37],"power":[0.065303330570095,0.1202247192931726,0.3257944640154742,0.29974670979195106,0.04647087665726466,0.04820667710351749,0.04850828080658857,0.13453040679124892]}
{"id": 12, "drone": 1, "position":(41.666666666666664,33.333333333333336,1.0), "time":185.2634802795413,"sensors":[6,23,33,3,20,11,29,48,47,31,34,36,39,9],"power":[0.014060818413053568,0.051644140264907476,0.5439970937676003,0.041733044453832205,0.018909273262185004,0.013114859930936357,0.05604803795291258,0.06235323055164833,0.014814516678900568,0.030608640864187277,0.04045426710835766,0.015263250290187125,0.8842822115418506,0.03143622860004885]}
{"id": 13, "drone": 7, "position":(33.333333333333336,41.666666666666664,1.0), "time":42.18794638836248,"sensors":[6,33,3,20,11,30,48,7,34,10,0,36,39,9],"power":[0.036377260303460654,0.0069734407525449795,0.027309824016306137,0.009145039721012521,0.22079652068868844,0.028998729497084607,0.02062354091404472,0.012143618994623654,0.007424671123877582,0.03357850116191518,0.00353354857208562,0.006499652468972401,0.003394462291571019,0.011560438425918078]}
{"id": 14, "drone": 8, "position":(16.666666666666668,41.666666666666664,2.0), "time":38.51792675289835,"sensors":[30,7,42,17,49,21,37],"power":[0.003428805791979912,0.006022910099364053,0.015359100610671358,0.014015589865568936,0.0024636783516582164,0.002506598700235735,0.0067143533047882885]}
{"id": 15, "drone": 8, "position":(41.666666666666664,8.333333333333334,1.0), "time":1258.852254257959,"sensors":[43,8,38,47,13,25,26,46,2],"power":[2.742783054605767,0.12811097942276714,0.37557512136903526,0.10761783827004412,0.6482460725817867,0.15,0.5429381255820761,0.34008048079653724,0.24304927904106083]}
{"id": 16, "drone": 5, "position":(8.333333333333334,25.0,3.0), "time":105.81814873625049,"sensors":[4,28,5,18,44,24,45,41],"power":[0.00978222145095349,0.022109744228719076,0.07421750574767573,0.088355955679165,0.19792173891832865,0.01149488717448101,0.039100333065701286,0.04713231057461809]}
{"id": 17, "drone": 5, "position":(41.666666666666664,41.666666666666664,1.0), "time":608.0625260088327,"sensors":[6,33,3,20,11,30,29,48,34,10,0,39,9],"power":[0.21792576932212218,0.1564512491744101,0.1231896442896034,0.9610244270149736,0.10096452500421317,0.043235765418353875,0.1512371028875255,0.19868844788080178,0.049573503534759054,0.10860795788225235,0.1464664514279144,0.14110429767276225,2.8913424205325406]}
