LP RESULTS :
 Obj = 0.1*lambda1+0.9*lambda2 = 176.9931338769881 (lambda1 = 1751.9313387698808, lambda2 = 2.0) Resol time = 823 ms

{"id": 0, "drone": 3, "position":(25.0,8.333333333333334,1.0), "time":401.34022577529413,"sensors":[5,24,16,4,43,3,14,15,41,13,29,44,1],"power":[0.4751792725811104,0.037841257849340275,0.679633338563967,1.5908076034763146,0.11126538985566595,0.11757865400903524,0.12330740155277312,0.08350607593657415,0.4008206685585507,0.056624076113397204,0.07142629999465572,0.02939416397369177,4.013402257752942]}
{"id": 1, "drone": 3, "position":(8.333333333333334,41.666666666666664,3.0), "time":1160.877800778359,"sensors":[25,48,32,45,7,20,6,28,22,9,38,17,23],"power":[0.3165242004247635,0.2317721501704662,0.415033486731114,0.36220889591359673,0.4990993137714865,0.13433560514444337,0.23927907388496875,0.13759724327483328,0.23671511362002645,0.16341981992401897,0.14261874344049635,0.09444772021569535,0.2172625520585793]}
{"id": 2, "drone": 1, "position":(25.0,41.666666666666664,1.0), "time":591.0535379915218,"sensors":[0,18,35,48,45,20,28,10,38,17,46],"power":[3.334614806461795,1.0807280207542909,0.18701126801602938,0.11403263346534492,0.04950598650791714,0.10596436739706483,0.04420581033550284,0.12860120941315448,0.1398434827654906,0.27381045588119735,0.36894460332668466]}
{"id": 3, "drone": 0, "position":(8.333333333333334,25.0,1.0), "time":591.0535379915217,"sensors":[49,25,39,11,33,47,22,9,23],"power":[0.17251881706967376,0.09414329095323774,3.0367936846359194,0.3090441622769707,0.15,0.22066631580629376,0.09665570750819982,0.079323495323701,0.10789806945171307]}
{"id": 4, "drone": 2, "position":(8.333333333333334,8.333333333333334,1.0), "time":1160.877800778359,"sensors":[49,14,2,29],"power":[0.08764096716365993,0.13548862153443048,0.13314607297885464,0.0785737000053443]}
{"id": 5, "drone": 8, "position":(41.666666666666664,8.333333333333334,5.0), "time":646.9039973154613,"sensors":[24,21,31,19,34,40,44],"power":[0.07479906881333716,0.2799947070283586,0.12373858419823841,0.1563397080181047,0.3357637506128961,0.10503422917769888,0.23571506546516113]}
{"id": 6, "drone": 4, "position":(8.333333333333334,8.333333333333334,5.0), "time":189.71331221622773,"sensors":[14,2],"power":[0.01692208530582238,0.01685392702114536]}
{"id": 7, "drone": 9, "position":(41.666666666666664,41.666666666666664,1.0), "time":818.4515757161913,"sensors":[27,37,30,26,42,12],"power":[0.3241335651279485,0.10280277502748318,0.15,0.20604926025661863,0.22771164552812662,1.6506861973217322]}
{"id": 8, "drone": 5, "position":(41.666666666666664,25.0,1.0), "time":453.65908940657283,"sensors":[27,37,36,8,26],"power":[0.040324587040232326,0.17019003119513798,0.11310979663141509,0.15,0.07949355677474743]}
{"id": 9, "drone": 6, "position":(25.0,25.0,5.0), "time":646.9039973154613,"sensors":[36,10,15,46,13],"power":[0.08940067596334338,0.08414742211334839,0.048338594000431424,0.0452092342333908,0.14043259154202042]}
{"id": 10, "drone": 7, "position":(33.333333333333336,8.333333333333334,2.0), "time":496.0804806549361,"sensors":[5,24,16,4,43,3,21,34,15,41,44,1],"power":[0.24166015125384926,0.1383599816754193,0.08812149731909279,0.07299667812023121,0.038734610144334054,0.11940493050420996,0.06667457924926345,0.07022922122774117,0.14172877252813942,0.07452569578427601,0.3033371122843489,0.09369284934484302]}
{"id": 11, "drone": 7, "position":(41.666666666666664,8.333333333333334,1.0), "time":207.6066350241892,"sensors":[5,24,21,31,19,34,15,40,44],"power":[0.013709419075791318,0.03197890850941727,0.39269825110174583,0.054255429246322706,0.07852827822325631,0.7843946476393944,0.01558035049538517,0.044965770822301125,0.23400325664714028]}
