LP RESULTS :
 Obj = 0.1*lambda1+0.9*lambda2 = 122.36704624333083 (lambda1 = 1205.6704624333083, lambda2 = 2.0) Resol time = 770 ms

{"id": 0, "drone": 3, "position":(8.333333333333334,16.666666666666668,1.0), "time":261.54714566386576,"sensors":[5,27,6,4,23,10,20,2,1,16,17,48,38],"power":[0.0651630431537842,0.07753184976749758,0.05504216393028391,1.287600495407069,0.09810203295063268,0.07127463788500885,0.059141223871955126,0.3359290031263286,0.06073036049018623,0.036764377091203115,0.07837024876408515,0.02911166938868756,0.021532499943396524]}
{"id": 1, "drone": 3, "position":(8.333333333333334,33.333333333333336,1.0), "time":639.840442322417,"sensors":[5,47,33,23,10,1,42,29,39,26,19,17,48,38],"power":[0.09839770131315893,0.9371260391439752,0.19022214134223733,0.06556411289044711,0.05870585416965775,0.05674475605432195,0.07106972333679001,0.07175273264907388,0.1749677818862265,1.6813099368355335,1.2076995382511098,0.06039502478067045,0.0836362660836745,0.16184573675110134]}
{"id": 2, "drone": 6, "position":(16.666666666666668,41.666666666666664,1.0), "time":110.09754744105065,"sensors":[14,33,42,29,26,40,19,3],"power":[0.008762418174570182,0.04219869310198269,0.6989077966486633,0.0591303282103799,0.01077801861386371,0.015169087496485,0.012483869133688097,0.09240748656205311]}
{"id": 3, "drone": 6, "position":(8.333333333333334,8.333333333333334,1.0), "time":468.8509032158266,"sensors":[46,32,27,8,6,4,20,2,35,16,0],"power":[0.06985725022878343,0.05461046033596259,0.05788502058595326,0.15,1.0439459009811154,0.12131269411129221,0.056577655212927916,0.2964883290707005,0.06214483822713443,1.4175143086242068,0.10838552595608145]}
{"id": 4, "drone": 8, "position":(8.333333333333334,25.0,1.0), "time":119.34034029422143,"sensors":[5,27,47,33,4,23,10,20,2,1,7,39,26,19,17,48,38],"power":[0.20202124207243966,0.013616188797788729,0.053821754037506504,0.009122298030081636,0.020610774287534623,0.11854867731075616,0.058393304126585145,0.009812791284962407,0.011366649513803716,0.046628009390486336,0.012370148015305197,0.028613337568521996,0.03331720273352125,0.01380879464662953,0.07201457400155731,0.034994237977290774,0.04687206094616046]}
{"id": 5, "drone": 8, "position":(41.666666666666664,25.0,1.0), "time":338.61750579462307,"sensors":[43,28,18,37,22,44],"power":[0.2746754276215756,0.10553118399673458,0.060656441259350186,0.08185322509468301,0.08793999016447221,0.07576126755167768]}
{"id": 6, "drone": 5, "position":(33.333333333333336,25.0,1.0), "time":111.76207085973283,"sensors":[43,18,41,37,7,40],"power":[0.010208316061859327,0.02229229307844604,0.010992918833864452,1.0776841829045318,0.0073650723978464575,0.007695264475395151]}
{"id": 7, "drone": 5, "position":(16.666666666666668,8.333333333333334,1.0), "time":268.90586138227843,"sensors":[30,46,32,6,15,4,20,2,35,16,24,0,49,11,34],"power":[0.04063867050523831,0.4437656023351923,0.5856106943636087,0.03141788974824118,0.04078575468930809,0.03796911406021816,0.07258592714597498,0.047939396415745,0.15514657419687494,0.06886367170033854,0.041513955432769124,0.041614474043918534,0.06399319073277819,0.05078012072132874,0.0954614736194198]}
{"id": 8, "drone": 0, "position":(25.0,33.333333333333336,1.0), "time":11.180910110949846,"sensors":[33,36,42,41,37,7,40,3],"power":[0.001456121993985372,9.096920412433637E-4,0.0013815221257256068,8.126243237693399E-4,8.8377435938735E-4,0.0018800906418716661,0.03434021307255624,0.002372859299490182]}
{"id": 9, "drone": 0, "position":(25.0,25.0,5.0), "time":445.50623685431447,"sensors":[41,37,7,40,11],"power":[0.13199393628681882,0.06586630317779492,0.127545585179775,0.06834571030208356,0.044637320905961404]}
{"id": 10, "drone": 2, "position":(41.666666666666664,41.666666666666664,1.0), "time":818.3996179299644,"sensors":[45,13,25,9,36,21,22],"power":[1.9232306112087556,1.9397447655628393,0.3377844164619394,0.15,0.29768720549597427,0.4521884313058861,0.06470215786095464]}
{"id": 11, "drone": 4, "position":(25.0,8.333333333333334,1.0), "time":75.8453017661664,"sensors":[30,46,32,15,20,41,35,24,49,11,12,34],"power":[0.32309309729658364,0.01979846753024729,0.03377113658836741,0.2493021359939354,0.008323908604910054,0.006200520555547372,0.014130564748198102,0.07428414826806606,0.26331792513411634,0.02615986033795767,0.029792387859764888,0.026409681027372903]}
{"id": 12, "drone": 4, "position":(41.666666666666664,16.666666666666668,1.0), "time":298.60373881368804,"sensors":[43,28,18,31,37,44],"power":[0.08600024662712022,0.04446881600326542,0.18765320113143524,0.07975706057925078,0.033947205834083116,0.07423873244832231]}
{"id": 13, "drone": 7, "position":(8.333333333333334,25.0,5.0), "time":11.180910110949846,"sensors":[5,27,47,4,23,10,20,2,1,7,39,26,19,17,48,38],"power":[0.004678997356346086,9.669408487604299E-4,0.0029946501201664638,0.0015124433327174936,0.00392494785969028,0.0030786513391347884,7.434790088659271E-4,8.276672706019854E-4,0.0027825714097803487,8.996818022535561E-4,0.0019478731480746282,0.0022228952471798125,0.001010907008058247,0.0033198320915642093,0.0022578265503471573,0.002743166077227751]}
{"id": 14, "drone": 7, "position":(33.333333333333336,8.333333333333334,1.0), "time":415.41306243054913,"sensors":[30,15,18,31,24,49,11,12,34],"power":[0.12607842268854885,0.12545030668542326,0.07087997966406541,0.07337715932621834,0.08337517009730788,0.07554379233745236,0.038625494118189656,0.6386043465429638,0.028128845353207293]}
{"id": 15, "drone": 1, "position":(33.333333333333336,41.666666666666664,1.0), "time":376.08993439239407,"sensors":[45,13,25,36,21,40,3],"power":[0.10544976998613455,0.13003284434765836,0.035584544294534524,0.3257916751742566,0.593497212328596,0.024449724653480023,0.029779321120606075]}
{"id": 16, "drone": 1, "position":(8.333333333333334,41.666666666666664,1.0), "time":325.2112222646693,"sensors":[47,14,33,42,29,26,19,3],"power":[0.03461762926669524,0.14123758182542978,0.0647105613951293,0.06512942850056515,0.27513070780760956,0.048397836957369614,0.12938754347938203,0.025440333017850644]}
