LP RESULTS :
 Obj = 0.1*lambda1+0.9*lambda2 = 167.03047857477583 (lambda1 = 1652.304785747758, lambda2 = 2.0) Resol time = 844 ms

{"id": 0, "drone": 6, "position":(33.333333333333336,8.333333333333334,1.0), "time":440.39732459508525,"sensors":[16,22,49,18,19,40,39,2,37,1,5,38,24],"power":[0.14024456053464673,0.03205497226134697,0.4911303105435437,0.15615737544928346,0.05015446451958495,0.42327720805665225,0.06857074304192744,0.22095885511772684,0.03395979117368631,0.031041073991943783,0.11505992329221562,0.040545911705719764,0.03879055373257818]}
{"id": 1, "drone": 6, "position":(25.0,8.333333333333334,1.0), "time":56.33675373171718,"sensors":[16,7,49,18,4,40,3,12,36,2,37,5,46,24],"power":[0.016852230827906576,0.004507846247097841,0.027475117190540015,0.11723462926411869,0.013128900613973182,0.020997371671392318,0.0046234812633200555,0.0077554315571163115,0.018614484996351936,0.005966908972191038,0.0061653712056292005,0.010459547515085803,0.017597396482042667,0.016589778776442264]}
{"id": 2, "drone": 2, "position":(8.333333333333334,25.0,1.0), "time":408.54338521987376,"sensors":[13,34,30,27,10,31,28,23],"power":[0.05793009706383953,0.2702551628873154,0.07969385140990454,0.29793363689296415,0.1237123128868897,0.09216510340513998,0.031154449267202296,0.05132017801419294]}
{"id": 3, "drone": 2, "position":(8.333333333333334,16.666666666666668,1.0), "time":837.7656271168423,"sensors":[34,43,4,27,10,12,36,31],"power":[0.12684586359601163,0.06045757472226518,0.06139609208773825,0.31872620910816224,3.9550162116741356,0.16668376306899965,0.062315905856378626,0.05783489659486002]}
{"id": 4, "drone": 9, "position":(8.333333333333334,41.666666666666664,1.0), "time":1088.4182462793149,"sensors":[44,13,30,15,21,26,47],"power":[0.15,0.1105738829826035,0.20005191550296492,0.48595956076706814,5.28279216291744,0.10648364493492103,0.5206754921168025]}
{"id": 5, "drone": 9, "position":(16.666666666666668,8.333333333333334,1.0), "time":267.6806081748603,"sensors":[7,43,18,4,10,12,36,46,24],"power":[0.06499351466285452,0.021146848976375587,0.03313905037290047,0.060072784296174686,0.020492858073929143,0.4265922940499809,0.9404184784820334,0.1374636979478539,0.045767129892772845]}
{"id": 6, "drone": 1, "position":(8.333333333333334,8.333333333333334,1.0), "time":92.03057797119641,"sensors":[7,43,10,12,36,46],"power":[0.01342676657696959,0.04514823342938301,0.01418352001691093,0.02506412857810167,0.012834448002929755,0.007997395967368285]}
{"id": 7, "drone": 1, "position":(41.666666666666664,33.333333333333336,1.0), "time":520.1128854984588,"sensors":[17,20,6,14,0,8,32,35],"power":[0.150672805858915,0.33459383171528245,0.07919682177509635,0.08644738258760726,0.038235679600686044,0.06005224402520209,0.9564535379219552,0.15]}
{"id": 8, "drone": 3, "position":(25.0,16.666666666666668,1.0), "time":64.81845175295001,"sensors":[45,49,18,4,40,3,0,12,42,36,37,28],"power":[0.0060241078011619474,0.006659239938901132,0.009170618451015642,0.058023433267673875,0.005355134472361132,0.05918055875170109,0.004234736023306339,0.0067791344403497315,0.018248914453106585,0.009670762826659294,0.09175277726092304,0.00961684875619658]}
{"id": 9, "drone": 3, "position":(16.666666666666668,33.333333333333336,1.0), "time":63.3125762773725,"sensors":[13,45,29,30,27,33,21,28,23],"power":[0.26901373431020037,0.014677709956294313,0.04153215644440163,0.03574783048728336,0.005128572312140595,0.007944176486202005,0.008396746251414624,0.012745623051363406,0.05511009719129732]}
{"id": 10, "drone": 4, "position":(41.666666666666664,16.666666666666668,1.0), "time":451.9333770434115,"sensors":[22,17,9,19,8,38,11],"power":[1.425086358543725,0.07382375794263045,0.18092460032879631,0.03236699809784759,0.10682242062887279,4.273941342512605,0.11019341279986454]}
{"id": 11, "drone": 4, "position":(16.666666666666668,25.0,1.0), "time":46.28458726498511,"sensors":[13,34,45,29,4,30,3,27,10,42,37,33,28,23],"power":[0.012694854287899201,0.0031958443054302763,0.012751708453863685,0.005376944989273389,0.0058276862547370495,0.007536663522972293,0.007793630347901532,0.018355794898134766,0.005715248553359181,0.003546405697598022,0.004414609352829481,0.0035235868087627824,0.037080090581634126,0.033342789384042684]}
{"id": 12, "drone": 7, "position":(25.0,41.666666666666664,2.0), "time":563.8865394684431,"sensors":[45,29,0,33,48,26],"power":[0.03656908066651723,0.13456299946403463,0.03573906802672958,0.08020757086215216,0.25747292585050763,0.06385563435634736]}
{"id": 13, "drone": 5, "position":(41.666666666666664,41.666666666666664,1.0), "time":849.3640302575355,"sensors":[20,6,14,25,41,32,48],"power":[0.07921109157644836,1.3288702046776268,1.2499206130165161,0.28238103439370854,0.15,0.3290663839257245,0.057157323940452476]}
{"id": 14, "drone": 5, "position":(33.333333333333336,25.0,1.0), "time":217.16490080295256,"sensors":[17,45,20,3,0,8,42,37,33,28,38],"power":[0.04603542758861257,0.026941303769927975,0.06269047873606123,0.03873247346432754,0.09576420771682424,0.2177318509944708,0.1327359947450484,0.046060815026568815,0.040118142874713124,0.017470427780799616,0.017393951472416066]}
{"id": 15, "drone": 8, "position":(16.666666666666668,8.333333333333334,4.0), "time":333.67276700019096,"sensors":[7,43,18,4,12,36,46,24],"power":[0.06707187251307804,0.0232473428719762,0.035820430504311274,0.06222758314754196,0.19624899159581038,0.26517162647849013,0.10786347001555503,0.04885253759820676]}
{"id": 16, "drone": 8, "position":(25.0,25.0,1.0), "time":45.74599070621193,"sensors":[13,45,29,4,3,0,8,42,37,33,28,23],"power":[0.003971733718421523,0.046062385782822214,0.005657363673152199,0.00607372186556206,0.03966985617274985,0.016942682716726873,0.004201381309449991,0.02817746472707139,0.01749039027395659,0.012532358557414348,0.04193256056280322,0.010226935410467096]}
{"id": 17, "drone": 0, "position":(33.333333333333336,33.333333333333336,1.0), "time":65.6629691888109,"sensors":[17,45,20,29,14,0,8,42,33,32,48],"power":[0.007757745244504284,0.0069737035694126875,0.03436443573295435,0.00545734244255369,0.009030825469220953,0.028574025519343453,0.008137178120250901,0.006566648450930447,0.023617499097419788,0.009302021666995182,0.005032751539329762]}
{"id": 18, "drone": 0, "position":(41.666666666666664,8.333333333333334,1.0), "time":542.8091833063085,"sensors":[16,22,9,49,19,40,39,2,1,5,38,11],"power":[0.03650432839583215,0.12433747263247334,0.04246309500526874,0.05152355124965988,0.36321083381273933,0.05480342063515682,0.19749073222879754,0.11923358291691663,0.11895892600805621,0.039183307066534126,0.12790426207344582,0.03980658720013544]}
