LP RESULTS :
 Obj = 0.1*lambda1+0.9*lambda2 = 124.8001283201587 (lambda1 = 1230.001283201587, lambda2 = 2.0) Resol time = 4913 ms

{"id": 0, "drone": 1, "position":(16.666666666666668,8.333333333333334,1.0), "time":361.6486910854071,"sensors":[20,14,0,28,8,26,43,31,49,35,21],"power":[0.029680986521557824,0.049670423347646764,0.1814193849169219,0.02555699622722742,0.03234137560223346,0.20782006229054167,0.10558064295731673,0.09510759072564019,0.32137730785952806,0.027660801838764897,0.08849751981985657]}
{"id": 1, "drone": 1, "position":(33.333333333333336,33.333333333333336,2.0), "time":190.69651890681405,"sensors":[7,22,24,13,23,2,15,34,36,37,44],"power":[0.018730123778964172,0.022522015722975068,0.05678660502145421,0.031521647683031645,0.07125598449065658,0.016446526738085093,0.03448539930759677,0.015696137889912008,0.023302401827525063,0.1471188726572212,0.027440504623781874]}
{"id": 2, "drone": 6, "position":(8.333333333333334,16.666666666666668,1.0), "time":488.4743974604381,"sensors":[20,14,0,30,8,33,31,49,12,21,48],"power":[3.038082353613409,1.8077935763444544,0.05490348866607528,0.31886599333455196,0.25726513015541574,0.8730964634295045,0.14939416656705462,0.07510196300058333,0.09569701573003679,0.04196402969577867,0.10355142898251267]}
{"id": 3, "drone": 8, "position":(25.0,41.666666666666664,4.0), "time":361.6486910854071,"sensors":[24,13,5,15,3,17,38,37],"power":[0.04903319843697382,0.028551752523547316,0.049720348116053525,0.2180461267843745,0.05621672487692537,0.06352157616933027,0.02921942334044239,0.02989777597733161]}
{"id": 4, "drone": 8, "position":(41.666666666666664,33.333333333333336,1.0), "time":21.30128519910059,"sensors":[7,10,22,4,24,13,16,23,2,36,37,11,46,44],"power":[0.0017386177078552916,0.001536266763783506,0.001443780999630464,0.011744060600096052,0.0033932596318786462,0.003358939795711135,0.0025313717433790616,0.008633772602910548,0.024087123223832888,0.011267285020365907,0.0019840384604415057,0.0023463453888788195,0.0016316100236502579,0.035003806242462646]}
{"id": 5, "drone": 3, "position":(8.333333333333334,41.666666666666664,1.0), "time":728.8562143029359,"sensors":[5,1,3,38,45],"power":[0.0738715595126452,3.059526176947359,0.12106671039911367,0.1340898109922052,0.16559400132880653]}
{"id": 6, "drone": 2, "position":(8.333333333333334,8.333333333333334,1.0), "time":379.8781946557418,"sensors":[20,14,0,30,28,8,26,33,31,49,12,48],"power":[0.0636120892441868,0.12700883109181502,0.34977000066538194,0.028772310249012677,0.12444300377277258,0.03418947353296458,0.030273294377726922,0.047979687673245876,0.05584552035666007,0.32560527004339956,0.20342453412089717,0.04644857101748732]}
{"id": 7, "drone": 4, "position":(41.666666666666664,25.0,1.0), "time":361.6486910854071,"sensors":[7,10,22,4,27,23,2,34,29,19,37,46,40,44],"power":[0.1324127819245753,0.21025160685492209,0.08149530456442283,0.07635295272307555,0.05981383123854732,0.0244561006850877,0.05556871325792346,0.03360666505065048,0.17593630135499275,0.025125107556492443,0.024676262138692253,0.16997931319746384,0.03246591244872209,0.04141625016671258]}
{"id": 8, "drone": 4, "position":(33.333333333333336,16.666666666666668,1.0), "time":55.26173006300178,"sensors":[7,10,22,27,47,34,41,29,25,19,46,35,9,21,40],"power":[0.020030832005570542,0.01603055333316656,0.02211011498225044,0.016528173311578073,0.010648021716380077,0.02625375335303935,0.004650205383267408,0.006665787350354769,0.017901414432387394,0.11244207519733627,0.003817681587913606,0.016499432772419033,0.014235028881908016,0.003928511444116351,0.04727187694540388]}
{"id": 9, "drone": 7, "position":(41.666666666666664,41.666666666666664,1.0), "time":529.0802303708418,"sensors":[4,24,13,16,23,2,32,17,39,36,11,44],"power":[0.0619029866768284,0.14464630581374774,0.342747233928123,1.0644719239690326,0.2038143826215373,0.11183273900196723,0.1607375578048209,0.04502905159499704,0.14933623901008897,0.7576328637866302,0.5380862265110083,0.2548841422422791]}
{"id": 10, "drone": 7, "position":(33.333333333333336,41.666666666666664,1.0), "time":127.27455763942346,"sensors":[24,13,16,23,15,32,17,39,36,37,11,44],"power":[0.39988916523233903,0.1618964191007148,0.018729569107898015,0.05194229904879774,0.054320886816465776,0.008457946993894664,0.041449372235672674,0.011311938619408097,0.019107281587730673,0.014370849982416733,0.012929162559724641,0.01477160208779654]}
{"id": 11, "drone": 0, "position":(16.666666666666668,33.333333333333336,1.0), "time":5.576432127318043,"sensors":[5,15,1,3],"power":[0.015463242943081861,3.7923103899802535E-4,7.057315845185034E-4,4.2756268798554265E-4]}
{"id": 12, "drone": 0, "position":(25.0,25.0,2.0), "time":133.91994568592614,"sensors":[7,22,5,34,37,35,21,40],"power":[0.013107671005767567,0.02310457543278828,0.01094484942821943,0.04278258161002629,0.03133327488481583,0.026904095804713455,0.015609939040248395,0.03348806671350119]}
{"id": 13, "drone": 5, "position":(33.333333333333336,8.333333333333334,2.0), "time":190.69651890681402,"sensors":[27,18,6,47,34,41,25,43,19,35,42,9,40],"power":[0.027439868714123634,0.045350043697314046,0.05764243695541275,0.2895278624543536,0.012039240075870015,0.05469858264333157,0.2331955659455257,0.012213663093976672,0.07087927016281854,0.022211379221174353,0.08286213192851508,0.082460283024146,0.016836628852605635]}
{"id": 14, "drone": 5, "position":(33.333333333333336,8.333333333333334,1.0), "time":488.47439746043807,"sensors":[27,18,6,47,34,41,26,25,43,19,35,42,9,40],"power":[0.07477709943851864,0.12057712838360161,0.15658269797979052,0.9843348248214063,0.03166086209637189,0.14440685352749122,0.03172495256711781,0.7823887919303478,0.03220569394870662,0.20482946147154868,0.060295165724012924,0.23254091983002498,0.23783819910529905,0.04622630959851409]}
