3	5	0	487.64181448730506	
3	5	1	601.6059803297644	
3	5	2	440.9824350171797	
3	5	3	626.2907500847487	
3	5	4	721.7287443611899	
3	5	5	720.8597437796549	
3	5	6	758.4029643632457	
3	5	7	659.0823826856056	
3	5	8	437.59513806127813	
3	5	9	864.1009211210066	
3	5	10	979.6215711605319	
3	5	11	478.52501572577705	
3	5	12	862.7685209737818	
3	5	13	617.5279439132108	
3	5	14	653.2328910508347	
3	5	15	551.8897741561616	
3	5	16	461.1625270194013	
3	5	17	472.5114745415853	
3	5	18	380.73271523356334	
3	5	19	525.2660048947198	
3	5	20	698.3976794313443	
3	5	21	328.68380217732454	
3	5	22	825.8057283189096	
3	5	23	624.0277241165522	
3	5	24	868.4938747953969	
3	5	25	672.5706283371786	
3	5	26	735.1175921125466	
3	5	27	505.3014437726659	
3	5	28	878.6972119395055	
3	5	29	644.7403266849911	
3	5	30	627.0369167389656	
3	5	31	789.7240647230142	
3	5	32	690.132395331492	
3	5	33	635.0637375862811	
3	5	34	473.74808252469717	
3	5	35	887.6469975108754	
3	5	36	652.8077645804224	
3	5	37	709.4631890542522	
3	5	38	486.43359949344915	
3	5	39	641.1654610352709	
3	5	40	512.4877725096195	
3	5	41	237.83275830126507	
3	5	42	694.2966555448127	
3	5	43	721.215099519957	
3	5	44	478.7363473217486	
3	5	45	619.908318530245	
3	5	46	809.8499927480241	
3	5	47	829.8649147042169	
3	5	48	592.8947256703548	
3	5	49	862.4768815047618	
3	10	0	1170.1323315083623	
3	10	1	914.6735413053584	
3	10	2	472.5645730366331	
3	10	3	916.1840871912985	
3	10	4	603.2441053075565	
3	10	5	668.6952383367013	
3	10	6	813.0163770439518	
3	10	7	1054.3797393191985	
3	10	8	1173.3955894145881	
3	10	9	1128.3486854321636	
3	10	10	601.1075761227801	
3	10	11	1405.1451582217135	
3	10	12	646.6449609484634	
3	10	14	861.2630877856546	
3	10	15	982.1614204817707	
3	10	16	864.2997923920915	
3	10	17	849.8667314512827	
3	10	18	1148.0810111668668	
3	10	19	888.1820113628593	
3	10	20	587.3738198019325	
3	10	21	990.4596188848503	
3	10	23	1366.4903642540348	
3	10	24	914.0539371450145	
3	10	25	2022.246817322693	
3	10	26	850.1093703417096	
3	10	27	768.1420384405842	
3	10	28	953.3039629867963	
3	10	29	803.7710608146208	
3	10	31	645.2015658596446	
3	10	33	1600.792746702448	
3	10	34	561.5715831116395	
3	10	35	1124.0816135850196	
3	10	38	1287.6064925125158	
3	10	39	750.7928366975418	
3	10	40	988.5984722574786	
3	10	41	1062.0100102374242	
3	10	43	1038.2123432670712	
3	10	44	1031.900662769817	
3	10	45	1056.3989869592003	
3	10	46	782.1189614418442	
3	10	47	1011.1919014069028	
3	10	48	899.6367834514319	
3	15	1	1070.3422779514965	
3	15	2	1158.7779491497895	
3	15	5	1071.617567377836	
3	15	8	1144.0966929931815	
3	15	9	1208.838812285488	
3	15	17	893.8710119092425	
3	15	19	1262.0667039222328	
3	15	21	835.3002970269115	
3	15	22	1220.530384037484	
3	15	24	1143.1846652646645	
3	15	26	1516.9133069272436	
3	15	29	1706.2838732745372	
3	15	33	1351.9899035413484	
3	15	39	2228.0676294871273	
3	15	41	718.6022463317514	
3	20	16	1599.890570339373	
3	20	17	1896.226055387603	
3	20	19	1620.417230220431	
3	20	34	889.5269090299412	
3	20	37	1673.0142059295426	
3	30	10	2891.3631098285286	
3	30	19	2422.1081318140878	
3	30	39	2072.894003849007	
3	50	37	2360.008759319787	
4	5	0	623.0526029720228	
4	5	1	582.6290250191423	
4	5	2	1038.8675973613122	
4	5	3	566.0679812896427	
4	5	4	613.2594833402063	
4	5	5	392.1511408704268	
4	5	6	327.0291755487134	
4	5	7	740.6065416352385	
4	5	8	681.6023253661601	
4	5	9	394.1762952349045	
4	5	10	362.0158748629327	
4	5	11	835.3505785194972	
4	5	12	583.7913800303539	
4	5	13	171.97980673831466	
4	5	14	403.59247367069725	
4	5	15	685.401783987557	
4	5	16	696.2341171126909	
4	5	17	656.101584853935	
4	5	18	834.546697112007	
4	5	19	639.7262023520783	
4	5	20	403.16073972673104	
4	5	21	400.7870798954366	
4	5	22	250.6198404563919	
4	5	23	552.5308251664533	
4	5	24	1161.15021230062	
4	5	25	942.2825254687169	
4	5	26	1079.7170680298193	
4	5	27	1151.799092003356	
4	5	28	721.4554269207091	
4	5	29	694.7231404655963	
4	5	30	378.88397604015995	
4	5	31	475.9724754802558	
4	5	32	491.11698263475705	
4	5	33	856.6104852100616	
4	5	34	378.41422417755314	
4	5	35	357.6770183236027	
4	5	36	1039.0014272501865	
4	5	37	342.0257092196793	
4	5	38	448.0772404364586	
4	5	39	349.7188895979297	
4	5	40	719.1543149842676	
4	5	41	294.89887591607385	
4	5	42	800.5378445680535	
4	5	43	780.0894772072759	
4	5	44	438.1089383285206	
4	5	45	1313.4701090135547	
4	5	46	710.2111660323653	
4	5	47	475.1356210205616	
4	5	48	364.7355684687386	
4	5	49	1053.079539666678	
4	10	0	895.7270352193352	
4	10	1	1087.906953673384	
4	10	2	813.3081120985274	
4	10	3	748.5551926382374	
4	10	4	901.3197569887737	
4	10	5	682.0322085578068	
4	10	6	969.9376433567403	
4	10	7	792.994207957865	
4	10	10	598.517899639322	
4	10	11	701.3096219000836	
4	10	12	1027.1855949163958	
4	10	13	968.4582657213933	
4	10	15	876.4848889049766	
4	10	16	891.5515706983063	
4	10	17	916.609040165277	
4	10	18	1042.4118424873707	
4	10	19	942.0664953218286	
4	10	20	1297.8717887690423	
4	10	22	851.4376888707775	
4	10	23	1194.3524015777466	
4	10	24	776.6373700494984	
4	10	26	491.27838761807516	
4	10	27	995.7516138452575	
4	10	31	795.4075821726716	
4	10	32	1101.4633016726198	
4	10	35	1097.718152511946	
4	10	36	719.10621341487	
4	10	37	792.5661277792843	
4	10	39	772.1977775484387	
4	10	41	663.5222168197212	
4	10	42	805.5830539683537	
4	10	43	792.5955846343415	
4	10	44	685.1413444011987	
4	10	45	1082.3304761885613	
4	10	46	1117.917777105352	
4	10	47	677.227646502874	
4	10	49	919.35280977166	
4	15	1	1589.354232230396	
4	15	2	1888.1542862513206	
4	15	5	1058.8717514628288	
4	15	6	1764.684476888563	
4	15	10	961.4003187893942	
4	15	13	1213.387795188801	
4	15	15	1538.4023071425686	
4	15	18	1367.5767237578054	
4	15	28	938.8955462463455	
4	15	29	1348.1054501938327	
4	15	30	942.0773328799528	
4	15	37	1593.4006344775391	
4	15	39	1063.1215889368273	
4	15	41	1332.1842149877812	
4	15	42	1059.765478531685	
4	15	45	1216.5029847680898	
4	15	47	1658.8116151724423	
4	15	49	1148.177927893003	
4	20	6	1123.3623604267855	
4	20	13	1284.6724603170887	
4	20	17	1011.5797651792783	
4	20	19	1549.370318581483	
4	20	22	1101.7038777821683	
4	20	23	1619.597342442261	
4	20	36	1027.510642424499	
4	20	39	1535.5672123029497	
4	20	42	1073.1834055754857	
4	20	46	1599.4982249468867	
4	30	7	1608.7387198864158	
4	30	25	2923.4568206754993	
4	30	33	1265.712156185887	
4	30	43	1821.7240811691638	
4	30	45	2119.7802134240515	
4	30	49	2078.390732731331	
4	40	0	2087.8333112817995	
4	40	30	2421.833825182286	
4	40	35	1773.4509070575243	
5	5	0	922.5171598215716	
5	5	1	927.0249543516935	
5	5	2	547.4647836394083	
5	5	3	615.6692773883307	
5	5	4	749.5933693376569	
5	5	5	702.5340677976112	
5	5	6	698.3786134554435	
5	5	7	1087.531787420237	
5	5	8	591.082600973485	
5	5	9	252.2840455839435	
5	5	10	806.2004125657137	
5	5	11	652.6039739247079	
5	5	12	811.886165425743	
5	5	13	532.5056134950627	
5	5	14	716.3634492541726	
5	5	15	774.7146153940535	
5	5	16	278.1060805172647	
5	5	17	576.9272505938796	
5	5	18	424.23967518839527	
5	5	19	240.8454517858297	
5	5	20	629.1123302517308	
5	5	21	512.279296768226	
5	5	22	601.5574081346205	
5	5	23	693.5707816179716	
5	5	24	963.0654716083536	
5	5	25	599.5668653599862	
5	5	26	380.5566072503407	
5	5	27	429.03959581627157	
5	5	28	918.6965635361469	
5	5	29	923.444132514859	
5	5	30	426.17018675167355	
5	5	31	515.9572546156137	
5	5	32	811.5246163226645	
5	5	33	609.161023192828	
5	5	34	322.4909009687707	
5	5	35	505.7865230423581	
5	5	36	528.6828169136705	
5	5	37	515.79784382254	
5	5	38	268.61913518390423	
5	5	39	407.19245009804814	
5	5	40	710.4483627218474	
5	5	41	783.254038707999	
5	5	42	686.8500190409845	
5	5	43	570.5680415226343	
5	5	44	777.19037674963	
5	5	45	694.8508545995844	
5	5	46	831.919360306393	
5	5	47	537.6984395227889	
5	5	48	593.9612275635407	
5	5	49	687.5473075372265	
5	10	0	740.3815351712078	
5	10	1	909.3966009668848	
5	10	3	1007.5106039020948	
5	10	5	897.2647706900133	
5	10	10	1260.6649822293532	
5	10	11	609.4659001256842	
5	10	12	1199.3193013036546	
5	10	13	1347.3846044099112	
5	10	14	969.8792534628459	
5	10	16	999.5830271058257	
5	10	17	969.8952547366521	
5	10	18	744.2637199937745	
5	10	19	1044.4140953394972	
5	10	22	526.9140747356811	
5	10	24	955.6572116379015	
5	10	25	810.7398207583027	
5	10	26	765.0627052418039	
5	10	27	1046.4061358362032	
5	10	28	576.3717048006629	
5	10	29	739.4176149245363	
5	10	30	809.9239630984366	
5	10	34	1019.0875232074279	
5	10	35	862.5041167023319	
5	10	36	1498.6167947528693	
5	10	38	841.137382695917	
5	10	42	556.3840699311095	
5	10	43	829.4883622942148	
5	10	44	664.1081191928895	
5	10	45	936.7458388015909	
5	10	46	956.7558721986937	
5	10	47	854.3175461537319	
5	10	49	790.152692751948	
5	15	5	1302.3006534809226	
5	15	6	1240.8132537666054	
5	15	9	1221.1992926228388	
5	15	11	1062.3579105314843	
5	15	13	1424.7058748873337	
5	15	19	913.1001173055674	
5	15	20	1053.3112110943066	
5	15	21	1115.673899524737	
5	15	22	961.9999552505543	
5	15	24	1669.08463144798	
5	15	27	812.237100272739	
5	15	28	974.6702033350592	
5	15	35	833.2036009891013	
5	15	37	1499.4714099962296	
5	15	39	1468.2253377704528	
5	15	42	947.6566498898343	
5	15	43	1192.8396018902044	
5	15	45	984.0885834649264	
5	15	46	971.8896403878479	
5	15	49	1424.1500807917457	
5	20	0	1467.4395861619407	
5	20	7	1387.2949357454543	
5	20	10	848.8102271149027	
5	20	23	1400.9958461711412	
5	20	26	1509.6992607805614	
5	20	48	1664.0422226301337	
5	20	49	1771.288566817937	
5	30	12	1579.5430681982807	
5	30	24	1807.193504876058	
5	30	34	1602.5607871993047	
5	30	41	2310.5887495475904	
5	40	33	1900.516215851858	
5	40	48	2577.1898194523274	
5	50	4	2593.6180997712204	
6	5	0	299.629236661971	
6	5	1	838.7078977930352	
6	5	2	1479.910035498034	
6	5	3	832.0249099293966	
6	5	4	326.37299575039674	
6	5	5	590.2335791261764	
6	5	6	1264.0396390809974	
6	5	7	384.16915269000293	
6	5	8	586.6993629399306	
6	5	9	897.0616048901774	
6	5	10	493.12911894282456	
6	5	11	789.1485010142871	
6	5	12	348.34682586037343	
6	5	13	701.3103426952287	
6	5	14	831.9531558379914	
6	5	15	377.9963122047251	
6	5	16	868.5518852416665	
6	5	17	766.3134189875897	
6	5	18	716.786118764518	
6	5	19	598.6945015062354	
6	5	20	754.1414141655217	
6	5	21	532.5631075420818	
6	5	22	222.72284509320252	
6	5	23	754.1301084926095	
6	5	24	608.8966988197703	
6	5	25	639.4329145081242	
6	5	26	652.894861090561	
6	5	27	568.1500230436417	
6	5	28	455.72957508160835	
6	5	29	498.5580595809982	
6	5	30	779.3381467791872	
6	5	31	873.3526175303201	
6	5	32	349.5252157399181	
6	5	33	857.6362302929282	
6	5	34	746.124161966057	
6	5	35	509.0475840580104	
6	5	36	720.7046347800559	
6	5	37	598.7466630765884	
6	5	38	790.6930853666898	
6	5	39	1438.943007827757	
6	5	40	840.0030922798503	
6	5	41	989.2522940671387	
6	5	42	427.13936910151125	
6	5	43	475.0598703292595	
6	5	44	498.3862689084149	
6	5	45	809.3602245251502	
6	5	46	800.3677381046764	
6	5	47	333.3865917462151	
6	5	48	753.8510864554019	
6	5	49	731.9345651963425	
6	10	0	752.2890459453347	
6	10	3	886.562316477245	
6	10	4	977.8418067458508	
6	10	5	769.0670844583922	
6	10	6	552.6470567810971	
6	10	9	1007.318208164635	
6	10	11	705.1472327071335	
6	10	12	568.9802076803727	
6	10	13	831.4793058385311	
6	10	14	711.768083016123	
6	10	16	588.7268856304443	
6	10	17	667.8633456597003	
6	10	18	735.5119971417746	
6	10	19	693.8662330081197	
6	10	20	667.2564200094918	
6	10	21	764.4578072668121	
6	10	22	930.6304477224245	
6	10	23	829.9558017511366	
6	10	24	1240.3215511838814	
6	10	25	752.6040037046108	
6	10	26	545.2895452488619	
6	10	28	1073.8368574842214	
6	10	29	775.842194992307	
6	10	32	769.9134734135146	
6	10	34	1244.9436447387775	
6	10	35	845.8962828177041	
6	10	37	801.3506112330747	
6	10	38	1175.863883256937	
6	10	41	674.63389074162	
6	10	42	965.2224645553833	
6	10	44	869.9671886727904	
6	10	45	842.0195467362398	
6	10	47	766.0510421016879	
6	10	48	889.6520063857682	
6	10	49	964.2301249648274	
6	15	0	853.8497178938399	
6	15	1	981.6349269932374	
6	15	2	1116.0891825246165	
6	15	4	1053.07891294383	
6	15	9	1423.0958795735216	
6	15	13	1017.243959553388	
6	15	21	943.8381532981932	
6	15	27	1037.703893737361	
6	15	29	1040.8642481576433	
6	15	37	961.4598226035147	
6	15	40	1394.6626982197579	
6	15	41	1114.879301504153	
6	15	42	1631.3346105680937	
6	15	45	781.077666493959	
6	20	0	1502.1105588588566	
6	20	9	910.3369105950644	
6	20	25	1238.9961056944164	
6	20	28	1156.567052398956	
6	20	29	929.7817974754378	
6	20	33	1709.7308300430407	
6	20	44	1411.902569984321	
6	30	1	2064.2949236963987	
6	30	7	1391.9901105969504	
6	30	19	1711.6494789242352	
6	40	16	1824.315400570991	
6	50	32	2360.0824801308045	
7	5	0	1364.3934212489166	
7	5	1	415.51471602512396	
7	5	2	871.473072851112	
7	5	3	572.3674836696792	
7	5	4	884.7277700861923	
7	5	5	1199.284960298269	
7	5	6	707.3887326560325	
7	5	7	526.6274541459992	
7	5	8	487.18280702719085	
7	5	9	726.9362269188252	
7	5	10	1150.2604515317114	
7	5	11	343.29207198165705	
7	5	12	720.9520902721201	
7	5	13	439.4531315987635	
7	5	14	448.478611468134	
7	5	15	738.0830244026652	
7	5	16	731.3103705815857	
7	5	17	590.6813146464176	
7	5	18	522.2526725619681	
7	5	19	858.3035357608214	
7	5	20	854.5026961928615	
7	5	21	537.8014761425078	
7	5	22	334.13524846666724	
7	5	23	1099.7830680189873	
7	5	24	208.27764842861484	
7	5	25	812.618477830192	
7	5	26	489.77913261171	
7	5	27	931.0232350960757	
7	5	28	886.5848963134323	
7	5	29	772.9007413642565	
7	5	30	936.1616940853012	
7	5	31	585.8007441885796	
7	5	32	841.3577603353846	
7	5	33	340.06128122969324	
7	5	34	805.83526018102	
7	5	35	1211.471557982819	
7	5	36	762.9540724846801	
7	5	37	724.8551658815661	
7	5	38	682.8614670013927	
7	5	39	693.8299082957594	
7	5	40	544.7346824079298	
7	5	41	504.7614227431051	
7	5	42	719.4333777841382	
7	5	43	544.9649941534796	
7	5	44	411.94740404822164	
7	5	45	822.7687547472643	
7	5	46	400.6768046862874	
7	5	47	785.0995487623211	
7	5	48	244.37485057572619	
7	5	49	799.3673996876992	
7	10	0	471.39971929727506	
7	10	2	872.4791159637139	
7	10	4	607.227592736574	
7	10	7	1198.63867952573	
7	10	8	820.527210691612	
7	10	9	865.5454207870682	
7	10	10	386.20199303635553	
7	10	11	886.6693606361182	
7	10	12	1017.4932591346214	
7	10	13	1079.666615209783	
7	10	14	750.4132743387778	
7	10	15	1116.7804976357659	
7	10	16	733.4111442878018	
7	10	17	959.7288871003263	
7	10	18	835.5834965070887	
7	10	20	576.5320527883921	
7	10	21	737.9699989598729	
7	10	22	643.1332025310313	
7	10	23	1186.569395447678	
7	10	24	940.0828866924392	
7	10	25	907.1230409152274	
7	10	27	554.5826983813813	
7	10	28	793.1247797060372	
7	10	29	548.3437231953433	
7	10	30	992.5816949602989	
7	10	31	785.2585775234387	
7	10	32	626.0878187906928	
7	10	33	950.0999530440635	
7	10	34	1385.545100619715	
7	10	36	740.7661137204907	
7	10	37	732.7575087509038	
7	10	39	731.8455453095049	
7	10	40	815.3950514258668	
7	10	41	924.3005694359838	
7	10	42	596.1200856650787	
7	10	43	657.0636974685713	
7	10	44	1344.4997634467836	
7	10	46	944.5458016306875	
7	10	48	769.4624926318701	
7	10	49	814.70648349259	
7	15	0	1118.8461909094303	
7	15	3	1276.89600253536	
7	15	4	940.454888297908	
7	15	7	1447.492803916327	
7	15	13	668.0191877661993	
7	15	16	866.2435884023297	
7	15	17	1240.565480793828	
7	15	18	1096.5355520074413	
7	15	21	827.1665746381834	
7	15	24	1072.851160955067	
7	15	29	792.9780090252185	
7	15	32	810.1905069151766	
7	15	33	940.2050712467395	
7	15	35	656.4617956304303	
7	15	43	1371.837377763078	
7	15	44	1190.6448451760514	
7	20	2	2286.619587782437	
7	20	4	1339.014700676027	
7	20	6	994.6113152803363	
7	20	16	1740.971141062113	
7	20	20	1263.2303801003309	
7	20	23	1168.592633690287	
7	20	26	1293.6923541613728	
7	20	28	1577.3395224950366	
7	20	35	1119.5701137082324	
7	20	36	617.9986862314864	
7	20	41	944.3278462647213	
7	20	42	1230.183123461855	
7	20	43	1401.3442350468372	
7	20	44	2042.7645789195547	
7	20	48	916.7220735010595	
7	30	36	1267.907130440613	
7	30	44	1957.0390780979583	
7	40	1	1592.832145090982	
7	40	12	2234.7962563794927	
8	5	0	969.5749009302979	
8	5	1	742.3306086668604	
8	5	2	496.15422018002516	
8	5	3	707.3531112508987	
8	5	4	557.3650336333914	
8	5	5	628.3186317535091	
8	5	6	804.3846920444729	
8	5	7	468.506615074086	
8	5	8	782.4267318426532	
8	5	9	836.5189316153305	
8	5	10	608.2129005645747	
8	5	11	531.998913730187	
8	5	12	482.5631204694787	
8	5	13	580.0321484871351	
8	5	14	898.3871382155861	
8	5	15	737.1609999418584	
8	5	16	518.7502546115117	
8	5	17	544.6352276937375	
8	5	18	339.71887334597363	
8	5	19	736.5701018388413	
8	5	20	797.3758183313824	
8	5	21	882.2432607685656	
8	5	22	805.148876318784	
8	5	23	742.9412532896228	
8	5	24	505.59366231857325	
8	5	25	393.8544064201386	
8	5	26	460.57018821301415	
8	5	27	353.122008080014	
8	5	28	723.8945301002543	
8	5	29	1460.192646596457	
8	5	30	647.6179162140256	
8	5	31	359.92462917280307	
8	5	32	699.8329803121471	
8	5	33	564.0238439149239	
8	5	34	351.23448751730507	
8	5	35	659.2559934066826	
8	5	36	667.087035372744	
8	5	37	364.6447624528792	
8	5	38	992.5554241435264	
8	5	39	568.7621977802575	
8	5	40	381.7572026540578	
8	5	41	892.6813414990476	
8	5	42	212.45948594055864	
8	5	43	594.5447074055213	
8	5	44	674.0098504878729	
8	5	45	383.1962320306045	
8	5	46	396.008196496583	
8	5	47	237.32920866291164	
8	5	48	837.5975665870603	
8	5	49	781.0464730267576	
8	10	0	900.8977753962218	
8	10	1	672.5579025964321	
8	10	2	952.7204475984548	
8	10	3	485.49072721301627	
8	10	7	1006.1398887135989	
8	10	8	718.1050109922742	
8	10	10	863.4068505837172	
8	10	12	771.4269938575347	
8	10	13	1332.197379236727	
8	10	14	933.8437716251087	
8	10	15	872.4959585377527	
8	10	16	773.4747685688694	
8	10	17	917.0669004323074	
8	10	18	475.130060834376	
8	10	19	580.5534120862516	
8	10	20	843.6312072477164	
8	10	21	790.0005268734283	
8	10	22	713.1433747096859	
8	10	23	1092.3405154356428	
8	10	24	954.4842068929429	
8	10	26	712.0310132102439	
8	10	27	472.88385024286345	
8	10	28	779.6915657643967	
8	10	29	949.9117559949282	
8	10	30	647.0626395016591	
8	10	31	697.2789997649514	
8	10	32	1188.8457343050682	
8	10	35	949.0123195070648	
8	10	37	673.1305065332419	
8	10	38	869.4417328829956	
8	10	39	592.9564314601355	
8	10	40	601.734283539187	
8	10	41	804.1334835846417	
8	10	42	853.2002344270462	
8	10	44	1146.6435559917873	
8	10	45	661.0296198973931	
8	10	46	893.226687854031	
8	10	47	723.4605399856359	
8	10	48	765.5238523315361	
8	10	49	888.912081612249	
8	15	2	1039.5820675020118	
8	15	3	700.9459140674811	
8	15	4	1114.1628131803864	
8	15	5	681.1974389889705	
8	15	7	734.349354177803	
8	15	8	1374.5562044676235	
8	15	11	1257.365761765628	
8	15	12	665.5954074484115	
8	15	13	1497.8105853221941	
8	15	15	930.1340695005956	
8	15	16	1031.5403952034605	
8	15	18	1439.0355903337988	
8	15	19	1151.8805228153803	
8	15	20	814.5825742951181	
8	15	21	989.7993354722205	
8	15	22	875.4550157978986	
8	15	23	1129.122208863448	
8	15	24	1084.4067043605742	
8	15	25	1487.9801594812834	
8	15	26	831.432471754654	
8	15	28	1151.1799300636485	
8	15	29	826.7623194972853	
8	15	31	1211.888579980218	
8	15	32	1239.0607552811953	
8	15	34	865.4992724200825	
8	15	35	997.2858944970711	
8	15	36	969.3950665151184	
8	15	40	1084.107362244495	
8	15	41	742.4570794698676	
8	15	42	866.3712108338448	
8	15	43	1370.8730311765364	
8	15	46	653.9076587731779	
8	15	47	1114.1139926619708	
8	15	49	916.4102320305195	
8	20	0	1918.9302962411211	
8	20	4	1281.7395207704396	
8	20	5	1008.5500167823194	
8	20	11	1685.278926837585	
8	20	18	1452.4234975732384	
8	20	19	878.9877496427796	
8	20	31	1241.650093481324	
8	20	40	1016.974118979855	
8	20	42	1294.1261768763065	
8	20	46	1365.4414227322459	
8	20	47	1064.5858910707668	
8	30	2	2185.5244518421096	
8	30	8	1610.7223940066165	
8	30	9	2270.120633473741	
8	30	15	1627.8866953573686	
8	30	29	1889.4569262872217	
8	30	36	2318.4452793706478	
8	30	43	1648.1284908514324	
8	40	8	1459.5969409042846	
8	40	38	1734.3424626464098	
9	5	0	1193.147736514362	
9	5	1	316.1540988044427	
9	5	2	682.3375201176858	
9	5	3	684.7755169390791	
9	5	4	450.5677862756993	
9	5	5	432.08137404566094	
9	5	6	642.6342197745548	
9	5	7	625.2355653770182	
9	5	8	423.79705522774447	
9	5	9	904.3258751461424	
9	5	10	514.75844560687	
9	5	11	650.8115269197552	
9	5	12	654.5956439348283	
9	5	13	1150.688956054456	
9	5	14	1243.5513427602755	
9	5	15	502.9513328444479	
9	5	16	632.762382179528	
9	5	17	441.1375229137447	
9	5	18	598.6209515798178	
9	5	19	816.5870036831633	
9	5	20	560.1311395102297	
9	5	21	884.6208609519197	
9	5	22	782.0451012953035	
9	5	23	902.1835723763438	
9	5	24	591.157960347959	
9	5	25	1103.0772922978342	
9	5	26	756.2424047339244	
9	5	27	796.5612982875341	
9	5	28	664.720084274717	
9	5	29	221.94661421266002	
9	5	30	160.869737490021	
9	5	31	1124.5555755526273	
9	5	32	1119.052059408511	
9	5	33	743.514084382376	
9	5	34	543.1480361846197	
9	5	35	326.4880232017503	
9	5	36	724.6515280879922	
9	5	37	667.1937388689689	
9	5	38	526.3364808991657	
9	5	39	617.6171739031329	
9	5	40	725.5909675242532	
9	5	41	665.3132468548993	
9	5	42	595.2286783010009	
9	5	43	672.0750232839282	
9	5	44	526.8709876043511	
9	5	45	552.393425636174	
9	5	46	534.6227439959304	
9	5	47	843.9022567300469	
9	5	48	1599.545534397319	
9	5	49	405.33948758495	
9	10	0	887.609984664561	
9	10	2	955.0473744593222	
9	10	3	658.092738622967	
9	10	4	1460.2823872340932	
9	10	5	882.6930844312967	
9	10	6	881.5125419205148	
9	10	7	838.4894175202085	
9	10	8	1152.816476173757	
9	10	9	630.9483268709404	
9	10	10	772.4984503988244	
9	10	11	442.4880319183	
9	10	12	783.4962356002536	
9	10	13	653.9794272173752	
9	10	14	818.1625872630332	
9	10	15	1519.7522178235577	
9	10	16	598.2299267092633	
9	10	17	725.9766097389812	
9	10	18	1003.2558442802259	
9	10	19	1333.8045971345666	
9	10	20	771.7263356149338	
9	10	21	809.754214621906	
9	10	22	816.7858033109761	
9	10	23	840.36864798201	
9	10	24	903.830996849819	
9	10	25	503.4836700556963	
9	10	26	759.9965216007031	
9	10	27	718.4316546129776	
9	10	28	1250.2985977661735	
9	10	29	1097.9976116490689	
9	10	30	647.3957066726703	
9	10	32	902.7621509185999	
9	10	33	743.9974643553331	
9	10	34	485.25760161037147	
9	10	35	873.8034054490577	
9	10	36	869.6050393656226	
9	10	37	435.6978825288642	
9	10	38	683.7245844573669	
9	10	39	625.7284319263528	
9	10	40	514.4673440055706	
9	10	41	860.9386711287208	
9	10	42	588.1635004268077	
9	10	44	1065.0698785625636	
9	10	45	693.1328468769716	
9	10	46	387.6445442503498	
9	10	48	703.0164498453679	
9	10	49	747.8230343249761	
9	15	0	1464.2150057248755	
9	15	1	1262.0330216735297	
9	15	2	656.6391728934295	
9	15	3	1257.9332096120243	
9	15	5	944.753450124543	
9	15	7	1396.581409884638	
9	15	9	997.7039124625458	
9	15	10	801.7060270458514	
9	15	12	932.3280858061794	
9	15	13	1045.0634440490746	
9	15	14	1219.3517447521144	
9	15	15	1217.9964544887707	
9	15	17	824.636097045405	
9	15	20	698.493810741715	
9	15	23	842.1577695751065	
9	15	29	1187.7157501402455	
9	15	32	719.941187121838	
9	15	33	1106.2830106692531	
9	15	35	1087.0663183330714	
9	15	42	1217.6261370731281	
9	15	43	1045.2664914013405	
9	15	45	946.4869476061746	
9	15	46	873.988141760778	
9	15	49	992.9350294347078	
9	20	5	1514.0707555493418	
9	20	7	1459.5268024318386	
9	20	8	1101.0984178959948	
9	20	10	1757.3628909457684	
9	20	12	1126.5579370209614	
9	20	16	1197.0209307814557	
9	20	22	1115.949651025074	
9	20	29	916.966955924225	
9	20	30	916.4324252453067	
9	20	39	1017.1050491621065	
9	20	44	1492.5882247432507	
9	20	48	1290.6014174784943	
9	20	49	1333.4087573668694	
9	30	1	1297.7415326155779	
9	30	13	1728.4808881372405	
9	30	19	1502.5724209283496	
9	30	20	1322.8932219105895	
9	30	26	1468.4402287327973	
9	30	31	1405.887246709688	
9	30	35	1824.5111601694762	
9	30	36	1763.2817311553142	
9	30	38	1837.7750936560117	
9	30	48	2355.337070715473	
9	40	2	1980.047891498943	
9	40	6	2669.562138593281	
9	40	8	1547.657207695204	
9	40	11	1968.0156349385989	
9	40	34	1949.7670176983488	
9	50	2	1885.0345567255843	
9	50	20	1926.3412598510563	
10	5	0	735.2187618006868	
10	5	1	651.7655056293381	
10	5	2	608.6346446696604	
10	5	3	389.4466218205573	
10	5	4	531.6255757721199	
10	5	5	270.2531781114864	
10	5	6	852.9347382171093	
10	5	7	310.1191107704773	
10	5	8	815.891314910543	
10	5	9	664.3244601472337	
10	5	10	723.0853326999786	
10	5	11	532.8852980385643	
10	5	12	538.6721746063075	
10	5	13	437.3045097287278	
10	5	14	480.67082004811846	
10	5	15	999.8145133429723	
10	5	16	698.9999411607575	
10	5	17	740.5185344138256	
10	5	18	493.9104940397193	
10	5	19	508.5278044999599	
10	5	20	545.2133960894491	
10	5	21	806.847248078548	
10	5	22	521.7166133955475	
10	5	23	303.50688994572727	
10	5	24	945.8980276208711	
10	5	25	441.70924797350517	
10	5	26	533.023873401477	
10	5	27	337.38970068280145	
10	5	28	502.8184911320768	
10	5	29	505.6521060614856	
10	5	30	784.0943033092343	
10	5	31	630.1254866585678	
10	5	32	387.03463783633345	
10	5	33	774.7679732975178	
10	5	34	618.6026204926433	
10	5	35	456.95315376900163	
10	5	36	443.22045357668713	
10	5	37	967.722991948566	
10	5	38	319.7607648257344	
10	5	39	614.1333603218151	
10	5	40	741.5678563826198	
10	5	41	864.4471611658205	
10	5	42	292.9234510743465	
10	5	43	591.2887538560409	
10	5	44	346.89143689978596	
10	5	45	580.4388867521865	
10	5	46	671.4003443124734	
10	5	47	224.3057990759417	
10	5	48	406.8858563073776	
10	5	49	458.69102169338623	
10	10	0	994.4241340564757	
10	10	2	433.07019048549904	
10	10	3	634.9564761300703	
10	10	4	1069.5909843299567	
10	10	5	815.6186603563443	
10	10	6	521.6542708632365	
10	10	7	737.9782984373971	
10	10	12	1013.3459476465968	
10	10	13	589.598959812811	
10	10	14	1127.4199360220312	
10	10	15	855.9322676334743	
10	10	17	1065.1127136581886	
10	10	18	1095.6105657524447	
10	10	20	1092.3016612137067	
10	10	21	1297.3739911578311	
10	10	22	672.9545054985011	
10	10	23	668.2189910807465	
10	10	24	901.393896569302	
10	10	25	528.648699304895	
10	10	27	836.7637293930203	
10	10	29	725.6855315724896	
10	10	30	867.3640664953034	
10	10	33	677.6901868868309	
10	10	34	631.7178819937049	
10	10	35	835.6473043664307	
10	10	39	769.9969167092015	
10	10	40	620.4960593236037	
10	10	41	932.3923262647695	
10	10	42	1034.979872659023	
10	10	45	998.6689424606737	
10	10	46	883.3873932583263	
10	10	47	802.9513200711016	
10	10	48	854.6068896481875	
10	10	49	746.6362833085291	
10	15	0	995.295159088002	
10	15	1	845.8041278024829	
10	15	2	1027.9740309701986	
10	15	3	579.6187387588932	
10	15	5	991.7895625645154	
10	15	7	855.8622068158807	
10	15	9	1016.7209083972748	
10	15	11	988.4447967024564	
10	15	13	992.8433346258216	
10	15	14	950.1137245507196	
10	15	16	1439.1288544334973	
10	15	17	904.6698752839382	
10	15	18	1139.4470356749375	
10	15	19	1020.9555276913632	
10	15	23	1048.1777548729215	
10	15	29	998.9371201022573	
10	15	30	1328.6671424229166	
10	15	32	1338.9272113022375	
10	15	34	945.6486207359599	
10	15	35	1000.9439474595356	
10	15	41	1103.769781289496	
10	15	47	1178.152374589493	
10	15	49	725.6213201027373	
10	20	0	1741.046383458907	
10	20	4	1200.4512427119041	
10	20	8	1522.9090411193897	
10	20	22	1099.6952458351716	
10	20	36	908.0597695721526	
10	20	37	2160.334657351433	
10	20	48	1407.949127660245	
10	30	5	1365.9784608458133	
10	30	10	1209.6543251378216	
10	30	22	1928.9025037411552	
10	30	43	1364.7728279563153	
10	40	12	2137.3511349724295	
10	40	23	2088.7044064602464	
10	40	29	1423.498718248714	
10	50	30	1787.6603864648687	
