LP RESULTS :
 Obj = 0.1*lambda1+0.9*lambda2 = 140.62466364007494 (lambda1 = 1388.2466364007491, lambda2 = 2.0) Resol time = 393 ms

{"id": 0, "drone": 0, "position":(8.333333333333334,33.333333333333336,1.0), "time":832.4825691797813,"sensors":[1,40,43,18,47,37,35,3,4,20,24,14,16],"power":[0.19063552448726737,0.33691643183889003,0.21418699697926,0.0889445226103578,1.2809558364872105,0.18830012986235778,0.06272659820692367,0.2014842843223607,0.06569731641672838,0.08373114391914689,0.1289904198910246,0.14182078924444014,0.11166815185095118]}
{"id": 1, "drone": 0, "position":(25.0,25.0,4.0), "time":495.8363842946964,"sensors":[1,45,26,5,22,39,4,20,15],"power":[0.0536802123680247,0.15,0.5022757701503724,0.1797063836473014,0.044719624472116574,0.10587166265888275,0.1362240468622655,0.05130557183066084,0.11531486074915802]}
{"id": 2, "drone": 2, "position":(8.333333333333334,25.0,1.0), "time":59.927682926271274,"sensors":[1,40,41,43,18,47,0,3,5,29,30,4,20],"power":[0.01295756643777405,0.010411779991726456,0.009218410128010364,0.005817665649605014,0.0610554773896422,0.014712224471441876,0.005661374360597302,0.00915804778700595,0.005299460837237114,0.00517861561511489,0.009794643952117354,0.0075808115520473954,0.02055613883499229]}
{"id": 3, "drone": 2, "position":(41.666666666666664,41.666666666666664,1.0), "time":1111.19744001747,"sensors":[48,11,38,2,9,25,21],"power":[0.1634540229270094,0.3676052700501352,1.5229238644716294,0.5688054473472299,0.3771963278069001,0.15,0.3606402113008554]}
{"id": 4, "drone": 4, "position":(33.333333333333336,33.333333333333336,1.0), "time":277.0491963832792,"sensors":[26,38,2,9,22,39,21,15],"power":[0.023334665388638622,0.04889989031274483,0.028989089088614195,0.13741034672757613,0.28108955779629197,0.06630498205414537,0.021421727518834106,0.08963905254134433]}
{"id": 5, "drone": 4, "position":(8.333333333333334,8.333333333333334,1.0), "time":1021.0703566066815,"sensors":[41,13,0,8,42,29,30,28,7,23,44],"power":[0.16909570832483153,0.1324742519931785,0.5552985635069275,0.8309484721405964,0.22015923984144034,0.6725028699061836,0.28374883232147863,0.15764550893115148,4.797246231649609,1.0775893941358727,0.15]}
{"id": 6, "drone": 1, "position":(41.666666666666664,16.666666666666668,1.0), "time":716.3161356760104,"sensors":[10,36,19,6,49,27,34,32,46,31,12],"power":[0.15,0.1383977763893011,0.41932873409029264,0.14536142747039457,0.15442360213305376,0.046628310861610116,1.9921459101011278,0.11616378579554296,0.15279244145359075,0.11590706391445675,0.3588990659628228]}
{"id": 7, "drone": 1, "position":(41.666666666666664,8.333333333333334,1.0), "time":671.9305007247387,"sensors":[36,19,6,17,49,27,34,32,46,31,12],"power":[0.23021127085900997,0.1334754398056106,0.21787289419305023,0.15,5.512461248949429,0.2132128606946433,0.24016312528715347,0.12989760048807827,0.2633677408216566,0.40965160677721646,0.1513140044209434]}
{"id": 8, "drone": 3, "position":(8.333333333333334,41.666666666666664,3.0), "time":495.8363842946966,"sensors":[40,43,47,37,35,3,24,14,16],"power":[0.05197544529611593,0.058141837255847796,0.0684877031211014,0.29639157709508007,0.1427060186635003,0.03361869958344343,0.08666746591555849,0.5157014392577305,0.22516419318731082]}
{"id": 9, "drone": 3, "position":(16.666666666666668,8.333333333333334,1.0), "time":307.24859686779644,"sensors":[13,0,33,8,42,29,30,28,7,23],"power":[0.14803250581372687,0.0713095825473714,0.15003819259906695,0.11093359023163195,1.0646205669466904,0.0655522820656672,0.044079117579844354,1.421777434110308,0.04791239606526227,0.04367462076456857]}
