LP RESULTS :
 Obj = 0.1*lambda1+0.9*lambda2 = 182.25602788684893 (lambda1 = 1804.560278868489, lambda2 = 2.0) Resol time = 135 ms

{"id": 0, "drone": 3, "position":(8.333333333333334,8.333333333333334,1.0), "time":1105.7548020872298,"sensors":[15,33,31,44,47,36,39,21,11],"power":[0.27572229656317404,0.2980366251200926,0.5449517581949116,0.11195531636196362,0.17119294182332387,0.15,0.0699162572118932,0.24701169880530138,0.471769901619924]}
{"id": 1, "drone": 3, "position":(8.333333333333334,25.0,1.0), "time":601.7709695807681,"sensors":[31,46,44,47,35,45,7,8,16,32],"power":[0.06517824819963797,0.12762536311520561,0.3300833062904818,0.17782398648474315,0.06399469395917262,0.15,0.1472463011005238,0.15022173240091227,0.0682990567684969,0.040183263764828635]}
{"id": 2, "drone": 4, "position":(16.666666666666668,8.333333333333334,1.0), "time":97.03450720049092,"sensors":[2,0,15,12,31,47,39,3,11],"power":[0.024632572575552847,0.0152526720775679,0.012496742702710131,0.011506262234792007,0.011706757203482982,0.0083612694332791,0.05468301443497591,0.014519614133430142,0.1070404842015088]}
{"id": 3, "drone": 4, "position":(25.0,25.0,1.0), "time":1105.7548020872298,"sensors":[0,22,27,12,13,42,19,20,7,34],"power":[0.12142552667704345,0.7391474398694682,0.4522642425115951,0.21808163261118405,0.07639199544096373,0.31492485596334385,0.16217893276159714,9.913913638329731,0.21214951380670236,0.24996778681797283]}
{"id": 4, "drone": 0, "position":(8.333333333333334,41.666666666666664,1.0), "time":413.9829860069847,"sensors":[10,38,46,9,35,49,16,40,32],"power":[0.0328926666354344,0.15,0.07000779862853616,1.1600717059404135,0.09225312608524845,0.1502304590962499,0.17626971157225413,2.053115087123814,0.14225297710282184]}
{"id": 5, "drone": 0, "position":(25.0,8.333333333333334,1.0), "time":601.7709695807682,"sensors":[2,41,0,12,37,39,3,11,14],"power":[0.12536742742444712,0.0910842304839358,0.29172907162798095,0.1403500194413766,0.11450017435119435,0.7680484945152874,2.4443635848528897,0.059000607131666744,0.06515072280347033]}
{"id": 6, "drone": 2, "position":(41.666666666666664,25.0,1.0), "time":345.3061638333004,"sensors":[23,4,17,13,42,19,43,6,26,48,5,34],"power":[0.022388684173931844,1.7445736888796415,0.03570670813127107,0.4219400985715248,0.04511988283007721,0.06651480549682989,0.03642349132384467,0.03148115000140898,0.039140602905711544,1.3429875701867848,0.17142095532421392,0.07015066250208725]}
{"id": 7, "drone": 2, "position":(25.0,41.666666666666664,4.0), "time":955.1363824816999,"sensors":[23,10,28,25,49,1],"power":[0.06873417444546964,0.1315665467734153,0.1000151018722151,0.34687013051783905,0.09409813369008627,0.7736854562993605]}
{"id": 8, "drone": 1, "position":(41.666666666666664,41.666666666666664,1.0), "time":504.1177325534886,"sensors":[23,17,28,24,6,26,30,18],"power":[0.1523889652727886,0.17063896888545196,0.05418263377347795,1.010685764183344,0.11851884999859101,0.1704156675791136,0.24544577992424765,0.15]}
{"id": 9, "drone": 1, "position":(41.666666666666664,8.333333333333334,1.0), "time":290.96323443112965,"sensors":[41,29,43,37,14],"power":[0.08942299262191605,0.9889243213833828,0.11357650867615532,0.03561403313794566,0.12210892014128971]}
