LP RESULTS :
 Obj = 0.1*lambda1+0.9*lambda2 = 141.40126626017417 (lambda1 = 1387.0126626017418, lambda2 = 3.0) Resol time = 28968 ms

{"id": 0, "drone": 3, "position":(16.666666666666668,41.666666666666664,1.0), "time":171.52879530536157,"sensors":[41,34,39,47,4,14,18,15,37,23,33,36,40,9,19,35],"power":[0.010852175008890937,0.011848519126386917,0.14328412209920022,0.010829035741241234,0.03033946622755416,0.0616820632654251,0.017695310289166474,0.04043156337253708,0.06793559874775328,0.04266955747847713,0.010882840634707992,0.014332055286851959,0.15695964968315793,0.04273251794878353,0.021842924672845956,0.03972348809249061]}
{"id": 1, "drone": 3, "position":(41.666666666666664,16.666666666666668,1.0), "time":185.59066126890542,"sensors":[44,10,22,0,26,31,12,28,16,24,30,3,29],"power":[0.039832413846993625,0.11328757278351323,0.1296282732907822,0.7790255064181999,0.06016722529591249,0.027655153023121225,0.02894291833254128,0.0182626994131063,0.022777177188067946,0.027218976260516003,0.05792057455429882,0.35849700331332995,0.031068598904260235]}
{"id": 2, "drone": 3, "position":(8.333333333333334,25.0,1.0), "time":577.9219457692415,"sensors":[46,34,7,18,25,27,9,48,19,8],"power":[0.19683453645377585,0.2694850928490812,0.04478964633037435,0.12104260125285589,0.5589384356209579,0.06125002933490992,0.05821874124984812,0.274733914256145,0.10963004492114023,0.1129519841300765]}
{"id": 3, "drone": 0, "position":(8.333333333333334,41.666666666666664,1.0), "time":444.6349655020293,"sensors":[41,34,39,14,18,15,37,23,33,40,27,9,48,49,19],"power":[0.13914782499110906,0.03863908824935807,0.1688834722375293,0.3625547920416468,0.031105404776665988,0.9798867213429326,0.043849029194410714,0.05381579627330088,0.25301318941561807,0.06304622773254652,0.053957411905571274,0.15880675411143652,0.034223507203086714,0.11091140210414874,0.10789321011859303]}
{"id": 4, "drone": 0, "position":(33.333333333333336,33.333333333333336,1.0), "time":519.3545118518771,"sensors":[44,1,32,47,4,43,5,11,36,35,29],"power":[0.06061241733758545,0.10462162633724419,0.1582655854916335,0.29057132365360466,0.05930659325298227,0.29888561234800953,0.09334343537580685,0.04073420124296521,0.10657989256692502,0.06066302882157292,0.08492811899659404]}
{"id": 5, "drone": 0, "position":(25.0,8.333333333333334,1.0), "time":43.137862201365564,"sensors":[17,20,13,45,12,28,16,24],"power":[0.016598070734573773,0.012065515552924327,0.09810986505702347,0.003182537449572516,0.008530276537598377,0.007719150834446006,0.006249194391661667,0.00817239453208968]}
{"id": 6, "drone": 1, "position":(41.666666666666664,33.333333333333336,5.0), "time":232.4497690440665,"sensors":[44,1,32,6,29],"power":[0.015745589358794266,0.10740632443297407,0.1235780933128712,0.017177575844889423,0.020585953982543995]}
{"id": 7, "drone": 1, "position":(16.666666666666668,16.666666666666668,1.0), "time":291.7107832134459,"sensors":[46,17,7,20,45,11,38],"power":[0.08286416327026683,0.10705165120024676,0.12750205984300966,0.039836600100282164,0.05024085112796655,0.03410622179371941,0.02737411078271937]}
{"id": 8, "drone": 1, "position":(41.666666666666664,8.333333333333334,1.0), "time":708.6664186945775,"sensors":[42,10,22,0,26,31,12,28,2,24,30,3],"power":[0.22873157414059592,0.2893498140667552,0.18409220823464018,0.19573558692141846,0.7501426896823995,0.4804912021810526,0.12555160139021557,0.18442058572971629,0.19491151976747026,0.07476869259448504,0.1193754675908566,0.08173597146544732]}
{"id": 9, "drone": 4, "position":(25.0,41.666666666666664,1.0), "time":577.9219457692415,"sensors":[39,47,4,43,37,23,36,40,35],"power":[0.054105621382838705,0.15904821607907896,4.649267091832052,0.046950419035452495,0.11942840378978818,0.053514646248222,0.534772272988624,0.13266667900083068,2.0668574434785922]}
{"id": 10, "drone": 4, "position":(8.333333333333334,8.333333333333334,1.0), "time":517.3799336190544,"sensors":[46,17,7,20,45,21,38],"power":[0.06659156684310329,0.04753256359257011,0.18880144671211763,0.08021531414501713,0.5513626539536799,0.15,2.371017239439572]}
{"id": 11, "drone": 4, "position":(41.666666666666664,41.666666666666664,1.0), "time":118.20740967526157,"sensors":[1,32,6,36],"power":[0.013865363187856881,0.020013228635585894,0.13282242415511056,0.009346056584089086]}
{"id": 12, "drone": 2, "position":(8.333333333333334,33.333333333333336,1.0), "time":192.92695602510946,"sensors":[34,39,14,18,15,33,25,40,27,9,48,49,19,8],"power":[0.14958753867678865,0.052206065308926124,0.018201336503088354,0.052463814470590765,0.02311272781397569,0.03537373289762235,0.06452368690191522,0.02516781202705815,0.05321602698639556,0.1803743607954995,0.10386567805508484,0.03908859789585128,1.0566196724661878,0.037048015869923484]}
{"id": 13, "drone": 2, "position":(25.0,16.666666666666668,3.0), "time":449.61772043689325,"sensors":[44,17,20,22,13,12,28,5,11,16,24,29],"power":[0.033809579456626646,0.10715944611498004,0.03480312628300173,0.03147123077553309,0.051890134942976514,0.06848792848119993,0.031462894947860004,0.056656564624193155,0.09145250016965101,0.1447335933557487,0.10730916996816421,0.03055556858672292]}
