LP RESULTS :
 Obj = 0.1*lambda1+0.9*lambda2 = 177.06471330577966 (lambda1 = 1752.6471330577965, lambda2 = 2.0) Resol time = 125 ms

{"id": 0, "drone": 2, "position":(41.666666666666664,33.333333333333336,3.0), "time":746.2677237339585,"sensors":[28,2,1,47,3,17],"power":[0.09360213225532169,0.14020343940645535,0.7850570282226054,0.05673623709472771,0.2898889805923228,0.15583559132118635]}
{"id": 1, "drone": 2, "position":(8.333333333333334,8.333333333333334,1.0), "time":1006.379409323838,"sensors":[46,15,32,19,23,22,44,10,26,27,25,40,43,5,30],"power":[0.14907292624931082,3.474790242353378,3.6871069032490755,0.8344264476016968,0.5488246170355812,0.3305662827628128,0.5082159021738326,0.17123761993049033,0.17442842063581065,0.15331748859057495,0.15,0.16907828691292334,0.21294855508153265,0.11853619125391265,0.17792902758673979]}
{"id": 2, "drone": 3, "position":(25.0,8.333333333333334,1.0), "time":746.2677237339586,"sensors":[20,39,9,19,35,30],"power":[0.05347602223450474,0.06782686911296752,0.15246612168605148,0.06042867485693131,0.15,0.10179799406011332]}
{"id": 3, "drone": 3, "position":(16.666666666666668,41.666666666666664,1.0), "time":583.9382190581927,"sensors":[4,14,7,41,6,24,8,48,34,13,33,42],"power":[0.0439069525149899,0.03996072889180216,0.04111309284264726,0.2349712201171875,0.12914226376482116,0.6718767579977901,0.11423342392154819,0.06233918058763014,2.600417995124133,0.03808136440693032,0.187356936999135,0.13644171099207997]}
{"id": 4, "drone": 0, "position":(25.0,25.0,1.0), "time":252.03073793594274,"sensors":[4,39,16,9,13,21,36],"power":[0.05238103389604848,0.07757425667093845,0.6919940640774053,0.021517670918957968,0.020690051200219016,0.05061560586168843,0.06476297254136008]}
{"id": 5, "drone": 0, "position":(41.666666666666664,8.333333333333334,2.0), "time":352.9675252293993,"sensors":[20,0,9,37,12,38,45],"power":[0.09652397776549526,1.13838585062094,0.03108762233381167,0.049553452080420515,0.04723582448337204,0.8811669151550754,0.10566895726062131]}
{"id": 6, "drone": 1, "position":(33.333333333333336,41.666666666666664,2.0), "time":450.9791489638384,"sensors":[4,28,41,13,33,1,47,42],"power":[0.05371201358896162,1.2810830740440189,0.040367397210086226,0.14279268425854016,0.05125848792601556,0.0753340192176191,0.09326376290527229,0.03248931383545726]}
{"id": 7, "drone": 1, "position":(41.666666666666664,16.666666666666668,2.0), "time":401.3811461584959,"sensors":[39,0,9,2,37,12,38,17,45],"power":[0.030149340522509834,0.06826165361246408,0.047468689189036926,0.08990527088320542,0.16782156482495286,0.10276417551662795,0.10797159966247559,0.038823646955787806,0.6699592348020109]}
{"id": 8, "drone": 4, "position":(8.333333333333334,33.333333333333336,2.0), "time":819.5174882643955,"sensors":[14,29,7,6,24,8,48,11,49,21,31,18,36],"power":[1.265489762752528,0.49525314977291585,1.859579265820955,0.26198930555322403,0.05454422046612018,0.15427420555974297,3.0578312605079647,0.43660607519453826,0.12538858717693485,0.10630057781218614,0.15,0.15443859900375884,0.09192859139340316]}
{"id": 9, "drone": 4, "position":(8.333333333333334,25.0,1.0), "time":349.1914257352083,"sensors":[14,46,29,7,48,11,22,49,10,21,27,40,18,36,5],"power":[0.14123410762357816,0.11115856081737163,0.19332206007716718,0.06570946694062632,0.06496302978418,0.08613171478860777,0.030598657229313448,1.5588040589549423,0.08759823137357113,0.0732458954730704,0.10065441812513742,0.028402972485713395,1.2333982519234832,0.05435873903443559,0.13065294934324923]}
