LP RESULTS :
 Obj = 0.1*lambda1+0.9*lambda2 = 107.40411536445131 (lambda1 = 1038.041153644513, lambda2 = 4.0) Resol time = 45391 ms

{"id": 0, "drone": 4, "position":(8.333333333333334,33.333333333333336,1.0), "time":349.77838253415655,"sensors":[21,18,47,8,22,32,9],"power":[0.03995447800451474,0.06316928353390507,0.38698064351622846,0.03735837960546516,0.034938279284218096,0.07747971117263479,0.07081642143906755]}
{"id": 1, "drone": 4, "position":(33.333333333333336,41.666666666666664,1.0), "time":27.246284461280325,"sensors":[13,2,48,10,43,44,14,24,40,23,26,41,17],"power":[0.0388932056324286,0.006846019344525583,0.0023745285559971024,0.014843132340372144,0.018665275902981164,0.003371171401130809,0.004848566723446699,0.023725789524441206,0.0066417130873986764,0.0030324013523958505,0.0019068989761910243,0.0023305670430380683,0.010003429030037047]}
{"id": 2, "drone": 4, "position":(8.333333333333334,25.0,1.0), "time":180.67440554266022,"sensors":[21,20,37,49,47,35,46,11,45,16,9],"power":[0.29531130539008105,0.03289714196994047,0.023741352148332173,0.014263384566876213,0.01594788767058108,0.027248543963494732,0.04967719744213698,0.07930721166776775,0.03533888380536259,0.03083609045226189,0.05187332700074479]}
{"id": 3, "drone": 4, "position":(41.666666666666664,41.666666666666664,1.0), "time":415.3711389092432,"sensors":[13,2,48,10,43,44,14,24,40,23,26,0,17],"power":[0.1949796461092652,0.05058327132264729,0.2386599276667658,0.02915584364311261,0.11733626865935542,0.09622425320221331,0.3347239633378009,0.15337965773098777,0.2101236802728421,0.31298773422891174,0.148093101023809,0.04162136617619975,0.031888175654611356]}
{"id": 4, "drone": 0, "position":(16.666666666666668,25.0,1.0), "time":149.40370532441167,"sensors":[21,20,37,49,6,35,41,46,11,45,16],"power":[0.01979663145956722,0.019271718084625952,0.014054225511312232,0.11830770944882227,0.01125684339204658,0.07640674613959057,0.012709091256059157,0.0604168731203584,0.018151893508901444,0.021668647130170166,0.016320975207515815]}
{"id": 5, "drone": 0, "position":(25.0,8.333333333333334,5.0), "time":376.1342976059453,"sensors":[38,33,6,34,5],"power":[0.08743256564470242,0.04449853874445311,0.0920639281769153,0.034402263670660675,0.21796787741336804]}
{"id": 6, "drone": 0, "position":(41.666666666666664,16.666666666666668,1.0), "time":101.02578114003899,"sensors":[30,7,36,12,31,42,29,19,1,28],"power":[0.04163257031568369,0.020718722840649583,0.049807950745384674,0.028929167068953977,0.026994808887520205,0.017198596747458057,0.0074483658951003335,0.008061870041042866,0.09591043809833392,0.011647483724005515]}
{"id": 7, "drone": 0, "position":(25.0,33.333333333333336,1.0), "time":56.917287468486904,"sensors":[2,10,49,24,41,17,29,19,28],"power":[0.01029643614487276,0.006913626095534641,0.01207834240877312,0.004484544892375406,0.07905974753515103,0.022674835968455088,0.005216020849513226,0.0067469849602886794,0.0036346139604136623]}
{"id": 8, "drone": 3, "position":(8.333333333333334,41.666666666666664,1.0), "time":421.9227463387311,"sensors":[18,27,3,47,8,25,22,32],"power":[1.5007148145462426,0.17881620253574815,0.15817789811876934,0.30464678248457927,0.13568281829692663,0.15,0.3416521945687889,0.07252028882736522]}
{"id": 9, "drone": 3, "position":(16.666666666666668,8.333333333333334,1.0), "time":303.7221957952833,"sensors":[20,38,37,6,34,35,46,5,45,16],"power":[0.046872425401679164,0.49949440789478566,0.057916021682490826,0.0485435386574351,0.3436320848870428,0.03198183002351045,0.027381614647874513,0.07561201033309482,0.046663332929076685,0.04589668096720338]}
{"id": 10, "drone": 3, "position":(33.333333333333336,33.333333333333336,1.0), "time":57.25734785018994,"sensors":[13,30,2,7,10,43,44,14,24,40,0,41,17,29,19,28],"power":[0.007999689106584324,0.004172884318778531,0.40305295947142933,0.008320956903218728,0.006469588212812573,0.004535868978717304,0.016510841714015574,0.010802308618603065,0.021212485136949795,0.01702120994251266,0.003929420125331814,0.006496315155153304,0.049167674779268575,0.02425015524746328,0.015197477084105836,0.006058792736756896]}
{"id": 11, "drone": 3, "position":(41.666666666666664,25.0,1.0), "time":255.13886366030874,"sensors":[30,2,7,36,12,44,14,31,40,0,29,19,1,28],"power":[0.2582768782202163,0.025164384021629366,0.20913900015456802,0.15141154142191895,0.11503168944699453,0.04895657443150194,0.021761407506807596,0.030691249905967256,0.02318280238655173,0.06683728450855744,0.07972911622584558,0.05297223249916561,0.040187968127958364,0.035459397551453234]}
{"id": 12, "drone": 2, "position":(41.666666666666664,8.333333333333334,4.0), "time":69.99251289921472,"sensors":[33,31,15,42,4,39,1],"power":[0.013424968074325092,0.0061186115103213316,0.014272835479791485,0.06704902849384319,0.014386311173542518,0.017727101576185934,0.011719056192749112]}
{"id": 13, "drone": 2, "position":(8.333333333333334,16.666666666666668,1.0), "time":358.1846602432845,"sensors":[21,20,38,37,34,35,46,11,45,16,9],"power":[0.13820187740988546,0.8977408997230913,0.030171786279336695,0.6659565028957414,0.025378796028905585,0.06778479167886363,0.12951222542500274,0.625134415560744,0.6633900424626891,1.2918457031224413,0.027310251560187657]}
{"id": 14, "drone": 2, "position":(16.666666666666668,41.666666666666664,1.0), "time":85.66561922896524,"sensors":[18,27,10,3,47,41,22],"power":[0.027553356288820975,0.013392296008931607,0.007714871064809803,0.020864468629714927,0.01427774992923418,0.018382619586423697,0.00806603775992936]}
{"id": 15, "drone": 2, "position":(41.666666666666664,33.333333333333336,1.0), "time":69.99251289921482,"sensors":[13,30,2,7,48,36,12,44,14,24,40,23,0,17,29,19],"power":[0.007805613502011874,0.006982279953180625,0.018158650492707717,0.010205414728817612,0.005532795049219509,0.005586998209478367,0.006039143484051476,0.4081445574525387,0.07047894370344396,0.01826317094554361,0.06619670137613362,0.005686781387579555,0.03761192918991099,0.006681532893228099,0.016397372427542082,0.007707288925502308]}
{"id": 16, "drone": 1, "position":(33.333333333333336,25.0,1.0), "time":66.03262632286282,"sensors":[30,2,7,49,36,44,31,40,17,29,19,1,28],"power":[0.021109275184331974,0.012303485214869838,0.062196562065299985,0.005350563575528714,0.005900065318697044,0.0073801903915253165,0.015633963294044744,0.004457510960938488,0.006568860519980082,0.06802874614873909,0.5167908016805742,0.010195041764473745,0.09235948034834889]}
{"id": 17, "drone": 1, "position":(33.333333333333336,16.666666666666668,1.0), "time":1.7547184513909997,"sensors":[30,7,33,36,31,42,6,29,19,5,1,28],"power":[4.21184120518277E-4,3.669697078241548E-4,1.8414840287090894E-4,1.507419807999098E-4,0.01212612190323334,1.336945870606025E-4,2.9156495118144916E-4,1.7575525646269674E-4,3.151578369305757E-4,1.2494331230548329E-4,0.0014113160636199556,8.402316790218578E-4]}
{"id": 18, "drone": 1, "position":(41.666666666666664,8.333333333333334,1.0), "time":544.0966511706976,"sensors":[33,36,31,15,42,4,39,1],"power":[0.13295024027426233,0.03661162839801459,0.058435244498913366,0.1357271645202087,3.4861545281697794,0.1394356839271844,0.1734684676081874,0.10653252492611258]}
{"id": 19, "drone": 1, "position":(25.0,41.666666666666664,1.0), "time":90.08509207292633,"sensors":[13,2,10,43,24,41,17],"power":[0.009298274569043386,0.008306407700736663,0.08490293864335823,0.009462586458946095,0.009140048562639728,0.031021659424174747,0.02301549115441975]}
