LP RESULTS :
 Obj = 0.1*lambda1+0.9*lambda2 = 153.81335213540018 (lambda1 = 1520.1335213540017, lambda2 = 2.0) Resol time = 115 ms

{"id": 0, "drone": 1, "position":(25.0,41.666666666666664,1.0), "time":459.24481437246055,"sensors":[48,46,36,14,7,39,22,8],"power":[3.083442626791424,0.11262690582809129,1.6823240403855384,0.03367689821522527,0.7314281240875009,0.09832369707826057,0.46781632831923664,0.15]}
{"id": 1, "drone": 1, "position":(33.333333333333336,8.333333333333334,1.0), "time":403.25228148601593,"sensors":[40,2,5,19,16,29,47,17,12],"power":[0.07296391132364616,0.04415724484070962,0.6124917576812969,0.07184889173595867,0.6373323402603868,0.1292398579663814,0.03558261863025263,0.060621978100558985,0.026505944086135474]}
{"id": 2, "drone": 2, "position":(8.333333333333334,41.666666666666664,1.0), "time":744.0984427014304,"sensors":[46,21,20,14,39,6,23,9,13],"power":[0.07933479765871417,0.1011635710319708,0.15,0.3042025046385648,0.06342314123789895,0.4299002388731535,0.219595804908298,0.3166577879571243,0.11887307099477365]}
{"id": 3, "drone": 2, "position":(25.0,25.0,4.0), "time":316.79026428011076,"sensors":[40,32,30,24,39,29,17,45],"power":[0.03499058281052916,0.03149095661887162,0.027226656028576903,0.18987878799309202,0.02337021513751558,0.020291148171104858,0.03413698872661266,0.24132707224181715]}
{"id": 4, "drone": 3, "position":(25.0,8.333333333333334,1.0), "time":527.8064555656931,"sensors":[40,2,35,10,5,16,29,47,27,41,17,12],"power":[0.17312846777730817,0.13763740715428424,0.040512095616112645,0.15490652633248486,0.14091812745945492,0.23636873576626818,0.2720042832341771,0.27192546372259796,0.07102764476061843,0.07726252289061432,0.20721561820070386,0.1234940559138645]}
{"id": 5, "drone": 3, "position":(41.666666666666664,25.0,1.0), "time":992.3270657883086,"sensors":[38,26,31,30,0,49,1,15],"power":[0.299756541833821,0.45259807559161613,0.10784415769512302,0.24161845024780915,0.20317779184088702,0.29782026786053445,0.1726823848835158,1.3819664288616864]}
{"id": 6, "drone": 4, "position":(8.333333333333334,25.0,4.0), "time":423.89898532338043,"sensors":[32,21,3,43,42,25,13],"power":[0.11850904338112837,0.11414908592887085,0.050910864713330596,0.05096941034728305,0.11315080296742164,0.24178031168365824,0.04069402098506143]}
{"id": 7, "drone": 4, "position":(41.666666666666664,8.333333333333334,1.0), "time":589.0747843022926,"sensors":[11,28,5,19,16],"power":[0.2006842669735511,0.15,0.08157553276375652,2.9328894278501347,0.06267609797542793]}
{"id": 8, "drone": 0, "position":(8.333333333333334,8.333333333333334,1.0), "time":992.3270657883086,"sensors":[35,10,3,37,43,42,4,27,33,41,34,18],"power":[0.20210881177975432,0.07005387390722446,0.13038546733146844,2.915139299885913,0.3208806722930213,0.14360124488185685,0.22514919542971734,0.12489442757182417,0.15,0.304400387660137,0.24653122264514948,0.294640746535339]}
{"id": 9, "drone": 0, "position":(41.666666666666664,41.666666666666664,4.0), "time":527.8064555656931,"sensors":[44,38,31,49,1],"power":[0.1804309788868139,0.061496274269625006,0.04421287689555823,0.04756895883866051,0.0983249374005462]}
