LP RESULTS :
 Obj = 0.1*lambda1+0.9*lambda2 = 140.81166648739818 (lambda1 = 1381.116664873982, lambda2 = 3.0) Resol time = 1098 ms

{"id": 0, "drone": 4, "position":(33.333333333333336,41.666666666666664,2.0), "time":145.98474318023113,"sensors":[24,4,26,45,36,30,22,41,34,19,6,44,21,14,49],"power":[0.009236664709734894,0.015316568485692005,0.08725281059414555,0.03867637602278604,0.010931517753189323,0.03748017283608059,0.3300337550172099,0.25108290161534974,0.009583920330993144,0.022229918673910054,0.023891261424456533,0.034843585253075716,0.011455658545267557,0.029843035865929415,0.01644142792469219]}
{"id": 1, "drone": 4, "position":(41.666666666666664,8.333333333333334,1.0), "time":779.7375470824568,"sensors":[31,46,17,15,47,23,9,38],"power":[0.6061724028762148,0.11021334025355833,0.08800431155389565,0.11182005848807469,0.14999999999999997,0.07378459550001878,0.2876307277585382,0.12467190959723282]}
{"id": 2, "drone": 3, "position":(16.666666666666668,41.666666666666664,1.0), "time":206.94858570488026,"sensors":[26,45,43,27,35,13,20,42,11],"power":[0.01745206570917138,0.033189241385790755,0.10028382304457299,0.014584590948261622,0.06064378228766014,0.07760665299031096,0.030058673849337976,0.05262225251240292,0.056821631471683016]}
{"id": 3, "drone": 3, "position":(25.0,41.666666666666664,1.0), "time":405.3335917745318,"sensors":[26,45,36,43,22,41,35,13,44,20,42],"power":[0.3953805163493166,1.457579790458059,0.028745936161693207,0.0314109390818425,0.12022398511267793,0.058129504815380616,0.08935621771233984,0.1206993071273737,0.07385088896529987,0.038666689955040676,0.04513050121897372]}
{"id": 4, "drone": 3, "position":(33.333333333333336,25.0,1.0), "time":403.91577961986985,"sensors":[17,36,7,34,15,6,23,37,29],"power":[0.06638250361348169,0.16255387071746974,0.4877491050392481,0.5145718844392742,0.03252676044436979,0.10258192990442383,0.11287915839911214,0.15,0.06591880974606733]}
{"id": 5, "drone": 0, "position":(8.333333333333334,25.0,2.0), "time":421.4605424875016,"sensors":[5,8,27,18,33,20,42,11],"power":[0.042751011273047104,0.4271634345745994,0.03570369371862565,0.03080601887129386,0.11460346439765924,0.03452830576043151,0.03904941850195691,0.04296431534018193]}
{"id": 6, "drone": 0, "position":(41.666666666666664,33.333333333333336,1.0), "time":215.66754259167308,"sensors":[24,36,30,1,41,34,39,6,21,29,14,16],"power":[0.01991269557726082,0.017258979470531854,0.015334685132597453,0.015182340424856586,0.03902221664207113,0.03258127853905216,0.04868578588972178,0.07348872695251217,0.12669763035777207,0.04649972657144376,0.04128942605707805,0.04479593650074134]}
{"id": 7, "drone": 0, "position":(41.666666666666664,25.0,1.0), "time":1.4178121546617284,"sensors":[31,17,36,7,34,15,6,23,21,38,29],"power":[1.1213784290842725E-4,6.61897582490588E-4,1.0316946611659594E-4,1.313723384640935E-4,2.4760443366179295E-4,4.065340164900918E-4,2.1823184449435128E-4,4.996340410837399E-4,1.1181961202775413E-4,2.1256669150123385E-4,0.007346779180543085]}
{"id": 8, "drone": 1, "position":(25.0,8.333333333333334,1.0), "time":601.3791177915251,"sensors":[48,46,12,40,28],"power":[0.15,0.20002459779106221,0.13851616627584792,0.06777033704696013,0.6634050010445077]}
{"id": 9, "drone": 1, "position":(8.333333333333334,33.333333333333336,1.0), "time":347.37394490706833,"sensors":[5,8,43,27,33,20,42,11],"power":[0.21016165482170288,0.056698661465774736,0.12250608477139122,0.21632787340154652,0.03539653560234077,0.04699025062847749,0.07665213739607929,0.24293868006106425]}
{"id": 10, "drone": 1, "position":(41.666666666666664,16.666666666666668,5.0), "time":196.04552601699336,"sensors":[31,17,15,23,9,38,29],"power":[0.06314532140212686,0.08755537300697992,0.0885111664317748,0.06198799817491673,0.016933040807547855,0.053735071161507074,0.030234684502016013]}
{"id": 11, "drone": 2, "position":(16.666666666666668,8.333333333333334,4.0), "time":95.8474713698647,"sensors":[2,12,40,10,28,32,18,25,3],"power":[0.006890546845241551,0.011483833724152077,0.048794605167965334,0.018537114657324737,0.011987930372411675,0.0133157844730115,0.014270431715549944,0.015526583304772709,0.006808661705106095]}
{"id": 12, "drone": 2, "position":(8.333333333333334,8.333333333333334,1.0), "time":574.975281824325,"sensors":[2,40,10,32,18,0,25,3],"power":[0.14928406432335842,0.1954885184763166,2.1618295721384393,0.16239658069501442,0.5859607412182423,0.15,4.073745926965425,0.1445101987526295]}
{"id": 13, "drone": 2, "position":(41.666666666666664,41.666666666666664,1.0), "time":614.1307873278716,"sensors":[24,4,26,30,22,1,41,19,39,6,44,21,14,16,49],"power":[0.30790087475646294,0.23155882970072353,0.04590524127708431,0.3467889962879965,0.0921627359380872,0.13481765957516637,0.18039040148441376,0.13036568816944358,0.1251613590645137,0.06676740864533551,0.04130552578162442,0.279150228454999,6.141307873278716,0.10592732557517805,0.1468958379276845]}
