LP RESULTS :
 Obj = 0.1*lambda1+0.9*lambda2 = 149.81249116970096 (lambda1 = 1480.1249116970093, lambda2 = 2.0) Resol time = 285 ms

{"id": 0, "drone": 2, "position":(25.0,25.0,1.0), "time":360.1139280338233,"sensors":[0,12,47,4,32,5,2,18,28,48,20,21],"power":[0.03456744610166657,0.06394341438229939,0.029324060046185537,0.5961309791475549,0.641297134456018,0.043862215294195366,0.0371525760238023,0.06095092580447696,0.03766008782077296,0.08557151617214835,0.06944991688259088,0.12088945797741003]}
{"id": 1, "drone": 2, "position":(41.666666666666664,25.0,1.0), "time":544.584908792923,"sensors":[42,8,3,31,41,28,48,43],"power":[0.5540042140241542,0.414078791999527,1.0189272213809666,0.1423388413653492,1.2581570831235038,0.15448941302374522,0.06997008640445511,0.2074263635461895]}
{"id": 2, "drone": 3, "position":(33.333333333333336,8.333333333333334,3.0), "time":575.4260748702629,"sensors":[11,0,44,22,36,5,14,28,48,40,20],"power":[0.11046097423715931,0.14848583478970606,0.2674444392627547,0.08801755252220674,0.4304798887455134,0.03632118093317598,0.1960762293652029,0.03843658237060979,0.03862078961640607,0.09895076935067709,0.0805500831174091]}
{"id": 3, "drone": 3, "position":(16.666666666666668,25.0,4.0), "time":904.6988368267793,"sensors":[47,4,32,5,18,15,21],"power":[0.39089857292172514,0.20190007884756103,0.0899902013577789,0.07611024431705772,0.1255324706081932,0.16538561234018867,0.17666746474583833]}
{"id": 4, "drone": 0, "position":(41.666666666666664,41.666666666666664,1.0), "time":725.1946193562159,"sensors":[37,35,17,16,39,31,19,27],"power":[0.15,0.1715441020956742,0.5956346416857126,0.2864181328980369,0.09973398614814617,0.10387792239093313,0.04856199449855285,0.06771872440025462]}
{"id": 5, "drone": 0, "position":(25.0,41.666666666666664,2.0), "time":734.6014664096291,"sensors":[12,30,45,35,1,7,39,19,13,2,27,23],"power":[0.153198801337652,0.0626896116720869,0.5366192035504812,0.07679736541847204,0.06482534930329201,0.080136876940156,0.2102479793261672,0.3046175567484486,0.14999999999999997,0.2454035491469133,0.15232942583902825,0.47782610470853665]}
{"id": 6, "drone": 1, "position":(8.333333333333334,41.666666666666664,2.0), "time":708.7562386561452,"sensors":[6,30,1,7,29,46],"power":[0.16682967310098765,0.15,0.398066527276829,0.2918888615764314,0.5710626638605355,0.18195029032103482]}
{"id": 7, "drone": 1, "position":(41.666666666666664,8.333333333333334,2.0), "time":544.5849087929228,"sensors":[11,0,44,22,36,14,40],"power":[0.0395390257628407,0.042542835164663964,0.48408249590897295,0.6426500317698775,0.06534538963272328,0.1302880237972401,0.6153780017452853]}
{"id": 8, "drone": 4, "position":(16.666666666666668,8.333333333333334,1.0), "time":194.0413135490713,"sensors":[33,24,26,9,5,18,25,49,21,38],"power":[0.1790353694235442,0.045404358982084905,1.940413135490713,0.06443518909584862,0.04521478827470808,0.03486520099962677,0.08419265763436196,0.3126814211693916,0.017833177848273117,0.05736611048696018]}
{"id": 9, "drone": 4, "position":(8.333333333333334,8.333333333333334,1.0), "time":1286.0835981479381,"sensors":[33,24,26,10,9,25,49,34,38],"power":[0.11894157017090266,0.5677042960105407,0.28975067693113427,0.32086041497601264,0.12637003788505022,0.09941847911029332,0.14588729247651977,0.14999999999999997,0.09263388951303982]}
