LP RESULTS :
 Obj = 0.1*lambda1+0.9*lambda2 = 157.89618613396965 (lambda1 = 1551.9618613396965, lambda2 = 3.0) Resol time = 29750 ms

{"id": 0, "drone": 2, "position":(8.333333333333334,41.666666666666664,1.0), "time":462.79275970429507,"sensors":[17,29,9,27,12,28],"power":[0.1692090226253567,0.13868838051465687,0.15,0.05521166098563633,0.1622305896277881,0.2994885188986636]}
{"id": 1, "drone": 2, "position":(25.0,33.333333333333336,5.0), "time":116.62060623931188,"sensors":[15,6,47,46,3,39,44],"power":[0.012966424201797009,0.016133716872137258,0.032754792796980806,0.009270186395136756,0.013021095006932461,0.010248153995704246,0.06667881065920343]}
{"id": 2, "drone": 2, "position":(25.0,41.666666666666664,5.0), "time":746.1998593882315,"sensors":[47,18,22,27,39,44,43],"power":[0.2802584465135515,0.10185869860939614,0.08699787635967426,0.14429011925086202,0.12632182496632752,0.14951357211469674,0.13602047476757878]}
{"id": 3, "drone": 0, "position":(8.333333333333334,16.666666666666668,1.0), "time":57.545018683242006,"sensors":[23,19,41,34,25,46,38],"power":[0.10545178620594761,0.027367065048489195,0.010865341192981114,0.05002339108844328,0.004377308074773322,0.004588285065658799,0.006914996704074839]}
{"id": 4, "drone": 0, "position":(25.0,8.333333333333334,1.0), "time":719.8393911962247,"sensors":[5,24,10,32,2,25,37,49,36,26,1],"power":[0.06848613361125394,0.08684389727232934,1.9606354439482014,0.0830036710855638,0.15,0.24772403722382572,0.2036936039595237,0.6284859436747545,1.6329193414165768,0.09045501935320363,0.14684902049929147]}
{"id": 5, "drone": 0, "position":(16.666666666666668,33.333333333333336,2.0), "time":342.9692422471698,"sensors":[15,47,29,46,27,38,44,12],"power":[0.05114811209937985,0.03916098788435342,0.023470048582446335,0.10945321766733053,0.028587337348873913,0.06952760460856221,0.06786595784780149,0.1469441712361219]}
{"id": 6, "drone": 4, "position":(8.333333333333334,8.333333333333334,1.0), "time":748.2169832682231,"sensors":[5,23,19,34,25,49,7],"power":[0.1552139874018138,0.08621825718379957,0.30231767236567963,0.07708076122423002,0.05465739475015493,0.059657442241445674,0.15]}
{"id": 7, "drone": 4, "position":(8.333333333333334,25.0,1.0), "time":746.1998593882316,"sensors":[23,19,41,34,15,29,46,38,12],"power":[0.3438984600412922,0.05522219006151496,0.1391346588070189,0.254094193230261,0.062106047668325566,0.06517931863331401,0.20334227830413248,0.2221611884870289,0.05763350557231824]}
{"id": 8, "drone": 1, "position":(33.333333333333336,16.666666666666668,3.0), "time":40.20611146159467,"sensors":[24,32,6,37,3,26,14,31,1,21],"power":[0.048063498824842545,0.009830079735009987,0.004104313458309719,0.010785299945817195,0.005494373414742614,0.06817296874364419,0.007772946692581069,0.005367161175344865,0.011293476236617575,0.003131742822677788]}
{"id": 9, "drone": 1, "position":(41.666666666666664,41.666666666666664,1.0), "time":586.7623154572113,"sensors":[42,4,18,22,13,11,48,39,30,43],"power":[0.053451101403449414,0.40791005606534086,0.12040145371265912,0.09294124877884676,1.038324345186398,0.16530306620118448,0.348691469070608,0.11917033390070388,0.05391684612451902,0.04485482464987362]}
{"id": 10, "drone": 1, "position":(41.666666666666664,8.333333333333334,1.0), "time":722.2324841033933,"sensors":[8,0,40,16,45,26,14,1,21],"power":[0.2290274594462211,0.15,0.33620212805204847,0.21996676578468627,0.2394243891303436,0.07573652337869334,0.9204816267395888,0.1573373002437427,2.988111866529123]}
{"id": 11, "drone": 3, "position":(41.666666666666664,25.0,5.0), "time":965.1995458824852,"sensors":[33,42,6,3,11,31,35,20,30],"power":[0.2475140942067621,0.29034233695216716,0.11938907915153413,0.12537844126964798,0.08524720088650944,0.27468265755764515,0.30053412095584375,0.3515828273030878,0.2942708560325527]}
{"id": 12, "drone": 3, "position":(25.0,16.666666666666668,1.0), "time":26.360468192006717,"sensors":[24,10,32,15,25,6,37,49,3,36,26,1,38],"power":[0.009636396833108109,0.0038296191465361103,0.044690464009383396,0.005329900657656691,0.011028722195641489,0.0016870601848102123,0.08338854714077061,0.004723428554529051,0.0022318608217490564,0.0031137200234569807,0.006201843128114785,0.003235458033231488,0.0020195254873161027]}
{"id": 13, "drone": 3, "position":(25.0,25.0,4.0), "time":43.32340638647702,"sensors":[24,32,15,6,37,46,3,26,31,38,44],"power":[0.0054562070697201336,0.012475785170042716,0.01844951537284087,0.008685830333208673,0.0056819832039261544,0.005518582692809046,0.009000864192146199,0.0032004084312885917,0.003644262303708321,0.005893326355602507,0.005948374861787001]}
