LP RESULTS :
 Obj = 0.1*lambda1+0.9*lambda2 = 117.40252022113208 (lambda1 = 1147.0252022113207, lambda2 = 3.0) Resol time = 1040 ms

{"id": 0, "drone": 1, "position":(25.0,8.333333333333334,1.0), "time":284.4571011199686,"sensors":[2,6,4,48,32,28,40,13,24,16,15,10,19,1,9,39,31,20,21],"power":[0.10182953409290593,0.08355538992881845,0.05090493979334007,0.07263905039086825,0.07872472099375798,0.06087560827331615,0.054293795123341336,0.10423427041871912,0.09569088584551418,0.027324446685850864,0.19114939528245478,0.06814590039165426,0.16824583523706066,0.4555041743903461,0.037076295264269435,0.1477706743323736,0.07413431019256647,0.04464696357131654,0.05108170701997035]}
{"id": 1, "drone": 1, "position":(25.0,41.666666666666664,1.0), "time":173.26569452207772,"sensors":[49,23,27,0,47,43],"power":[0.12921488043274842,1.7326569452207772,0.14364275859351958,0.338995789085891,0.2670993508574196,0.2864484725419804]}
{"id": 2, "drone": 1, "position":(8.333333333333334,16.666666666666668,1.0), "time":429.1028416156212,"sensors":[38,2,37,46,25,30,34,31],"power":[0.21563424325435587,0.033673343266028645,1.075806320075225,0.13816936776097397,0.11665803305758501,0.09806979905400078,0.057510342276475945,0.047636368809812125]}
{"id": 3, "drone": 0, "position":(25.0,33.333333333333336,1.0), "time":280.605143940262,"sensors":[49,23,3,27,0,12,42,47,43,35],"power":[0.020785119567251573,0.06293468042278136,0.052476110130651364,0.050963698988924964,0.04445936439779061,0.038505665394299365,0.01826782586026594,0.06429525328656827,0.04036878337768505,0.05816902019182504]}
{"id": 4, "drone": 0, "position":(16.666666666666668,8.333333333333334,5.0), "time":231.7978340457468,"sensors":[38,2,13,37,46,24,19,1,39,31,21],"power":[0.023571308282693392,0.06441569929129672,0.08654494262218353,0.024631607146506578,0.024557164885021437,0.03785405944691923,0.01990822620246772,0.026376302802926424,0.048117690843445006,0.10220324454173546,0.0947682460219956]}
{"id": 5, "drone": 0, "position":(41.666666666666664,25.0,1.0), "time":284.45710111996846,"sensors":[12,18,42,17],"power":[0.05904059403821347,0.023123915180624,0.11011724517716667,0.24970452842356622]}
{"id": 6, "drone": 3, "position":(25.0,25.0,5.0), "time":433.4652594757307,"sensors":[28,3,12,25,42,35,20],"power":[0.048251042363504026,0.19539028067677963,0.05814380389410661,0.029352152673658007,0.042095952655801745,0.06890283379876819,0.04716634153055524]}
{"id": 7, "drone": 3, "position":(41.666666666666664,8.333333333333334,1.0), "time":651.5572189609727,"sensors":[6,14,4,48,32,40,16,8,18,15,10,7,9],"power":[0.09912682651926835,0.15,0.046423879344474485,0.08852903040162186,0.054249721059390604,0.1450570916948679,0.39546560252155677,1.2978778846471497,0.49863222073386715,0.05563512655896185,0.06296639097408968,0.22814531098542412,0.15424546070736755]}
{"id": 8, "drone": 2, "position":(8.333333333333334,41.666666666666664,1.0), "time":597.5177454271264,"sensors":[26,29,44,41,11,33],"power":[0.28124060394233474,0.29818829083587417,0.07824293737394199,0.15,0.07531184148066304,0.205126337776796]}
{"id": 9, "drone": 2, "position":(33.333333333333336,8.333333333333334,1.0), "time":203.85608952208094,"sensors":[6,4,48,32,28,40,24,16,8,18,15,10,19,7,1,9,39,20],"power":[0.7731090273138289,0.05267118086218543,0.21793061567838318,0.0851790248867013,0.04162447266888667,0.6337314561095835,0.01645505470756659,0.2719527804661844,0.024097256830456593,0.026835639320424747,0.2013719068947197,0.09501391757342333,0.046669288512001014,0.06927416079979548,0.0495862515091012,0.18224951682699553,0.01824340527206624,0.04351241953071711]}
{"id": 10, "drone": 2, "position":(8.333333333333334,25.0,1.0), "time":284.4571011199688,"sensors":[38,26,37,25,30,29,44,11,35],"power":[0.018233160447610083,0.032996818097103336,0.034589898319778746,0.13731717421542114,0.03201975945131994,0.026401327780965374,0.09835690626039903,0.07953105768667254,0.0411830133100931]}
{"id": 11, "drone": 4, "position":(33.333333333333336,16.666666666666668,1.0), "time":7.154792608298521,"sensors":[6,48,32,28,40,16,8,12,18,15,42,1,9,17,20],"power":[0.0019552847198115804,0.004055678317786245,0.005171771908955043,0.005279482872979449,9.317650519300027E-4,0.0011856300926848876,4.89630791726341E-4,7.857073491133352E-4,9.675138396424475E-4,9.721299215104374E-4,0.001341204914268899,0.0013219568048541213,0.005121595563042962,6.030425867460293E-4,0.014674275367411178]}
{"id": 12, "drone": 4, "position":(8.333333333333334,8.333333333333334,1.0), "time":201.6674254299841,"sensors":[38,2,13,37,46,30,34,31,21],"power":[0.22471085510670127,0.016419256899310827,0.02213579617327586,0.08134982851844591,0.41937372293743186,0.019910441494679285,0.09248965772352405,0.030488570984606195,0.04028519004455102]}
{"id": 13, "drone": 4, "position":(41.666666666666664,41.666666666666664,1.0), "time":693.1543637489814,"sensors":[5,22,27,45,36],"power":[0.25040819912830115,0.15,0.056729232386103674,0.6309261736284154,1.1281560861702753]}
