LP RESULTS :
 Obj = 0.1*lambda1+0.9*lambda2 = 137.63522710245735 (lambda1 = 1349.3522710245736, lambda2 = 3.0) Resol time = 5211 ms

{"id": 0, "drone": 2, "position":(41.666666666666664,8.333333333333334,1.0), "time":1072.0262251876054,"sensors":[23,1,40,2,28],"power":[1.733150108077242,0.7088512716848191,0.5691036884747255,0.2925556337243416,0.15]}
{"id": 1, "drone": 2, "position":(8.333333333333334,16.666666666666668,1.0), "time":46.783223864840345,"sensors":[34,13,45,25,14,48,17,10,30,6,3,15,21],"power":[0.007435461991116918,0.00762731060562361,0.007022046019138948,0.015551348386825497,0.005735001977611745,0.019239197126810773,0.01554358706633602,0.0039853909575727,0.01119936400516605,0.006072344440296909,0.09388063741623157,0.006275649823054893,0.005861724366453786]}
{"id": 2, "drone": 2, "position":(8.333333333333334,25.0,1.0), "time":82.65480073263846,"sensors":[32,13,25,4,41,29,48,17,10,30,6,3,15],"power":[0.014379166830982113,0.04758811835668478,0.040509294681280665,0.01822802014830383,0.010836701846507247,0.01136007423063248,0.18969373858030053,0.10491807902392941,0.021285530996228007,0.009614808323612523,0.016996615066749335,0.010347452816225983,0.013597282976659285]}
{"id": 3, "drone": 4, "position":(8.333333333333334,41.666666666666664,1.0), "time":659.385738479107,"sensors":[11,8,27,41,29,18,0,12,9],"power":[0.38732653683325713,0.5053864686062409,0.11929221862656597,0.20051159509475672,0.059760934314986386,0.19183468585164082,0.19468881942262212,0.14710679603748433,0.07531228021236334]}
{"id": 4, "drone": 4, "position":(33.333333333333336,25.0,2.0), "time":595.0811387737599,"sensors":[24,35,49,36,38],"power":[0.04595996325490818,0.08685186905115719,0.10280290346515318,1.2191683213641056,0.0403416098646763]}
{"id": 5, "drone": 4, "position":(25.0,41.666666666666664,3.0), "time":82.65480073263825,"sensors":[5,22,27,46,33,37,49,19,16,7,43,0,9,42],"power":[0.1560662811916118,0.0061187410779221406,0.013455768116092035,0.012630785027280262,0.03147364236437369,0.06404213731445693,0.009383640404074115,0.011524263084779489,0.041205595630426986,0.05194034550995033,0.09478066615539306,0.007407706195211261,0.018089920120971055,0.049762632121224976]}
{"id": 6, "drone": 3, "position":(16.666666666666668,16.666666666666668,1.0), "time":188.26819729928644,"sensors":[24,34,45,25,48,26,17,10,30,6,3,15],"power":[0.051057231769210544,0.07612692152671784,0.39792801819765167,0.06281716791096105,0.023588719610820045,0.01744433314726448,0.015074894507465082,0.029211833641848123,1.5645371384097984,0.06313899570241814,0.027371636417553996,0.10039425950458992]}
{"id": 7, "drone": 3, "position":(16.666666666666668,41.666666666666664,1.0), "time":15.64439658743575,"sensors":[5,11,8,27,33,41,29,37,16,7,43,0,12,9,42],"power":[0.0037241020406782632,0.0010432853812909837,0.00310488129326024,0.01725201325734198,0.0013848469215851863,0.0030777219837852623,0.002570171832068142,0.002513503098570964,0.0027486368312286034,0.001647954756073616,0.003049797803995567,0.010591359779021143,0.0028932039625156635,0.010258144466438655,0.001974969560351474]}
{"id": 8, "drone": 3, "position":(33.333333333333336,41.666666666666664,1.0), "time":665.2629073874082,"sensors":[5,22,47,44,46,33,37,49,19,16,7,43,42],"power":[0.13051756759735933,0.1808728632763344,0.052761634951362456,0.10333070015743985,1.7595177501455284,0.1973546983437701,0.14553575100918706,0.052243022946617514,0.19338251464086637,0.10604576753834441,0.23783408175622792,0.13786711388677678,0.1660838416559215]}
{"id": 9, "drone": 1, "position":(8.333333333333334,8.333333333333334,1.0), "time":650.8277279464975,"sensors":[34,45,14,31,26,30,3,39,21,20],"power":[0.1452283750643873,0.06859814202056011,1.567789551064826,0.1872324226629134,0.055651516321143644,0.059494137869510924,0.23103410882344788,0.060585648886476696,0.14413827563354623,0.05272609507248307]}
{"id": 10, "drone": 1, "position":(8.333333333333334,33.333333333333336,1.0), "time":585.3139110946253,"sensors":[32,11,8,13,25,4,41,29,48,18,17,10,6,0,9],"power":[0.13562083316901785,0.07638795403083604,0.044101051510476885,0.09435808430301822,0.04750556345469233,0.13177197985169614,0.9925349067576841,0.14702401020492367,0.06963472022534184,0.06751309073993393,0.07191537290240749,0.08304146167456666,0.03993136683655614,0.1661755880906541,0.06988587538540704]}
{"id": 11, "drone": 1, "position":(16.666666666666668,25.0,1.0), "time":6.3534241307673085,"sensors":[24,13,45,25,41,29,49,48,17,10,30,6,0,9,15],"power":[7.103155168304324E-4,4.2648673467338073E-4,7.80000743358237E-4,0.003231568059834921,6.048680329400402E-4,0.0017904736633034173,6.582158527927355E-4,0.001108561616198095,6.995153667986215E-4,0.028035939077268174,0.0016290436555589794,0.023860677953979396,4.487444624978053E-4,5.230107823762305E-4,0.009496970802573952]}
{"id": 12, "drone": 0, "position":(16.666666666666668,8.333333333333334,1.0), "time":374.4648970505432,"sensors":[24,34,45,14,31,26,30,3,39,15,20],"power":[0.04399284831459642,0.8746718795608687,0.1364500139243193,0.06896309856496312,0.08920463439924689,0.26810559167125003,0.06847470251382508,0.03812642922865059,0.08276675148020775,0.0239868420119148,0.16106747880787062]}
{"id": 13, "drone": 0, "position":(25.0,8.333333333333334,5.0), "time":82.65480073263893,"sensors":[24,34,45,26,39,20],"power":[0.014003667789104134,0.011242454490049235,0.011190446783360323,0.021557504108523032,0.006647599633315561,0.016795754689458382]}
{"id": 14, "drone": 0, "position":(41.666666666666664,33.333333333333336,3.0), "time":601.4345629045272,"sensors":[47,44,46,35,36,38],"power":[0.10018831354049638,0.1250957762539631,0.08943642502332856,0.1356837282218977,0.08173656094454658,0.11452919297249937]}
