LP RESULTS :
 Obj = 0.1*lambda1+0.9*lambda2 = 149.5890105255929 (lambda1 = 1468.890105255929, lambda2 = 3.0) Resol time = 2942 ms

{"id": 0, "drone": 0, "position":(8.333333333333334,41.666666666666664,1.0), "time":832.0996872670432,"sensors":[43,31,9,16,47,11,20,32,36,4,41],"power":[0.1358880509591105,0.0685354304729994,0.25848634100798656,0.5905753115273427,1.004483258667394,0.15,0.08454252002240309,0.1387481273668813,0.5991921944017267,0.09271669837404937,0.1912040465898611]}
{"id": 1, "drone": 0, "position":(8.333333333333334,25.0,5.0), "time":455.6813817737123,"sensors":[31,22,40,7,20,1,5],"power":[0.11819853850376684,0.1405431183395328,0.17861660543460992,0.09407086300499795,0.05957842811205828,0.056801799294257944,0.1099291910779836]}
{"id": 2, "drone": 0, "position":(41.666666666666664,25.0,1.0), "time":0.21898747479019676,"sensors":[24,49,33,8,42,34,3,17,19,12],"power":[3.9351866122979276E-5,5.3104278434178605E-5,6.989640377697699E-5,5.20638585847032E-5,3.8585386507820695E-4,9.520567254016671E-5,7.040922249759188E-5,3.140805483964471E-5,2.2233229867829255E-5,4.281872280958528E-5]}
{"id": 3, "drone": 4, "position":(8.333333333333334,25.0,1.0), "time":114.01651845326643,"sensors":[31,2,22,40,7,20,1,5,41],"power":[0.05118477466606834,0.008645130181564199,0.0766976053548133,0.1594186166426189,0.033917842290593865,0.019692584078442443,0.01871276938426857,0.03986480019648776,0.008826494785611502]}
{"id": 4, "drone": 4, "position":(41.666666666666664,16.666666666666668,2.0), "time":756.2233244060012,"sensors":[24,44,49,42,39,48,34,10,19,46],"power":[0.149960648133877,0.04772978113217317,0.0714795536038324,0.3105486532483083,0.3800983454127121,0.1598689886857828,0.11136151318472906,0.08730003278782733,0.7924137124599202,0.14596649677526694]}
{"id": 5, "drone": 4, "position":(25.0,41.666666666666664,1.0), "time":455.6813817737123,"sensors":[25,35,0,29,47,32,4,41],"power":[0.14425722964954465,0.5209273833467424,0.16797448377176338,1.3276372827015546,0.029423283907192482,0.06140091781197809,0.15674302488805944,0.041104227493306354]}
{"id": 6, "drone": 3, "position":(8.333333333333334,8.333333333333334,1.0), "time":595.7108225088837,"sensors":[38,14,2,28,45,5],"power":[0.08331600701269883,0.2629864262490698,0.4872639885237074,0.20964427266515875,0.8528538081610605,0.05347299899294046]}
{"id": 7, "drone": 3, "position":(41.666666666666664,41.666666666666664,1.0), "time":519.7922593429963,"sensors":[26,8,21,27,0,23,6,12],"power":[0.9215072210032149,0.05363166981238624,0.15,0.27951526510417996,0.04063338738844985,0.19467549915404855,0.5878616770301507,0.10664954508514425]}
{"id": 8, "drone": 2, "position":(41.666666666666664,8.333333333333334,1.0), "time":712.4477933751377,"sensors":[37,44,39,48,10,19,18,46],"power":[0.15,0.06470326010869394,1.053407118424591,0.2346371324555986,1.3302204733765843,0.34039100167559666,0.05447777681761138,4.0192875598006745]}
{"id": 9, "drone": 2, "position":(8.333333333333334,16.666666666666668,1.0), "time":303.48138252006675,"sensors":[2,28,22,40,7,45,5],"power":[0.23504711586583474,0.05234146086969482,0.03922198742177376,0.05951821619528359,0.022011294704408168,0.03014755045965062,0.17540133413693818]}
{"id": 10, "drone": 2, "position":(25.0,25.0,5.0), "time":452.96092936072455,"sensors":[13,30,22,3,17,15,1],"power":[0.26616620148925907,0.10378497642824723,0.03064938820464228,0.029819776072654788,0.08548244202263001,0.203554056063917,0.07046861252343631]}
{"id": 11, "drone": 1, "position":(16.666666666666668,41.666666666666664,1.0), "time":67.09251776190706,"sensors":[25,43,35,16,29,47,20,32,36,4,1,41],"power":[0.0057427703504553404,0.014111949040889532,0.008122964225903346,0.006918384242056188,0.013224224493240308,0.03738163217756474,0.01026367962218374,0.03128918905647361,0.005864713815793248,0.0860779423170013,0.004385461493161883,0.02679820428745687]}
{"id": 12, "drone": 1, "position":(41.666666666666664,33.333333333333336,1.0), "time":712.4477933751376,"sensors":[49,26,33,8,42,34,27,3,17,6,12],"power":[0.0784673421177334,0.35339096494135985,0.22184738416353406,0.3572114465858994,0.07856666446126861,0.09950056969960658,0.1238495540841197,0.24364688117687694,0.08105537351920332,0.0637490545630319,1.8798017581187383]}
{"id": 13, "drone": 1, "position":(25.0,8.333333333333334,1.0), "time":568.3159549185996,"sensors":[44,38,30,28,18],"power":[0.2788185763708304,0.07112821175522845,0.0802301500205574,0.07413686728001902,0.0955222231823886]}
