LP RESULTS :
 Obj = 0.1*lambda1+0.9*lambda2 = 130.41833012489607 (lambda1 = 1277.1833012489608, lambda2 = 3.0) Resol time = 17461 ms

{"id": 0, "drone": 2, "position":(8.333333333333334,16.666666666666668,1.0), "time":180.33550666044098,"sensors":[4,37,23,46,48,3,40,12,45,29,47,24],"power":[0.013047276043719759,0.03242972439095478,0.3666553744282934,0.03993520005328437,0.020969042813561534,0.01708879730722047,0.06802109731838667,0.015269339639558363,0.013000330933914039,0.012960378053842796,0.01684417016869505,0.015001119721120958]}
{"id": 1, "drone": 2, "position":(33.333333333333336,41.666666666666664,1.0), "time":473.38227462617584,"sensors":[49,19,1,41,20,31,36,38,35,2,5,42,43,22],"power":[0.043028894501285546,0.6716474867943992,0.45215623240041597,0.17858802396207818,0.15192275340957406,0.08131475398465694,0.08998107842604426,0.046678405028747226,0.12547729477581748,0.12584457588181092,0.10037495019827063,0.1243219981218511,0.03650467087040975,0.12039900053702754]}
{"id": 2, "drone": 2, "position":(41.666666666666664,41.666666666666664,1.0), "time":195.65250766004397,"sensors":[49,19,1,20,36,35,6,2,5,22],"power":[0.19194982340702782,0.047342227761567886,0.15453149862654517,0.028469362791664638,0.029318607834047855,0.024522705224182494,0.016857333851264093,0.21642130848156402,0.034323267931386944,0.03531524689880693]}
{"id": 3, "drone": 1, "position":(8.333333333333334,41.666666666666664,5.0), "time":759.1622081863511,"sensors":[33,11,15,32,13,29],"power":[0.15,0.24123787714147568,0.059673368941299064,0.12058271546677365,0.3531052406262858,0.053382165537470196]}
{"id": 4, "drone": 1, "position":(16.666666666666668,25.0,1.0), "time":2.6812414090675105,"sensors":[4,21,37,0,23,30,46,16,48,28,34,12,45,29,47],"power":[0.0018370794102469717,6.095880650589202E-4,5.484620347944804E-4,6.691718166416848E-4,3.141378171825098E-4,7.922039292124391E-4,1.903243773220426E-4,7.791845401001137E-4,2.045041446749837E-4,5.548443875446074E-4,5.098685474577218E-4,0.020652487934537982,0.00572080359814844,4.821372790959219E-4,0.008337748861412728]}
{"id": 5, "drone": 3, "position":(41.666666666666664,33.333333333333336,1.0), "time":608.148518962741,"sensors":[49,19,1,36,6,2,5,43,10,22],"power":[0.06971418661740575,0.11929498092506707,0.12215447748877252,0.33912485028384826,0.13314266614873588,0.06368044727676074,0.34017835807681474,0.05039639884094642,0.21582243257277595,0.25727459740728886]}
{"id": 6, "drone": 3, "position":(16.666666666666668,41.666666666666664,1.0), "time":400.3797432605362,"sensors":[41,31,11,30,15,16,38,32,13,42],"power":[0.042858075397847764,0.027582202669067427,0.2644935046261612,0.06342228983586916,0.09032663105870098,0.048366957348019275,0.11817038872291506,1.3145013041473186,0.051462953322252834,0.04061724026316595]}
{"id": 7, "drone": 3, "position":(16.666666666666668,33.333333333333336,1.0), "time":117.64134980207373,"sensors":[4,41,31,11,30,16,28,32,13,12,45,29,47],"power":[0.04860184143847744,0.009381421121632587,0.013678837609883521,0.012851799138771266,0.616048195817741,0.12566777403386084,0.018139759178592587,0.04170076111634451,0.009659022084499197,0.024169744368063524,0.04679993914479826,0.023540030728422614,0.036076987852064486]}
{"id": 8, "drone": 4, "position":(25.0,25.0,1.0), "time":195.65250766004397,"sensors":[4,21,37,31,0,30,16,28,34,12,43,45,47],"power":[0.01859271523503122,0.3267138380668119,0.02040754674819247,0.032834274190795015,0.06354572002711797,0.023195323168818307,0.04581950918568267,0.4037484770764967,0.19175118995664278,0.05195171720495655,0.06309893028864379,0.031229443123527698,0.030679987127885406]}
{"id": 9, "drone": 4, "position":(8.333333333333334,8.333333333333334,1.0), "time":407.458713341765,"sensors":[37,23,3,40,9,24],"power":[0.036448825842601326,0.04878888221686344,0.33669899240544093,0.04532314780708537,0.02663305288747007,0.13447211059063804]}
{"id": 10, "drone": 4, "position":(25.0,16.666666666666668,1.0), "time":74.83573234605922,"sensors":[21,37,0,28,34,12,18,9],"power":[0.03647444929060104,0.019081554968542264,0.06791251255475908,0.00843537227147787,0.0618685568904695,0.00877028093951077,0.005044720564102968,0.02047738358078907]}
{"id": 11, "drone": 0, "position":(41.666666666666664,8.333333333333334,4.0), "time":852.0631973893641,"sensors":[26,7,39,8,44,25,14,17,18,27],"power":[0.15,0.15015935008216721,0.23984053392096058,0.16335024457894806,0.23462099632757882,0.15722180656004647,0.49056065485106093,0.741183891892013,0.27823605648423927,0.15110541138751715]}
{"id": 12, "drone": 0, "position":(16.666666666666668,8.333333333333334,1.0), "time":198.8566046405568,"sensors":[37,0,3,9,24],"power":[0.04480718445925444,0.017872595601481262,0.019855252015725446,0.10288956353174086,0.3039956598567753]}
{"id": 13, "drone": 0, "position":(8.333333333333334,25.0,1.0), "time":217.3629951910272,"sensors":[4,37,23,30,46,16,48,40,12,45,29,47],"power":[0.0797735123711773,0.017565025377635216,0.0864322620701157,0.02592769000629352,0.14312942651940047,0.014389666734880848,0.15334979199587748,0.03665575487452798,0.0387409711518723,0.053249483199611314,0.1505229471264964,0.06058853984866453]}
