LP RESULTS :
 Obj = 0.1*lambda1+0.9*lambda2 = 167.13465775874084 (lambda1 = 1644.3465775874085, lambda2 = 3.0) Resol time = 2874 ms

{"id": 0, "drone": 4, "position":(8.333333333333334,33.333333333333336,1.0), "time":68.52896350328786,"sensors":[35,25,6,31,37,45,38,46],"power":[0.004798557576839079,0.028787983405968366,0.33876288944084143,0.3155471499938191,0.01042420564662086,0.04476441608839484,0.021730534228397012,0.005700922748295431]}
{"id": 1, "drone": 4, "position":(16.666666666666668,8.333333333333334,1.0), "time":168.0097967761383,"sensors":[39,14,7,12,22,18,15,47],"power":[0.03995407692481033,0.37977018946676916,0.015691733695526202,0.032422555374219786,0.1577237922211752,0.03029333921272831,0.1205561908420454,0.02083290348558927]}
{"id": 2, "drone": 4, "position":(33.333333333333336,8.333333333333334,1.0), "time":22.135914622615697,"sensors":[44,17,23,27,16,36],"power":[0.007673007788704613,0.01110458140605857,0.05852192571320917,0.008443692862876826,0.002157971325540123,0.003836746424989242]}
{"id": 3, "drone": 0, "position":(25.0,41.666666666666664,1.0), "time":79.83533942575923,"sensors":[5,9,40,1,33,3,29,30,43],"power":[0.04948897134763898,0.015146579500928308,0.015417835588576012,0.0104921125367531,0.015614142236925088,0.006129589052895281,0.031272028070963166,0.018677616066717567,0.029145677114790425]}
{"id": 4, "drone": 0, "position":(33.333333333333336,41.666666666666664,1.0), "time":493.81975576087405,"sensors":[5,13,9,2,40,1,11,33,3,19,29,30,26,8,43,32],"power":[0.6773055745845284,0.04296365974319575,1.7751322118834676,0.0442176648835104,0.32803865284116424,0.19613379476927376,0.057674695263656546,3.721269451664746,0.10029179832842892,0.15667015394909356,0.9413135130733151,0.1313223839332824,0.041571835211654376,0.1209937353181718,0.05877859106597703,0.1257954279740872]}
{"id": 5, "drone": 0, "position":(41.666666666666664,41.666666666666664,2.0), "time":1070.6914824007754,"sensors":[5,13,9,2,40,1,11,33,28,3,19,29,21,26,8,32],"power":[0.09806322036701393,0.35148997683701627,0.23015290641650268,0.5066338272252476,0.14536587753848598,0.15740074172476534,0.3831866464000513,0.23919371307658338,0.23535056566214851,0.1139294822635202,0.30154876645846235,0.1268753543143229,0.15000000000000002,0.831705238658426,1.3032669496997598,0.2946069711382101]}
{"id": 6, "drone": 3, "position":(41.666666666666664,8.333333333333334,1.0), "time":261.25094821723195,"sensors":[44,41,17,20,23,48,27,36],"power":[0.9147739469363823,0.12374709933285588,0.12169460524784462,0.07319998843903464,0.0540307965672394,0.018407337801119424,0.029439721813998333,1.0447633872754165]}
{"id": 7, "drone": 3, "position":(8.333333333333334,8.333333333333334,2.0), "time":295.06786079190994,"sensors":[42,49,0,39,14,12,4,22,18,15,47],"power":[0.020254429141497853,0.08822955302511709,0.10472655984228545,0.04508433617959933,0.055521225011155854,0.0348300864551037,0.06858453777113971,0.11678437050651311,0.42938996654129136,0.025482396359747927,0.05840990948876584]}
{"id": 8, "drone": 3, "position":(33.333333333333336,16.666666666666668,1.0), "time":295.0678607919101,"sensors":[44,17,7,23,48,27,16,10,36,24],"power":[0.039057321974341044,0.024714292709245998,0.020920073514633167,0.037447277719551426,0.04055642213191881,0.6382560411231752,0.38542500550483616,0.09715084653557252,0.030710768786046515,0.08948190470837768]}
{"id": 9, "drone": 1, "position":(8.333333333333334,41.666666666666664,2.0), "time":669.1496734783329,"sensors":[34,35,6,31,37,45,38,46],"power":[0.08865043995094851,0.2875194090872909,0.12567974920062633,0.10038438400049511,1.0926094192334226,0.06219453874839172,0.2327418345323849,0.4255766583485115]}
{"id": 10, "drone": 1, "position":(41.666666666666664,16.666666666666668,2.0), "time":531.6066210713395,"sensors":[44,41,17,20,48,27,16,10,36,24],"power":[0.10695242713347435,0.08151476025170375,0.04062269533292572,0.07680001156096536,0.3260056270952649,0.08045857120515684,0.07185417119228271,0.09645067797180204,0.15287470182392304,0.19699605601289255]}
{"id": 11, "drone": 1, "position":(16.666666666666668,41.666666666666664,3.0), "time":443.59028303773607,"sensors":[35,6,31,37,46,43],"power":[0.03291084398146918,0.04569387890977617,0.031052714689523014,0.051052807705791445,0.04090209747422831,0.06207573181923253]}
{"id": 12, "drone": 2, "position":(16.666666666666668,16.666666666666668,1.0), "time":43.75935577883056,"sensors":[39,14,7,12,22,18,15,47],"power":[0.11561533765680101,0.01882526738548918,0.026426059113857342,0.17140393402667276,0.0048709514907298666,0.00614093494928375,0.0039614127982067,0.013812192484577443]}
{"id": 13, "drone": 2, "position":(8.333333333333334,16.666666666666668,1.0), "time":1137.5095642405297,"sensors":[42,25,49,0,39,14,7,12,4,22,18,47],"power":[0.35152807204229514,0.12496851289045337,0.22313139540924357,0.2286587557545382,0.4173141096002836,0.16290388703342878,0.0869621336759833,0.37541796427814433,0.08141546222886029,0.10785867518387547,0.5284810895323157,5.140385711218847]}
{"id": 14, "drone": 2, "position":(8.333333333333334,41.666666666666664,2.0), "time":463.0776575680484,"sensors":[34,35,6,31,37,45,38,46],"power":[0.061349560049051476,0.19897463862366108,0.08697528545599797,0.06946990672164761,0.7561283081337141,0.04304104516321344,0.16106642179634412,0.29451563659777774]}
