LP RESULTS :
 Obj = 0.1*lambda1+0.9*lambda2 = 145.6961181518613 (lambda1 = 1429.961181518613, lambda2 = 3.0) Resol time = 3042 ms

{"id": 0, "drone": 0, "position":(41.666666666666664,41.666666666666664,1.0), "time":181.00663291698964,"sensors":[40,5,17,38,48,34,25,3,16,30],"power":[0.3580298504592005,0.1355193883594096,0.02656752552570185,0.03906386263276125,0.059249171252660625,0.016494296624532244,0.13542271789570942,0.038839922723179945,0.02628521464074958,0.10994770237886295]}
{"id": 1, "drone": 0, "position":(25.0,41.666666666666664,1.0), "time":181.0066329169864,"sensors":[23,9,34,3,16,27],"power":[0.016781215329772513,0.030742405157375106,0.12194327667404166,0.025461546644211693,0.05450650363274602,0.020407319310036538]}
{"id": 2, "drone": 0, "position":(41.666666666666664,25.0,1.0), "time":510.31121454097047,"sensors":[23,42,1,37,4,14,17,20,19,38,13,47,48,41,21,32,43,30],"power":[0.0333053595699089,0.06684562091082485,0.38906941769733205,0.05426134607286965,0.07149612782401955,0.06770308146583215,0.13086680324971378,0.09871545115802025,0.057672203960671305,0.06853191694077694,0.6747663616630996,0.364790722429544,0.05025540797910122,0.12448189010992204,0.03918692163867473,0.035044017300833674,0.09400809273478992,0.045556500429944836]}
{"id": 3, "drone": 3, "position":(33.333333333333336,25.0,2.0), "time":580.859916330428,"sensors":[23,1,4,17,10,13,47,41,43,18],"power":[0.17357378661180828,0.3351762594754711,0.23886903776142032,0.10673532334702414,0.04780464653245889,0.055191040367415595,0.05191144805056954,0.42977153902461956,1.3074622083978298,0.04643704325679496]}
{"id": 4, "drone": 3, "position":(33.333333333333336,41.666666666666664,1.0), "time":103.02188181224639,"sensors":[23,40,5,4,17,48,34,41,25,3,16,30],"power":[0.010615916752265649,0.03356629309769767,0.009472386467971425,0.011658419500608716,0.011648159475194344,0.006895164879796831,0.1247664657311904,0.00764142610271547,0.022672371799068156,0.08569853063260834,0.3062163998745737,0.023392449741935925]}
{"id": 5, "drone": 3, "position":(8.333333333333334,25.0,1.0), "time":181.0066329169863,"sensors":[11,0,7,46],"power":[0.05413392070994376,1.8100663291698629,0.6218157790224149,0.015903512631180707]}
{"id": 6, "drone": 1, "position":(41.666666666666664,33.333333333333336,1.0), "time":54.76153591797879,"sensors":[23,1,40,5,4,17,38,13,47,48,41,25,16,43,30],"power":[0.004718463485107503,0.006288854639935374,0.007337888448819006,0.005008225172619005,0.0105221817482779,0.08914801620315634,0.04240422042646219,0.012929433380491481,0.02226734377520807,0.03708881160391932,0.012316907506280247,0.004208041496723392,0.004966634225227543,0.00616611404679786,0.052342463870482234]}
{"id": 7, "drone": 1, "position":(25.0,16.666666666666668,1.0), "time":53.48907903594403,"sensors":[6,29,10,36,24,39,26,45,43,35,18],"power":[0.020178729353472143,0.014196713061180604,0.031693973249123056,0.0056611697196153245,0.00963067603765564,0.0037996120134495925,0.012990392191984673,0.004087857309939346,0.004166561788395113,0.015378615451752535,0.05338692651065493]}
{"id": 8, "drone": 1, "position":(8.333333333333334,33.333333333333336,1.0), "time":1248.9545486016268,"sensors":[0,9,28,7,27],"power":[0.27820304399307483,0.12880458583166196,0.38220548456201026,0.3110154813465052,0.1644266898881725]}
{"id": 9, "drone": 2, "position":(25.0,8.333333333333334,1.0), "time":456.82213550502644,"sensors":[6,29,10,2,36,24,22,39,26,45,35,18],"power":[0.6183865164781548,0.09902086594750542,0.14854361110299327,0.1430024983165188,0.3908450864421482,1.3110537074479314,0.03536902568564007,0.12068266016750745,0.8120698712742817,0.05279180522543603,0.07843047867127602,0.05017603023255036]}
{"id": 10, "drone": 2, "position":(8.333333333333334,8.333333333333334,2.0), "time":919.6499669776425,"sensors":[11,44,31,29,15,8,39,46,35],"power":[0.1406602839792741,0.48575394160965507,0.2245324277921237,0.09898013720343357,0.15,1.6560630177228695,0.1309233284259223,0.5318707868759877,0.08877850665654574]}
{"id": 11, "drone": 4, "position":(33.333333333333336,8.333333333333334,1.0), "time":40.43866494814108,"sensors":[42,37,14,6,33,10,2,19,12,36,24,49,22,26,45],"power":[0.004266597004257787,0.0036734694014943377,0.0030298949727701383,0.01290075582413405,0.006600251506871536,0.01203416201415519,0.006997501683481189,0.004017043799957231,0.0100326505674447,0.0037713002867782648,0.005365606747812302,0.0035671970675682668,0.03281921659603745,0.004541968866923294,0.06147397189106829]}
{"id": 12, "drone": 4, "position":(41.666666666666664,8.333333333333334,1.0), "time":664.7125321639674,"sensors":[42,37,14,33,19,12,49,22,21,45,32],"power":[0.23586964559800255,0.2660673221779035,0.1918365986124618,0.6624731670180934,0.25890374579529346,1.1559019198311302,0.14643280293243172,0.5826317291526026,0.10743521228395825,0.25063125238802747,0.14928625467204423]}
{"id": 13, "drone": 4, "position":(41.666666666666664,16.666666666666668,1.0), "time":214.49876986553403,"sensors":[42,1,37,14,33,20,10,19,12,13,47,22,21,45,32],"power":[0.5060327604920795,0.05551949194797488,0.24998172386994374,0.35390871530717766,0.01797958323520885,0.051284548841979756,0.0147891413418839,0.3531055503598735,0.09894913366850082,0.03226305119903704,0.018997959064510066,0.031425896527225015,0.05543752408058895,0.045132207288803634,0.0623025627032787]}
