LP RESULTS :
 Obj = 0.1*lambda1+0.9*lambda2 = 101.1248188661426 (lambda1 = 975.2481886614261, lambda2 = 4.0) Resol time = 501400 ms

{"id": 0, "drone": 2, "position":(25.0,25.0,1.0), "time":236.95279968296254,"sensors":[22,47,45,26,37,35,12,32],"power":[0.025830696211520503,0.03751827497002399,0.022928206605337096,0.0657340158193643,2.3695279968296252,0.031140099292474917,0.05080320565423416,0.019437948091618033]}
{"id": 1, "drone": 2, "position":(25.0,8.333333333333334,1.0), "time":48.07057042299266,"sensors":[34,7,39,29,49,2],"power":[0.02562158690882156,0.003730251264085277,0.004918411428637559,0.004183089022581939,0.08351886221516461,0.013493491529453084]}
{"id": 2, "drone": 2, "position":(41.666666666666664,41.666666666666664,1.0), "time":541.8554491353658,"sensors":[10,9,44,20,33,25,0,46,4,31],"power":[0.04818037762658312,0.15,0.0715673283595969,0.10734869610226644,0.07142380397735576,0.07811817268015439,0.04229376019216149,0.1087103580816146,0.9711536301469266,0.2849635714091881]}
{"id": 3, "drone": 2, "position":(16.666666666666668,16.666666666666668,1.0), "time":67.88632837962693,"sensors":[34,21,45,48,39,49,2,37,32,27],"power":[0.013487929111303242,0.005102855998233468,0.005646597929732859,0.005912912635942804,0.09504209009907515,0.009402112870204047,0.04262276724158762,0.00573530212367853,0.014705730882157687,0.008498972375796585]}
{"id": 4, "drone": 0, "position":(8.333333333333334,16.666666666666668,1.0), "time":71.90569816220717,"sensors":[21,6,45,19,48,39,2,41,28,43,32,27],"power":[0.01916982213115807,0.029798622405594156,0.004756378147999967,0.006191413975448339,0.027721202847422837,0.020667578117043076,0.007129479246303695,0.004797078738999486,0.01051134777883962,0.005314315418630224,0.01473469697973171,0.14685859233967827]}
{"id": 5, "drone": 0, "position":(8.333333333333334,8.333333333333334,1.0), "time":543.9900885580536,"sensors":[5,34,21,6,19,39,2,41,28,27],"power":[0.15,0.055993893596671555,1.2686368768064689,0.04578711684683243,0.45375059210411,0.11179309089261252,0.053304968754616315,0.21132905553143796,0.9132874045738639,0.07571829556083533]}
{"id": 6, "drone": 0, "position":(16.666666666666668,25.0,1.0), "time":18.116770841177768,"sensors":[45,48,39,2,37,43,35,32,27],"power":[0.012629216476724768,0.002004744497629179,0.0019261062947487143,0.0013597969310894839,0.003433291090139621,0.0017667434504810757,0.0018844643520033921,0.01651138887537576,0.0014822739535328077]}
{"id": 7, "drone": 0, "position":(25.0,41.666666666666664,2.0), "time":304.90264945240324,"sensors":[22,10,47,20,16,46,35,12,15,36],"power":[0.13207846938665907,0.1080620018005782,0.02372719753324206,0.056828355870581194,0.36719291528645737,0.062160123080474604,0.08137891787356766,0.026614057675288683,0.12155261011810622,0.06865226933258363]}
{"id": 8, "drone": 4, "position":(16.666666666666668,41.666666666666664,2.0), "time":275.4839421430484,"sensors":[22,23,45,3,16,1,35,15,36],"power":[0.03581254913521455,0.047942494292663514,0.018040407924433833,0.03507988568026225,0.03448791360236869,0.024781239040292394,0.05505820091303757,0.02844738988189378,0.5867912505587567]}
{"id": 9, "drone": 4, "position":(41.666666666666664,33.333333333333336,1.0), "time":106.7531405396289,"sensors":[10,11,47,26,44,20,33,25,0,46,4,13,12,31],"power":[0.008299821010170336,0.022721892376143967,0.01715737154724263,0.011152068258417788,0.10378748639821364,0.01554392642870494,0.03868689405701598,0.04140980150528956,0.08867877356734476,0.013408096200711211,0.028895655618862957,0.023404951310026595,0.01238279664166284,0.02620195001436931]}
{"id": 10, "drone": 4, "position":(8.333333333333334,25.0,1.0), "time":19.372715640385877,"sensors":[42,6,45,3,48,39,14,18,43,32,27],"power":[0.003465336399714635,0.005255843129609121,0.005920972735243003,0.001717666091120874,0.02063770638694337,0.0013718218789016943,0.0021084583232645173,0.001646673718810779,0.011288673742836052,0.01501361512312038,0.005756271731635316]}
{"id": 11, "drone": 4, "position":(41.666666666666664,8.333333333333334,1.0), "time":423.91683102974207,"sensors":[17,7,8,29,38,24,30],"power":[0.14332679203413073,0.40684127652261487,0.2816026985823158,0.2547507944050784,0.03280394433525027,0.650900203879146,0.119043565234109]}
{"id": 12, "drone": 3, "position":(33.333333333333336,25.0,1.0), "time":13.612407534248753,"sensors":[11,17,47,26,38,25,0,37,13,12],"power":[0.001296886116937246,0.0011619083297597324,0.004420673679807451,0.022355920386620928,0.004469777298899016,0.002668279936942959,0.0020902554101239943,0.0033268383359252966,0.0019033109152121399,0.004544457745242349]}
{"id": 13, "drone": 3, "position":(8.333333333333334,16.666666666666668,2.0), "time":181.15508114976734,"sensors":[21,6,19,48,39,2,41,28,43,32,27],"power":[0.04578503675393289,0.06921443767917994,0.01524069187972113,0.06474524570865281,0.04951886761166603,0.017564812874251517,0.011615384262415457,0.024937783905718346,0.012756596984380046,0.03622436526216606,0.27277447418648604]}
{"id": 14, "drone": 3, "position":(8.333333333333334,33.333333333333336,1.0), "time":285.52993381201736,"sensors":[23,42,45,3,48,14,18,43,1,32,40],"power":[0.021267657224191494,0.1787159128861966,0.08007822018052838,0.28813644712233566,0.028978187923409508,0.15280270206810628,0.09694860634034273,0.1811986637697346,0.07660960472102639,0.04060377597094385,0.03160345858334726]}
{"id": 15, "drone": 3, "position":(16.666666666666668,8.333333333333334,1.0), "time":24.750935507213015,"sensors":[34,21,19,39,49,2,41,28],"power":[0.03915864667039077,0.003206793955146926,0.006227282093777215,0.010551055646244398,0.004265752939076539,0.014524683422698302,0.0015838357944782876,0.0027946303017221904]}
{"id": 16, "drone": 1, "position":(33.333333333333336,33.333333333333336,1.0), "time":21.736949534028227,"sensors":[22,10,47,26,44,20,16,25,0,37,46,35,4,13,12],"power":[0.004696500037701052,0.00835307454732679,0.06493444513106633,0.008973493914266394,0.0018745372203307874,0.009308306041239103,0.0016814906579129074,0.05758470471152666,0.0032780049848709996,0.002347370026639197,0.0072294214919383796,0.002340435169041801,0.0015876780946246433,0.0015510476134688981,0.030622147394203617]}
{"id": 17, "drone": 1, "position":(8.333333333333334,41.666666666666664,1.0), "time":394.8615970659745,"sensors":[23,42,3,14,18,43,1,36,40],"power":[0.30574961901719805,0.05736658941281421,0.2710623994967209,0.0908484166567552,0.08633368788936269,0.031841429146657135,0.36506797327104484,0.07214540509543785,0.11839654141665273]}
{"id": 18, "drone": 1, "position":(33.333333333333336,8.333333333333334,1.0), "time":246.42870817928082,"sensors":[34,17,7,8,29,49,38,24,30],"power":[0.0157379437128131,0.05073629010243377,0.20029906477914763,0.02267728972426698,0.2088796307660412,0.052813271975554764,0.017847677640916167,0.0436308432230958,0.030956434765891]}
{"id": 19, "drone": 1, "position":(41.666666666666664,25.0,1.0), "time":291.2902419181544,"sensors":[11,17,47,26,44,33,38,25,0,24,13,12],"power":[0.38453800611842,0.03405535078697925,0.03010213864162709,0.0417845016213308,0.0698095954380563,0.03988930196562825,0.11385202495396116,0.042800786142818806,0.2700155117279287,0.018444053871503635,1.0012236598155373,0.02503333488936836]}
