LP RESULTS :
 Obj = 0.1*lambda1+0.9*lambda2 = 158.25883092471312 (lambda1 = 1555.5883092471313, lambda2 = 3.0) Resol time = 2876 ms

{"id": 0, "drone": 1, "position":(25.0,25.0,1.0), "time":133.0257748427523,"sensors":[36,4,9,11,25,6,44,24,2,15,16,1],"power":[0.10032635849898601,0.07638907221570493,0.4504935781617983,0.015428335736518514,0.09753648919302996,0.19011837850404834,0.03306378888700096,0.01704532238883258,0.011400055725459676,0.013224587201515233,0.01113898356446964,0.013304339931932998]}
{"id": 1, "drone": 1, "position":(8.333333333333334,41.666666666666664,1.0), "time":1414.2515240976486,"sensors":[13,32,26,38,0,17,35,5,39,3,49,7,19,22,20,29],"power":[0.10664806122500194,2.1055172977983903,8.942918544307693,0.4773620944235867,0.11451866550526155,0.17348247814022194,0.15,2.8241596159507667,0.6205878620217034,0.4778870135485922,1.1420882406519781,2.0892096366759363,0.13412164216741937,0.2806974472316091,0.18200840025029194,0.32113748429706157]}
{"id": 2, "drone": 0, "position":(33.333333333333336,25.0,1.0), "time":39.1100218206941,"sensors":[27,34,36,4,9,28,25,6,44,24,47,2,33,1],"power":[0.004058823314937224,0.006912632989283986,0.04194055623669908,0.03512428212174883,0.011735311598358255,0.00324991005835994,0.004063308313637225,0.006194400466585272,0.005289918734583268,0.05105039429984412,0.0028371378204444507,0.01951518509058796,0.00721797434341771,0.005515490284806125]}
{"id": 3, "drone": 0, "position":(41.666666666666664,8.333333333333334,1.0), "time":858.8703100107224,"sensors":[27,48,34,18,40,28,37,47,1,45],"power":[0.14119584947300207,0.14999999999999997,0.10014808465522848,0.1123582038275121,0.06213862972384623,0.06785557781563749,0.23809569755531396,0.32334532687842943,0.06809937473644101,3.793696339325526]}
{"id": 4, "drone": 0, "position":(33.333333333333336,8.333333333333334,1.0), "time":230.68110737199225,"sensors":[27,34,18,40,21,44,47,1,45],"power":[0.1220930234521481,0.015649475726419577,0.19314544956800128,0.05191488560101067,0.03256370629091281,0.023408516905825422,0.08940128142376612,0.06822833399165115,0.04220937669415084]}
{"id": 5, "drone": 2, "position":(8.333333333333334,16.666666666666668,1.0), "time":100.57104863451866,"sensors":[0,11,43,10,23,15,16],"power":[0.007549343987824892,0.01076583242450835,0.14523441672831444,0.007509637933787098,0.043470848971050774,0.028407098373859636,0.03246370459035334]}
{"id": 6, "drone": 2, "position":(8.333333333333334,25.0,1.0), "time":40.76573651496392,"sensors":[0,43,3,23,22,15,20,16],"power":[0.027931990506913557,0.019343577059291885,0.0048565467691964745,0.002687968425157575,0.010073277440266622,0.007262261662839878,0.010762954365039027,0.013744688325460589]}
{"id": 7, "drone": 2, "position":(8.333333333333334,8.333333333333334,2.0), "time":689.9830934467091,"sensors":[43,10,12,23,46,15],"power":[0.06954463498703074,0.12798910635459831,0.15,0.32680715620450485,0.24831965124999542,0.05540352023002656]}
{"id": 8, "drone": 3, "position":(25.0,41.666666666666664,1.0), "time":40.76573651496392,"sensors":[8,13,38,17,14,30,31,41,19],"power":[0.0040857491050186245,0.009915936330573902,0.0034404931723475618,0.009378060142815918,0.011597860345789088,0.01396786550018664,0.0159462765067717,0.12309534287979322,0.016507989992052916]}
{"id": 9, "drone": 3, "position":(33.333333333333336,41.666666666666664,1.0), "time":956.5256425399623,"sensors":[8,14,30,42,31,41,2],"power":[0.9686778159392561,0.18061543957577753,0.4644673733867609,0.20137411748721082,1.0215015621495658,0.29182644928800805,0.07132807097840117]}
{"id": 10, "drone": 3, "position":(25.0,8.333333333333334,3.0), "time":293.9010952009703,"sensors":[27,18,11,40,10,25,21,44,1],"power":[0.038742969992692715,0.06079781728666155,0.05047389395204646,0.03594648467514309,0.06297134362171014,0.01920156610296297,0.11743629370908722,0.05094062779773448,0.050100692331698456]}
{"id": 11, "drone": 4, "position":(16.666666666666668,41.666666666666664,1.0), "time":100.57104863451877,"sensors":[13,32,26,38,17,14,5,39,3,49,7,41,19,22,20,29],"power":[0.03343600244442416,0.053898289287295176,0.0254295705356924,0.05458923067096011,0.07049195509319754,0.007823310131949516,0.023685990633791027,0.009015323647022651,0.02119586572163856,0.014338150563347994,0.025602791597014757,0.014516924341833265,0.08207546406350999,0.008946077955829074,0.011196800926847838,0.008535098572635265]}
{"id": 12, "drone": 4, "position":(41.666666666666664,25.0,1.0), "time":426.9268700437226,"sensors":[34,36,4,28,24,47,2,33],"power":[0.1794867032373081,0.03730069280518196,0.038486645662546254,0.19410475534058397,0.11846570078844973,0.030074858403292385,0.12984701185529662,0.28098853584013067]}
{"id": 13, "drone": 4, "position":(16.666666666666668,16.666666666666668,2.0), "time":471.13307196493315,"sensors":[11,43,10,25,6,44,23,15,16],"power":[0.5709502716406424,0.0642712689206769,0.08288878425195688,0.12596148932994122,0.08473089118230068,0.07531099214585316,0.14510084682956564,0.8255703856410003,0.20522772681110268]}
