LP RESULTS :
 Obj = 0.1*lambda1+0.9*lambda2 = 139.13109838998585 (lambda1 = 1364.3109838998587, lambda2 = 3.0) Resol time = 24255 ms

{"id": 0, "drone": 4, "position":(33.333333333333336,41.666666666666664,1.0), "time":266.71034018304204,"sensors":[43,5,24,30,37,12,29,14],"power":[0.04513759584291979,0.02795858010233073,0.026657935573315025,0.018640488575951634,0.6214102698377871,1.1245560850290843,0.0803735531920756,0.0315724925514808]}
{"id": 1, "drone": 4, "position":(8.333333333333334,41.666666666666664,4.0), "time":504.2799824357072,"sensors":[6,26,39],"power":[0.10417752381289835,0.10484658504129492,0.10276045230370011]}
{"id": 2, "drone": 4, "position":(41.666666666666664,25.0,1.0), "time":97.40139554868205,"sensors":[11,10,28,23,8,31,36,41],"power":[0.007639515288209268,0.02255202712081853,0.029876946570455948,0.025822770320402307,0.024429450510469276,0.04539144666292543,0.014154749585673854,0.01812503766405549]}
{"id": 3, "drone": 1, "position":(41.666666666666664,33.333333333333336,1.0), "time":788.3801937434215,"sensors":[43,11,5,10,9,28,37,31,12,34,41],"power":[0.08657923617282656,0.22316267724970168,0.23993227092924674,0.985605182706554,0.053330617421635106,0.11216314978020683,0.05904952229301233,0.10460855333707456,0.07476112109728082,0.1852836788119426,0.16539285630578568]}
{"id": 4, "drone": 1, "position":(25.0,33.333333333333336,1.0), "time":2.9657771727985818,"sensors":[24,27,28,30,39,40,12,14],"power":[0.001078496109816038,2.228514018386446E-4,2.383068891164792E-4,0.00915403615478258,3.499859249205594E-4,4.1889208094114504E-4,4.2802525336839664E-4,0.008307603058041214]}
{"id": 5, "drone": 1, "position":(25.0,8.333333333333334,2.0), "time":13.022967710516298,"sensors":[19,38,45,27,21,20,15,35,46],"power":[0.0012860725372960573,0.0022396585766540637,0.005949643039650939,9.480206506782263E-4,0.0013367175815915226,0.0012485753433226679,0.0032602487290060156,0.008085498169723872,0.005892962429279332]}
{"id": 6, "drone": 3, "position":(8.333333333333334,25.0,1.0), "time":351.0262036799994,"sensors":[2,7,25,6,4,40,49],"power":[1.4863948855700906,1.6113372750204593,0.0714548890400004,0.0460074185448844,0.07761098499458896,0.05986286764998158,0.04591191560732639]}
{"id": 7, "drone": 3, "position":(16.666666666666668,33.333333333333336,1.0), "time":509.004797784152,"sensors":[24,2,7,6,30,26,39,40,14],"power":[0.12644912555636806,0.06779399809063129,0.0328878314373929,0.04659461064841442,0.09320615384898834,0.05796042239183182,0.2514818774525555,0.14136671499479872,0.06572648117918276]}
{"id": 8, "drone": 3, "position":(33.333333333333336,16.666666666666668,1.0), "time":36.361034775293405,"sensors":[38,27,48,3,21,28,23,8,35,36,17],"power":[0.0818218926930017,0.010573002961880459,0.002550395292987522,0.004045098242204955,0.0034046500949256003,0.0065779485399413175,0.014163941006997109,0.015952065126472938,0.005573700507566901,0.14855299927959204,0.010563922927388766]}
{"id": 9, "drone": 2, "position":(41.666666666666664,41.666666666666664,1.0), "time":306.2546728005967,"sensors":[43,11,5,10,9,37,12,29,34],"power":[0.5319256410739879,0.05586759047251562,0.36610852876363464,0.04500791669793333,0.09666938257836488,0.07990152319017274,0.05088979273787175,0.06962644680792439,0.08446952676992409]}
{"id": 10, "drone": 2, "position":(8.333333333333334,16.666666666666668,1.0), "time":317.51005556245946,"sensors":[19,2,33,16,7,25,20,4,40,32,49,46],"power":[0.05644072882641205,0.06103817162158107,0.03285620291050576,0.07980036563093634,0.0876207849233734,0.6277941064939331,0.03190462061610171,0.07238901500541102,0.02094825298692545,0.09146322787648893,0.08651539189823425,0.02019503007998396]}
{"id": 11, "drone": 2, "position":(41.666666666666664,8.333333333333334,1.0), "time":708.7411679059336,"sensors":[38,48,3,21,22,23,8,13,1,35,36,17,42,0],"power":[0.06348097944822655,0.39263474912844915,3.000209701085703,0.2269587304523566,0.14999999999999997,0.11026148436733062,0.10961848436305778,0.9455053612428166,0.16612254045662558,0.06182917948310339,0.07249679972876868,0.4688100798656641,0.20946696268116816,0.29533035477490355]}
{"id": 12, "drone": 0, "position":(8.333333333333334,8.333333333333334,1.0), "time":695.7747246573998,"sensors":[19,45,33,16,18,25,44,20,15,32,49,46,47],"power":[0.4016678738915556,0.07246761181145316,1.0243225953393797,3.0392986905124317,0.15,0.13154729324612868,0.16832662354317154,0.32454108912017104,0.059665145650623246,0.6126001248218386,0.06724704999447614,0.07084642109203539,0.16007218834687234]}
{"id": 13, "drone": 0, "position":(25.0,25.0,1.0), "time":183.8041497004492,"sensors":[38,27,28,30,40,36,14],"power":[0.01799882349084447,0.11337399683485912,0.027154744782275784,0.06557815270790852,0.04962677169455109,0.0155589834335428,0.04439342321129522]}
{"id": 14, "drone": 0, "position":(25.0,8.333333333333334,1.0), "time":338.00323596950034,"sensors":[19,38,45,27,21,20,15,32,35,36,46],"power":[0.032887729201219885,0.05979531310110566,0.17069968203870078,0.024882128150743543,0.035847016143567056,0.031825199627274404,0.08707460562037074,0.021642957693373634,0.24003424469829784,0.021584368805729642,0.16945408772724907]}
