LP RESULTS :
 Obj = 0.1*lambda1+0.9*lambda2 = 151.64332199224805 (lambda1 = 1489.4332199224805, lambda2 = 3.0) Resol time = 4307 ms

{"id": 0, "drone": 2, "position":(25.0,25.0,1.0), "time":245.5522298174025,"sensors":[36,0,39,49,23,4,22,44,34,20,7],"power":[0.17123493553987,0.12152237070580177,0.01932834342145943,0.02502445820165615,0.15393662450812684,0.0797116912171882,0.030409195425857113,0.03367067023690494,0.05427212574740571,0.030637758393408633,0.23587200634129069]}
{"id": 1, "drone": 2, "position":(8.333333333333334,41.666666666666664,1.0), "time":633.1092070171853,"sensors":[13,19,25,26,20,29,21,15],"power":[2.6890420201493708,0.07437692216418823,0.05023241785527094,0.0952297302416132,0.047432489415119475,0.16595314692621382,1.0343133877544994,0.09203206087992684]}
{"id": 2, "drone": 2, "position":(25.0,41.666666666666664,1.0), "time":224.5319549745017,"sensors":[42,36,32,5,23,30,20,6],"power":[0.08193074494319842,0.014834728452410668,0.7606398947828571,0.018045478619509198,0.021085070104089526,0.15000000000000002,0.023127780059166783,0.1279346572799571]}
{"id": 3, "drone": 1, "position":(16.666666666666668,8.333333333333334,1.0), "time":96.00359781239916,"sensors":[31,27,39,43,47,17,44,8,38,28],"power":[0.02680939356838214,0.07970852698776003,0.010658130308788694,0.014997252072663022,0.006930802721860352,0.04017594958292257,0.010642913984992442,0.015355341057286215,0.029784414310662477,0.9600359781239917]}
{"id": 4, "drone": 1, "position":(41.666666666666664,41.666666666666664,1.0), "time":810.3913612041875,"sensors":[48,14,42,9,5,24,6],"power":[1.5514581044493014,0.6109424992077411,0.08880771717673358,0.15,0.1340167742415075,0.2797593994304603,0.053794844528339214]}
{"id": 5, "drone": 1, "position":(8.333333333333334,33.333333333333336,1.0), "time":386.23982811339107,"sensors":[13,49,4,19,25,20,29,21,15],"power":[0.11014991269471865,0.08651856059457343,0.03281217691445088,0.1850121530526433,0.09976758214472907,0.0672194435495084,0.10270237116532038,0.07556436949707047,0.8597290817075792]}
{"id": 6, "drone": 0, "position":(41.666666666666664,25.0,1.0), "time":452.525632783088,"sensors":[41,40,5,11,2,22,45,33,34,24],"power":[0.4615327947223255,3.987547167881022,0.047345117962823535,0.06771868657035204,0.03894285013253039,0.11909348399877652,0.34463856282687666,0.14699587514322146,0.08717365025112948,0.06457537316565945]}
{"id": 7, "drone": 0, "position":(41.666666666666664,8.333333333333334,1.0), "time":1005.9383046007713,"sensors":[12,11,2,47,45,3,37,18],"power":[0.14473332714284456,0.1925108362155309,0.34893993470313234,0.06541729296055677,0.07710733200767816,0.14999999999999997,0.20938755408887086,0.16021931867699338]}
{"id": 8, "drone": 3, "position":(8.333333333333334,41.666666666666664,5.0), "time":470.08418479190414,"sensors":[13,19,26,29,21,15],"power":[0.25806463523736134,0.04568716219325997,0.054770269758386794,0.08788302241884254,0.19359582327083988,0.05475604608260539]}
{"id": 9, "drone": 3, "position":(41.666666666666664,16.666666666666668,1.0), "time":28.985011577917703,"sensors":[12,41,40,11,2,45,37,33,34],"power":[0.005510448749941818,0.005261290851067093,0.007092312260880196,0.02357544724223905,0.015877607083498602,0.0210219210317023,0.005457605376011018,0.0030041248567784997,0.0018464759719098865]}
{"id": 10, "drone": 3, "position":(8.333333333333334,8.333333333333334,1.0), "time":825.9741907623633,"sensors":[31,27,10,43,17,35,8,16,46,38,28,1],"power":[1.9525632910770099,0.4020778009714674,0.2217359331302679,0.2923396082182887,1.770392859090374,0.13174611515233486,4.343023988706372,0.15089482178781888,0.15,0.09900328322817548,0.1836795130270809,0.21649980201258556]}
{"id": 11, "drone": 4, "position":(25.0,8.333333333333334,1.0), "time":163.67516816660375,"sensors":[12,27,39,47,38,28,18],"power":[0.02535004228037413,0.01469460409721136,0.11129927874594435,0.07765190431758286,0.021212302461162028,0.034047382689515696,0.017779119955458382]}
{"id": 12, "drone": 4, "position":(16.666666666666668,16.666666666666668,3.0), "time":403.7802631811143,"sensors":[31,27,0,39,49,4,17,44,35,8,7,28],"power":[0.06377868769333349,0.039116892395043144,0.09271268827520597,0.04217162042993253,0.04459693652102865,0.051930373719999715,0.046882571834752466,0.39859937351086333,0.05618009417025853,0.0307817627836213,0.08714551562562248,0.08934572591936939]}
{"id": 13, "drone": 4, "position":(33.333333333333336,25.0,1.0), "time":1.9842709607033768,"sensors":[12,41,36,40,5,11,23,22,45,34,7],"power":[2.2213651420099938E-4,1.699533054368571E-4,6.43987849318522E-4,4.800819862966022E-4,3.1027518638721783E-4,3.085885858613207E-4,3.47143324488523E-4,0.0018469624181455097,4.948987184965076E-4,0.006707748029554923,1.7873422445987427E-4]}
