LP RESULTS :
 Obj = 0.1*lambda1+0.9*lambda2 = 129.81674090486507 (lambda1 = 1271.1674090486508, lambda2 = 3.0) Resol time = 15650 ms

{"id": 0, "drone": 2, "position":(41.666666666666664,8.333333333333334,1.0), "time":637.01465705117,"sensors":[24,0,20,42,19,11],"power":[0.0745954763646219,0.04367042386490079,0.32502952683851505,0.09203449717718451,0.10233477781464326,0.23178001115743038]}
{"id": 1, "drone": 2, "position":(16.666666666666668,8.333333333333334,3.0), "time":236.95942790566278,"sensors":[47,33,10,2,8,31,17,27,49,48],"power":[0.04793850336388124,0.03106834278409122,0.02136186571305238,0.10079676358495586,0.1464464500693667,0.0860379302026079,0.015756398409829488,0.4518992962154049,0.08337035998361339,0.06482840512006563]}
{"id": 2, "drone": 2, "position":(33.333333333333336,16.666666666666668,1.0), "time":19.460163858389137,"sensors":[13,10,28,6,24,20,42,11],"power":[0.003022299175537117,0.004445091614849946,0.015697125104113745,0.0013228604812288683,0.00375059200397779,0.0019994950119340232,0.006146358923368715,0.0029235135071498117]}
{"id": 3, "drone": 0, "position":(41.666666666666664,33.333333333333336,2.0), "time":24.069395432167312,"sensors":[1,13,12,32,6,16,26,35,21],"power":[0.05125670478250483,0.0018934041014965338,0.004916684558623274,0.0022209919764034857,0.0021387498294790325,0.0028384713703702765,0.0028201378022475335,0.04590317385868362,0.0015483653009925008]}
{"id": 4, "drone": 0, "position":(41.666666666666664,25.0,1.0), "time":534.6437085811057,"sensors":[1,13,12,28,6,24,0,35,21,19],"power":[0.18710308014901023,0.07121862206885735,0.18584432837984372,0.04553002930241856,0.35427723277266865,0.22522120510300694,0.12043158422499312,0.18274218662853584,0.1484516346990075,0.04766522218535673]}
{"id": 5, "drone": 0, "position":(8.333333333333334,41.666666666666664,1.0), "time":627.8472985461844,"sensors":[14,25,41,22,5,9,7,29,4,23],"power":[0.29417230150945156,0.29336163903050927,0.08260988341175815,0.3192693282177333,0.30161227693345244,0.9703633628066647,0.15,0.38319878841872934,0.07796062400923578,0.06227010124679327]}
{"id": 6, "drone": 3, "position":(25.0,25.0,3.0), "time":166.45211638739931,"sensors":[13,28,40,46,30,23],"power":[0.049410894368818896,0.03903794502651682,0.016989836185810406,0.04625787461140807,0.028992797773221935,0.012180530470836965]}
{"id": 7, "drone": 3, "position":(8.333333333333334,25.0,1.0), "time":476.8679941150672,"sensors":[15,33,3,40,36,17,43,41,46,5,30,39,4,23],"power":[0.1429659759500344,0.10039768411243984,0.07446082745008815,0.21523661605965033,0.15033292995230987,0.043668354589902446,0.07001025859456662,0.09467792380910847,0.04355981081908111,0.05023789974939451,0.11110605039049763,0.1753176746539096,0.1772989081759694,0.09581181678749656]}
{"id": 8, "drone": 3, "position":(33.333333333333336,25.0,1.0), "time":3.2361145884260623,"sensors":[1,13,28,6,24,16,35],"power":[4.1117741682572176E-4,0.008481567134279368,0.0013831208404124632,2.7210489013962104E-4,4.3800889595440755E-4,2.8625517570051703E-4,5.474453634997065E-4]}
{"id": 9, "drone": 1, "position":(16.666666666666668,8.333333333333334,1.0), "time":215.6589876262908,"sensors":[47,33,10,2,8,31,17,37,27,46,49,48],"power":[0.049410674248726694,0.03023254573169912,0.021148027351337674,0.1254422506089233,0.2164066177070053,0.09868803014205244,0.015615239241063564,0.014340265885630676,2.1565898762629083,0.014880388992511727,0.09395821345189587,0.06930474135881357]}
{"id": 10, "drone": 1, "position":(41.666666666666664,41.666666666666664,1.0), "time":709.2181904469519,"sensors":[1,18,34,32,16,26,38,35],"power":[0.09540452944555267,0.15,0.24536754625405136,0.16095432737249182,0.08324806769194604,0.16491871785485807,0.10121096848308941,0.09778366703166415]}
{"id": 11, "drone": 1, "position":(8.333333333333334,16.666666666666668,1.0), "time":341.6809994016301,"sensors":[15,33,3,40,36,2,31,17,43,27,46,49,30,39],"power":[0.05673278771004229,0.3794477150280475,0.07553917254991185,0.05606062667454839,0.0283307363979095,0.025944924717372475,0.05988532993913032,0.22968068332849723,0.11947576990823464,0.03708424970788691,0.02978524097613056,0.05296474903483947,0.04565364378959917,0.022953686119684725]}
{"id": 12, "drone": 4, "position":(25.0,25.0,5.0), "time":70.50731151826344,"sensors":[13,28,40,46,30],"power":[0.015973213151010707,0.013360882632295469,0.00634690456417536,0.015516684600868533,0.009927218373423233]}
{"id": 13, "drone": 4, "position":(25.0,41.666666666666664,1.0), "time":461.74551295934435,"sensors":[44,32,16,38,45,29],"power":[0.24915311170563528,0.09471436716733453,0.10690803615872693,0.13599550377698472,0.15,0.03571583452105673]}
{"id": 14, "drone": 4, "position":(25.0,8.333333333333334,1.0), "time":476.86799411506763,"sensors":[47,10,28,2,8,20,42,37,27,11,49,48],"power":[0.05265082238739209,0.5185837862122569,0.03499089709424284,0.03910071644581869,0.12376334434985105,0.041022134894656774,0.14045963993442695,0.14771993244363382,0.09587674956460464,0.06110691286461375,0.08644266833031494,0.046770121995798754]}
