LP RESULTS :
 Obj = 0.1*lambda1+0.9*lambda2 = 135.04452738835508 (lambda1 = 1332.4452738835507, lambda2 = 2.0) Resol time = 136 ms

{"id": 0, "drone": 0, "position":(25.0,8.333333333333334,1.0), "time":258.9498984295067,"sensors":[48,20,38,37],"power":[0.5182036818057191,0.14728834660971377,0.09599602721815872,0.05197913909273497]}
{"id": 1, "drone": 0, "position":(41.666666666666664,8.333333333333334,1.0), "time":1073.495375454044,"sensors":[49,42,18,20,2,46,15,8,38],"power":[0.16764779461634546,0.5438051606598983,6.181040714294023,0.08556296153657483,0.08159038280017422,0.6003037761274749,4.483888125338045,0.12611514415494182,0.09232372008368772]}
{"id": 2, "drone": 3, "position":(8.333333333333334,41.666666666666664,1.0), "time":807.7238866044395,"sensors":[41,9,34,39,10,23,36,19,7,26,35,0,17,25,16,24],"power":[0.19325895854205857,0.15000000000000002,0.12691501505725541,0.22967023561807046,0.18474307783696098,0.5045233628469933,0.29071012045356276,0.06911053969053806,0.054818710297366346,0.14551788480212244,0.3524268133673254,0.16866423015605445,0.11966010625489248,0.5589042855434001,1.63368821671816,1.1919462048655525]}
{"id": 3, "drone": 3, "position":(25.0,25.0,1.0), "time":524.7213872791112,"sensors":[45,6,21,28,30,32,27,31],"power":[0.1329076506173577,0.1951845068586901,0.07841120397762279,0.1714335932726699,0.08189934889906134,0.15691618767558202,0.2034452520930627,0.2569960570371687]}
{"id": 4, "drone": 4, "position":(8.333333333333334,8.333333333333334,1.0), "time":807.7238866044395,"sensors":[43,11,44,22,37,5,13],"power":[0.17432574681902793,0.20228202478506496,0.0883056681309083,0.26899810419379677,0.18517933109718557,0.19130251347915536,2.5110720724579165]}
{"id": 5, "drone": 4, "position":(41.666666666666664,25.0,1.0), "time":258.94989842950673,"sensors":[28,12,4,30,2,8,47],"power":[0.027280968703790674,0.6617752511456862,0.05855897474628946,0.06810065110093864,0.24168477433352883,0.07831338144635674,0.03950578985452761]}
{"id": 6, "drone": 1, "position":(8.333333333333334,25.0,2.0), "time":524.7213872791112,"sensors":[11,21,7,44,27,33,31],"power":[0.058758588641724875,0.1450680094600265,0.15360274925547635,0.14916605487458712,0.0464660329326623,0.8457285310710159,0.04185119006288108]}
{"id": 7, "drone": 1, "position":(33.333333333333336,41.666666666666664,4.0), "time":807.7238866044395,"sensors":[45,1,14,3,29,32],"power":[0.07751824576975148,0.10846405177085544,0.12288533763181222,0.18424232083633021,0.05936187369393421,0.06833440156410991]}
{"id": 8, "drone": 2, "position":(41.666666666666664,41.666666666666664,1.0), "time":524.7213872791112,"sensors":[1,3,4,47],"power":[2.535011148821622,0.05866751590855918,0.1058218389710465,0.11777751525884972]}
{"id": 9, "drone": 2, "position":(16.666666666666668,41.666666666666664,1.0), "time":524.7213872791112,"sensors":[34,39,14,10,23,36,19,29,26,40,35,0,17,25,16,24],"power":[0.32900848631941126,0.08712906253405985,0.12756085173300777,5.247213872791113,0.11073501291189124,0.42223575729664226,0.2422809307298253,0.10800451614133084,0.09710744210380476,0.15,0.050224183299531544,5.247213872791113,1.8743209680842823,0.2795855639775328,0.13953117844731716,0.06914917413899542]}
