LP RESULTS :
 Obj = 0.1*lambda1+0.9*lambda2 = 113.64575100509568 (lambda1 = 1109.4575100509567, lambda2 = 3.0) Resol time = 11986 ms

{"id": 0, "drone": 1, "position":(41.666666666666664,33.333333333333336,4.0), "time":292.26815015480474,"sensors":[17,35,49,0,38,11,39,7,47,44],"power":[0.029767748779146282,0.039935908779107195,0.04155328521496752,0.04095227085750887,0.07620454300703147,0.09955077747818551,0.1608056828524416,0.061241526658155014,0.04657039018607679,0.10435141363872086]}
{"id": 1, "drone": 1, "position":(41.666666666666664,41.666666666666664,1.0), "time":441.8105416655821,"sensors":[14,35,0,38,11,39,7,47,44,30],"power":[0.15,0.06421220036408792,0.7720260136003817,0.042466405147139744,0.07099172979751178,0.09970271143483307,0.09735156500384742,0.8080946668513428,0.029980056406792632,0.15618340375875805]}
{"id": 2, "drone": 1, "position":(25.0,25.0,1.0), "time":347.44436135256046,"sensors":[12,27,17,19,31,21,43,15,8],"power":[0.0449039401676799,0.04476511089671839,0.07654801241643656,0.35868891058265334,1.4436282425664964,0.06374940096958483,0.056282693455143466,0.10990999194747147,0.08806284424295235]}
{"id": 3, "drone": 2, "position":(8.333333333333334,41.666666666666664,1.0), "time":371.1568763902819,"sensors":[5,27,4,23,33,2,18,32,20],"power":[0.13680483214504777,0.025670449196425454,0.9038942025515531,0.1222861349485415,0.08727972068628634,0.06501459080591106,0.11934425832980675,0.5957183817079736,0.08531933902158935]}
{"id": 4, "drone": 2, "position":(8.333333333333334,16.666666666666668,1.0), "time":452.96990947017827,"sensors":[10,28,9,22,1,13,29,8,40],"power":[0.09470017517312646,0.1572139249759344,0.03009002706953633,0.35061364645104964,0.2747081304605664,0.139925368534218,0.41604387074693217,0.03578877015546933,0.12365787064688316]}
{"id": 5, "drone": 2, "position":(8.333333333333334,8.333333333333334,1.0), "time":285.3307241904965,"sensors":[10,28,9,22,1,13,29,40],"power":[0.2952630301472299,0.018039967429135908,0.1308570801891959,0.02315463185783986,0.023993559235667962,0.13705448209307075,0.06828893002801492,0.8729474303131081]}
{"id": 6, "drone": 0, "position":(41.666666666666664,8.333333333333334,1.0), "time":939.6167542978119,"sensors":[41,34,16,3,37,45,24,42,25,46,26],"power":[0.20164105525626355,0.5823461523729045,1.1214804074761455,0.2761312292462201,0.10861447351979246,1.658197339951684,0.2937771441687791,0.3078307301243134,0.15,0.11172583075647372,0.08294176000129208]}
{"id": 7, "drone": 0, "position":(25.0,16.666666666666668,1.0), "time":132.67471399057877,"sensors":[17,19,31,13,8,46],"power":[0.009809180628551547,0.01165672451013943,0.04322086606588409,0.008850156095684826,0.012763163495576983,0.023964830746968507]}
{"id": 8, "drone": 0, "position":(16.666666666666668,33.333333333333336,1.0), "time":27.437973245995842,"sensors":[12,5,27,19,31,21,33,43,6,36,15,8,32],"power":[0.008130481293666357,0.0022548010977155464,0.10251318159860824,0.006033975294890436,0.001808422895477711,0.004989173855479695,0.015540487248320072,0.04907044033652524,0.0034902038272066876,0.0052778166871986125,0.009556983947929726,0.006774916683029077,0.0043505468451543235]}
{"id": 9, "drone": 4, "position":(8.333333333333334,33.333333333333336,1.0), "time":68.62283808936904,"sensors":[5,27,4,23,22,33,43,2,8,32],"power":[0.0428592753470939,0.014442372959238326,0.008371197282972616,0.020951648987763277,0.00504420810748091,0.08777640170893584,0.012474138276679982,0.03333228350883865,0.006610305422972257,0.03650629046019113]}
{"id": 10, "drone": 4, "position":(25.0,8.333333333333334,1.0), "time":37.1660417625661,"sensors":[13,24,46],"power":[0.0029153443964919103,0.003995208258083254,0.014309338496557756]}
{"id": 11, "drone": 4, "position":(41.666666666666664,25.0,1.0), "time":169.84075575314478,"sensors":[17,49,38,11,39,37,44,42,26],"power":[0.033875058175864683,0.9740864283662424,0.03132905184582878,0.026674837341515784,0.02595337769771407,0.05160259647178354,0.17623802931489024,0.02163275743882959,0.11314389302436177]}
{"id": 12, "drone": 3, "position":(16.666666666666668,41.666666666666664,1.0), "time":294.7954609727508,"sensors":[12,48,5,27,4,21,33,43,6,36,15,32],"power":[0.05405379776450774,0.06070320518066472,0.020987163033219302,0.04113022678156986,0.05353362272895416,0.028640373519164125,0.05793229316010619,0.032172727931651,0.09009858793091093,0.14162325454062677,0.02657323644624325,0.059974035862635916]}
{"id": 13, "drone": 3, "position":(25.0,41.666666666666664,3.0), "time":375.3788182305701,"sensors":[12,48,35,19,21,7,6,36,15],"power":[0.10934833059153524,0.08929679481933527,0.0636695652511268,0.024168889804633022,0.08548229859865414,0.04053227609627978,0.589044528386329,0.31836860355189445,0.04383396824144688]}
{"id": 14, "drone": 3, "position":(8.333333333333334,41.666666666666664,4.0), "time":347.4443613525589,"sensors":[5,4,23,33,2,18,32,20],"power":[0.09517245860353712,0.24776797960412833,0.09030825541331403,0.06867445093431296,0.05165312568525029,0.08769793124846703,0.20659164237846572,0.06468066097841065]}
