LP RESULTS :
 Obj = 0.1*lambda1+0.9*lambda2 = 142.20448133659002 (lambda1 = 1395.0448133659002, lambda2 = 3.0) Resol time = 824412 ms

{"id": 0, "drone": 0, "position":(41.666666666666664,41.666666666666664,1.0), "time":615.6338014462872,"sensors":[0,34,45,46,31,40,30],"power":[0.1274024955917309,0.1655222850446226,0.11017138808976586,2.955482506433054,0.15,0.15806531025874818,0.0752866370143194]}
{"id": 1, "drone": 0, "position":(8.333333333333334,16.666666666666668,1.0), "time":35.878983262542235,"sensors":[13,21,41,2,12,1,48,15,39,17],"power":[0.004075010375652266,0.06953435009912658,0.011997758644136162,0.0074570086710127785,0.023581019743672427,0.02502552169561202,0.17696987942624737,0.006997561941012999,0.006675288723097042,0.00249699723959969]}
{"id": 2, "drone": 0, "position":(33.333333333333336,25.0,1.0), "time":134.8213488292372,"sensors":[4,19,8,18,7,25,45],"power":[0.021450804014881572,0.05328261679281296,0.012334569731973553,0.03911286382691546,0.3229059071064363,0.09020738993823765,0.022440313072345928]}
{"id": 3, "drone": 3, "position":(25.0,25.0,4.0), "time":584.0104776020455,"sensors":[13,4,19,6,18,10,26,7,25,39,23],"power":[0.09693300465582944,0.5248572908648585,0.10542583602598338,0.06317859526646034,0.04003724031910083,0.05423939402156918,0.1761113971299923,0.061884339571385644,0.039015388362240555,0.05475867530694558,0.08346166095306194]}
{"id": 4, "drone": 3, "position":(8.333333333333334,33.333333333333336,1.0), "time":571.1835061479861,"sensors":[28,49,13,42,2,14,6,1,47,26,35,22,39,29,20],"power":[0.1493755477591001,0.04679179080032141,0.05532333363752551,1.8427679041190033,0.10077852445220198,0.09851543723284865,0.13044545541482325,0.052894821099860385,1.4509009118576104,0.039220928177294195,0.10262519743691507,0.343086897251298,0.06429510037818516,0.6085819983137086,0.24668884929024792]}
{"id": 5, "drone": 3, "position":(41.666666666666664,16.666666666666668,1.0), "time":73.97906001743212,"sensors":[44,19,11,8,18,32,7,25,43,24,3],"power":[0.01171385118861529,0.009134542351212062,0.005043459963843657,0.03885181430693941,0.025653946675212945,0.015182587166775518,0.011979864581339452,0.02077722169952177,0.13521178741111772,0.016875875169416726,0.008618599539540184]}
{"id": 6, "drone": 1, "position":(8.333333333333334,41.666666666666664,1.0), "time":584.0104776020455,"sensors":[49,42,14,47,35,33,5,22,29,20],"power":[0.15485396732281842,0.08518375722670872,3.6758329107368626,0.07497445204970545,0.07420534846989982,0.09746329238571982,0.09751467975009379,0.07550971245395091,0.4526585644736304,0.17282935745624842]}
{"id": 7, "drone": 1, "position":(16.666666666666668,41.666666666666664,1.0), "time":205.8876144347762,"sensors":[42,14,6,47,35,33,37,5,29,20],"power":[0.01795104837043347,0.038670373464950364,0.019991461134850994,0.014154762381324728,0.07476605827853731,0.05253670761428012,0.07274013568262054,0.08250580625124852,0.03494154860816431,0.07529028332871329]}
{"id": 8, "drone": 1, "position":(25.0,8.333333333333334,1.0), "time":584.0104776020454,"sensors":[16,44,41,19,8,10,38,23,24],"power":[0.12280134806903413,0.03921211328927235,0.0480121532576892,0.044887794105547545,0.03698424570571599,0.27855738537723607,0.7716833867958738,0.1323643858630449,0.04156869975893073]}
{"id": 9, "drone": 2, "position":(41.666666666666664,8.333333333333334,1.0), "time":602.2339269171855,"sensors":[44,11,8,18,32,36,43,24,3],"power":[0.7654601513837944,0.36794357329262856,0.17895092374827676,0.05914913165028129,2.466260157255483,0.18093097245202747,0.11786134052737149,0.59828472656679,0.1413814004604598]}
{"id": 10, "drone": 2, "position":(33.333333333333336,41.666666666666664,1.0), "time":644.5896630903758,"sensors":[0,37,27,45,46,40,30],"power":[0.16137068536878119,0.0882526489211876,0.15,0.1348009508986242,0.15678949132716538,0.09573067611153424,0.260680585533775]}
{"id": 11, "drone": 2, "position":(16.666666666666668,8.333333333333334,1.0), "time":146.06118852304826,"sensors":[16,41,10,38,48,15,17,23],"power":[0.027198651930965878,0.03878283721415847,0.02353675490000397,0.04098406931885636,0.01094171906511968,0.05244637040496136,0.020477597277723983,0.02389258752841986]}
{"id": 12, "drone": 4, "position":(8.333333333333334,8.333333333333334,1.0), "time":595.1309487971726,"sensors":[21,41,12,1,48,15,17,9],"power":[0.06881766462887944,0.09653240941222516,0.16169129363321827,0.04211366285989035,0.12506304123880438,1.9404282301564524,0.3601596655059998,0.15]}
{"id": 13, "drone": 4, "position":(8.333333333333334,25.0,1.0), "time":26.25089898356644,"sensors":[28,13,21,42,41,2,12,6,1,48,47,26,22,39,29,20],"power":[0.00668237352186343,0.006361374745987968,0.010769420472836895,0.00813719405554703,0.0028790670317126402,0.04098590642479837,0.0027246199760044797,0.0049895384658302415,0.03044694447150021,0.005451057163973137,0.010151343882510749,0.002823426269775035,0.005200762041698984,0.011278490003887868,0.00232447711359067,0.0020840977873173927]}
{"id": 14, "drone": 4, "position":(16.666666666666668,25.0,1.0), "time":7.712316197525927,"sensors":[13,21,42,4,41,2,6,1,48,47,26,35,39,23,20],"power":[0.07712316197525927,8.785647991570854E-4,0.0012372072540722976,0.0023074109325451216,0.0012300438700465122,7.785604519868637E-4,0.004369879164275597,0.0013599035877951404,5.537740647754394E-4,0.0012047646524097732,0.011356186696400785,0.0010222973633664705,0.012992445587884403,9.850567637886111E-4,6.621537495969442E-4]}
