LP RESULTS :
 Obj = 0.1*lambda1+0.9*lambda2 = 138.42961816296312 (lambda1 = 1366.296181629631, lambda2 = 2.0) Resol time = 129 ms

{"id": 0, "drone": 3, "position":(8.333333333333334,41.666666666666664,1.0), "time":603.2226950642485,"sensors":[25,47,26,2,19,40,10,35],"power":[0.15,0.15455584093861519,0.2549514780498082,0.2498975267293349,0.12467489049096786,0.4108012531516559,0.18314197472879307,0.1487879098938153]}
{"id": 1, "drone": 3, "position":(25.0,41.666666666666664,1.0), "time":479.31981530037376,"sensors":[16,48,28,8,39,32,10,9,1],"power":[0.05470930182039895,0.1737035010545849,0.055612354753558024,0.03661808889912911,0.058468425241260225,0.08526033099946105,0.07205313450587224,0.06829702006583545,0.128172498731023]}
{"id": 2, "drone": 0, "position":(25.0,8.333333333333334,1.0), "time":467.30028007056245,"sensors":[49,14,37,31,44,3,27,6],"power":[0.041821337902306154,0.08471359739849886,0.14999999999999997,0.03621969967650272,0.6109681900478541,0.036931156692085014,0.5551202252928087,2.9453218509714976]}
{"id": 3, "drone": 0, "position":(25.0,25.0,1.0), "time":529.4582158169204,"sensors":[16,22,8,38,21,32,7,49,14,17,31,30,9,42,36],"power":[0.08669809498204062,0.17705285365326118,0.14982212208772794,0.24394580432735175,0.21102786796815695,0.13534096508434126,5.294582158169204,0.1621033357466548,0.13073524503359316,0.48098599707111117,0.5404351949345947,0.08593347777121048,0.15547199188783253,2.4069103251304735,0.1472824629687202]}
{"id": 4, "drone": 4, "position":(16.666666666666668,41.666666666666664,1.0), "time":283.75367126500896,"sensors":[16,8,32,19,40,10,1,35],"power":[0.04859722231252535,0.02548059112025453,0.019711821857187024,0.03884084911759851,0.02292562664071131,1.1240335917681825,0.021827501268977,0.023436162382750265]}
{"id": 5, "drone": 4, "position":(8.333333333333334,25.0,1.0), "time":73.76447924732793,"sensors":[16,24,8,21,47,17,46,4,3],"power":[0.005480762173237352,0.15,0.005962235526448062,0.007272953024776138,0.006520679856083202,0.005845263467748044,0.1764124250908213,0.20834714709036514,0.006132465951255306]}
{"id": 6, "drone": 1, "position":(41.666666666666664,25.0,2.0), "time":479.3198153003739,"sensors":[13,22,38,30,34,36,29],"power":[0.17915418379587622,0.060273676983173756,0.03822687358832218,0.12041187714838833,0.11536693434504841,0.06889516435584384,0.2664583043324448]}
{"id": 7, "drone": 1, "position":(8.333333333333334,8.333333333333334,3.0), "time":750.8838001526325,"sensors":[18,5,3],"power":[0.15,0.17855751778060627,0.17811711674225017]}
{"id": 8, "drone": 2, "position":(41.666666666666664,8.333333333333334,1.0), "time":479.3198153003739,"sensors":[41,33,34],"power":[0.860429190159101,0.7880877129189333,0.07562199170053618]}
{"id": 9, "drone": 2, "position":(41.666666666666664,41.666666666666664,1.0), "time":886.9763663292572,"sensors":[45,15,12,48,28,39,0,23,11,20,43,29],"power":[0.28549206426589624,0.9019993723727033,0.2622901717511566,0.0981981631197557,0.1691665012952384,0.364331895636332,4.476330438840181,3.2901531792440992,0.8160454003966559,0.18125655231260315,0.15,0.08186292469044104]}
