LP RESULTS :
 Obj = 0.1*lambda1+0.9*lambda2 = 120.5320530583378 (lambda1 = 1178.3205305833778, lambda2 = 3.0) Resol time = 840 ms

{"id": 0, "drone": 2, "position":(33.333333333333336,33.333333333333336,1.0), "time":3.397319769282092,"sensors":[9,31,6,29,11,39,35,22,16,38,20,21,13],"power":[6.903059850654681E-4,0.0011940170539913183,0.006919848229972668,4.2085701707007757E-4,0.00551620114078491,0.0021501330098400587,2.5541146082418966E-4,9.845675579461476E-4,4.541810037176251E-4,2.7500114895896667E-4,6.734691224157043E-4,4.623144800776194E-4,0.0033686349845133737]}
{"id": 1, "drone": 2, "position":(25.0,8.333333333333334,1.0), "time":413.88749138563446,"sensors":[27,10,7,25,32,36,47,43,4,46],"power":[0.10521618187980296,0.10370832892792788,0.05525381313383,0.052675612546091356,0.06154564948695035,0.06924385312748918,0.09741043664076389,0.07961349107560152,0.028949858004879467,0.06233189127530919]}
{"id": 2, "drone": 2, "position":(25.0,25.0,4.0), "time":662.3221669988061,"sensors":[9,31,6,25,11,22,23,20,34],"power":[0.055863842283654756,0.2066680365972062,0.08357555210202647,0.18815321628344828,0.09895418203377718,0.04789399604243211,0.04748238989548023,0.2659092863476325,0.5295511813662271]}
{"id": 3, "drone": 1, "position":(41.666666666666664,41.666666666666664,1.0), "time":83.61282853693717,"sensors":[0,44,39,16,38,26,14,13],"power":[0.013355957267470962,0.01333647542417542,0.011570491860319672,0.2012403191076234,0.01821068547458033,0.014936199101104922,0.008256345179414913,0.017446863029042824]}
{"id": 4, "drone": 1, "position":(33.333333333333336,8.333333333333334,1.0), "time":424.77837890772855,"sensors":[27,10,32,36,46],"power":[0.032404436406485486,0.22069457014892083,0.9064840931122249,0.34360552324726257,1.9544817019602276]}
{"id": 5, "drone": 1, "position":(8.333333333333334,41.666666666666664,1.0), "time":431.541855751952,"sensors":[15,42,28,30,8,17,3,33,24,2,1],"power":[0.1065203903555512,0.26310166977235583,0.41077160889147746,0.15,0.2438541884381266,0.036830944596117195,0.041008257809466514,0.4619477742769003,0.13755356456285409,0.1686808154123326,0.11069802716313683]}
{"id": 6, "drone": 0, "position":(16.666666666666668,41.666666666666664,1.0), "time":270.90497898878385,"sensors":[15,42,28,29,8,17,3,33,24,2,21,1],"power":[0.024897671130673326,0.18939009215354632,0.05160174666865503,0.06324620510208263,0.17415223904228866,0.09638890840575609,0.0679684812694812,0.20445530388772035,0.020722314493157472,0.08935890280430758,0.050407881200858824,0.08877476719326836]}
{"id": 7, "drone": 0, "position":(41.666666666666664,16.666666666666668,1.0), "time":177.3776920913665,"sensors":[9,32,35,22,49,46],"power":[0.026280387008687737,0.013804573527311936,0.02416099866100302,0.017675970844481956,0.08971235648543543,0.0216739543555723]}
{"id": 8, "drone": 0, "position":(8.333333333333334,25.0,2.0), "time":475.87369584264195,"sensors":[19,15,28,18,45,23,37],"power":[0.43421364352761865,0.08626413851361152,0.03596358695076694,0.5581270897465606,1.316918317140078,0.17212287039626878,0.15]}
{"id": 9, "drone": 4, "position":(41.666666666666664,33.333333333333336,1.0), "time":83.61282853693719,"sensors":[9,0,6,11,39,35,22,16,38,13],"power":[0.014675013922269392,0.01586991934431023,0.009381944578512717,0.00854758382009399,0.08685135314478594,0.024296773314546365,0.022612920829283772,0.016106144047400853,0.06071707883863917,0.05834324931105767]}
{"id": 10, "drone": 4, "position":(41.666666666666664,41.666666666666664,1.0), "time":756.0870305532361,"sensors":[0,44,39,16,38,26,14,13],"power":[0.1207741233882188,0.12059795461956481,0.10462866746392632,1.819758976751419,0.16467404997226948,0.13506380089889508,0.07465978150910929,0.15776702081392402]}
{"id": 11, "drone": 4, "position":(25.0,41.666666666666664,2.0), "time":338.62067149320455,"sensors":[42,6,29,44,11,8,17,3,33,20,14,21,1],"power":[0.02603124934389705,0.05012265508948818,0.3679785331116888,0.032529853115613294,0.044143564124388766,0.02528483971540234,0.06956081302131947,0.04140331671600839,0.02439941823697061,0.0272234572499164,0.06815528338017274,0.9024618356248157,0.02367548984287625]}
{"id": 12, "drone": 3, "position":(41.666666666666664,25.0,1.0), "time":251.61052318698603,"sensors":[9,31,39,35,22,38,49,13],"power":[0.14595853235405912,0.01858805116762179,0.060941572300602924,0.4153575790034709,0.13710089403319056,0.032695258630038464,0.060287643514564906,0.0331913723021945]}
{"id": 13, "drone": 3, "position":(33.333333333333336,8.333333333333334,1.0), "time":162.27696819864843,"sensors":[27,10,32,36,46],"power":[0.012379381713711548,0.08431136686796938,0.34630173675225345,0.1312667153922826,0.7466655101641508]}
{"id": 14, "drone": 3, "position":(8.333333333333334,8.333333333333334,1.0), "time":764.4330391977434,"sensors":[7,12,40,5,48,41,47,43,4],"power":[0.1218506063156678,3.25987771870516,0.2511191318509715,0.15,1.1971365938577587,3.6220587063861887,0.07701333719611404,0.15278248768095207,0.6688392322059087]}
