LP RESULTS :
 Obj = 0.1*lambda1+0.9*lambda2 = 138.72155365162038 (lambda1 = 1360.2155365162039, lambda2 = 3.0) Resol time = 3001 ms

{"id": 0, "drone": 3, "position":(41.666666666666664,16.666666666666668,4.0), "time":10.507751281875073,"sensors":[40,48,7,20,6],"power":[0.0014111072722765281,0.002627798360950068,0.0030166216734778704,0.008746573292075063,0.00242441817519871]}
{"id": 1, "drone": 3, "position":(16.666666666666668,8.333333333333334,1.0), "time":242.20718062413357,"sensors":[17,47,28,5,41,3],"power":[0.025511873747614988,0.018394350430046055,0.04500506774908453,0.38698170013595956,0.017664053171149642,0.03124511310062852]}
{"id": 2, "drone": 3, "position":(25.0,25.0,3.0), "time":518.8202763520861,"sensors":[17,4,22,46,44,2,36,26,30,33],"power":[0.12649385458388895,0.09292141943918143,0.4361378597078898,0.10470150007641596,0.0776458816242279,0.17200128581359905,0.17948444662810437,0.06957401176781315,0.06493489314073761,0.11206739273579358]}
{"id": 3, "drone": 4, "position":(41.666666666666664,41.666666666666664,1.0), "time":1146.211047843107,"sensors":[39,19,10,32,49,27,43,18,45,24,11],"power":[1.5023289212376754,4.557998527407822,0.08062890484000591,2.2058962552037102,0.07711726788113502,0.2710051649744601,0.2652373249686958,0.15000000000000002,0.11389008988112824,0.4014235599949108,0.1614637620144659]}
{"id": 4, "drone": 4, "position":(16.666666666666668,41.666666666666664,1.0), "time":83.21826199441989,"sensors":[38,37,14,1,35,26,15,21,8,30,33],"power":[0.007411802457221969,0.023468506526243917,0.01924266358129391,0.02367687881918127,0.022147996775690945,0.007119303438887266,0.031595211725597774,0.0366339932362035,0.016003181051918166,0.011582024953537075,0.010087586159999426]}
{"id": 5, "drone": 0, "position":(8.333333333333334,8.333333333333334,1.0), "time":527.5822252477813,"sensors":[47,28,5,42,29,25,41,3,23],"power":[0.16044372821545796,0.09382319643202207,0.07636618153611077,0.03343582270915439,0.17080284986337177,0.07148497488553303,0.09545087300603138,0.11090369514650576,0.04385740733532129]}
{"id": 6, "drone": 0, "position":(8.333333333333334,41.666666666666664,1.0), "time":686.571143877495,"sensors":[38,16,37,14,35,15,21,31],"power":[0.1989756444457937,0.15,0.9116160879241184,0.2936010018351156,0.33717099661368416,1.1958410903143648,0.05318799476116021,0.07385072156663532]}
{"id": 7, "drone": 0, "position":(25.0,41.666666666666664,4.0), "time":17.70237685176221,"sensors":[4,1,21,45,8,33],"power":[0.0015666924071940321,0.008811451697873007,0.004524408175177596,0.003530792006656963,0.0162153566177085,0.0020521662017684923]}
{"id": 8, "drone": 2, "position":(8.333333333333334,25.0,1.0), "time":590.426130644289,"sensors":[38,13,14,34,35,36,26,42,25,41,23,9,31,30],"power":[0.08863518496069384,0.14999999999999997,0.05919538602488915,0.9491636434043208,0.05188136285052347,0.05881676914451541,0.11125865991273144,0.15999492791749165,0.07877705665146252,0.1501679912788985,0.13509849242895697,0.32848273984262477,0.0775184313105295,0.07324922817926469]}
{"id": 9, "drone": 2, "position":(25.0,41.666666666666664,1.0), "time":167.75086752540892,"sensors":[4,46,1,21,45,8,30,33],"power":[0.017647336606155688,0.010835189817319174,0.20688481065020892,0.0556536038274587,0.04145464785713441,0.8827037366753033,0.011533493861484641,0.023110151750266383]}
{"id": 10, "drone": 2, "position":(33.333333333333336,33.333333333333336,1.0), "time":28.551244295925763,"sensors":[39,4,46,19,44,10,32,49,45,8,11,33],"power":[0.006442438141527917,0.04648255788767802,0.0312833510325981,0.004284487832059639,0.04518536604073909,0.0021140672970747032,0.0033023546602874744,0.0020463159141500785,0.02670609265598913,0.003682277215017002,0.0028554912324123614,0.002682703152172104]}
{"id": 11, "drone": 1, "position":(16.666666666666668,8.333333333333334,5.0), "time":79.93791232056856,"sensors":[17,28,5,3],"power":[0.006308197085837956,0.011171735818893398,0.03219565982730833,0.007851191752865696]}
{"id": 12, "drone": 1, "position":(41.666666666666664,25.0,1.0), "time":185.45324437717113,"sensors":[4,46,44,10,49,7,20,11],"power":[0.013623456054224362,0.019155294531048042,0.027168752335032992,0.08352998541841222,0.08574717608030896,0.038056985732758335,0.0446956533377032,0.045161474731281674]}
{"id": 13, "drone": 1, "position":(41.666666666666664,8.333333333333334,1.0), "time":1094.8243798184642,"sensors":[12,40,48,7,20,6,0],"power":[0.2044033017871475,0.16116474033663408,0.4653135898233126,0.10892639259376377,0.19907609114770045,5.0711654259281,0.2452873908999507]}
