LP RESULTS :
 Obj = 0.1*lambda1+0.9*lambda2 = 142.7799252077778 (lambda1 = 1400.7992520777782, lambda2 = 3.0) Resol time = 11140 ms

{"id": 0, "drone": 4, "position":(16.666666666666668,8.333333333333334,1.0), "time":621.7238474251092,"sensors":[40,26,37,14,1,17,33,24,11,29,19,22,43,41,23],"power":[0.07521612549832762,0.14353025504563144,0.13657443138870098,0.0824860703060445,0.5668904856206959,0.15665430088940802,0.06199430736687229,0.04927805053942608,0.19685869184342975,0.1404197897852763,0.2956397442124936,0.17666879015229225,0.10876907454770185,0.05183227584242087,0.07861841469185017]}
{"id": 1, "drone": 4, "position":(16.666666666666668,33.333333333333336,1.0), "time":152.25577772002026,"sensors":[7,13,3,45,15,12,5,42],"power":[0.0192236039567321,0.01737001214495807,0.028497119909303276,0.04079157143567136,0.02988623905165041,0.030365386318318,0.014092314494617869,0.014839074524959747]}
{"id": 2, "drone": 4, "position":(33.333333333333336,25.0,1.0), "time":505.59138527088464,"sensors":[36,20,32,3,8,33,16,48,18,35,21,9,47,49,27],"power":[0.15552463545838893,1.278518425755217,0.050368964667862934,0.055487023645179455,0.5193748351390952,0.04961039618378756,0.2004614536648311,0.08044557351865814,0.2694000977582799,0.11226267427238745,0.1206471629145381,0.04215702624245907,0.04046954797779947,0.033285717500799124,0.09509511829249029]}
{"id": 3, "drone": 3, "position":(8.333333333333334,16.666666666666668,1.0), "time":629.2842817167299,"sensors":[40,6,45,34,12,24,11,5,29,43,41,23,10],"power":[0.1716788246785266,0.040599933271126626,0.065928783052734,0.15,0.06318212429189175,0.10227971508203984,0.11778553981673846,0.14450251964075939,0.08390757934988222,0.4238964070576082,0.13985029495542944,0.25108726636970397,0.12294208170512903]}
{"id": 4, "drone": 3, "position":(8.333333333333334,25.0,4.0), "time":149.79112293593917,"sensors":[7,6,45,12,5,42,0,23,10],"power":[0.0206319803594406,0.04124407310374591,0.05908063051269906,0.026748292861875904,0.15512588321655374,0.03850423939112823,0.02878526458771471,0.02658354741783251,0.02705791829487095]}
{"id": 5, "drone": 3, "position":(33.333333333333336,8.333333333333334,1.0), "time":34.7059699970676,"sensors":[36,14,1,44,33,48,19,25,21,46],"power":[0.0033840532372382674,0.008658514802525835,0.002602353107963384,0.003361121765132581,0.002545179636660188,0.007806388372926136,0.0030490363762940634,0.05074888338379992,0.004841272073044709,0.05038421657584749]}
{"id": 6, "drone": 2, "position":(41.666666666666664,16.666666666666668,1.0), "time":524.6979339203167,"sensors":[36,20,8,44,48,25,35,21,46,47,4],"power":[0.29318014231096395,0.08932462304469219,0.0991459538761333,0.5017150097518457,0.0540286269752555,0.07505493233584432,0.06532583103857956,0.04851713843372998,0.09595816755927156,0.04537060603117137,0.03627638409806348]}
{"id": 7, "drone": 2, "position":(41.666666666666664,41.666666666666664,1.0), "time":92.46242389547034,"sensors":[31,32,2,9,49,4,28,27],"power":[0.00895748949937627,0.009482127675128026,0.1190998996510308,0.022818717393369593,0.013524216387039779,0.005888217247511027,0.13632804010060517,0.012091669879862125]}
{"id": 8, "drone": 2, "position":(8.333333333333334,41.666666666666664,4.0), "time":762.2133438831142,"sensors":[7,13,15,30,38,42,0],"power":[0.1557628901023032,0.7733543025289227,0.09071564221628624,0.15,0.5937270444878557,0.07279782770908594,0.05538806026654527]}
{"id": 9, "drone": 0, "position":(25.0,33.333333333333336,1.0), "time":264.5502955936822,"sensors":[31,32,3,15,12,16,18,9,39,27],"power":[0.030963438206827815,0.07578235798029022,0.06601585644551727,0.032807137549321685,0.023705895759652186,0.031062287860093737,0.08232104338596968,0.031189973670464027,0.02278193638433152,0.045480117395156346]}
{"id": 10, "drone": 0, "position":(41.666666666666664,33.333333333333336,1.0), "time":316.41531243677986,"sensors":[20,32,8,2,18,35,9,47,49,4,28,27],"power":[0.025305381568760596,0.03905528314695876,0.04708797396308507,0.030900100348969207,0.029749734427468293,0.12743314137504339,0.08442950440493865,0.11832470712484855,0.4352549042082121,0.10783539865442547,0.17804549586889767,0.08764521446955585]}
{"id": 11, "drone": 0, "position":(25.0,41.666666666666664,1.0), "time":221.77983488096118,"sensors":[31,32,15,9,39,27],"power":[0.11007907229379583,0.04849492509521044,0.07396797044608983,0.02555153520944183,0.1667099690223895,0.0191759355438587]}
{"id": 12, "drone": 1, "position":(33.333333333333336,16.666666666666668,1.0), "time":54.094620449797056,"sensors":[36,20,8,44,33,16,48,18,25,35,21,46],"power":[0.03473573104819747,0.018986122398949704,0.010926661843854569,0.006080181392291812,0.00970851600020754,0.012121276249449671,0.07758594095653354,0.003889204721855159,0.009148843816240702,0.0034555520809329506,0.058926930468355725,0.029518687900834593]}
{"id": 13, "drone": 1, "position":(8.333333333333334,33.333333333333336,2.0), "time":204.91777411140674,"sensors":[7,13,6,45,12,5,38,42,0],"power":[0.3513501003387222,0.04478094013766478,0.07097849934235824,0.05940429945387502,0.018088318929693117,0.04041354491565699,0.03577183838309944,0.16182982783108638,0.07111732898703675]}
{"id": 14, "drone": 1, "position":(25.0,8.333333333333334,1.0), "time":149.79112293593914,"sensors":[26,37,14,1,17,33,11,48,29,19,25,22,21,46],"power":[0.010218591384548883,0.013425568611299033,0.15091203460664043,0.11851562206322307,0.010550093126464573,0.02614160081247241,0.020467837097728935,0.0277066819514192,0.021320175661602065,0.12219317871460816,0.015047340464115048,0.02572402107749649,0.018727078827504736,0.024836567637812394]}
