LP RESULTS :
 Obj = 0.1*lambda1+0.9*lambda2 = 198.80535138965485 (lambda1 = 1970.053513896548, lambda2 = 2.0) Resol time = 148 ms

{"id": 0, "drone": 4, "position":(33.333333333333336,41.666666666666664,1.0), "time":782.6071358359486,"sensors":[37,3,38,31,11,47,14,1],"power":[1.3422423025547847,0.31365610939199884,1.2277332454885752,0.15,0.05851078781929298,0.2584184813303279,1.350878562269102,0.18330479168399638]}
{"id": 1, "drone": 4, "position":(8.333333333333334,25.0,1.0), "time":677.7423877440956,"sensors":[5,9,35,10,46,34,22,29,18,25,26,32],"power":[0.08652258059207923,0.3688683389581603,0.13803650251539415,0.7123521771280842,0.1654501392026898,0.05728083705505462,0.4164404842434042,0.2060268833194446,0.0911888416317682,0.09602546121850863,0.4040975677150081,0.15808407508490957]}
{"id": 2, "drone": 3, "position":(25.0,33.333333333333336,1.0), "time":573.5543703417079,"sensors":[37,0,5,38,34,41,11,47,1,49],"power":[0.05086157111022851,0.27487079683873594,0.08311917041166124,0.11776509513054154,0.15166159131171023,0.16379686361605292,3.966455578818761,0.07519108309795293,0.3236785748700158,0.33133918825873865]}
{"id": 3, "drone": 3, "position":(16.666666666666668,8.333333333333334,1.0), "time":1247.886223510432,"sensors":[35,36,2,29,19,4,28,18,40,24,30,12],"power":[0.1537589615265284,0.3335447223875265,0.20537702405017447,0.10282567153764216,0.24605773728990196,0.16195406645357155,0.38284949425172005,0.16030151315066019,0.4717706375413906,1.522887630060375,0.23669288030263871,0.245657526381095]}
{"id": 4, "drone": 1, "position":(33.333333333333336,8.333333333333334,1.0), "time":722.167290386116,"sensors":[7,39,6,15,20,2,8,19,42,45,13,24,16,30],"power":[0.2511753788718999,0.15000000000000002,0.0713502956117179,0.17099580776187928,1.5737888783060863,0.06844603553627834,0.24504263962710515,0.04851900538572276,1.1241687332078332,0.22075526391770303,0.07090201713153477,0.04904359101416721,0.2262383330457543,0.1491255255907211]}
{"id": 5, "drone": 1, "position":(8.333333333333334,41.666666666666664,5.0), "time":1110.875591097045,"sensors":[44,17,46,27],"power":[0.2502965277784222,0.6728535545454868,0.15,0.6004588139436245]}
{"id": 6, "drone": 2, "position":(41.666666666666664,33.333333333333336,1.0), "time":613.8920077188918,"sensors":[37,3,38,48,43,47,1],"power":[0.12167565027442222,0.12992193989360853,0.05332024694307367,0.24972335841187854,0.15000000000000005,0.1942587679350867,0.05809395983651602]}
{"id": 7, "drone": 2, "position":(41.666666666666664,16.666666666666668,1.0), "time":209.70308924578026,"sensors":[7,6,15,33,20,8,42,23,16],"power":[0.06547096808920243,0.5462316575140981,0.1974051437773279,0.052705205111281586,0.013372156190644397,0.04646599543842027,0.032219475838214176,0.2670711366508034,0.01631751232578854]}
{"id": 8, "drone": 0, "position":(41.666666666666664,8.333333333333334,1.0), "time":1038.1831342646517,"sensors":[7,6,15,33,21,20,8,42,23,45,13,16],"power":[0.20837649022758536,0.33981507682294404,0.5928985457653845,0.0972947948887184,0.15,0.23700065983159593,3.5782472446999,0.5867135634516755,0.12228497084567937,0.16498717688975667,0.41746715461615275,0.06585974655049046]}
{"id": 9, "drone": 0, "position":(8.333333333333334,16.666666666666668,1.0), "time":44.424902642020655,"sensors":[9,35,10,22,29,4,28,18,25,26,40,32],"power":[0.00408425050232426,0.01491897342781144,0.026691988099699283,0.015000379730280459,0.17489306718505016,0.002905477829343715,0.008085344988724168,0.008691192865881665,0.05397453878149135,0.0032923443470690788,0.005372235954385232,0.0058779476367983585]}
