LP RESULTS :
 Obj = 0.1*lambda1+0.9*lambda2 = 215.49547210949132 (lambda1 = 2127.954721094913, lambda2 = 3.0) Resol time = 2225 ms

{"id": 0, "drone": 4, "position":(41.666666666666664,25.0,4.0), "time":41.8118111345957,"sensors":[33,29,25,31,13,21,44],"power":[0.005122744470789405,0.007775009136818645,0.022894847455816828,0.007662856015237872,0.007260665306665412,0.009976543984415515,0.01426184021967681]}
{"id": 1, "drone": 4, "position":(25.0,41.666666666666664,1.0), "time":574.6950084788713,"sensors":[20,24,48,12,40,23,37,11,9,14,47],"power":[0.4245553488583027,0.18259015631814543,0.05170150227685657,0.10701774285919635,0.0504590500297538,0.12517027871509626,0.13399961244181313,0.058457814514968946,0.14999999999999997,1.4642141393354864,2.002610608007884]}
{"id": 2, "drone": 4, "position":(25.0,33.333333333333336,1.0), "time":228.5659101819036,"sensors":[20,23,37,33,36,14,47],"power":[0.0257453980025668,1.6950183131168688,0.03809362655497829,0.04567983430710485,0.04380612823870355,0.028427294417394052,0.038111644686537105]}
{"id": 3, "drone": 0, "position":(25.0,8.333333333333334,1.0), "time":41.8118111345957,"sensors":[7,39,43,6,8,26,34,28,30,27,1,17,41],"power":[0.13260162797029962,0.006006146446307988,0.0028893305490527254,0.020630164729760734,0.04354092022504506,0.0068214204071347494,0.005922425674512266,0.02992331922113229,0.007449896690129932,0.008020692690668314,0.005062981604529299,0.007895911340461022,0.0053791064773467045]}
{"id": 4, "drone": 0, "position":(41.666666666666664,41.666666666666664,1.0), "time":307.4866374900998,"sensors":[0,48,37,11,4],"power":[0.5164233290949148,0.12475026040097173,0.05238156142751342,0.09154218548503106,2.1624329282180015]}
{"id": 5, "drone": 1, "position":(8.333333333333334,41.666666666666664,1.0), "time":295.26295108340435,"sensors":[20,12,40,35,5,49,15,19],"power":[0.02278739133156577,0.03551704119928287,0.040469303662218535,0.03953903408846289,0.06353170472930288,1.1460531391243587,0.11493082415761854,0.03478151568625919]}
{"id": 6, "drone": 1, "position":(16.666666666666668,16.666666666666668,1.0), "time":987.619040216138,"sensors":[46,39,10,36,34,28,17],"power":[0.4614574693857304,2.2593449378856576,0.12035363315684441,0.14610854048995645,0.17670914475811086,0.10563268537650895,0.08406286793266311]}
{"id": 7, "drone": 1, "position":(16.666666666666668,8.333333333333334,1.0), "time":676.3107839660431,"sensors":[7,39,6,8,10,32,18,34,28,17],"power":[0.10794270301825444,0.13354227541863267,0.1293698352702393,0.059261469072524664,0.17299961302822162,0.05650363376304275,0.09177954469508995,2.5543706233013834,0.07490972634376189,0.701732650284665]}
{"id": 8, "drone": 3, "position":(41.666666666666664,8.333333333333334,1.0), "time":1409.8321259942743,"sensors":[45,43,2,42,8,31,26,30,27,22,44,3,1,41],"power":[1.4702649789075588,0.36667004533661246,0.33461990187256013,2.353016093781052,0.10322417679291698,0.25315764432821874,0.30724852850389284,0.2760159453416291,0.20842652932056263,0.4082996454994144,0.10361973163040257,0.15,0.22255914828305728,0.15300457151185762]}
{"id": 9, "drone": 3, "position":(8.333333333333334,25.0,1.0), "time":718.1225951006388,"sensors":[46,16,38,5],"power":[0.17567307131427914,0.3194621569148284,0.0988947569707197,0.15374260489914307]}
{"id": 10, "drone": 2, "position":(8.333333333333334,41.666666666666664,2.0), "time":1029.4308513507337,"sensors":[20,12,40,35,5,49,15,19],"power":[0.07510536018577306,0.11389899478755824,0.13632302413299682,0.12722153378252543,0.21207786149666563,2.480462328768769,0.37227798666322887,0.11712915584009012]}
{"id": 11, "drone": 2, "position":(41.666666666666664,25.0,1.0), "time":676.3107839660431,"sensors":[33,29,25,31,13,21,44,1,41],"power":[0.09919742122210574,0.15063094164815305,0.935724036146505,0.14888071082525905,0.14273933469333444,0.20451032050247403,0.3821598164806079,0.04709606733985539,0.04725631849678429]}
{"id": 12, "drone": 2, "position":(8.333333333333334,8.333333333333334,1.0), "time":422.21308577813625,"sensors":[10,32,38,18,34,17],"power":[3.354128304712788,0.10468551337535055,0.051105243029280316,0.2862546935139638,0.13615702039812175,0.07074184362399794]}
