LP RESULTS :
 Obj = 0.1*lambda1+0.9*lambda2 = 125.2607740738007 (lambda1 = 1225.607740738007, lambda2 = 3.0) Resol time = 557 ms

{"id": 0, "drone": 3, "position":(41.666666666666664,8.333333333333334,1.0), "time":432.2567083642127,"sensors":[19,20,0,16,24,23,1,27,48],"power":[0.09541917835860143,0.05652624966551667,0.056684768732638,0.11373786448837853,0.04636718398611524,0.03884333959741252,0.24255763795821778,0.5979302619500708,0.0739495462145366]}
{"id": 1, "drone": 3, "position":(8.333333333333334,25.0,1.0), "time":649.9329219747136,"sensors":[6,13,17,30,29,38,26,9,10,44,31],"power":[0.1408712714285931,0.1764030579863289,2.6248092352985832,0.04788663044093682,1.9633952861196062,0.19681540359206678,0.1972170466588805,0.9724082760355847,0.1433361698121834,0.3182340644548457,0.19711569920168254]}
{"id": 2, "drone": 3, "position":(25.0,33.333333333333336,1.0), "time":27.347889563092195,"sensors":[3,2,40,13,28,18,30,35,4,42,32,45,33,41,12,31],"power":[0.032579807720453255,0.011320698418832247,0.019443952255448482,0.0025102605865564846,0.0035742937265751166,0.0023574079362395518,0.011518927978535995,0.0197957780172311,0.008223345539332613,0.005983206090290726,0.003682153772697986,0.010226073955475413,0.005155307650098716,0.009770433216470349,0.009827311331663832,0.002610560228407541]}
{"id": 3, "drone": 4, "position":(8.333333333333334,41.666666666666664,1.0), "time":575.6748187632933,"sensors":[14,21,26,33,11,12],"power":[0.3396906755508217,0.09511071813129147,0.0725067930705706,0.07541085964454836,0.15,0.04803061468572628]}
{"id": 4, "drone": 4, "position":(16.666666666666668,8.333333333333334,5.0), "time":366.6288668800389,"sensors":[34,5,47,37,25,15],"power":[0.02561116739874761,0.10373958771041833,0.20708825559169963,0.12289715644805484,0.20272713908897225,0.03590766946944886]}
{"id": 5, "drone": 4, "position":(41.666666666666664,25.0,3.0), "time":283.3040550946747,"sensors":[23,32,46],"power":[0.13673059054238731,0.038061422832172065,0.04833945835198599]}
{"id": 6, "drone": 0, "position":(33.333333333333336,41.666666666666664,2.0), "time":414.56443288186153,"sensors":[3,7,8,2,40,28,18,39,22,43,49,42,32,45],"power":[0.07765298432542546,0.05998514462408583,0.056409296177050434,0.0703810392352463,0.053317956537015314,0.6641263540420601,0.2018022232331662,0.039188834841122,0.13582816185141688,0.034293493609369424,0.2823013170052791,0.059498525468452274,0.0726745477910024,0.08085744196728775]}
{"id": 7, "drone": 0, "position":(8.333333333333334,16.666666666666668,2.0), "time":83.66480834509434,"sensors":[6,13,17,29,5,47,38,25,9,10,44,31],"power":[0.27746758165156515,0.007722296555666702,0.021344965818991146,0.010866950202419023,0.005601210101708439,0.006645623694694799,0.01684551773997476,0.010642356701757708,0.008066909635985256,0.006663830187816585,0.09142523446090144,0.006022536985928264]}
{"id": 8, "drone": 0, "position":(25.0,25.0,2.0), "time":262.7780628619947,"sensors":[3,2,36,40,13,30,35,4,32,45,41,12,31],"power":[0.024074159957111624,0.0400251156672917,0.12013177706666044,0.05670301361723966,0.04301400865752833,0.06490070353655328,0.11449890046037985,0.6391103730811004,0.018187530320863288,0.03505848568922719,0.44391206351184426,0.018822746137712516,0.030320606545014322]}
{"id": 9, "drone": 1, "position":(16.666666666666668,8.333333333333334,1.0), "time":492.01001041819893,"sensors":[6,34,5,47,37,25,44,15],"power":[0.03750969448983683,0.04425018896915267,0.2618814660721217,2.8921799822098966,0.43447049174792834,2.362630155198552,0.03120707305936733,0.06253964261497126]}
{"id": 10, "drone": 1, "position":(41.666666666666664,16.666666666666668,1.0), "time":510.0469772791197,"sensors":[19,0,16,24,23,1,27,46,48],"power":[0.07562395595330042,0.09409307918150638,0.03626213551162146,0.04821648083619778,0.5596049098127619,0.040370774925554916,0.09411297306699286,0.10166054164801404,0.12097131003986607]}
{"id": 11, "drone": 1, "position":(16.666666666666668,41.666666666666664,1.0), "time":0.3635121719466241,"sensors":[3,7,30,14,21,42,33,12],"power":[4.8448804024265224E-5,4.0869851614713113E-5,3.863936918259083E-5,7.492452548372858E-5,3.7472975993021784E-4,1.1330681246276047E-4,7.362859352481333E-4,1.4735365758554667E-4]}
{"id": 12, "drone": 2, "position":(25.0,41.666666666666664,1.0), "time":285.1853541662597,"sensors":[3,7,2,40,28,18,30,22,35,21,49,42,45,33,12],"power":[0.18461553473642855,0.09282627440372664,0.03637624942002099,0.035848657297857675,0.1215842156935064,0.026493165478581073,0.02565509867479131,0.05600374701665422,0.02339362678640102,0.0545145521087783,0.0373446686012509,1.2383714709506706,0.039108156785758935,0.09652084472914717,0.07625889433200414]}
{"id": 13, "drone": 2, "position":(25.0,8.333333333333334,1.0), "time":283.30405509467454,"sensors":[20,36,0,24,34,5,47,37,25,15,48],"power":[0.09760558450873161,0.029868222933339534,0.04365861983056232,0.08716648608318585,0.08013864363209972,0.12266488540816074,0.056062467484326445,0.05247641821536451,0.05869760266434023,0.7403558674503022,0.03376616262467407]}
{"id": 14, "drone": 2, "position":(41.666666666666664,41.666666666666664,1.0), "time":237.61330033638419,"sensors":[8,28,18,39,22,43,49,32],"power":[0.4165743063711236,0.027707549069224034,0.07539317505249825,0.22270077479834932,0.022167430478809223,0.11570650639063057,0.05488197944277077,0.028245288007589252]}
