LP RESULTS :
 Obj = 0.1*lambda1+0.9*lambda2 = 138.85592352391043 (lambda1 = 1370.559235239104, lambda2 = 2.0) Resol time = 161 ms

{"id": 0, "drone": 2, "position":(16.666666666666668,25.0,1.0), "time":64.73213227107885,"sensors":[37,9,32,46,48,34,47,49,2],"power":[0.007545988332317577,0.038745856869820856,0.005635391299694859,0.010309607605752964,0.04118638778944032,0.004505144007776664,0.0311360103722683,0.009756819481298125,0.05239835750571191]}
{"id": 1, "drone": 2, "position":(41.666666666666664,33.333333333333336,4.0), "time":237.02088170275283,"sensors":[8,18,41,45,1,17,7,35,30,5,3,20,10,38],"power":[0.028619370323827803,0.026313483524194697,0.04935330672268577,0.05656665668121038,0.2081056084193996,0.04845011145189164,0.023307799985506892,0.08415483416461882,0.057639644058031216,0.016309885822390128,0.0820406207936499,0.029371126828565998,0.10646484390293465,0.05659921419659845]}
{"id": 2, "drone": 0, "position":(41.666666666666664,25.0,1.0), "time":442.96974428971197,"sensors":[8,33,18,41,39,45,1,17,12,35,5,43,42,3,10,38],"power":[0.1213806296761722,0.03679379359929334,0.7804931099375951,1.1145130448765037,0.2186393419445386,0.4880195814767799,0.14557484048818198,0.44589791560746744,0.1288522142539036,0.11974344808794268,0.030967100872469053,0.042041664631378456,0.21533944418020973,0.0654798291225543,0.06405576579349107,0.043041605436329275]}
{"id": 3, "drone": 0, "position":(41.666666666666664,41.666666666666664,1.0), "time":690.5686092466392,"sensors":[1,28,7,35,30,31,27,14,3,20,10,25,29,38],"power":[0.0995213430716078,0.04726268830031605,0.06667648011564208,0.07043065707811308,1.595594828131901,0.1805459701559985,0.2089664702579074,0.15,0.11632524928543884,0.20118435911258137,0.15075033811033817,0.05995862548488054,0.19054657534302583,0.10755070947707382]}
{"id": 4, "drone": 1, "position":(41.666666666666664,8.333333333333334,1.0), "time":927.5894909493921,"sensors":[33,39,12,22,36,43,21,44,42,0],"power":[0.13303822429139062,0.0656539648969333,0.13575417452865546,0.16710952692072595,0.3408090673153264,0.29781366785739277,0.24748257915318644,0.15000000000000002,0.06850731801635629,0.19797864707315113]}
{"id": 5, "drone": 1, "position":(25.0,25.0,5.0), "time":350.44534299191247,"sensors":[9,5,48,2],"power":[0.06738691522033206,0.07579858759649626,0.10900936261900819,0.02255147188070324]}
{"id": 6, "drone": 4, "position":(8.333333333333334,41.666666666666664,1.0), "time":795.150648722197,"sensors":[24,15,32,46,26,40,11,13,23],"power":[0.31730912760636687,0.2421175075535429,0.20901081274374478,0.09801113023269349,0.06492130852457519,0.1968784714003596,0.2874897841456059,0.06022973430014923,0.2180240306427902]}
{"id": 7, "drone": 4, "position":(25.0,41.666666666666664,1.0), "time":340.12326625472684,"sensors":[15,28,7,32,46,26,5,11,13,20,25],"power":[0.05221869135098031,0.1308336335418497,0.07897378902588417,0.03240291293030137,0.04167926216155352,0.2206454025324663,0.026924425708644555,0.04407885578998538,0.08994696248758673,0.0543979688469565,0.1714920884254028]}
{"id": 8, "drone": 3, "position":(8.333333333333334,25.0,5.0), "time":585.8911951967934,"sensors":[37,16,9,34,47,49,2,6],"power":[0.10757982026005863,0.15,0.04531687242515763,0.17177643870219544,0.2514530026359105,0.1403789098701414,0.17572110692195456,0.05590858362205533]}
{"id": 9, "drone": 3, "position":(8.333333333333334,8.333333333333334,1.0), "time":719.9359077712318,"sensors":[37,19,4,49,6],"power":[0.1336091216167971,0.15,0.2315865402537749,0.09464459603863587,0.2611328691112106]}
