LP RESULTS :
 Obj = 0.1*lambda1+0.9*lambda2 = 176.20252983944025 (lambda1 = 1735.0252983944024, lambda2 = 3.0) Resol time = 6966 ms

{"id": 0, "drone": 2, "position":(25.0,8.333333333333334,5.0), "time":622.8733144018959,"sensors":[0,48,24,40,17,32],"power":[0.12861042919927856,0.17279595110931292,0.24131609288061798,0.20091715848740352,0.06375386577818833,0.06369953140170637]}
{"id": 1, "drone": 2, "position":(8.333333333333334,8.333333333333334,1.0), "time":110.93806837859199,"sensors":[33,27,14,35,13,2,22,41],"power":[0.03576867202110666,0.010771693190868879,0.031185910710462075,0.08272264979522126,0.04740903318111071,0.017965719087445126,0.008860263942504568,0.04099895139876476]}
{"id": 2, "drone": 2, "position":(33.333333333333336,16.666666666666668,1.0), "time":181.14493194477174,"sensors":[15,0,1,30,48,24,5,40,17,23,39,12,10,37,32],"power":[0.05673752937842627,0.02638737417085681,0.018586288043393916,0.8014025440925251,0.02229242352102768,0.012192297571934803,0.011909902689497882,0.01801690274865366,0.061585862551754515,0.03530823299563996,0.04089664290668197,0.015639503115757923,0.050349439140094106,0.014953797010282021,0.056094892887369366]}
{"id": 3, "drone": 1, "position":(8.333333333333334,25.0,1.0), "time":717.1863511102811,"sensors":[44,33,11,16,27,7,8,35,42,22,43],"power":[0.07933721908678823,0.07351123762156692,0.04603689648574795,0.15,0.08604106452946969,0.09427372261605003,0.054547433389796826,0.059524705073377066,0.7832227616986229,0.29683026127534334,0.10971676578221416]}
{"id": 4, "drone": 1, "position":(8.333333333333334,41.666666666666664,1.0), "time":1017.8389472841213,"sensors":[11,29,7,34,8,18,6,25,20,42,43],"power":[0.5861595314493757,5.9875527264743855,0.3629434122269795,0.15,0.3361329426463313,0.08588876706754864,0.19871427446098555,1.539115867717969,0.26763493272000344,0.07190080068740297,0.297438380801098]}
{"id": 5, "drone": 3, "position":(8.333333333333334,8.333333333333334,1.0), "time":826.1352135906332,"sensors":[33,27,14,35,13,2,22,41],"power":[0.266362664610019,0.08021480078959504,0.23223569133981517,0.61602022602501,0.35304627460739463,0.13378737698014503,0.06598074179217377,0.3053115847954193]}
{"id": 6, "drone": 3, "position":(41.666666666666664,25.0,1.0), "time":542.1076490869997,"sensors":[31,15,19,45,26,30,23,39,36,12,10,37],"power":[0.12225032580583377,0.08159329464145751,0.10600337737530059,0.1535101006605255,0.8195968722210868,0.07163309983025,0.08844756651078908,0.19506277271433478,0.12657003734672964,0.6089510525903229,0.10304066270783646,0.12797540418754844]}
{"id": 7, "drone": 3, "position":(25.0,33.333333333333336,4.0), "time":366.78243571676967,"sensors":[44,15,19,1,45,49,18,9,47,23,10,37],"power":[0.07076685472351972,0.02725512700265064,0.030284321746702002,0.03191876449164854,0.028853900064506516,0.10042243244533389,0.09665941208935948,0.09655814849452277,0.11252098988408435,0.03942515121563286,0.026154678796641094,0.03853728301654015]}
{"id": 8, "drone": 0, "position":(41.666666666666664,41.666666666666664,1.0), "time":620.6198769156799,"sensors":[46,31,21,19,45,28],"power":[0.240292509857314,0.1047923795696181,1.897051951150681,0.07654240144341086,0.047559976874187525,0.15000000000000002]}
{"id": 9, "drone": 0, "position":(41.666666666666664,8.333333333333334,1.0), "time":931.0070520477348,"sensors":[3,38,30,5,4,39,32],"power":[0.2514817739086143,1.2288643354780506,0.06886697788583618,1.1086983929145624,0.15,0.12161332315874038,0.29087885024440535]}
{"id": 10, "drone": 4, "position":(41.666666666666664,33.333333333333336,2.0), "time":124.74967136005694,"sensors":[31,21,19,45,26,23,36,12,10,37],"power":[0.16117087258048987,0.03491584139031958,0.06025386819771328,0.04355224117431282,0.021328491734220613,0.009691125670384503,0.023429962653270384,0.013115851155955666,0.008961864352779113,0.027878671178138775]}
{"id": 11, "drone": 4, "position":(25.0,25.0,1.0), "time":80.76566531489622,"sensors":[44,27,15,0,1,45,30,49,18,48,9,40,17,23,10,37],"power":[0.025281629888209756,0.008001436250751002,0.022632579937862364,0.012361027853327936,0.09949494746495757,0.006174417280661826,0.009452401354783695,0.07576274619633039,0.007053887010364916,0.007598307500622027,0.10904638204894596,0.005475675009347211,0.02466027167005715,0.02331819536486127,0.018956128102332548,0.01054944567389371]}
{"id": 12, "drone": 4, "position":(25.0,41.666666666666664,4.0), "time":88.33258304099695,"sensors":[18,20,47],"power":[0.01491443447979327,0.011868738873281435,0.03747901011591564]}
