LP RESULTS :
 Obj = 0.1*lambda1+0.9*lambda2 = 134.5951293819459 (lambda1 = 1318.951293819459, lambda2 = 3.0) Resol time = 1049116 ms

{"id": 0, "drone": 2, "position":(41.666666666666664,8.333333333333334,1.0), "time":168.38552021634194,"sensors":[5,10,2,11,46,20,47,4,0,36,9,35,22],"power":[0.04890427602447645,0.011520875112645795,0.012884140593014895,0.05748455385559561,0.02826131442148345,0.018309472253877603,0.017205453648464146,0.09107185416565843,0.02840693554952536,0.015579366122114854,0.13841457650849703,0.01677580422677984,0.05767099408607192]}
{"id": 1, "drone": 2, "position":(33.333333333333336,25.0,1.0), "time":2.5933494748762946,"sensors":[39,25,2,11,3,1,30,29,32,36,18,12],"power":[4.983549364736216E-4,0.025933494748762945,4.601601786382209E-4,2.2338446027180732E-4,1.968734148162653E-4,1.8903744376987363E-4,3.132014949884451E-4,5.652579775373579E-4,1.7281592675588467E-4,5.76089102894071E-4,2.3114666894320608E-4,4.1236499414565276E-4]}
{"id": 2, "drone": 2, "position":(16.666666666666668,41.666666666666664,4.0), "time":369.6586705338494,"sensors":[43,3,6,15,23,19,26],"power":[0.07745989340173486,0.030769250133817705,0.03538021828126373,0.08090403117877588,0.09392939896576241,0.2715781254177549,0.08068856760632344]}
{"id": 3, "drone": 0, "position":(8.333333333333334,16.666666666666668,1.0), "time":3.799916366915568E-4,"sensors":[37,8,34,21,42,31,27,45],"power":[7.793124579591427E-8,3.2111018668965527E-8,6.97841355299036E-8,1.1284256815024936E-6,4.762824152870628E-8,1.0343885165864822E-7,2.551026192078939E-8,8.486630783914482E-8]}
{"id": 4, "drone": 0, "position":(25.0,8.333333333333334,1.0), "time":635.1625457676498,"sensors":[5,10,2,20,47,28,17,0,36,9,33,16,14,35,12],"power":[0.1014449706490899,0.6773110330199593,0.09543439178020499,0.09220791395710058,0.34112716064088355,0.14999992206875384,6.351625457676498,0.1631957053687928,0.06229441006188987,0.046965505835693776,0.2434254605147269,0.4073625175672481,0.0830264775888544,0.20119634023878788,0.07956209249419545]}
{"id": 5, "drone": 0, "position":(16.666666666666668,33.333333333333336,1.0), "time":394.79775905716787,"sensors":[3,15,8,23,1,34,19,42,18,27,45],"power":[0.14888535314682838,0.030276639452718787,0.09443226180348704,0.0411816934017081,0.03876980896627453,0.026852598397253333,0.07279788255205716,0.08723339745365144,0.08808328818156475,0.1432905350841043,0.05148689174477205]}
{"id": 6, "drone": 0, "position":(25.0,16.666666666666668,1.0), "time":5.869884161520531,"sensors":[5,25,10,2,47,1,17,34,0,36,16,18,35,12],"power":[4.221503052438747E-4,5.639831974347105E-4,0.001444983316077018,0.0019448250502848488,8.466803252551147E-4,0.0016817976468039295,0.0010956538419703446,0.0010844411203351804,9.171593086152998E-4,0.00131830197964066,4.254660673476447E-4,7.609256204711477E-4,0.0015771795381957303,0.015270728717802575]}
{"id": 7, "drone": 1, "position":(25.0,25.0,1.0), "time":85.20297273022408,"sensors":[25,2,3,1,34,36,18,45,12],"power":[0.01679233027993447,0.009472125199103131,0.025016135488686024,0.045887899555889615,0.013931808363490653,0.008358040084846155,0.08473209261948073,0.006085094292389508,0.03334443913270936]}
{"id": 8, "drone": 1, "position":(8.333333333333334,41.666666666666664,5.0), "time":554.4948142303426,"sensors":[43,19,26],"power":[0.0763937248143641,0.13651344772637725,0.11552731736686501]}
{"id": 9, "drone": 1, "position":(33.333333333333336,41.666666666666664,1.0), "time":554.4948142303426,"sensors":[39,41,6,40,15,44,13,49,23,29,48,38],"power":[0.10813419845611989,0.43363624961625896,0.2412514185249039,0.18352047937538754,0.08169270680311655,0.11416831086077478,0.14999999999999997,0.18827426119604695,0.07584080925247988,0.09665301516022563,0.2341080840499045,0.25386193228905485]}
{"id": 10, "drone": 3, "position":(33.333333333333336,8.333333333333334,1.0), "time":126.22018504199006,"sensors":[5,10,2,11,20,47,4,17,0,36,9,33,16,35,12],"power":[0.6378934012940966,0.07571474923153773,0.03045042117326136,0.026895871323653918,0.03948256588312703,0.20269833303531556,0.01265152384688514,0.027110264219650383,0.3981355484658098,0.02679343321475762,0.0893140461592781,0.023862989463699833,0.018196008333680486,0.09740333019161966,0.008257448105073563]}
{"id": 11, "drone": 3, "position":(41.666666666666664,16.666666666666668,1.0), "time":295.51650643309216,"sensors":[5,25,2,11,46,4,30,0,32,36,9,35,22],"power":[0.03179820359701813,0.03238154392818638,0.04215334203183161,0.4126656916967931,0.12173868557848559,0.23158397833016223,0.12593975183189096,0.033359690289649586,0.05352910605690029,0.06505612362104617,0.037192006808704284,0.02619499325497891,0.09232900591386713]}
{"id": 12, "drone": 3, "position":(41.666666666666664,33.333333333333336,1.0), "time":761.8631301142526,"sensors":[39,25,41,40,44,30,29,32,38,7],"power":[0.3885550673100549,0.0743286478456833,0.06958544335629263,0.056506444019910375,0.07559700999388115,0.08049671543519438,0.38048093230515295,0.1044256314572423,0.2689537792704749,0.1737523389275905]}
{"id": 13, "drone": 4, "position":(16.666666666666668,25.0,1.0), "time":101.6828294003526,"sensors":[3,8,1,34,21,42,18,27,45,12],"power":[0.020511760205897768,0.02621544085367408,0.06347145261967505,0.06418522405654217,0.01088005993232669,0.04452143459921454,0.05923343665621074,0.03491253007354673,0.07298675815091848,0.013152885220232224]}
{"id": 14, "drone": 4, "position":(8.333333333333334,16.666666666666668,1.0), "time":731.3974684785569,"sensors":[37,8,34,21,42,31,27,45],"power":[0.1499999220687542,0.0618064070284074,0.13431858793241197,2.1719627673991186,0.09167353151631895,0.1990962614444964,0.049101451683357174,0.16334833906635718]}
{"id": 15, "drone": 4, "position":(25.0,8.333333333333334,1.0), "time":3.299935628717776E-4,"sensors":[5,10,2,20,47,28,17,0,36,9,33,16,14,35,12],"power":[5.2704913920037847E-8,3.5189146848778874E-7,4.9582166287826666E-8,4.790587583356792E-8,1.77229856959163E-7,7.793124617279369E-8,3.299935628717776E-6,8.478700864663563E-8,3.236455685288229E-8,2.4400548656509296E-8,1.264697289602829E-7,2.116419008774619E-7,4.313573483639014E-8,1.0452993110907954E-7,4.1335841583609154E-8]}
{"id": 16, "drone": 4, "position":(8.333333333333334,8.333333333333334,1.0), "time":485.87061594891287,"sensors":[21,31,24,14],"power":[0.12970454331509257,0.17201378911748533,0.15000000000000002,0.08901874019346051]}
{"id": 17, "drone": 4, "position":(16.666666666666668,33.333333333333336,5.0), "time":4.999809902983543E-5,"sensors":[3,15,8,23,1,19,42,18,27,45],"power":[1.2187927292535385E-8,3.233426217378259E-9,8.75943060221E-9,4.1037630961732545E-9,3.767586977642811E-9,6.8002355769918144E-9,8.101385105064836E-9,8.477025963167936E-9,1.205968251526047E-8,5.0344573548572575E-9]}
