LP RESULTS :
 Obj = 0.1*lambda1+0.9*lambda2 = 117.36653725719398 (lambda1 = 1146.6653725719398, lambda2 = 3.0) Resol time = 4866 ms

{"id": 0, "drone": 2, "position":(41.666666666666664,41.666666666666664,1.0), "time":868.3003690759642,"sensors":[48,18,6,24,5,31,2,35,44],"power":[0.1846113671888318,2.0892666126909747,0.21718274881368888,0.09972137684456278,0.22334809543037218,0.08016093984815625,0.15,0.26490392224220816,0.0659052616917607]}
{"id": 1, "drone": 2, "position":(25.0,41.666666666666664,1.0), "time":82.89667319468238,"sensors":[30,39,10,15,3,25,33,23,6,49,12,24,35,44],"power":[0.009786309188820107,0.007193004641036633,0.10908211998080332,0.049600640031581336,0.008184849729475292,0.13304898045949504,0.10733359428531757,0.008828578117507868,0.011489263990791946,0.014202591846746146,0.2668426887835466,0.03407243517773891,0.008870683562489308,0.09034988620369053]}
{"id": 2, "drone": 2, "position":(25.0,33.333333333333336,5.0), "time":195.46833030129324,"sensors":[9,30,39,7,27,10,15,4,25,33,23,29,49,12,24,35,44],"power":[0.01632263576590968,0.07160455375721636,0.06720794486637942,0.013605548573697033,0.01537934686313678,0.048927126231211385,0.040638082473528014,0.019425080931375,0.01695101954050494,0.03819497429403403,0.014617325596542538,0.05012113908222114,0.013994150262557433,0.033532205282539654,0.026779262389713766,0.01445115660409677,0.025197878911634736]}
{"id": 3, "drone": 1, "position":(8.333333333333334,8.333333333333334,1.0), "time":568.5395853160672,"sensors":[38,32,20,41,28,19,17],"power":[0.145735483505579,0.11939673702780423,0.6063023929459134,0.041802516866183574,0.43520640926150367,0.15,0.06262142988131973]}
{"id": 4, "drone": 1, "position":(25.0,25.0,2.0), "time":81.02848013933902,"sensors":[9,30,39,7,27,14,4,29,37,17],"power":[0.026960994842587332,0.0241608266152706,0.04738141901903496,0.04802658481999663,0.0075456497847295155,0.010035882263784986,0.12638554822597575,0.06203723309268172,0.011453856830389074,0.006272248854193086]}
{"id": 5, "drone": 1, "position":(16.666666666666668,33.333333333333336,1.0), "time":231.70530185590601,"sensors":[42,9,30,39,7,27,10,15,3,33,23,29,49,22,12,37],"power":[0.05714833972956337,0.03768051786105753,0.02410133191751505,0.05378436055321161,0.018532586507708303,0.17035634419473142,0.04973196526269394,0.0682117401398977,0.05047369135919128,0.014956702265981572,0.10625284142486012,0.02077174751180044,0.06016073323072957,0.020486794020266978,0.034606213176868836,0.022024857932979938]}
{"id": 6, "drone": 4, "position":(41.666666666666664,25.0,1.0), "time":278.36500349597605,"sensors":[1,48,14,5,31],"power":[0.11809083454614884,0.047392737677671326,0.06799881562482499,0.030757094165350503,0.07011620827868965]}
{"id": 7, "drone": 4, "position":(33.333333333333336,8.333333333333334,1.0), "time":370.24572225848397,"sensors":[16,47,46,36,14,8,43,45,13],"power":[0.5558692130963295,0.06783843306521004,0.04375647236055749,0.12322848282527943,0.0268561861331746,0.12036260497325173,1.039936329514187,0.1633193354139024,0.04349703041917223]}
{"id": 8, "drone": 4, "position":(16.666666666666668,25.0,2.0), "time":278.3650034959756,"sensors":[42,9,30,39,32,7,27,4,41,29,37,17],"power":[0.03697318594947972,0.4735287038852227,0.020346978521177877,0.05804816091414805,0.03038359575788563,0.10455408738490035,0.13356300675345234,0.03742395250899859,0.02217802444118282,0.029333104342681483,0.2738990499514854,0.036300278066968436]}
{"id": 9, "drone": 0, "position":(8.333333333333334,16.666666666666668,1.0), "time":146.09907452163654,"sensors":[38,9,32,20,41,28,37,17],"power":[0.010935244713461311,0.011009829760022847,1.2292805016914856,0.03064230358656179,0.0775176906768875,0.021374128682392725,0.028998884079676313,0.023720025726572648]}
{"id": 10, "drone": 0, "position":(41.666666666666664,16.666666666666668,1.0), "time":417.0261666781407,"sensors":[16,47,36,21,1,14,43,45,40],"power":[0.08534419310245092,0.032003517261995545,0.15897549687059262,0.07766869016439858,0.03190916545385115,0.09485039122747044,0.028578376477171305,0.02897668748808999,0.06768664364507163]}
{"id": 11, "drone": 0, "position":(41.666666666666664,8.333333333333334,1.0), "time":359.3934836353148,"sensors":[16,47,46,36,21,8,43,45,40,13],"power":[0.10821061316265614,0.302468454662564,0.17149501939851625,0.3987784307930471,0.13232572654924388,0.029637395026748267,0.08015797442754359,0.02550145655698496,0.10975159930632918,0.10650296958082778]}
{"id": 12, "drone": 3, "position":(8.333333333333334,33.333333333333336,1.0), "time":110.16246579012684,"sensors":[42,27,3,41,26,23,49,22],"power":[0.5298742651096465,0.03242243186555518,0.020312510290452696,0.007871196330087803,0.01800123494703596,0.028431056862391127,0.014967664677581542,0.11347240682020789]}
{"id": 13, "drone": 3, "position":(8.333333333333334,41.666666666666664,1.0), "time":526.4326014299313,"sensors":[34,42,0,11,15,3,26,23,49,22],"power":[0.23652085690635377,0.08379699797317243,0.16480720070492874,0.15,0.03758129490082429,0.3012296945336187,0.2676626314128079,0.16884423595464854,0.14036559333946272,0.08181054389945011]}
{"id": 14, "drone": 3, "position":(16.666666666666668,16.666666666666668,1.0), "time":7.695068225614046,"sensors":[38,9,32,7,27,4,41,28,37,17],"power":[0.0010375686555402887,0.0020265896019877705,0.0020023182877903696,0.002205222610036494,5.329487808636732E-4,7.483249471461796E-4,6.305716856582975E-4,0.00112947513678263,0.004493454270463524,0.021086017470946093]}
