LP RESULTS :
 Obj = 0.1*lambda1+0.9*lambda2 = 175.77922132370207 (lambda1 = 1739.7922132370204, lambda2 = 2.0) Resol time = 63 ms

{"id": 0, "drone": 1, "position":(25.0,8.333333333333334,1.0), "time":1353.388866020341,"sensors":[49,41,6,13,31,46,47,29,37,38,19],"power":[0.09926287920886397,0.23665336879652615,0.3387558253117962,0.5752597791331573,0.21258977899905923,4.8922405929269,1.041826501201882,0.20511895678428235,0.8164890346174525,0.5689300740340238,0.3738566228991685]}
{"id": 1, "drone": 1, "position":(25.0,25.0,1.0), "time":85.54235315245558,"sensors":[49,25,28,14,34,16,47,12,29,37,19,10,44],"power":[0.05561272440590216,0.007239959792015294,0.0290409081363104,0.03451611881248595,0.008408151433354239,0.1348489632188846,0.00644960153187147,0.006702799545437481,0.00875931429025151,0.006511005098255938,0.010617300108469636,0.01672488901225157,0.008262971051751595]}
{"id": 2, "drone": 2, "position":(8.333333333333334,25.0,1.0), "time":552.305540836324,"sensors":[2,28,14,34,1,18,32,44],"power":[0.06562145629552622,0.07574587565683162,0.03831253471106806,0.26092757038611386,0.07921560990776347,0.15,0.07517794422879226,0.0987690763586152]}
{"id": 3, "drone": 2, "position":(25.0,41.666666666666664,1.0), "time":801.0833251840172,"sensors":[15,45,25,33,11,17,14,40,36,7,23,21,8,10,20],"power":[0.23890755843503916,0.15,0.3255545279149169,0.11810543784851406,0.0789906560739995,0.2919744954357016,0.05358261619235476,0.12189743592797264,0.06092597722380128,0.05823002723213561,0.09417869064081326,0.12513463142404874,0.11054579043340394,0.1332751109877484,0.12495284760328589]}
{"id": 4, "drone": 0, "position":(41.666666666666664,25.0,1.0), "time":801.0833251840171,"sensors":[24,42,35,3,26,22,12,27],"power":[0.5909427382446683,0.07095062000438665,0.23754995494300526,0.151697837435544,0.23768503452327308,0.1695668156767659,0.2312279645522086,0.08446593686490142]}
{"id": 5, "drone": 0, "position":(8.333333333333334,41.666666666666664,1.0), "time":801.0833251840172,"sensors":[33,48,11,9,40,7,1,44,20],"power":[0.25420148522643243,0.5321556842112671,0.18135740828777033,0.16484698928288355,0.22211263401638245,0.8113164061986258,0.14616620684674309,0.06568106033615455,0.17964529482354383]}
{"id": 6, "drone": 4, "position":(41.666666666666664,41.666666666666664,1.0), "time":938.7088880530033,"sensors":[15,39,0,42,3,36,23,22,21,30,8,27,43],"power":[0.10584604348130669,0.15,0.34986513559358806,0.10477793077735104,0.184346497419154,0.3974436462507925,0.13782081007142283,0.1514168174445648,0.2318767832065818,0.330162034633609,0.13764622810509664,0.33730868994991237,0.225815563048536]}
{"id": 7, "drone": 4, "position":(16.666666666666668,25.0,1.0), "time":300.86099406422363,"sensors":[49,28,14,34,16,1,44],"power":[0.08581801672641498,1.0648908976558995,0.13116888762262838,0.3577893097646053,0.05275928447959037,0.048026260436494876,0.10162164010709661]}
{"id": 8, "drone": 3, "position":(8.333333333333334,8.333333333333334,1.0), "time":330.0094615425614,"sensors":[4,2,5,13,32],"power":[0.7635512510583278,0.1378776562839669,0.2215504153722312,0.03569741037422699,0.07482205577120773]}
