LP RESULTS :
 Obj = 0.1*lambda1+0.9*lambda2 = 122.8178213087126 (lambda1 = 1201.1782130871259, lambda2 = 3.0) Resol time = 4434 ms

{"id": 0, "drone": 4, "position":(41.666666666666664,8.333333333333334,1.0), "time":671.3188248683628,"sensors":[15,5,44,24,19,18,10],"power":[0.15978970534358525,0.13532152921525364,0.13847048681441582,0.11070781497995516,0.6531305855214667,0.237510868277885,0.07179866033881538]}
{"id": 1, "drone": 4, "position":(25.0,33.333333333333336,2.0), "time":526.2852587083512,"sensors":[43,41,35,21,32,3,11,9,12],"power":[0.9083978648805522,0.1099776255245624,0.10661145997354268,0.19655342928105674,0.34828463400610465,0.18548829080364476,0.9436947729700247,0.04305480849871966,0.3279516355411713]}
{"id": 2, "drone": 4, "position":(33.333333333333336,16.666666666666668,1.0), "time":3.574129510411947,"sensors":[5,28,44,41,19,18,10,9],"power":[0.005129090251436428,2.7801726987693886E-4,0.005628481600848748,3.8102054188841417E-4,7.798146978526252E-4,7.760816680469978E-4,0.008270529228558792,8.267010723124516E-4]}
{"id": 3, "drone": 0, "position":(41.666666666666664,33.333333333333336,1.0), "time":222.1808772982165,"sensors":[20,22,41,37,26,31,48,32,42,33],"power":[0.24964705557502334,0.9100076842001554,0.02219599318752938,0.11416704912136393,0.020905365695636207,0.18048825707534194,0.09627764876252812,0.018147192359892667,0.17509344589671288,0.1490878647038321]}
{"id": 4, "drone": 0, "position":(41.666666666666664,41.666666666666664,1.0), "time":748.969237928811,"sensors":[1,20,22,47,37,31,17,48,42,33,25],"power":[0.14999999999999997,0.1157269949718004,0.2233728148285805,0.16117461051994852,0.16551580110802694,0.31406844123912403,0.2445326897830891,0.07392375410748099,0.0679319576939045,0.051036362904987836,0.15543112192417674]}
{"id": 5, "drone": 0, "position":(41.666666666666664,25.0,1.0), "time":230.02809786009837,"sensors":[5,20,22,44,41,37,26,31,48,19,10,42,33],"power":[0.015757548268282795,0.05043515446871635,0.03508573828713005,0.02066345445455377,0.028462666638974773,0.025179430566373638,0.1290946343043638,0.02089961090545803,0.05241578185656016,0.016387445033679233,0.04012003083296705,0.09908181773497671,0.30696407705532053]}
{"id": 6, "drone": 2, "position":(41.666666666666664,8.333333333333334,1.0), "time":238.26306642347447,"sensors":[15,5,44,24,19,18,10],"power":[0.05671222639337055,0.048028032746232616,0.049145654159219204,0.03929218502004483,0.2318077347403725,0.08429685819682983,0.025482629629488066]}
{"id": 7, "drone": 2, "position":(8.333333333333334,41.666666666666664,1.0), "time":633.7272078129076,"sensors":[7,13,39,45,30,6,34,49],"power":[0.22771643249590015,0.13250260935756958,0.14266402826824345,0.26466654644493837,0.9056649757967763,0.16430128136114142,0.14999999999999997,0.041860286838493375]}
{"id": 8, "drone": 2, "position":(16.666666666666668,41.666666666666664,1.0), "time":329.18793885074376,"sensors":[7,43,13,39,45,30,3,49,11,12],"power":[0.5882334961617117,0.05907536266044214,0.4655727621993198,0.140568386984736,0.754796523257555,0.036792438238384774,0.038982183649996754,0.09099051976793776,0.05259892200177963,0.08500041511936827]}
{"id": 9, "drone": 3, "position":(25.0,25.0,5.0), "time":161.11575528526964,"sensors":[28,43,41,35,21,32,11,9],"power":[0.024286000667592907,0.016605784921645217,0.033359392535007505,0.06629910210142126,0.07658313787067729,0.01801250837009033,0.01608142965011597,0.05321674662440084]}
{"id": 10, "drone": 3, "position":(16.666666666666668,8.333333333333334,1.0), "time":920.5001394418878,"sensors":[36,2,38,28,0,23,29,4,16,27],"power":[0.27956253715100976,0.12478197706968519,0.4399755684266271,0.13963504810651522,0.20345104473872141,1.4588453619404247,0.3344949440178174,0.24426492081778164,0.8129701929362995,0.21317859424575128]}
{"id": 11, "drone": 3, "position":(25.0,8.333333333333334,1.0), "time":57.994094424778154,"sensors":[36,2,38,5,28,44,0,23,29,4,16,18,9],"power":[0.006392451576043953,0.025218022930314794,0.0057235610018288325,0.006283947232845488,0.00864415240836295,0.004933802584683477,0.010583913084123564,0.017209859986776405,0.04339937366852727,0.0038797291103122578,0.010827920924473792,0.008233090054979362,0.004672600773179146]}
{"id": 12, "drone": 1, "position":(8.333333333333334,25.0,5.0), "time":900.5910746330962,"sensors":[8,40,14,46],"power":[0.3533018499720222,0.2884898347100481,0.18681184811684817,0.15]}
{"id": 13, "drone": 1, "position":(16.666666666666668,41.666666666666664,3.0), "time":69.59764909161515,"sensors":[7,43,13,39,45,30,3,49,11,12],"power":[0.06597025091047855,0.01089953188506077,0.05572741667535862,0.023371790601819795,0.07507168715801575,0.007202885787772021,0.0073142721735857345,0.017149193393568855,0.00997967485706143,0.01608121074722248]}
{"id": 14, "drone": 1, "position":(25.0,25.0,1.0), "time":57.99409442477827,"sensors":[36,28,43,41,35,21,32,10,11,9,12],"power":[0.0037787817739583464,0.011464018711937935,0.007836372448314087,0.01699111756853032,0.08594405153805244,0.14114701011178912,0.00792956972822987,0.004328149970170728,0.0073408094047672946,0.048229143031387846,0.004827827744619147]}
