LP RESULTS :
 Obj = 0.1*lambda1+0.9*lambda2 = 125.58670268924783 (lambda1 = 1228.8670268924782, lambda2 = 3.0) Resol time = 489 ms

{"id": 0, "drone": 1, "position":(41.666666666666664,33.333333333333336,1.0), "time":250.7911998410463,"sensors":[44,17,27,49,38,6,39,8,42,40],"power":[0.05327837822838027,0.11998199072607724,0.020659457273386816,0.03642916374092079,0.041420581963174156,0.07057508504912811,0.043774825653934424,0.0749802095562039,0.06646102143195036,0.04763155138692039]}
{"id": 1, "drone": 1, "position":(8.333333333333334,25.0,5.0), "time":425.26540917188277,"sensors":[32,24,13,26,25,14,7],"power":[0.05147828689977251,0.09939012695620678,0.042774630238743595,0.0443271971491621,0.2016710136210478,0.0320554824966612,0.031691648406312535]}
{"id": 2, "drone": 1, "position":(41.666666666666664,41.666666666666664,1.0), "time":552.810417879549,"sensors":[44,17,27,49,38,8,42],"power":[0.03574484935366926,0.06913870481470513,0.29058847685346717,0.1135708362590792,0.29579024283508626,0.45597756384844224,0.08715712365416355]}
{"id": 3, "drone": 3, "position":(8.333333333333334,8.333333333333334,1.0), "time":792.1272898582649,"sensors":[4,32,24,26,10,18,14,15,29,1,46,2],"power":[2.0158420006692874,0.2278781261018127,0.06323545736230551,0.21756883606088182,0.533114995826637,0.23930836506168643,0.2210253470327567,0.14999999999999997,0.2574969665083639,0.19001923791022154,0.1721162446360583,1.7586954488980744]}
{"id": 4, "drone": 3, "position":(25.0,8.333333333333334,1.0), "time":436.73973703421325,"sensors":[3,10,43,23,29,33],"power":[0.11217104279857282,0.04108919977080297,0.39240136822854066,1.3636370932177542,0.06382492302831362,0.06528233627762964]}
{"id": 5, "drone": 4, "position":(8.333333333333334,41.666666666666664,1.0), "time":673.735297410225,"sensors":[35,13,16,20,36,7,21,41,28,47],"power":[0.16860234731251234,0.2314476650869206,0.16836048200270815,0.17548234747609445,0.16110329852619448,0.41655167559491896,0.20065557296105663,0.09536561802495734,0.14893134150413517,0.07210504776579536]}
{"id": 6, "drone": 4, "position":(25.0,25.0,3.0), "time":534.727467084734,"sensors":[0,22,45,11,5,30,19,40],"power":[0.08549128072487834,0.05467060033941813,0.05750270023108701,0.1453578315311352,0.13846605065370518,0.03548818035632781,0.3436702779327078,0.03384711905530468]}
{"id": 7, "drone": 4, "position":(16.666666666666668,41.666666666666664,1.0), "time":4.488838732138788,"sensors":[0,35,48,13,12,20,45,9,5,30,7,41,28,47],"power":[7.578764139294726E-4,0.0318587012944578,7.319091860448888E-4,4.4804082971983686E-4,0.001068185303173286,5.168382123005082E-4,3.2933154351580244E-4,3.134042061942528E-4,3.5954052184898193E-4,8.935731945828087E-4,6.766714134659219E-4,0.0013941113583342147,0.0010686584958648,0.0021296854510532938]}
{"id": 8, "drone": 2, "position":(41.666666666666664,16.666666666666668,1.0), "time":18.08295079481502,"sensors":[37,22,33,11,6,39,40],"power":[0.007025587695275442,0.004626762863219205,0.0031524132303193445,0.0014881914974090717,0.002991394359709734,0.0017472757783792258,0.0032616345409753012]}
{"id": 9, "drone": 2, "position":(33.333333333333336,8.333333333333334,1.0), "time":208.1985728898178,"sensors":[3,22,43,23,33,31],"power":[0.03782895720142726,0.015492668484078018,0.02386036954200444,0.03818110813496031,0.5000399035969555,0.04930661334779958]}
{"id": 10, "drone": 2, "position":(25.0,41.666666666666664,3.0), "time":550.6428907501144,"sensors":[0,35,48,12,45,9,5,30,41,47],"power":[0.07274234980345926,0.0939160370228975,0.1975017780531441,0.9650727380576367,0.148770663039972,0.14968659579380572,0.07991656924673088,0.3981680843239434,0.0580760198600943,0.10490173327951746]}
{"id": 11, "drone": 0, "position":(41.666666666666664,8.333333333333334,1.0), "time":565.8457661736321,"sensors":[37,34,33,31],"power":[0.05590276850541894,0.15,0.16286010670478812,0.1655705822305144]}
{"id": 12, "drone": 0, "position":(41.666666666666664,25.0,1.0), "time":425.26540917188277,"sensors":[44,17,37,22,11,6,39,42,19,40],"power":[0.06097677241795046,0.07543065356594934,0.08707164379930561,0.11106536682811105,0.06253809432195423,2.0070438807821587,0.1309299322816155,0.033785555396967565,0.030428621688299868,0.5269473893828961]}
