LP RESULTS :
 Obj = 0.1*lambda1+0.9*lambda2 = 164.0738555717292 (lambda1 = 1622.738555717292, lambda2 = 2.0) Resol time = 156 ms

{"id": 0, "drone": 2, "position":(8.333333333333334,41.666666666666664,1.0), "time":838.80270336965,"sensors":[49,39,9,24,36,18,7,0],"power":[0.19492504919784187,0.21159235847356572,0.07705007231985532,0.30192778469402876,0.14843096320981672,0.12190371143001241,5.5934220599177555,0.1317087347958067]}
{"id": 1, "drone": 2, "position":(41.666666666666664,41.666666666666664,2.0), "time":783.935852347642,"sensors":[37,48,16,2],"power":[0.15868223700912662,0.05690918350376877,0.15,0.07282684921435438]}
{"id": 2, "drone": 0, "position":(25.0,25.0,1.0), "time":357.07554920933455,"sensors":[32,13,43,4,46,45,30,29,42,12,1,5,38,2],"power":[0.044859207648608006,0.1738977341023589,0.05319822793225869,0.04564271126425443,0.16728292046437376,0.15036716519028728,0.07685917196477335,0.02696682830011856,0.0469890496764228,0.033115724346629134,0.07979788561334979,0.09521467366360639,0.05527493232076475,0.028724191196782028]}
{"id": 3, "drone": 0, "position":(25.0,41.666666666666664,1.0), "time":455.4939461013469,"sensors":[32,22,43,39,30,9,42,17,24,15,5,48,33,38],"power":[0.16365192701134892,0.6942616856720538,0.11851730358290748,0.0785394771227286,0.07843508583475524,0.2908809446410002,0.11902621334054417,0.25314064375026374,0.050905081855667014,1.8107756488043516,0.036921186190089134,0.09309081649623123,0.8898530226952671,0.03395094662314046]}
{"id": 4, "drone": 3, "position":(41.666666666666664,8.333333333333334,1.0), "time":846.5431569338073,"sensors":[27,10,23,3,14,26,34,44],"power":[0.303796353870095,0.2816572883888469,0.15,0.1693567623385723,0.22978932812604652,0.47210160570691106,0.11316880553090009,2.572038508408622]}
{"id": 5, "drone": 3, "position":(41.666666666666664,33.333333333333336,3.0), "time":481.72715416031537,"sensors":[37,5,20,38,2],"power":[0.39961847012701013,0.042046113065989536,0.15,0.07413723446792397,0.15463317211400407]}
{"id": 6, "drone": 1, "position":(16.666666666666668,8.333333333333334,5.0), "time":489.4676077244726,"sensors":[6,31,25,11,40,12,19,47],"power":[0.1821144514895007,0.20867057225729052,0.20426877024613882,0.03844394503247804,0.035645155784868814,0.04855675280205016,0.2798034545305215,0.06262471092850189]}
{"id": 7, "drone": 1, "position":(8.333333333333334,8.333333333333334,3.0), "time":393.30171437329824,"sensors":[35,6,31,25,21,40,19,41,8],"power":[0.10399517748382371,0.042378618445370345,0.06678442809827291,0.03860891416002074,0.05122398455645536,0.14381971004250324,0.06690772547805796,0.15,0.03222814502421042]}
{"id": 8, "drone": 4, "position":(8.333333333333334,25.0,1.0), "time":739.9692336195212,"sensors":[35,13,4,46,21,29,40,36,8,18,0],"power":[0.0815030860130033,0.06997355183415409,0.1650447077938123,0.06361060611134989,0.19477458664166478,0.45488600456363515,0.06532496477103741,0.14857400110881522,0.5170370032021688,0.13544493462113844,0.13567179585579614]}
{"id": 9, "drone": 4, "position":(33.333333333333336,8.333333333333334,1.0), "time":776.1953987834848,"sensors":[28,11,27,10,12,3,47,1,14,26,34,44],"power":[0.15,0.4137551419411588,0.12016757532958154,0.06237238322296972,0.15248019127742,0.2587639348492092,0.19341817009215026,0.07383224601060275,0.5061307804633738,0.05485774387587473,0.09764172601373027,0.10135502719357631]}
