LP RESULTS :
 Obj = 0.1*lambda1+0.9*lambda2 = 121.80388374847199 (lambda1 = 1191.0388374847198, lambda2 = 3.0) Resol time = 4570 ms

{"id": 0, "drone": 2, "position":(41.666666666666664,16.666666666666668,1.0), "time":336.26815603120326,"sensors":[11,38,4,46,47,49,36,1,31,8,24,40],"power":[0.10770301385425128,0.15239040801954992,0.032142731374694734,0.027711685608044934,0.025136064877702795,0.2141606060228355,0.5676507218506405,0.04194069245178331,0.10479641957121828,1.3141209777558964,0.035862522841196905,0.3076861192401708]}
{"id": 1, "drone": 2, "position":(8.333333333333334,33.333333333333336,2.0), "time":49.15153399123051,"sensors":[17,37,39,20,13,29,26,44,33,34,6,5],"power":[0.0069082309110050566,0.007535448246706039,0.008136816282313022,0.12154137294526857,0.0035173971259120397,0.015194419571759947,0.003410238771451812,0.0033313353442311843,0.005358452087767034,0.003505215608677114,0.004294999012132256,0.007307160119002461]}
{"id": 2, "drone": 2, "position":(41.666666666666664,8.333333333333334,2.0), "time":595.40045051088,"sensors":[11,38,4,46,7,49,36,1,8,28,40],"power":[0.0506657509375102,0.04871358887683669,0.10839802116404353,0.28692601115427036,0.17291211148715177,0.5586670658852687,0.2750266385358143,1.0442841466482027,0.14710811204559934,0.14999999999999997,0.14536862864259892]}
{"id": 3, "drone": 1, "position":(8.333333333333334,8.333333333333334,1.0), "time":109.10819582996169,"sensors":[41,23,27,15,10,22,35,0,2,12],"power":[0.12045140707380796,0.011145746860241834,0.024258870158251216,0.027903947442036038,0.008401608239472513,0.4744095504546161,0.09698926066419754,1.091081958299617,0.020656763111748796,0.007102315812800737]}
{"id": 4, "drone": 1, "position":(25.0,25.0,4.0), "time":595.4004505108799,"sensors":[37,13,16,18,47,21,34,31,3,24,42,48,14],"power":[0.09305489427847245,0.16657753471944386,0.29198933258912435,0.08323196862252344,0.04297075823978628,0.5220303587213779,0.06562621862994211,0.045203580428781726,0.07418056503845928,0.12570672764031252,0.10891658722870953,0.1333094348152595,0.15860973474318663]}
{"id": 5, "drone": 1, "position":(25.0,8.333333333333334,1.0), "time":259.3702309426367,"sensors":[4,18,47,12,24,42],"power":[0.06367804454927933,0.07202436943378174,0.08691590485705784,0.1970580255012425,0.018007402004651108,0.05487335320364975]}
{"id": 6, "drone": 0, "position":(8.333333333333334,8.333333333333334,1.0), "time":565.5410878229943,"sensors":[41,23,27,15,10,22,35,0,2,12],"power":[0.6243364145851406,0.05777180857947932,0.1257411298417488,0.14463467818236272,0.04354810037019367,2.459009528998602,0.5027249471585135,5.655410878229943,0.10707030935903633,0.03681347107135273]}
{"id": 7, "drone": 0, "position":(8.333333333333334,41.666666666666664,1.0), "time":625.4977496617255,"sensors":[39,20,30,29,26,44,33],"power":[0.1000460229653575,0.19146525996783167,0.15000000000000002,0.08268916729263506,0.45108326256434383,0.05736331836901844,0.9588264735757615]}
{"id": 8, "drone": 4, "position":(41.666666666666664,33.333333333333336,1.0), "time":595.6383869738399,"sensors":[45,25,32,3,9,19],"power":[0.25124685278708536,0.15577692009797922,0.1378055236083337,0.10807849973864558,0.4040387633936528,0.05284385990214935]}
{"id": 9, "drone": 4, "position":(8.333333333333334,25.0,1.0), "time":516.3895538317638,"sensors":[17,37,23,20,13,15,29,10,35,34,2,6,14,5],"power":[1.5970989894977172,0.08105080604518856,0.23105893822658988,0.07760045515874063,0.06128190868458546,0.09092037563376398,0.0657723723848355,0.19276643104043012,0.03866997856399838,0.15462604409850753,0.040720094711689914,0.14570500098786773,0.0649756608204937,0.1686642297942555]}
{"id": 10, "drone": 3, "position":(25.0,41.666666666666664,5.0), "time":474.2139726077598,"sensors":[39,44,32,48,43],"power":[0.061796525981558416,0.12962943730251433,0.043711513507754096,0.04716985468366565,0.2092574840642648]}
{"id": 11, "drone": 3, "position":(41.666666666666664,41.666666666666664,1.0), "time":121.18647790312006,"sensors":[45,25,32,9,19],"power":[0.012224790821876885,0.0664670485504056,0.03339756649353364,0.08046827680646033,0.09715614009785066]}
