LP RESULTS :
 Obj = 0.1*lambda1+0.9*lambda2 = 96.91742410154546 (lambda1 = 942.1742410154545, lambda2 = 3.0) Resol time = 8086 ms

{"id": 0, "drone": 1, "position":(8.333333333333334,41.666666666666664,1.0), "time":62.10621113639584,"sensors":[42,9,0,8,23,31,36,48],"power":[0.00920362779106492,0.004223389503987591,0.006998307881501952,0.007114364468837482,0.5693436536683228,0.06327709362726705,0.2246868720469824,0.054939556162903413]}
{"id": 1, "drone": 1, "position":(41.666666666666664,25.0,1.0), "time":286.33210089114743,"sensors":[12,38,28,43,25,14,40,11,18,27,5,26,15,24,41],"power":[0.14376597289783807,0.4141949704149957,0.07431065554319226,0.02445984425508591,0.883861572651585,0.050688187908594216,0.09143705361462393,0.06345911587357436,0.03634285525781908,0.15264488717842378,0.06375442421826319,0.02788813420589051,0.11634192290564824,0.0589856266466919,0.027944646977315708]}
{"id": 2, "drone": 1, "position":(8.333333333333334,16.666666666666668,1.0), "time":509.1676966902025,"sensors":[20,1,9,44,35,17,33,13,46,4,16,3,22,29],"power":[0.24726778021793938,0.09446152192234661,0.04700006460303908,0.07486962641296069,0.09425488991229286,0.04557470753703602,0.04776806081818005,0.06737181728026193,0.05371796311163427,0.24730275706842447,0.29043349187678996,0.048139325311114284,0.050528172775291105,0.03320550303319618]}
{"id": 3, "drone": 4, "position":(25.0,41.666666666666664,1.0), "time":422.0784913253213,"sensors":[2,42,0,7,8],"power":[0.08388535487437167,0.03133354593933457,0.11267053350090685,0.031003573959017042,0.19258603096361432]}
{"id": 4, "drone": 4, "position":(16.666666666666668,8.333333333333334,1.0), "time":20.047592425807842,"sensors":[49,44,35,17,13,3,22,29],"power":[0.0014240224324354868,0.015357091942021719,0.007561053892642311,0.04742477850480783,0.019487809864593204,0.004065350192650284,0.001511461632801234,0.004320644070238496]}
{"id": 5, "drone": 4, "position":(41.666666666666664,41.666666666666664,1.0), "time":216.39912340963627,"sensors":[6,19,37,14,32,5,26,24],"power":[0.23007989235721196,0.2703424076666946,0.13306957120902704,0.05872308713774778,2.163991234096363,0.04487998018781473,0.12181643064775445,0.024112205380361587]}
{"id": 6, "drone": 2, "position":(25.0,16.666666666666668,1.0), "time":122.58440491249729,"sensors":[34,49,28,17,7,18,3,30,29,41],"power":[0.022859740821169323,0.019007355815722035,0.013901636046449591,0.021942786947787323,0.00969173345778414,0.02855907137932513,0.07629726711286083,0.014727816003059663,0.13859144599658813,0.01038150919331868]}
{"id": 7, "drone": 2, "position":(41.666666666666664,16.666666666666668,1.0), "time":122.58440491249729,"sensors":[12,38,28,21,43,47,25,40,11,18,27,15,45,39],"power":[0.2177929938617341,0.06567381247090653,0.023481391742198654,0.008728940675559084,0.044818781252007174,0.020762458208892817,0.040163158280416514,0.00948674456051108,0.4637655547039305,0.01549008489339364,0.035186159414563045,0.01503767575817362,0.015712422594613622,0.0296449862957143]}
{"id": 8, "drone": 2, "position":(16.666666666666668,41.666666666666664,1.0), "time":457.98953855373736,"sensors":[2,42,0,8,23,31,36,48],"power":[0.06611464512562831,0.1094628262696005,0.34668832897651186,0.9431812617636487,0.08547552104006961,0.08672290637273292,0.13220057343119818,0.10759624006471868]}
{"id": 9, "drone": 0, "position":(25.0,25.0,1.0), "time":268.18664709640274,"sensors":[28,33,7,18,3,15,30,29,41],"power":[0.038306316668159514,0.020675043179238944,0.19677618536340005,0.06214345495859341,0.040018299591398965,0.031829108740089214,0.5317257315340417,0.03689925020502295,0.10704535948237856]}
{"id": 10, "drone": 0, "position":(33.333333333333336,8.333333333333334,1.0), "time":124.34122940816513,"sensors":[34,49,21,47,11,18,10,45],"power":[0.18502214107306958,0.14684983473672164,0.16919712634544656,0.07843699577034824,0.015600887896097078,0.009881788881224686,0.10079185919822649,0.010149154708392562]}
{"id": 11, "drone": 0, "position":(8.333333333333334,25.0,2.0), "time":164.81989722884924,"sensors":[20,9,33,46,4,16,48],"power":[0.22909321270479419,0.1440685939197444,0.0815568960025809,0.14738337818194303,0.02347467129283455,0.16184378483710618,0.011977213626927252]}
{"id": 12, "drone": 3, "position":(41.666666666666664,8.333333333333334,1.0), "time":408.9165058036447,"sensors":[12,38,34,49,21,43,47,11,10,45,39],"power":[0.045339326314024785,0.025836460077656866,0.04315387289987447,0.03776270009997797,0.11187372875727548,0.10164322577756829,0.5408471610957158,0.07976673287064212,0.06612762071468806,0.3494760126179869,0.1203550137042857]}
{"id": 13, "drone": 3, "position":(8.333333333333334,8.333333333333334,3.0), "time":268.1866470964028,"sensors":[1,44,35,17,13,4,22],"power":[0.056991770747172814,0.16709333589176645,0.32263947586265784,0.03505772701036882,0.12850714625585824,0.038224808672291825,0.11917341698323201]}
{"id": 14, "drone": 3, "position":(41.666666666666664,33.333333333333336,4.0), "time":265.071088115407,"sensors":[38,6,19,37,25,14,40,32,27,5,26,15,24,41],"power":[0.02322954153723703,0.0367006487520742,0.06213722027084457,0.016930428790972934,0.03238795012579533,0.2591723792693029,0.049076201824864954,0.046517715756574436,0.021859058457227805,0.2672625536852398,0.13946273851471083,0.0364870972662232,0.08571350310222105,0.01685475344047346]}
