LP RESULTS :
 Obj = 0.1*lambda1+0.9*lambda2 = 124.74796903892998 (lambda1 = 1211.4796903892998, lambda2 = 4.0) Resol time = 490602 ms

{"id": 0, "drone": 1, "position":(33.333333333333336,33.333333333333336,1.0), "time":327.7955288129916,"sensors":[31,46,44,40,3,28,6],"power":[0.06140889051492996,0.02478134812340458,0.17217427273614525,0.12260256428661329,0.0397391120822778,0.03226845504140949,0.15043190906078954]}
{"id": 1, "drone": 1, "position":(8.333333333333334,33.333333333333336,1.0), "time":439.7039690719605,"sensors":[41,2,18,14,9,34,8,19,22,35,42,36],"power":[0.03627632704007915,0.07934656907401906,0.050763672194406584,0.14773823093866514,0.3991106872398072,1.3564400302057185,0.032491337309994525,0.03532921269194631,0.09169252916355808,0.07021369921813521,0.1457956178150691,0.03707152091591471]}
{"id": 2, "drone": 1, "position":(16.666666666666668,33.333333333333336,1.0), "time":0.4274680003682363,"sensors":[5,18,44,9,34,8,19,3,47,22,35,42,36],"power":[6.43229144300166E-5,5.294489405943513E-4,4.031347133165699E-5,3.3778250000473056E-5,1.5508066582160812E-4,1.4146088332870615E-4,1.881307711813875E-4,1.1984702075257878E-4,2.7961179928636517E-5,1.2676649577299864E-4,1.0066771147892725E-4,7.722510894073503E-4,3.937050877689003E-5]}
{"id": 3, "drone": 1, "position":(25.0,8.333333333333334,1.0), "time":113.65184747935677,"sensors":[4,38,33,12,15,37,45,30,29,7,32,16,43,11,39],"power":[0.01449060924218104,0.009066818929417334,0.1404828166141476,0.015348334321747951,0.2549710619690602,0.008480887321936926,0.009737213397959205,0.041300199115247044,0.03500402317701422,0.009932479907238967,0.023877692282911252,0.011508774671334843,0.040202487626741785,0.012354427819799918,0.013963045769980253]}
{"id": 4, "drone": 3, "position":(8.333333333333334,16.666666666666668,1.0), "time":259.84189163419956,"sensors":[38,41,37,16,11,20,22,39,36,17],"power":[0.0222776737229917,0.07109352121993379,0.02060459296639943,0.06278756388108561,0.031125330271013097,0.07731395826301272,0.026099004620121078,0.05852606322659284,0.07346553058667338,0.6581327712158139]}
{"id": 5, "drone": 3, "position":(41.666666666666664,25.0,1.0), "time":6.118955305415021,"sensors":[31,46,40,45,49,13,26,28,6],"power":[0.0010244460327131753,0.0010716642052749513,0.0026620244956545615,6.160162254009188E-4,0.0014724811597489106,0.02021050483819943,0.0018088862862882947,0.0010619804772458157,4.657822063568143E-4]}
{"id": 6, "drone": 3, "position":(41.666666666666664,16.666666666666668,1.0), "time":504.3093080426862,"sensors":[31,10,12,40,45,30,21,7,32,49,13,26,28],"power":[0.04357045234545977,0.05115967343913623,0.04959052781629219,0.0366286402223857,0.15156883600685853,0.03969421676432801,0.05928505505320337,0.03846514348909099,0.03605933193724176,0.14498096995636445,0.12978949516180058,2.57333783603932,0.0769236394160972]}
{"id": 7, "drone": 3, "position":(8.333333333333334,41.666666666666664,1.0), "time":408.70476822510443,"sensors":[2,5,14,9,34,8,19,27,35,42,24],"power":[0.9047746257212375,0.06806623169045696,0.0373259191246081,0.07437335633395036,0.0849627051237947,0.04119263231654388,0.03550488650995225,0.07712391272561642,0.15932823315216377,0.07980171069920651,0.11968552278963777]}
{"id": 8, "drone": 4, "position":(16.666666666666668,8.333333333333334,1.0), "time":383.7701787048899,"sensors":[38,33,15,37,29,0,16,43,11,39,17],"power":[0.2449100662379023,0.0607901289378141,0.04701848048219091,0.20426254972685007,0.06438235329586328,0.045572606774003495,0.09841848182941812,0.03697083516109096,0.058814461322479965,0.4112362229746097,0.03510376369935836]}
{"id": 9, "drone": 4, "position":(25.0,25.0,5.0), "time":342.6657576697097,"sensors":[4,31,18,44,3,11,47,22,36,28],"power":[0.07628234240704437,0.06828000217711627,0.05640727701636953,0.0347228595236317,0.02671031522361498,0.04655626492778746,0.14259072837082365,0.030972184745662767,0.022293419356117002,0.05189437269781433]}
{"id": 10, "drone": 4, "position":(8.333333333333334,8.333333333333334,1.0), "time":342.6657576697103,"sensors":[38,37,0,16,20,39,17],"power":[0.16600359374950166,0.1518215704549078,0.1044273932259965,0.04096960521442923,0.06444013261451381,0.0958982100736695,0.10318517739579916]}
{"id": 11, "drone": 4, "position":(41.666666666666664,8.333333333333334,1.0), "time":55.05799292597976,"sensors":[10,12,45,30,21,1,7,32,49,26],"power":[0.0763080056911793,0.017962369895044183,0.00842018966982666,0.004798919411227851,0.0482252495136328,0.014899354022925332,0.021647102739203405,0.011768561699317427,0.0035465488838866696,0.008962445008402981]}
{"id": 12, "drone": 2, "position":(25.0,33.333333333333336,1.0), "time":21.646566441499914,"sensors":[31,5,18,44,40,8,19,3,47,22,35,42,6],"power":[0.0022909265935406116,0.001716970765836459,0.006954208672115166,0.025494176919783812,0.001450962147705586,0.0053722319098836865,0.006554787663483881,0.023609995342861425,0.0023863380036775357,0.0016566170049692522,0.001486950822335675,0.0026900784651841887,0.0015016972536395618]}
{"id": 13, "drone": 2, "position":(33.333333333333336,8.333333333333334,2.0), "time":524.1617190876888,"sensors":[4,33,10,12,15,45,30,21,29,1,7,32,43,26],"power":[0.046014532586961567,0.10834674278752761,0.07343414546817077,0.9790312286762665,0.19117787281000012,0.1331963520493768,0.26229973589141864,0.0424896954331638,0.050613623527122495,0.13510064597707477,0.2988362127454923,1.4464578848581127,0.1034206120848487,0.03741712887665253]}
{"id": 14, "drone": 2, "position":(33.333333333333336,41.666666666666664,2.0), "time":62.36267269835362,"sensors":[23,44,3,6],"power":[0.014480938627532565,0.012817578874232972,0.0064755429406039055,0.02061899765912727]}
{"id": 15, "drone": 2, "position":(25.0,25.0,1.0), "time":0.7637065688240385,"sensors":[4,33,31,18,44,40,3,16,11,47,22,36,28],"power":[2.4318468851799432E-4,5.3153138414156057E-5,2.120314351590647E-4,1.778895453756766E-4,1.0259606575736225E-4,5.6011394036809064E-5,7.432949779261003E-5,6.007916229815661E-5,1.3802729457172507E-4,0.0012991821701413523,8.818751202022834E-5,6.344618261107637E-5,1.5228988854486744E-4]}
{"id": 16, "drone": 0, "position":(25.0,16.666666666666668,1.0), "time":8.179867548173206,"sensors":[4,33,31,15,45,30,32,16,11,47,39,36,28],"power":[0.012969331075295012,0.005173327885993248,0.0010553238363827516,0.0013579564861801044,0.0012282077307767178,0.002581332340742189,6.374525582996236E-4,0.001546978793774638,0.0031276461618017807,0.003695790275428854,8.558094591850922E-4,5.770068293710151E-4,0.0013700495074876566]}
{"id": 17, "drone": 0, "position":(41.666666666666664,41.666666666666664,1.0), "time":793.5559671310396,"sensors":[23,25,46,6,48],"power":[1.0787596464907268,0.15164098802653733,0.12414698767132046,0.2888432444243657,0.33631443665345007]}
{"id": 18, "drone": 0, "position":(8.333333333333334,25.0,1.0), "time":102.60644078414683,"sensors":[41,18,14,9,34,16,11,20,22,42,36,17],"power":[0.04263015173998705,0.009192548570908548,0.019994185927429225,0.017078037102912252,0.0204752859015147,0.00927417555683579,0.007373622795025813,0.008245909122473511,0.038909932846686215,0.009217230571815335,0.045140407562455034,0.01449083625694904]}
{"id": 19, "drone": 0, "position":(16.666666666666668,41.666666666666664,1.0), "time":238.39047786621938,"sensors":[2,5,18,44,34,8,19,3,27,35,42,24],"power":[0.029062553317345054,0.7867766022339245,0.02597495506023013,0.01519476401066124,0.03289703862766103,0.21857318196941591,0.14545851735561724,0.05327085789209663,0.07287608727438356,0.569774037181517,0.07680342271061527,0.030314477210362224]}
