LP RESULTS :
 Obj = 0.1*lambda1+0.9*lambda2 = 141.77044319243865 (lambda1 = 1390.7044319243867, lambda2 = 3.0) Resol time = 2434 ms

{"id": 0, "drone": 3, "position":(41.666666666666664,33.333333333333336,1.0), "time":784.1859411515048,"sensors":[2,4,10,27,13,38,44,20,35,37,34],"power":[0.25417036134098336,0.17795605127378752,0.07124532845025877,0.07449102284961803,0.05968316329599615,1.5266036140425514,0.15,0.6820475509915928,0.15656123343359918,0.15710723932814114,1.6356033441102966]}
{"id": 1, "drone": 3, "position":(16.666666666666668,8.333333333333334,1.0), "time":106.06621892947922,"sensors":[0,28,7,39,1,14,18],"power":[0.1132936047693519,0.017693916157264643,0.0076877852247016,0.007084033748648749,0.012347626380015657,0.20567977679976196,0.03471251753362001]}
{"id": 2, "drone": 3, "position":(41.666666666666664,8.333333333333334,1.0), "time":500.4522718434026,"sensors":[23,42,24,47,6,26,36,48,3,5,32],"power":[0.21067054318077844,0.05194804708755325,0.11393009286303508,0.13871053842379824,0.2635460501633881,1.1759988573065592,2.643092840960813,2.4057168088040277,0.09936245500606652,0.3350568914858478,0.12128166625877826]}
{"id": 3, "drone": 4, "position":(41.666666666666664,25.0,5.0), "time":606.5184907728818,"sensors":[4,10,38,20,35,37,34],"power":[0.10938381529414777,0.11330908805936551,0.05425731388617204,0.20418146941651516,0.3702109732574058,0.29472105037781504,0.15546409971257696]}
{"id": 4, "drone": 4, "position":(8.333333333333334,41.666666666666664,1.0), "time":703.2502930227138,"sensors":[41,15,29,31,43,30,45,8,16,40,11],"power":[0.809026740547185,0.08061930967523656,0.26922815208236983,0.115729797556019,0.10766428425463838,0.10005810102471598,0.15489897032339342,0.20167897791930714,0.17308871717712535,0.16722999957211182,0.05678110863004996]}
{"id": 5, "drone": 0, "position":(41.666666666666664,8.333333333333334,1.0), "time":255.0427566553111,"sensors":[23,42,24,47,6,26,36,48,3,5,32],"power":[0.10736287774453392,0.026473999375139702,0.058061570672370416,0.07069029373457988,0.13430953343802968,0.5993178715847899,1.3469849617657406,1.226012311602389,0.05063754499393347,0.1707532127412333,0.061808112850504214]}
{"id": 6, "drone": 0, "position":(25.0,8.333333333333334,1.0), "time":635.2094034256729,"sensors":[0,23,28,42,1,14,18],"power":[0.21006717333207336,0.07566996266249344,0.9402955073198047,0.3079779287855889,0.13765237361998434,0.10893049310427577,0.2555081313449361]}
{"id": 7, "drone": 2, "position":(8.333333333333334,16.666666666666668,1.0), "time":477.48823118735254,"sensors":[0,12,17,33,25,7,39],"power":[0.04264413812314793,0.05509916419579661,0.11453707833758126,0.08018271591277719,0.23108742822919273,0.04404062706200921,0.2846271382278177]}
{"id": 8, "drone": 2, "position":(16.666666666666668,33.333333333333336,1.0), "time":80.935648128791,"sensors":[41,15,22,12,19,31,43,9,30,8,40,11],"power":[0.0056328021490506626,0.07105770680082504,0.006303499088251028,0.019367106221068357,0.005855366729613525,0.014945506315955873,0.02203716901276382,0.06499100638942622,0.00546101081130102,0.006813474047007548,0.06450889840683997,0.13644621486293515]}
{"id": 9, "drone": 2, "position":(8.333333333333334,25.0,1.0), "time":606.5184907728819,"sensors":[15,12,33,25,30,39,11],"power":[0.14259379403209577,0.6212611683943846,0.493764892067984,0.20202995557614484,0.11252699199344626,0.056271449629461685,0.1189856692923936]}
{"id": 10, "drone": 1, "position":(8.333333333333334,8.333333333333334,1.0), "time":171.94057838188198,"sensors":[0,17,25,7,39,14],"power":[0.01911434722583178,0.03546292166241874,0.014460825826606563,0.09827158771328919,0.05478668873161397,0.03768148471670229]}
{"id": 11, "drone": 1, "position":(25.0,41.666666666666664,1.0), "time":606.5184907728818,"sensors":[2,22,27,13,19,31,46,43,9,49,8,21,40],"power":[0.05360986919678143,2.3513648709576755,0.16451693685381572,0.11666520862222725,3.1648478452318916,0.16902961456103843,0.3151255574630353,0.1853232240802921,0.08500899361057376,0.5757356619920957,0.06639289782446939,1.514901533132957,0.07592550291166893]}
