LP RESULTS :
 Obj = 0.1*lambda1+0.9*lambda2 = 121.77915848809353 (lambda1 = 1190.7915848809353, lambda2 = 3.0) Resol time = 1110 ms

{"id": 0, "drone": 2, "position":(25.0,25.0,1.0), "time":546.9213097375379,"sensors":[7,23,30,38,25,5,42,47],"power":[0.03970972992786107,0.8585398361009934,0.11056799034986865,0.1010079246026899,0.24639258704544992,1.3151586291552462,0.07254818100823174,0.28041129618575267]}
{"id": 1, "drone": 2, "position":(8.333333333333334,16.666666666666668,1.0), "time":424.3225721448956,"sensors":[26,4,7,8,15,28,6,42,9,22],"power":[0.3342518836838684,0.02901991782181478,0.04043696827851751,0.10160457284424658,0.4091552385599564,0.08092462340124508,0.14762385082288787,0.07557824032366586,0.1738151623080766,0.0307048614939037]}
{"id": 2, "drone": 2, "position":(25.0,41.666666666666664,1.0), "time":162.17966134014137,"sensors":[21,37,0,46,16,32,25,13,12,27],"power":[0.034296793123732974,0.0553503636556057,0.0184847327894851,0.04783509530033347,0.15731018427724008,0.029727491290375455,0.0183054308739204,0.10133200871014814,0.014233394187530826,0.6240873224536911]}
{"id": 3, "drone": 1, "position":(41.666666666666664,25.0,1.0), "time":17.375920735379623,"sensors":[49,33,1,41,11,44,12],"power":[0.008642374355510693,0.0035230546932091228,0.014784968973899958,0.00189333779640808,0.0022444326335177667,0.001220333100961553,0.0014245366840721354]}
{"id": 4, "drone": 1, "position":(8.333333333333334,8.333333333333334,1.0), "time":546.9213097375377,"sensors":[26,4,15,35,6,9,22],"power":[0.050001504457643585,0.12098008217818519,0.05539321293732584,0.15589685607740736,0.10468566957480535,0.1695791801304572,0.10539167670962747]}
{"id": 5, "drone": 1, "position":(33.333333333333336,41.666666666666664,1.0), "time":375.9777963940926,"sensors":[37,0,46,16,48,44,13,2,17,12,45,27],"power":[1.2330662906153889,0.13143896991365578,0.10833659966901937,0.3036310914968333,0.09703943949825988,0.043149125879712855,0.03980558341687002,0.07790754170230156,0.08594748901486296,0.13277415287780442,0.0868190059620302,0.07463696697164342]}
{"id": 6, "drone": 3, "position":(41.666666666666664,33.333333333333336,1.0), "time":634.7634338957482,"sensors":[1,48,44,2,17,12,45,29],"power":[0.09932153046792254,0.28697186353081616,0.37301494641132144,0.07107579399361649,0.06928738740842812,0.21292593084193445,0.11757412641274745,0.156584167613434]}
{"id": 7, "drone": 3, "position":(16.666666666666668,41.666666666666664,1.0), "time":33.39950942000553,"sensors":[21,19,31,16,32,13,3,27],"power":[0.061838862421835325,0.0036071275913649777,0.00654564110423967,0.0028090151684639565,0.16391185490144608,0.008862407872981957,0.00254061734330906,0.007074520216577205]}
{"id": 8, "drone": 3, "position":(41.666666666666664,16.666666666666668,2.0), "time":202.17178226312262,"sensors":[49,33,1,41,11,36,14,18,24],"power":[0.21149419503495348,0.4670620169346454,0.03589350055817592,0.24828152562200065,0.12116055643661236,0.021983798137595448,0.013032046391371111,0.05003039458294409,0.015768374977511056]}
{"id": 9, "drone": 4, "position":(8.333333333333334,41.666666666666664,1.0), "time":937.8443724624279,"sensors":[21,19,20,31,32,3,40],"power":[0.167683138277377,0.21636725092656664,0.18151154513602757,0.881913446896352,0.2283856869126986,0.6778213833106257,0.15]}
{"id": 10, "drone": 4, "position":(41.666666666666664,41.666666666666664,1.0), "time":0.4947725155734588,"sensors":[37,0,16,48,44,2,17,12,45,29],"power":[6.795081266327584E-5,7.629729685913966E-5,3.758250880504935E-5,7.868791755066206E-4,4.0728321063893363E-4,0.001016664304080099,8.251088577657393E-4,1.0826667689636915E-4,0.00445776122768829,1.1587679593617455E-4]}
{"id": 11, "drone": 4, "position":(8.333333333333334,25.0,1.0), "time":219.5477029985018,"sensors":[26,31,7,30,8,15,28,6,42,9],"power":[0.09427216434081968,0.017691724460256932,0.12811161113880473,0.03948146455617084,0.04839542715575342,0.08605474870316918,0.08629345120100473,0.020530557581909376,0.07032631841466716,0.01647732610882734]}
{"id": 12, "drone": 0, "position":(33.333333333333336,8.333333333333334,1.0), "time":355.146592025043,"sensors":[33,41,39,38,14,34,18,43,10],"power":[0.04738964167320823,0.03789587019321314,0.03959671076611503,0.039647038268394136,0.12176550604026501,0.08242799637168789,0.130663579063615,0.4255222925525827,0.02823003886302437]}
{"id": 13, "drone": 0, "position":(25.0,8.333333333333334,1.0), "time":219.54770299850168,"sensors":[39,38,35,34,43,47,22],"power":[0.2110712376899931,0.055044585623577134,0.018343456370834368,0.0675720036283121,0.029208147092813726,0.02363604915383617,0.051536852399032655]}
{"id": 14, "drone": 0, "position":(41.666666666666664,8.333333333333334,1.0), "time":616.0972898573906,"sensors":[49,33,41,11,36,14,18,43,10,24],"power":[0.06125286078552171,0.12714859298797546,0.26137910531653075,0.12681740515709122,0.23384808874024102,0.25870216310034105,1.428411008589869,0.16291379608330814,0.139408910735038,0.13423162502248895]}
