LP RESULTS :
 Obj = 0.1*lambda1+0.9*lambda2 = 139.25430405355652 (lambda1 = 1365.5430405355653, lambda2 = 3.0) Resol time = 1247 ms

{"id": 0, "drone": 3, "position":(8.333333333333334,25.0,1.0), "time":456.3086601308041,"sensors":[11,1,4,9,46,2,31,37,34,5,15,35,45,36],"power":[0.04508740271454456,0.05651658203456981,0.04802468119603284,0.04487574264191273,0.03163543135141547,0.05108111920201675,0.0905777244696741,0.033858812810238906,0.06957200949615104,0.6693740548814118,0.0680035609863099,0.06799153354449484,0.04820602784820884,0.10113145271180336]}
{"id": 1, "drone": 3, "position":(25.0,8.333333333333334,5.0), "time":464.0387337407917,"sensors":[18,16,13,44,14,28,48],"power":[0.0680686434199172,0.03620705591793917,0.04779009978135106,0.08065362904472229,0.05634763597802739,0.12219351325362383,0.07457267650968799]}
{"id": 2, "drone": 3, "position":(41.666666666666664,16.666666666666668,1.0), "time":294.89567494227276,"sensors":[19,38,3,32,43,27,39,26,24,23,41],"power":[0.07949431929095148,0.05995986996400649,0.1182344365654021,0.030940074731722163,0.06521346400147819,0.04978863775661955,0.025885359189013687,0.052413746340605125,0.07024488407566225,0.06390204232028757,0.2937588275530766]}
{"id": 3, "drone": 2, "position":(41.666666666666664,25.0,1.0), "time":347.17905091024045,"sensors":[19,43,39,33,17,24,23,41],"power":[1.2673187090977918,3.4717905091024046,0.35188846276418173,0.0327303502836415,0.025819364006451375,0.18708844216754536,0.0860979576797124,0.0726365338542739]}
{"id": 4, "drone": 2, "position":(41.666666666666664,41.666666666666664,1.0), "time":723.4683146830521,"sensors":[42,25,21,8,39,33,17],"power":[5.547807541101798,0.19351693027483616,0.11174815436112856,0.15448420268787177,0.05158309270333035,0.16003972634682656,0.47750010956788824]}
{"id": 5, "drone": 0, "position":(8.333333333333334,8.333333333333334,2.0), "time":268.1497434026073,"sensors":[30,9,49,31,37,34,15,20,28,35,45],"power":[0.6582014248071245,0.06577594305882575,0.11864262056650514,0.0511237214825548,0.0845998756159506,0.07934130671348945,0.025330758864839972,0.4843249195092498,0.02951492917297317,0.020406686291817727,0.049459556620325536]}
{"id": 6, "drone": 0, "position":(8.333333333333334,33.333333333333336,1.0), "time":240.56312319942697,"sensors":[11,1,22,6,4,5,36],"power":[0.11020492247638632,0.39992430561784575,0.021785913549062237,0.031605376716397064,0.4136129686173973,0.03811536664490593,0.020595308982048907]}
{"id": 7, "drone": 0, "position":(41.666666666666664,8.333333333333334,1.0), "time":723.4683146830521,"sensors":[38,3,0,32,27,40,29,47,44,26,41],"power":[0.14220285810371244,0.8516810377184812,0.1657897125366562,1.1337565425560627,0.7149182625132017,0.13706583546686246,0.18009797427984647,0.15,0.08648565641305063,1.2317219811270497,0.1076516855096375]}
{"id": 8, "drone": 4, "position":(16.666666666666668,41.666666666666664,1.0), "time":668.6712572053342,"sensors":[10,11,1,22,6,4,7,12],"power":[0.29882666983396106,0.19522448753280042,0.13259608267461864,2.013548714464787,1.7359326798432622,0.09630698067686842,0.15,0.35942190357163784]}
{"id": 9, "drone": 4, "position":(25.0,25.0,1.0), "time":260.41966979261997,"sensors":[46,2,5,16,13,14,48],"power":[0.15332624553783553,0.051049724622264446,0.016515970323395548,0.1296698129152919,0.041304664197128284,0.06755146659934241,0.0295924118071631]}
{"id": 10, "drone": 4, "position":(16.666666666666668,8.333333333333334,1.0), "time":218.95146912088563,"sensors":[18,30,9,49,2,37,34,20,16,13,28,48,45],"power":[0.0467682291927673,0.06245041023481115,0.06693829687601446,0.015821037596944476,0.022943630009119444,0.08428719282461299,0.029237613648387274,0.04449698615471825,0.014026831103823677,0.04003653799422063,0.44215692033347237,0.05818395195437641,0.06133519988068789]}
{"id": 11, "drone": 1, "position":(41.666666666666664,41.666666666666664,4.0), "time":294.89567494227276,"sensors":[42,25,21,8,39,33,17],"power":[0.29156622522585024,0.06254323726530017,0.038251845638871414,0.051785700336722564,0.01861057765662754,0.05565505796769343,0.10838720454928355]}
{"id": 12, "drone": 1, "position":(8.333333333333334,16.666666666666668,1.0), "time":244.09717576954657,"sensors":[30,9,49,2,31,37,34,5,15,20,13,35,48,45,36],"power":[0.06616804839220818,0.1256656059298163,0.020486046253059723,0.03419948308024978,0.5720072037784559,0.09943031415988812,1.04079980145164,0.0556815724071896,0.07104976018033887,0.03027316027121035,0.028324654976322992,0.06160178016368741,0.023908896040511683,0.09334385128182908,0.028273238306147714]}
{"id": 13, "drone": 1, "position":(25.0,8.333333333333334,1.0), "time":178.03599211172153,"sensors":[18,9,0,2,37,16,40,13,44,14,28,48,45],"power":[0.0351631273873155,0.01203246224923019,0.012151170842781753,0.012260814607801472,0.012331953690825268,0.018508757125071724,0.012934164533137532,0.023849067944794695,0.042969415191830736,0.030007370084182146,0.07907977142872397,0.03874387623745405,0.013107712922043912]}
