LP RESULTS :
 Obj = 0.1*lambda1+0.9*lambda2 = 146.3240079507316 (lambda1 = 1445.240079507316, lambda2 = 2.0) Resol time = 332 ms

{"id": 0, "drone": 2, "position":(8.333333333333334,16.666666666666668,1.0), "time":67.40572329092538,"sensors":[26,16,41,3,48,22,23,7,38],"power":[0.14840009951589936,0.009494128989748626,0.008381571610808363,0.015762813520274296,0.01809542503026183,0.009666388491092895,0.1894666733720649,0.01492419556622328,0.03546421199172223]}
{"id": 1, "drone": 2, "position":(8.333333333333334,25.0,1.0), "time":656.1158911397062,"sensors":[26,19,36,41,3,48,15,22,23,7,9,38],"power":[0.2788663110787193,0.09669205884494912,0.1990509163986429,0.1416184283891916,3.8454483608388683,0.10936567300943759,0.055375888243587114,0.3825308007654922,0.17389980545217948,0.14877705614274292,0.2985696196022757,0.13094900747090352]}
{"id": 2, "drone": 0, "position":(41.666666666666664,41.666666666666664,1.0), "time":721.7184650766843,"sensors":[31,6,0,8,35,21,13,34,45,14,29,47,10,44],"power":[0.5962732113084469,0.5830360617480765,0.2059833791064856,0.366023774108221,0.1571434877871873,0.16554995038715736,0.5150333764133839,1.1132036902140616,0.6558013129059983,0.05735045812675073,0.30865375505188036,0.2922048087331015,0.0491086751039404,0.1367359536598258]}
{"id": 3, "drone": 0, "position":(25.0,8.333333333333334,5.0), "time":723.5216144306318,"sensors":[49,4,39,24],"power":[0.36450695266690386,0.11845598310992435,0.078467931550525,0.33223184352468177]}
{"id": 4, "drone": 1, "position":(33.333333333333336,25.0,4.0), "time":605.8216005032467,"sensors":[40,30,5,1,21,11,28,29,33,25,46,10],"power":[0.09110533466602057,0.39332516521698574,0.06483701062843768,0.3927591572204352,0.052376629149808875,0.16132218700474288,0.044727282067049345,0.039705570803308374,0.2090674149590638,0.17150509835658787,0.21642470385929302,0.1017969554053741]}
{"id": 5, "drone": 1, "position":(41.666666666666664,8.333333333333334,1.0), "time":669.8522195074637,"sensors":[5,20,28,39],"power":[0.06837642536667217,3.633781808036888,0.19350589563560994,0.071532068449475]}
{"id": 6, "drone": 4, "position":(8.333333333333334,8.333333333333334,1.0), "time":721.7184650766843,"sensors":[26,16,48,23,4,38,32],"power":[0.0842117628696487,0.6000146441843106,0.059314279020471754,0.11795109188211385,0.09665240427143361,0.08601314300570041,0.15]}
{"id": 7, "drone": 4, "position":(25.0,41.666666666666664,1.0), "time":656.1158911397065,"sensors":[42,18,37,0,27,12,2,11,14],"power":[0.5354586463802873,0.05037417774206387,0.1706203859894381,0.0471240225480424,0.37296582428864444,0.11133342405739365,0.23491710846038888,0.044415696269702286,0.2791708728528627]}
{"id": 8, "drone": 3, "position":(8.333333333333334,41.666666666666664,1.0), "time":789.1241883676096,"sensors":[18,19,36,27,12,15,2,43,17,9],"power":[0.7654345942789231,0.2054030147565918,0.08728746925549488,0.07901797890230713,0.21019519589970947,0.18844108106307603,0.07953685000637943,0.15,0.5602267584164519,0.07829985216975292]}
{"id": 9, "drone": 3, "position":(41.666666666666664,25.0,1.0), "time":117.70001392738504,"sensors":[40,30,5,1,21,13,28,29,33,46,47,10,44],"power":[0.9665004359376697,0.055437914607893164,0.06105019245043538,0.023888363003382658,0.023671838939331086,0.010055320184250614,0.008780806694138698,0.011410764858253814,0.037809571192582936,0.008303246303258984,0.013992807711032076,0.15467258075369877,0.01326404634017421]}
