LP RESULTS :
 Obj = 0.1*lambda1+0.9*lambda2 = 141.18075733946247 (lambda1 = 1384.8075733946248, lambda2 = 3.0) Resol time = 4069 ms

{"id": 0, "drone": 2, "position":(25.0,8.333333333333334,1.0), "time":89.64479692706783,"sensors":[20,22,25,48,44,15,40,9,8,26,3],"power":[0.020196681463948086,0.007474385233408103,0.00877127266218635,0.008943493147272163,0.060671609664325096,0.025681848276508327,0.008738434180801197,0.8964479692706783,0.017098093476625786,0.02540189763885499,0.01092126594512431]}
{"id": 1, "drone": 2, "position":(33.333333333333336,16.666666666666668,1.0), "time":15.18847698171573,"sensors":[20,11,25,5,46,44,15,41,9,3,36,10],"power":[0.013938150054694011,0.009916887372641363,0.007951892943922687,0.002405920060365891,0.0017719846589542715,0.0043570517361119394,0.004367190149635306,0.0022188158201903825,0.0014561306205536696,0.0061829982684794725,0.0018243101654589404,0.0037598049660983878]}
{"id": 2, "drone": 2, "position":(41.666666666666664,8.333333333333334,1.0), "time":1270.8386955773854,"sensors":[20,4,28,40,30,13,7],"power":[0.15001019836058582,0.15,0.31176156304364316,0.1809968125497145,0.3707439750297494,0.41292167725916834,0.28627138598944507]}
{"id": 3, "drone": 3, "position":(16.666666666666668,8.333333333333334,1.0), "time":596.1812790948222,"sensors":[22,48,44,15,17,2,9,8,26],"power":[0.4771240460297813,0.09348662783641615,0.05500098683020385,0.05466162960794276,0.04911466495759921,0.0807583644915647,0.13812744515407457,0.13290190652337425,1.4979619485643885]}
{"id": 4, "drone": 3, "position":(41.666666666666664,25.0,3.0), "time":316.24067347355674,"sensors":[11,31,45,5,41,27,12,10],"power":[0.02903461909418116,0.03909291181986169,0.2745352522829701,0.02421582457921774,0.3221708980860243,0.03984653582126954,0.10121510459307598,0.08097701295657213]}
{"id": 5, "drone": 4, "position":(16.666666666666668,41.666666666666664,1.0), "time":445.78128537227695,"sensors":[6,32,1,43,47,23,42,38,14,18,39],"power":[0.4546640125003356,0.0423292817626728,0.15235813945137333,2.05866233065769,0.07634031587475852,0.18790076331818245,0.13924963546562444,0.12617606864053243,0.17531686989155462,0.13557976349322026,0.12222998030061372]}
{"id": 6, "drone": 4, "position":(8.333333333333334,16.666666666666668,1.0), "time":288.0487995841297,"sensors":[22,48,21,17,2,37,26,35,33,29,49],"power":[0.06902036223346311,0.04110953308947059,0.18772840956989859,0.07685510401418573,0.15739752933661766,0.02491428602026888,0.029229966482186186,0.0928473084450395,0.09322190588561283,0.08666248420635911,0.07517299603289894]}
{"id": 7, "drone": 4, "position":(8.333333333333334,41.666666666666664,2.0), "time":104.74941416380875,"sensors":[6,32,1,43,47,23,37,42,38,14,39],"power":[0.02185925122740427,0.06374168612828858,0.05282481345515706,0.015889787457869377,0.0193427224755693,0.16895106962451192,0.007634402207705468,0.01075036453437556,0.3301080339886863,0.07193806502889963,0.16859098523693344]}
{"id": 8, "drone": 0, "position":(25.0,25.0,1.0), "time":401.79709388014976,"sensors":[11,25,5,48,46,44,15,18,3,29,36,10],"power":[0.11800609448244612,0.12696632716560777,0.31735745445287533,0.0646895417416677,0.8230934653053282,0.026048646910722815,0.06479158285607947,0.03665917063384019,0.12090848944684562,0.03261908171819571,1.3796329079514107,0.0644895984642584]}
{"id": 9, "drone": 0, "position":(8.333333333333334,8.333333333333334,1.0), "time":401.7970938801492,"sensors":[22,21,17,2,26,35,33],"power":[0.27235851864054617,0.02973167338937124,0.31498687534869746,0.48964003723877464,0.06028471343542643,0.09069834243937502,0.05677809411438715]}
{"id": 10, "drone": 1, "position":(25.0,16.666666666666668,1.0), "time":9.135603908455906,"sensors":[20,11,25,5,48,46,44,15,9,26,3,29,36,10],"power":[0.0022538077974008862,0.002682012464448676,0.00631050722828329,0.0014138308544757242,0.002914660092726417,0.0037499637319426387,0.003921704858636324,0.033203472180372534,0.0021429588251106082,0.001625204908940414,0.011987246339550683,6.118086154318948E-4,0.0016786349844540415,7.735836130711194E-4]}
{"id": 11, "drone": 1, "position":(41.666666666666664,41.666666666666664,1.0), "time":881.7918254740406,"sensors":[24,31,27,19,12,16,0,34],"power":[0.22695766733961062,0.26568677656039785,0.2734734834225662,0.49327728930967496,0.07534249201083627,0.9921279317939599,0.15,1.864786289911952]}
{"id": 12, "drone": 1, "position":(8.333333333333334,33.333333333333336,1.0), "time":493.8801440121283,"sensors":[6,32,1,21,43,47,23,37,38,14,18,29,49,39],"power":[0.09790864864927737,0.04392903210903866,0.03862756734643847,0.044074524289966166,0.032821450776619854,0.638030529031161,0.09081895812270231,0.363781140642067,0.11476116469260472,0.04702585245164992,0.04101767019755713,0.040529661565809026,0.08608738539218203,0.06260938306917994]}
