LP RESULTS :
 Obj = 0.1*lambda1+0.9*lambda2 = 123.91209416706138 (lambda1 = 1203.1209416706138, lambda2 = 4.0) Resol time = 630791 ms

{"id": 0, "drone": 4, "position":(41.666666666666664,16.666666666666668,1.0), "time":567.8832369492977,"sensors":[14,48,32,42,28,38,11,8,27,34,29,17],"power":[0.050367977056639444,0.06918681289875671,0.7225904453856986,0.0965182785140447,0.16540342434105976,0.43765099697861254,0.041697029322433084,0.07602816036776086,0.051108944715179586,0.06899685538684958,0.08211934916502017,0.13844880946725396]}
{"id": 1, "drone": 4, "position":(25.0,41.666666666666664,1.0), "time":512.9127940947228,"sensors":[18,13,49,26,15,30,47,4],"power":[0.11185674276607868,0.16526787541337667,0.5386945935693345,1.3332760862816109,0.13408346528408496,0.1729246382616784,1.1932352109991446,0.22375282369348426]}
{"id": 2, "drone": 4, "position":(33.333333333333336,8.333333333333334,1.0), "time":56.142878911812375,"sensors":[36,48,32,25,38,11,10,8,22,6,16],"power":[0.006894974949117613,0.19149475081425027,0.009197760441656058,0.0520239290036214,0.006289290447765267,0.2053653143280412,0.008075991646007067,0.06265036014912402,0.004615615251692288,0.01107857653578873,0.013172357069628838]}
{"id": 3, "drone": 4, "position":(8.333333333333334,25.0,1.0), "time":13.913230558498585,"sensors":[5,1,31,21,43,12,33,23],"power":[0.0018561923483519343,9.289244105205917E-4,0.0012464767508578063,0.0014309266196214877,0.00439050234663258,0.07775557715429826,0.005799230739651805,0.04445923100469172]}
{"id": 4, "drone": 3, "position":(41.666666666666664,41.666666666666664,1.0), "time":122.32491062659335,"sensors":[0,7,14,9,30,2],"power":[0.020116139923318736,0.031920859221380736,0.008171615950558674,0.03306756083187061,0.014216831870401847,0.023182557504283097]}
{"id": 5, "drone": 3, "position":(41.666666666666664,8.333333333333334,1.0), "time":269.96474307590177,"sensors":[48,32,42,25,38,11,8,17],"power":[0.051190881315744376,0.049836347140206974,0.053481721485955314,0.03323428250831065,0.18170613024671498,0.03860317036549205,0.039645660425496415,0.052182053744666834]}
{"id": 6, "drone": 3, "position":(16.666666666666668,16.666666666666668,1.0), "time":361.300638895718,"sensors":[5,36,31,43,12,22,6,23,37,20],"power":[0.11525332377511438,0.04016063268442623,1.0092611590614888,0.04086441638158853,0.029691934333830067,0.03253783332342793,0.03968819616150716,0.0332474674437567,0.09787009644704765,0.9191446002328804]}
{"id": 7, "drone": 3, "position":(41.666666666666664,25.0,1.0), "time":242.1852434219045,"sensors":[3,41,14,32,28,38,9,27,34,2,29],"power":[0.01880418595378581,0.03266193305518533,0.19079965046938724,0.04573843920347027,0.09172829958595005,0.01997059548911395,0.02383927398517407,0.12331332797976298,0.06577321213528044,0.030465388262097916,0.052381310413998614]}
{"id": 8, "drone": 1, "position":(8.333333333333334,8.333333333333334,1.0), "time":137.27083751007558,"sensors":[5,44,37,20],"power":[0.04429920100010499,0.04415125737304821,0.10884588132988826,0.008948486744785494]}
{"id": 9, "drone": 1, "position":(41.666666666666664,33.333333333333336,1.0), "time":226.61009923692598,"sensors":[41,0,14,28,9,27,34,2,29],"power":[0.024802856414384143,0.04928866679394104,0.10624899270477227,0.016680907156762792,0.12377156415506772,0.0640089010887932,0.024446049719654472,0.12881137405598864,0.015499340420981188]}
{"id": 10, "drone": 1, "position":(33.333333333333336,25.0,1.0), "time":44.11745143589235,"sensors":[18,3,41,14,32,8,9,27,22,34,6,2],"power":[0.003116216445079922,0.031003347472597344,0.06360639491334899,0.004494320782633963,0.007102119542273447,0.0031329279382139546,0.004777391940583625,0.02948177595778923,0.01183652997279264,0.289712461174569,0.004766988552634033,0.006854584379260134]}
{"id": 11, "drone": 1, "position":(41.666666666666664,41.666666666666664,2.0), "time":503.83079187633246,"sensors":[0,7,9,30,2],"power":[0.08059519328274013,0.129188091485764,0.13152030998126885,0.055967947850029974,0.09276697955656174]}
{"id": 12, "drone": 2, "position":(8.333333333333334,33.333333333333336,4.0), "time":158.96025231990183,"sensors":[1,40,19,45,21,43,12,33,23,46],"power":[0.05087530553881642,0.011221135397240805,0.023991066438920836,0.023468191171653392,0.049491917255884046,0.02885839063347458,0.03588463894997203,0.10684155770234974,0.02074829912828552,0.011458904384448685]}
{"id": 13, "drone": 2, "position":(25.0,25.0,1.0), "time":99.49752275078814,"sensors":[18,3,41,31,43,27,22,34,6,20],"power":[0.02025788534035472,0.0709539555583328,0.02737781555387079,0.01700957600369851,0.01241440792783028,0.008022128787116238,0.03479066594423198,0.017221657109705222,0.01393646187504864,0.012952282988608866]}
{"id": 14, "drone": 2, "position":(25.0,8.333333333333334,1.0), "time":242.1852434219044,"sensors":[36,48,25,11,31,10,8,22,6,16,20],"power":[0.4759688505440227,0.054989906974454036,0.06474178848806794,0.08046285458476954,0.02268452261023822,0.21618943619984352,0.053412709342155536,0.023590988857975646,0.06561751338175173,0.6054200154867755,0.03688374372817932]}
{"id": 15, "drone": 2, "position":(8.333333333333334,8.333333333333334,2.0), "time":350.596923489999,"sensors":[5,44,37],"power":[0.10504116796858395,0.10584874262695179,0.23182070389461518]}
{"id": 16, "drone": 0, "position":(25.0,16.666666666666668,1.0), "time":22.827387875805215,"sensors":[3,41,36,48,32,11,31,10,8,22,34,6,16,20],"power":[0.002597755992307843,0.0015510000632108008,0.003453611917264546,0.0033286746266356026,0.001541016746896223,0.0032233225474980437,0.006994215903576468,0.0018496154741048185,0.004564719433338737,0.0178334174730809,0.0019929581331921448,0.035767351474866774,0.002811230233830173,0.00885139636332447]}
{"id": 17, "drone": 0, "position":(33.333333333333336,41.666666666666664,1.0), "time":64.05244507296516,"sensors":[18,13,49,26,9,15,30,2,47],"power":[0.0049953812904609,0.01592514130078223,0.015941059023440677,0.021084186079969994,0.01896669296589724,0.015916534715915056,0.09042802013143811,0.014704686832494858,0.0077232857826975395]}
{"id": 18, "drone": 0, "position":(16.666666666666668,25.0,1.0), "time":340.0393112163224,"sensors":[18,5,3,31,43,12,33,22,23,20],"power":[0.03966496870501612,0.029703174965661265,0.02664075502297621,0.09892267746776992,0.4761764460383871,0.07831532088978445,0.05824562422409711,0.02479494917679819,0.05154500242326603,0.06273717197675223]}
{"id": 19, "drone": 0, "position":(8.333333333333334,41.666666666666664,1.0), "time":690.208147575891,"sensors":[39,24,1,40,19,45,21,33,46,4,35],"power":[0.1501157395403022,0.15000000000000002,0.4901728880320682,0.6274895412858521,0.17842799311639196,3.603844984022024,0.15904476751290605,0.08198811847536881,0.6395646931742877,0.0727670109095988,0.25347033393210905]}
