LP RESULTS :
 Obj = 0.1*lambda1+0.9*lambda2 = 166.16529631911504 (lambda1 = 1634.6529631911503, lambda2 = 3.0) Resol time = 4437 ms

{"id": 0, "drone": 3, "position":(33.333333333333336,25.0,1.0), "time":47.4912859608151,"sensors":[6,18,25,4,1,29,24,44,7,43,13,9,28],"power":[0.08703276081961189,0.00675744347271084,0.005583756764449944,0.004367454017222996,0.05235855085311248,0.014817318958626589,0.009873733835767505,0.12115925730105762,0.09026461841911887,0.011811433323963326,0.01608378944089769,0.01671496164416729,0.004979503129318707]}
{"id": 1, "drone": 3, "position":(33.333333333333336,41.666666666666664,2.0), "time":446.4430100583036,"sensors":[33,22,35,19,29,38,24,0,32,17,26,34,28],"power":[0.16721465784178016,0.3391106079360278,0.03862197686213333,0.14341195887423547,0.035327885382398456,0.030267113992156258,0.09682952445876468,0.13926220836183578,0.22052683700954967,0.07081445169399629,0.09129466399197084,0.934325282068842,0.054071951842889945]}
{"id": 2, "drone": 3, "position":(8.333333333333334,16.666666666666668,1.0), "time":661.182592940638,"sensors":[47,45,5,39,10],"power":[0.8249349194459998,1.4753173825366521,0.08389842292824481,0.2224857741195401,0.05564570324569662]}
{"id": 3, "drone": 4, "position":(25.0,41.666666666666664,1.0), "time":509.2152564741076,"sensors":[33,22,35,38,24,32,37,26,34,28],"power":[0.7038804481824951,0.34707582127285425,0.11137802313786664,0.18859331943701146,0.05429811926554624,0.03294548821209756,0.051789080147615706,2.5802893011146892,0.1104870839488152,0.12164060176601231]}
{"id": 4, "drone": 4, "position":(25.0,16.666666666666668,2.0), "time":405.58961471335374,"sensors":[36,18,25,1,44,31,30,21],"power":[0.06304330667629113,0.11646025790011422,0.03990387925927116,0.027026775332823445,0.028279463888143216,0.02669192347534799,0.118796779999448,0.03532780026251125]}
{"id": 5, "drone": 4, "position":(16.666666666666668,25.0,1.0), "time":355.48970268730943,"sensors":[45,18,25,39,8,49,28],"power":[0.023005113657296353,0.11105744996013754,0.10845756932201987,0.08886564245103398,0.12329232335778144,0.03465051544251084,0.025409065641154818]}
{"id": 6, "drone": 0, "position":(41.666666666666664,8.333333333333334,1.0), "time":1229.0633484777968,"sensors":[27,23,2,14,42,21,15],"power":[0.48888019025074403,0.15000000000000002,0.23212098443755605,0.9453967328942577,0.9068731854472312,0.16712687799468873,2.3012645143899793]}
{"id": 7, "drone": 0, "position":(16.666666666666668,8.333333333333334,5.0), "time":153.72555378679817,"sensors":[36,46,16,11,10,31,30],"power":[0.057601313301565,0.028043957725887667,0.03844135359034391,0.01846918439859808,0.07169442092830426,0.027766812689901593,0.015269091965342861]}
{"id": 8, "drone": 0, "position":(41.666666666666664,33.333333333333336,1.0), "time":55.26724952146912,"sensors":[6,4,19,1,29,24,0,44,32,7,43,13,17,34,9],"power":[0.009105492828949003,0.013463631352944328,0.014779244309794621,0.005464132786269537,0.03172499073686765,0.010918957902095142,0.0037194217973713457,0.006493076526854432,0.012618551588340784,0.010292460720648251,0.03317644346977517,0.018376915435209747,0.017085881594685305,0.0035109034470602674,0.00731638730026977]}
{"id": 9, "drone": 1, "position":(41.666666666666664,25.0,1.0), "time":75.326719316301,"sensors":[27,6,4,14,1,29,24,42,44,7,43,13,9],"power":[0.008984255207128446,0.035810030540298805,0.08683286353922862,0.006403446486599012,0.03448416597799365,0.025266066905244956,0.00657214653894548,0.005450274394363813,0.012775190766526327,0.022198310648167865,0.07882663922474388,0.1187730829563928,0.12491762656005927]}
{"id": 10, "drone": 1, "position":(8.333333333333334,41.666666666666664,1.0), "time":1125.4377067170428,"sensors":[20,40,8,3,12,37,41,49],"power":[0.5732158781055755,1.6283069553738476,0.08077854891259129,0.13953953040899825,0.15,0.19380824201064217,0.7036568212971662,0.3349511505980527]}
{"id": 11, "drone": 1, "position":(41.666666666666664,16.666666666666668,1.0), "time":330.2628953970529,"sensors":[27,6,4,14,1,42,7,43,13,15,9],"power":[0.7360959123695473,0.04465422403693338,0.04533605109060256,0.34026309969396457,0.07579481357482608,0.19391403171410168,0.027244610212063862,0.03195068415092992,0.04092407860609681,0.03627792401942128,0.10139767193824364]}
{"id": 12, "drone": 2, "position":(41.666666666666664,41.666666666666664,1.0), "time":500.90944186014787,"sensors":[22,19,29,24,0,32,48,43,17,34],"power":[0.042661507075187656,1.2157953200803857,0.042863738016858825,0.04706230268710353,0.20556692101164,0.6667912495205768,0.15,0.033937458411202236,1.7089498694715264,0.09671112804960504]}
{"id": 13, "drone": 2, "position":(8.333333333333334,25.0,1.0), "time":153.7255537867981,"sensors":[47,45,20,5,39,8,3,41,49],"power":[0.0181186141300077,0.034985061350907426,0.010517937342533461,0.06610157707175518,0.5187230179927497,0.024352087935905625,0.02771248248601668,0.013884152621949315,0.017197523157137115]}
{"id": 14, "drone": 2, "position":(16.666666666666668,8.333333333333334,1.0), "time":819.7448164637142,"sensors":[36,46,47,16,11,10,31,30],"power":[0.97731901805814,0.205742424372931,0.06463328866471771,0.33340633658017266,0.1315308156014019,2.038616665520465,0.20570496624247273,0.10474536824427218]}
