LP RESULTS :
 Obj = 0.1*lambda1+0.9*lambda2 = 138.30659518964342 (lambda1 = 1356.0659518964342, lambda2 = 3.0) Resol time = 1684 ms

{"id": 0, "drone": 2, "position":(41.666666666666664,41.666666666666664,1.0), "time":1041.2149724605545,"sensors":[14,25,38,49,0,43,22,17,23,21,24,31,15],"power":[0.20035542022008979,0.17015199028916383,0.28503288044968883,0.10467900654667743,0.15,0.6603965465257898,0.10707576693636288,0.23674873099892416,0.09158432902995649,0.09500649404661782,0.2660139240041599,0.23937508606973038,0.6597367315802608]}
{"id": 1, "drone": 2, "position":(41.666666666666664,25.0,1.0), "time":220.35066910278738,"sensors":[25,35,4,8,28,22,32,21],"power":[0.01729126389309633,0.1909677128357627,0.01455769343333304,0.3296499275835066,0.11213838307361054,0.09934445447667366,0.13330784845274288,0.030068862525181473]}
{"id": 2, "drone": 2, "position":(41.666666666666664,33.333333333333336,1.0), "time":94.50031033309233,"sensors":[25,35,38,43,8,28,22,17,32,23,21,15],"power":[0.02456628083194732,0.023605065774306024,0.009136886081640894,0.021113198906523804,0.034792645956504276,0.01957599649273195,0.11696693298712921,0.013147253156896719,0.012976190882771,0.00816890079867222,0.02492464342820077,0.0064011788918856]}
{"id": 3, "drone": 1, "position":(16.666666666666668,41.666666666666664,1.0), "time":845.0230490614431,"sensors":[41,29,37,6,30],"power":[0.08117969618205635,0.1778335638102069,0.10281468510224052,0.47185578871906325,0.2218786475452992]}
{"id": 4, "drone": 1, "position":(25.0,25.0,1.0), "time":159.83412891483613,"sensors":[34,35,20,27,4,29,40,47],"power":[0.012118568450915284,0.011781147772097315,0.04900833822194217,0.32488783029071594,0.03477791812893749,0.012726606123688224,0.010701002002755117,0.055524519710629015]}
{"id": 5, "drone": 1, "position":(8.333333333333334,8.333333333333334,1.0), "time":351.20877392015495,"sensors":[2,5,46,42,3,19,36,11,18,44],"power":[0.12825475018683105,0.03262814942504716,0.5953909748522462,0.028663456023196924,0.027989305018570203,0.02918250937376701,0.8953418704402946,0.23721253501729245,0.0667385794205845,0.15512182449364298]}
{"id": 6, "drone": 3, "position":(33.333333333333336,16.666666666666668,1.0), "time":28.301220823299936,"sensors":[9,34,35,27,4,40],"power":[0.004891399826852146,0.015823996662787627,0.00342463432308599,0.002649283599262908,0.03181269491063467,0.003749742298342584]}
{"id": 7, "drone": 3, "position":(41.666666666666664,8.333333333333334,4.0), "time":677.0507105062205,"sensors":[16,7,1,13,26],"power":[0.12181159787824852,0.17599910477481803,0.5293289099326411,0.07795433913541938,0.2280828581205481]}
{"id": 8, "drone": 3, "position":(8.333333333333334,41.666666666666664,1.0), "time":502.55851300497176,"sensors":[12,45,37,6,30],"power":[0.15,0.16314727923395958,0.611930413027172,0.29401467677876564,0.11939709864206258]}
{"id": 9, "drone": 0, "position":(8.333333333333334,25.0,1.0), "time":725.2821999634225,"sensors":[20,2,10,3,33,47],"power":[0.10099166177805781,0.07741093112372509,0.5960972620476251,0.6877640679380858,0.45314861676576407,0.09862667293845792]}
{"id": 10, "drone": 0, "position":(41.666666666666664,16.666666666666668,2.0), "time":159.46382561699636,"sensors":[34,35,4,8,28,1,32,26],"power":[0.012528207568717892,0.019222123891791325,0.014877316054245608,0.01776193865289753,0.018285620433657508,0.02760015713698683,0.028439985047366483,0.030092699155458105]}
{"id": 11, "drone": 0, "position":(25.0,41.666666666666664,1.0), "time":8.484389830019438,"sensors":[41,38,49,29,6,23,24,31],"power":[0.006931436615424007,0.0014242039730967338,0.0010609005291032315,0.007702741493763858,6.32844436342297E-4,0.0028014684633948894,6.388745712474451E-4,0.0011047665111245635]}
{"id": 12, "drone": 4, "position":(25.0,8.333333333333334,1.0), "time":488.91536076808455,"sensors":[9,34,5,39,42,4,48,19,40,11,18],"power":[0.596088566790419,0.15525571259006496,0.20643534882766607,0.48187284193420604,0.3048494419381646,0.05397437747284921,0.11704622635977709,0.1911172931473233,0.6216982862942146,0.0336244531022028,0.11149003184966846]}
{"id": 13, "drone": 4, "position":(33.333333333333336,41.666666666666664,4.0), "time":211.86627927276794,"sensors":[41,38,49,29,23,24,31,15],"power":[0.06188886720251961,0.19782890474650255,0.04426009292421931,0.026743084257184163,0.07467792515423638,0.057227127005825836,0.08725835870003296,0.02418131565982241]}
{"id": 14, "drone": 4, "position":(41.666666666666664,8.333333333333334,1.0), "time":519.5514157732173,"sensors":[9,34,16,48,7,1,13,26],"power":[0.0362561241474163,0.03721436368074144,0.11458023745071426,0.032953773640222915,0.17486085111676614,1.6755968701142245,0.0720456608645806,0.291796053677996]}
