LP RESULTS :
 Obj = 0.1*lambda1+0.9*lambda2 = 133.43153314998892 (lambda1 = 1307.3153314998892, lambda2 = 3.0) Resol time = 157 ms

{"id": 0, "drone": 1, "position":(25.0,41.666666666666664,1.0), "time":540.7277824120027,"sensors":[47,2,25,10,34,6,9,35,0],"power":[0.14917255046576725,0.27842047948915694,2.5829897313178636,0.7097386426036953,0.13653878032679295,0.3198893866279375,0.12169338289402999,0.05631284581470196,0.12339780795908922]}
{"id": 1, "drone": 1, "position":(41.666666666666664,16.666666666666668,2.0), "time":211.24616581337307,"sensors":[8,28,23,16,32,38,20,33,49,30,14,18],"power":[0.21555128447137745,0.08077974119123169,0.47515782526390504,0.032624341589824815,0.07749839105484606,0.18532295638621094,0.06048943758109887,0.07742987063962406,0.01900536960557264,0.03296373174194907,0.025329387934598668,0.020285039512579404]}
{"id": 2, "drone": 1, "position":(41.666666666666664,33.333333333333336,1.0), "time":449.3834969067393,"sensors":[46,41,21,31,33,43,49,30,14,18],"power":[0.09336667974837466,0.05784515273851162,0.2137147337294249,0.09567916801664443,0.05286730006331499,0.048874017626665024,0.05247828821232839,0.1296356558680483,0.162521586075421,0.12844133283931541]}
{"id": 3, "drone": 3, "position":(25.0,25.0,3.0), "time":237.96803926140205,"sensors":[48,34,41,43,4,15],"power":[0.16425050943187372,0.037423532294533414,0.0474607360930463,0.05652258517745717,0.03744473664204433,0.4371878917349144]}
{"id": 4, "drone": 3, "position":(41.666666666666664,8.333333333333334,1.0), "time":760.3216245223828,"sensors":[8,28,12,45,24,23,16,32,38,20,17,3,1],"power":[0.07871528669432398,0.3790708714756019,0.15,0.17319416600880896,0.11360864605387969,0.11095443389536204,3.2164898869152343,0.11558341754477724,0.23266566567042124,0.10281152082899622,0.3184936985269805,0.22682919842562413,0.15921096680085964]}
{"id": 5, "drone": 3, "position":(41.666666666666664,41.666666666666664,1.0), "time":237.96803926140217,"sensors":[46,6,21,31],"power":[0.06520183041320816,0.016713621428659977,0.02083387436218504,0.03179561427846931]}
{"id": 6, "drone": 2, "position":(33.333333333333336,41.666666666666664,1.0), "time":284.21625416761435,"sensors":[47,25,10,34,6,41,21,9,0],"power":[0.023239867515754745,0.08598948517033063,0.09949499466716023,0.021996017203896174,0.14788832135539387,0.025783829046165784,0.02662994356542187,0.028306617105969996,0.06569939756451168]}
{"id": 7, "drone": 2, "position":(8.333333333333334,25.0,4.0), "time":540.7277824120027,"sensors":[44,27,11,29,13,22],"power":[0.0783736469905835,0.1329780814273794,0.04184965183135082,0.19176886996745537,0.06281563007777255,0.07036470036740397]}
{"id": 8, "drone": 0, "position":(8.333333333333334,41.666666666666664,1.0), "time":766.5875490878865,"sensors":[2,40,27,11,35,7,37],"power":[0.07442084539774252,0.2354947064914345,0.11609399713833193,0.21142396617387504,0.15931934497031885,0.2107658382576802,0.14999999999999997]}
{"id": 9, "drone": 0, "position":(41.666666666666664,25.0,1.0), "time":335.7475411641334,"sensors":[8,28,41,21,23,32,38,20,31,33,43,49,30,14,18],"power":[0.169339061778392,0.021503587451536,0.03807674082080645,0.09678028436529808,0.10913380706148858,0.04483837699115875,0.04070594235073025,0.036367000632334535,0.02252521770488626,0.67110818670341,0.04510516752575524,0.07851634218209899,1.523347720914234,0.6425702250419125,0.2130025943788877]}
{"id": 10, "drone": 0, "position":(16.666666666666668,8.333333333333334,1.0), "time":86.61816312578287,"sensors":[39,19,26,13,5,4,22],"power":[0.03509371877095638,0.020740216412499648,0.013616729806925607,0.005787353716452365,0.01320686709332285,0.011981271639441522,0.01361752006700383]}
{"id": 11, "drone": 4, "position":(25.0,8.333333333333334,1.0), "time":546.9937069775065,"sensors":[39,19,24,26,5,4,3],"power":[0.05646913219970496,1.5253570487307262,0.1577882346195207,0.13638327019307436,0.1547603002849889,0.14684843804257522,0.052330469647600776]}
{"id": 12, "drone": 4, "position":(8.333333333333334,8.333333333333334,1.0), "time":673.7034613966001,"sensors":[39,44,36,13,22,42],"power":[0.13577688645706007,0.10966285211915738,0.30646388325335533,0.17868361871430544,0.18653082054201953,0.15]}
