LP RESULTS :
 Obj = 0.1*lambda1+0.9*lambda2 = 111.76360395447175 (lambda1 = 1099.6360395447175, lambda2 = 2.0) Resol time = 469 ms

{"id": 0, "drone": 7, "position":(8.333333333333334,16.666666666666668,2.0), "time":487.97945863948047,"sensors":[19,4,31],"power":[0.05081313287641753,0.1337763654345298,0.09795816484305304]}
{"id": 1, "drone": 7, "position":(33.333333333333336,41.666666666666664,1.0), "time":524.4353558777154,"sensors":[36,9,27,25,34,1,37,7,14,12,15,17],"power":[0.3386076569312552,0.0732744884726748,0.08430830864979952,0.13935378469502546,0.15667693612795192,0.14245751455956837,0.03746042070043199,0.7416802440112662,0.17261798047710591,0.4223079786157503,0.12090724617204836,0.06322510374591034]}
{"id": 2, "drone": 2, "position":(41.666666666666664,33.333333333333336,1.0), "time":480.37915224688845,"sensors":[28,1,37,16,12,15,17],"power":[0.15,0.38035864059402535,1.680407902127182,0.05116052540371185,0.10110383111026683,0.13359750428833939,0.10411247933921508]}
{"id": 3, "drone": 2, "position":(16.666666666666668,8.333333333333334,4.0), "time":487.9794586394805,"sensors":[20,39,22,26,33,21,8,35],"power":[0.18647177391029215,0.2795581277397119,0.15872388474814708,0.21720228968839397,0.13659239319229907,0.11501694091918539,0.11692589698274096,0.22431967408513603]}
{"id": 4, "drone": 3, "position":(33.333333333333336,16.666666666666668,1.0), "time":437.8178793437003,"sensors":[29,21,18,16,30,32,6,5],"power":[1.7308034936224155,0.03850558662968827,0.5874323485957333,0.09883947459628813,0.2610535347925211,0.0399714230835338,0.04023216216061236,0.3380008129944138]}
{"id": 5, "drone": 3, "position":(25.0,41.666666666666664,1.0), "time":94.82153142011354,"sensors":[36,9,27,25,34,7,14,12,15],"power":[0.020055837703066928,0.06838922110016084,0.06699549760653836,0.010646215304974518,0.24920445580665251,0.021018096767553476,0.019231570819656957,0.007293855921250227,0.007917473276355723]}
{"id": 6, "drone": 4, "position":(16.666666666666668,8.333333333333334,1.0), "time":108.79284495169446,"sensors":[20,39,22,26,33,21,8,4,35],"power":[0.07965312200769897,0.16184641791187906,0.05820144658289724,0.1006767607140078,0.04049836910787695,0.03053256889880413,0.03307410301725903,0.007312625223037252,0.11209738803731474]}
{"id": 7, "drone": 4, "position":(8.333333333333334,41.666666666666664,1.0), "time":949.5867010732011,"sensors":[3,0,23,38,11,10,24],"power":[4.469642092036278,9.495867010732011,0.14838053135154497,0.520356386438926,0.2077661476841869,0.20291849560520406,0.15]}
{"id": 8, "drone": 1, "position":(16.666666666666668,41.666666666666664,1.0), "time":41.25649351982196,"sensors":[3,0,9,27,34,38],"power":[0.006982812042517371,0.0076798764018760545,0.008336290427164304,0.007021981138859813,0.0061338865312420615,0.005701444690329802]}
{"id": 9, "drone": 5, "position":(8.333333333333334,25.0,1.0), "time":108.79284495169446,"sensors":[19,23,38,31],"power":[0.045582107584599574,0.024154321801136067,0.011216247788329687,0.1834095641997104]}
{"id": 10, "drone": 6, "position":(33.333333333333336,8.333333333333334,1.0), "time":28.365703599502552,"sensors":[29,39,33,21,18,2,30,32,6,5],"power":[0.004497958911548103,0.001828339709440114,0.0018723365814147335,0.0046732479599089875,0.015537323669617705,0.0026463063874080464,0.03459861090000842,0.029321536951772892,0.0031506645849913245,0.02502927532483889]}
{"id": 11, "drone": 6, "position":(41.666666666666664,8.333333333333334,1.0), "time":633.4524566015145,"sensors":[29,18,2,13,30,32,6,5],"power":[0.06007030030797655,0.12478326063728865,0.18775715589537392,0.15695863788012282,0.14363354425437602,0.0807070399646933,0.6562078211105238,0.08923369007970765]}
{"id": 12, "drone": 0, "position":(8.333333333333334,16.666666666666668,1.0), "time":502.8637359535426,"sensors":[19,22,4,31],"power":[0.05360475953898288,0.0328319806320356,0.14712573566118609,0.10747372498380828]}
