LP RESULTS :
 Obj = 0.1*lambda1+0.9*lambda2 = 113.77900529010854 (lambda1 = 1119.7900529010853, lambda2 = 2.0) Resol time = 215 ms

{"id": 0, "drone": 2, "position":(41.666666666666664,8.333333333333334,5.0), "time":450.42830807517606,"sensors":[26,30,11,39,24,9],"power":[0.1221439442138996,0.06706651294427807,0.1266408904630629,0.21680733395208296,0.07439708470179951,0.05283612723571522]}
{"id": 1, "drone": 2, "position":(8.333333333333334,8.333333333333334,1.0), "time":523.861490479675,"sensors":[15,34,29,12,20,21,38,27],"power":[0.1252327567443663,0.3899669608743052,0.2736154605335034,0.08057353810960101,0.15,0.046217846923799134,0.07823750550669623,0.03546160554604619]}
{"id": 2, "drone": 3, "position":(33.333333333333336,8.333333333333334,2.0), "time":345.7155826576205,"sensors":[8,26,11,39,31,16,24],"power":[0.13023884459558882,0.028050340555913218,0.23784126751501009,0.11256390140734435,0.032484638693801464,0.1023549490008122,0.10259494288621511]}
{"id": 3, "drone": 3, "position":(16.666666666666668,8.333333333333334,2.0), "time":211.95751297741373,"sensors":[8,15,34,16,29,12,35,21,38,27],"power":[0.025400197077038084,0.09473657011418221,0.13559901947171463,0.01591973172297378,0.10410560872333345,0.1904689527697143,0.052324668935456196,0.09761612105844822,0.05049281531422894,0.01338420882853282]}
{"id": 4, "drone": 7, "position":(8.333333333333334,41.666666666666664,1.0), "time":837.1322246064921,"sensors":[17,23,14,7,28,33],"power":[0.13048684031891883,0.11720817419408416,1.3655157127442101,0.4048042730584108,8.37132224606492,0.15]}
{"id": 5, "drone": 7, "position":(8.333333333333334,25.0,1.0), "time":211.95751297741384,"sensors":[17,23,10,27],"power":[0.06154759028326097,0.04442053278181751,0.17807820472546715,0.0889088141098302]}
{"id": 6, "drone": 1, "position":(41.666666666666664,41.666666666666664,2.0), "time":725.6800288587937,"sensors":[0,1,5,37,2,13,32,4],"power":[0.3500718659089734,0.14489748161759278,0.19023970340389035,1.8770314270024986,0.15127614001480516,0.15,0.5556425049564996,0.2958012480674301]}
{"id": 7, "drone": 1, "position":(33.333333333333336,41.666666666666664,1.0), "time":123.87246868369402,"sensors":[0,1,5,3,37,2,32,22,4],"power":[0.008853997388437812,0.01659354625514456,0.04054729363481197,0.0701312026780567,0.0197895274831509,0.015487844600945376,0.01875498745034423,0.024708285899333587,0.04526159090821627]}
{"id": 8, "drone": 0, "position":(41.666666666666664,16.666666666666668,1.0), "time":323.64616216828887,"sensors":[26,30,11,39,25,31,9],"power":[0.02303177833012695,0.6870780011513401,0.03133229830498573,0.08750014380949289,0.08256849069529712,0.0602505123722677,0.4917554609104365]}
{"id": 9, "drone": 0, "position":(25.0,25.0,3.0), "time":180.19075271657857,"sensors":[6,31,19,36],"power":[0.08799661671459179,0.026762939198599477,0.221095704718091,0.07514960413128045]}
{"id": 10, "drone": 4, "position":(25.0,41.666666666666664,5.0), "time":907.2351998061877,"sensors":[3,6,22,18],"power":[0.34195300736462547,0.06530623419892204,0.1252917141006664,0.1623016748916974]}
{"id": 11, "drone": 4, "position":(33.333333333333336,25.0,1.0), "time":32.36410037831901,"sensors":[1,5,2,6,31,4,19,9,36],"power":[0.004299052551165883,0.003150078978587426,0.003823973826005455,0.004673682332348198,0.020042767014024777,0.0022121063031773033,0.007958108665802401,0.0021805705601310498,0.05028103432617835]}
{"id": 12, "drone": 5, "position":(16.666666666666668,8.333333333333334,1.0), "time":383.97104944399644,"sensors":[8,15,34,16,29,12,35,21,38,27],"power":[0.04642939088614252,0.192677803301564,0.279558346038279,0.03172531927621402,0.22434058866238996,0.4223682708942125,0.09767533106454378,0.19901422452147322,0.09583702248768915,0.025629580344123593]}
{"id": 13, "drone": 6, "position":(41.666666666666664,25.0,1.0), "time":237.87345498027844,"sensors":[1,5,30,2,32,25,31,4,9,36],"power":[0.04785194860803968,0.020883484494339834,0.04643348492666183,0.04797680445901235,0.01810620175172921,0.06743150930470287,0.03807671406478354,0.01734424847558696,0.05628676194353157,0.02456936154254126]}
