LP RESULTS :
 Obj = 0.1*lambda1+0.9*lambda2 = 134.45465733711634 (lambda1 = 1326.5465733711633, lambda2 = 2.0) Resol time = 1555 ms

{"id": 0, "drone": 2, "position":(41.666666666666664,8.333333333333334,1.0), "time":465.8902114251881,"sensors":[6,17,38,28,26,13,23],"power":[0.09366117315044058,0.039679789413935206,0.03651372513791995,0.19052361220221184,0.15,1.032073755504895,0.15049153239730834]}
{"id": 1, "drone": 2, "position":(8.333333333333334,25.0,1.0), "time":25.339149254355334,"sensors":[18,34,37,15,39,22,8,21,12,27,25],"power":[0.0033650318511329537,0.0076840401473004605,0.005794593057495688,0.0032564291344881107,0.005739104042293122,0.004465152806254817,0.002020861454774424,0.004094576740669812,0.06422810508932175,0.007313938455061133,0.0017683481287302457]}
{"id": 2, "drone": 5, "position":(41.666666666666664,41.666666666666664,1.0), "time":728.3441478997149,"sensors":[19,32,9,10,2,35,5],"power":[0.08168466606916379,0.07115832703082155,0.094460354895717,0.3143972574501678,0.19494710111073743,0.08684194684778948,0.3412441521321001]}
{"id": 3, "drone": 5, "position":(8.333333333333334,25.0,5.0), "time":385.68652896103845,"sensors":[18,34,37,15,39,22,21,12,27],"power":[0.03849878431854137,0.08174810515944018,0.06493055151977396,0.03806999528032683,0.06586868862983888,0.050596392934533656,0.04584094442827692,0.18071803278495333,0.07877395766925391]}
{"id": 4, "drone": 1, "position":(25.0,41.666666666666664,5.0), "time":395.04219294492907,"sensors":[19,1,9,29,14,11,7],"power":[0.026138622032647888,0.10364244129091096,0.02624645545734278,0.06731662138628068,0.059771627311990656,0.030235717366684994,0.17513601717373328]}
{"id": 5, "drone": 1, "position":(25.0,25.0,1.0), "time":336.5256280479792,"sensors":[1,15,29,14,36,30],"power":[0.024449830131267742,0.08086204723238498,0.06136583332871892,0.06171622841656521,3.365256280479792,0.1767373676541112]}
{"id": 6, "drone": 3, "position":(33.333333333333336,8.333333333333334,1.0), "time":184.0778001134554,"sensors":[6,17,38,16,28,13,4,23],"power":[0.2454037617041311,0.04064061007988222,0.11217035971397582,0.036199639240407123,0.06152437804610851,0.03224316120168091,0.01632485736136212,0.0164298119673204]}
{"id": 7, "drone": 3, "position":(8.333333333333334,33.333333333333336,1.0), "time":266.7037878500282,"sensors":[34,37,22,21,12],"power":[0.04538867921665697,0.07927485542273033,2.0648863644563424,0.33263227814262075,0.06180615729745385]}
{"id": 8, "drone": 4, "position":(16.666666666666668,41.666666666666664,1.0), "time":391.818519851736,"sensors":[1,29,14,22,11,7],"power":[0.13936584109195876,0.05960552945455925,0.06274569249916223,0.04546885594376473,0.119764282633315,0.1771612402861927]}
{"id": 9, "drone": 4, "position":(33.333333333333336,41.666666666666664,2.0), "time":203.16023252651922,"sensors":[19,1,9,29,2,35,5,7],"power":[0.042176711898188314,0.015571977336675553,0.04540542104645017,0.013896852314872782,0.051467114943851255,0.027010388616380235,0.01879247853183088,0.022457199672421047]}
{"id": 10, "drone": 6, "position":(41.666666666666664,25.0,1.0), "time":24.18122903568294,"sensors":[32,28,20,2,24,35,5],"power":[0.006383838442295068,0.0018370157520523436,0.2418122903568294,0.0026404573833164646,0.06073482783529147,0.0050710669956414624,0.002302102257023981]}
{"id": 11, "drone": 6, "position":(41.666666666666664,33.333333333333336,1.0), "time":370.86096390924627,"sensors":[32,10,20,2,24,35,5],"power":[0.19675279957196976,0.10752808144730741,0.0849018283718007,0.2614206321439212,0.08926517216470853,0.2140095630086516,0.3331014822566809]}
{"id": 12, "drone": 0, "position":(33.333333333333336,8.333333333333334,2.0), "time":290.89203287148155,"sensors":[6,17,38,16,28,13,4,23],"power":[0.31040535421924503,0.06239022240594372,0.15982631669913205,0.05505283330576762,0.09389009412864764,0.04905441769776853,0.026556933104360938,0.025089459949446644]}
{"id": 13, "drone": 0, "position":(8.333333333333334,16.666666666666668,1.0), "time":228.38585575983734,"sensors":[18,34,0,15,39,8,3,12,27,25],"power":[0.05328564075122712,0.02075627500436035,0.05968603031180702,0.027811528352800065,0.5079935455067986,0.06227132282260311,0.024876329580401615,0.039388663017891075,0.06391210387568497,0.051988194817069254]}
{"id": 14, "drone": 7, "position":(25.0,8.333333333333334,1.0), "time":385.6865289610383,"sensors":[6,17,38,16,8,31,3,4,30],"power":[0.06511226443085874,0.04269910508973975,0.24456716076041396,0.058747527453825256,0.04087174803821643,0.09278049822568955,0.04179938411213755,0.10711820953427693,0.02735879728088198]}
{"id": 15, "drone": 7, "position":(8.333333333333334,8.333333333333334,1.0), "time":687.1350393959323,"sensors":[18,0,39,8,31,33,3,25],"power":[0.0589242226963963,2.916890098684379,0.12244085690042178,0.11514172020241009,0.10309564237143931,0.15,0.2980662056410451,0.09624345705420044]}
