LP RESULTS :
 Obj = 0.1*lambda1+0.9*lambda2 = 145.35156584697995 (lambda1 = 1435.5156584697993, lambda2 = 2.0) Resol time = 1892 ms

{"id": 0, "drone": 5, "position":(41.666666666666664,33.333333333333336,1.0), "time":851.6672298292658,"sensors":[24,37,33,5,38,19,20,11],"power":[0.4238432594915216,0.2844301177182294,0.10648173211106876,0.07134593337467061,0.19307899116777558,0.7828210827819669,0.20404946566329893,0.2111474034718947]}
{"id": 1, "drone": 1, "position":(16.666666666666668,41.666666666666664,1.0), "time":851.6672298292658,"sensors":[25,7,28,2,35,12,8,6,21,39],"power":[0.16179532542213104,0.7270027719639421,0.07792010959167611,0.17671973297347993,0.20273056766715378,0.25496546445418417,0.0978776382049727,0.6731436721836154,1.4878550857369035,0.12518187696740826]}
{"id": 2, "drone": 2, "position":(25.0,25.0,3.0), "time":570.8728185199088,"sensors":[25,27,31,33,12,18,26,0,17,32],"power":[0.0818231649187237,0.15429426053013193,0.05716060997970637,0.0598112401144038,0.052258065649877464,0.08238912120848804,0.2093789472296633,0.036061282283366455,0.08089224535503481,0.35403619943039405]}
{"id": 3, "drone": 4, "position":(8.333333333333334,8.333333333333334,1.0), "time":1358.731934871081,"sensors":[29,3,1,16,22,0,34,9,23],"power":[1.441131419725432,1.68269086473325,0.2296995963717469,0.38710361079171934,0.1745855372496076,0.1270312822979313,0.25653221254128716,0.9552147734250519,0.14999999999999997]}
{"id": 4, "drone": 4, "position":(16.666666666666668,16.666666666666668,1.0), "time":41.2536827684969,"sensors":[29,27,16,18,26,22,0,34,17,9,32],"power":[0.003650459515829544,0.004871604629726192,0.006594679165519874,0.028672079810251983,0.008481167526146298,0.008624578318637093,0.03485483057995239,0.05419020980570753,0.04155991080430336,0.009451773193469699,0.00901375970517199]}
{"id": 5, "drone": 7, "position":(33.333333333333336,8.333333333333334,1.0), "time":829.112799119669,"sensors":[13,14,31,15,30,4,10],"power":[0.23959397881199393,0.21202577548820878,0.11106913971377223,0.10963331257341179,0.2616576600203781,0.15,8.29112799119669]}
{"id": 6, "drone": 3, "position":(41.666666666666664,8.333333333333334,5.0), "time":286.43507242105704,"sensors":[13,14,15,30,10],"power":[0.06735756488581107,0.04571815340498503,0.040366687426588214,0.1052139381722914,0.04867887475513151]}
{"id": 7, "drone": 0, "position":(25.0,16.666666666666668,1.0), "time":35.53004083022146,"sensors":[27,31,18,26,22,0,34,17,32,10],"power":[0.0028869770004690924,0.005575953220507637,0.0389387989812599,0.06653541918179638,0.0049427678795744,0.003335601732581368,0.003572888484604862,0.02754784384066179,0.02132855847560497,0.003722437122904017]}
{"id": 8, "drone": 0, "position":(41.666666666666664,41.666666666666664,5.0), "time":570.8728185199088,"sensors":[24,37,5,19,20,11],"power":[0.041544275335056016,0.09912413379279987,0.19693444110600888,0.13377007830655527,0.06879603029178152,0.11240160756962839]}
{"id": 9, "drone": 6, "position":(25.0,41.666666666666664,1.0), "time":12.975610120624651,"sensors":[25,7,33,12,6,20,21,39,11],"power":[0.0032487921928204583,0.003345843638319654,0.002149654917113373,0.0029532673502812657,0.003730238718375204,0.0016023902820362292,0.0039486355236661805,0.024818123032591694,0.0014789775347320005]}
{"id": 10, "drone": 6, "position":(8.333333333333334,41.666666666666664,4.0), "time":570.8728185199088,"sensors":[36,7,28,2,35,8,6,21],"power":[0.1740159892316211,0.05786672687256252,0.07857847099032397,0.2870579133125619,0.09814165065747928,0.3767982484837782,0.05350746486132926,0.06498234317793306]}
