LP RESULTS :
 Obj = 0.1*lambda1+0.9*lambda2 = 116.49521505830432 (lambda1 = 1146.9521505830432, lambda2 = 2.0) Resol time = 754 ms

{"id": 0, "drone": 3, "position":(16.666666666666668,8.333333333333334,1.0), "time":642.2901599039764,"sensors":[14,11,25,4,38,16,1,20,9,31,27,6,21],"power":[3.837432945414803,4.452540001830878,0.15000000000000002,0.0654322819896515,3.8731519444329403,0.6501572526562004,0.604255982481503,0.054474882581093356,0.04817400783804946,0.29263135040577226,0.20009850770720236,3.5946489223113343,0.05107868172724069]}
{"id": 1, "drone": 3, "position":(8.333333333333334,33.333333333333336,2.0), "time":34.10161476469051,"sensors":[36,32,18,37,35,12],"power":[0.006251743462724761,0.0613820479933005,0.0034010434683271716,0.0064704625549236025,0.006875542286099575,0.0025061920227398386]}
{"id": 2, "drone": 7, "position":(41.666666666666664,16.666666666666668,1.0), "time":191.9356500837805,"sensors":[0,30,22,15,34,19],"power":[0.01665724924138339,0.015483477976977893,0.013741480069351865,0.03145988354005676,0.09952599175305533,0.036655737664521716]}
{"id": 3, "drone": 7, "position":(8.333333333333334,25.0,1.0), "time":467.47160513112647,"sensors":[36,32,4,18,8,10,37,9,27],"power":[3.0462114423225493,0.07338676776703412,0.08582830780210776,0.14099138666468278,0.03933677048217197,0.08343449448039422,0.22809998426050365,0.19113455810058308,0.0373571591843303]}
{"id": 4, "drone": 5, "position":(25.0,41.666666666666664,1.0), "time":568.6162636012926,"sensors":[23,17,26,35,29,12],"power":[0.12499263702821993,1.125073599425876,0.40202823498676127,0.07772077454340756,0.07920991123122764,0.046744845148851265]}
{"id": 5, "drone": 5, "position":(33.333333333333336,41.666666666666664,2.0), "time":393.81824604046346,"sensors":[23,17,26,29,39,33,2],"power":[0.025007362971780047,0.07966172961222957,0.28191001548283495,0.045186756718980266,0.09331789069609617,0.03632291952105989,0.07895375987159946]}
{"id": 6, "drone": 1, "position":(41.666666666666664,8.333333333333334,4.0), "time":583.2013988204704,"sensors":[0,5,7,34,19],"power":[0.24265296452381144,0.08995979782587274,0.158190706676804,0.04726529340918849,0.08426534066272409]}
{"id": 7, "drone": 1, "position":(41.666666666666664,8.333333333333334,1.0), "time":166.2675528180964,"sensors":[0,5,7,20,34,19,21],"power":[0.14239538994884418,0.031072330828001673,0.060952600140305395,0.010777093655650168,0.015647769852614086,0.029078921672754204,0.012172954681056218]}
{"id": 8, "drone": 2, "position":(33.333333333333336,8.333333333333334,2.0), "time":205.54754886069588,"sensors":[0,5,30,7,1,20,21],"power":[0.021958780835968503,0.04891942589877446,0.02134949184559072,0.03764625796612012,0.013480954520551265,0.09161055490221973,0.10316315846978465]}
{"id": 9, "drone": 0, "position":(33.333333333333336,16.666666666666668,3.0), "time":132.84688900027447,"sensors":[13,30,22,20,21],"power":[0.012865604082182012,0.06208480988596273,0.026070531540584346,0.032169923952635855,0.03223363961920589]}
{"id": 10, "drone": 0, "position":(41.666666666666664,33.333333333333336,2.0), "time":432.1044216970057,"sensors":[13,22,15,39,33,3,2],"power":[0.06484442646343738,0.028048915128182268,0.08021928977850269,0.07207421119357173,0.8300214139851253,0.42881028538904287,0.077195437986777]}
{"id": 11, "drone": 6, "position":(25.0,25.0,1.0), "time":184.51764094128708,"sensors":[13,8,30,22,29],"power":[0.034396741902741494,0.11066322951782803,0.05108222029146864,0.059426194442590785,0.04657825500868848]}
{"id": 12, "drone": 6, "position":(41.666666666666664,25.0,2.0), "time":205.54754886069588,"sensors":[13,22,15,34,33,3],"power":[0.0378932275516391,0.029720478433633627,0.16840765247440267,0.052660429874359,0.028505641329070987,0.05201695602151077]}
{"id": 13, "drone": 4, "position":(8.333333333333334,16.666666666666668,1.0), "time":37.19038554794034,"sensors":[14,11,36,4,38,18,1,10,37,9,31,27,6],"power":[0.0035740129800871357,0.003724051309871136,0.009095258204310239,0.33949565885475946,0.0028021328239703574,0.00560756986698988,0.0024086799614929837,0.06656550551960579,0.004380124053565716,0.026396094488067443,0.007890744840776058,0.009459199929133865,0.004780705169151105]}
{"id": 14, "drone": 4, "position":(8.333333333333334,41.666666666666664,1.0), "time":544.23427221706,"sensors":[24,32,35,28,12],"power":[0.15610207002087884,0.15193866410732537,0.0826556856336645,0.15000000000000002,0.22821021086581356]}
