LP RESULTS :
 Obj = 0.1*lambda1+0.9*lambda2 = 154.11463044332996 (lambda1 = 1523.1463044332995, lambda2 = 2.0) Resol time = 1201 ms

{"id": 0, "drone": 5, "position":(25.0,41.666666666666664,1.0), "time":54.54130427233393,"sensors":[21,38,6,26,13],"power":[0.013809828316450246,0.051305275402471234,0.00968127024933053,0.0047955832015834105,0.008140369460101046]}
{"id": 1, "drone": 5, "position":(16.666666666666668,41.666666666666664,1.0), "time":1009.031891554347,"sensors":[18,21,25,38,7,29,14,31,3],"power":[0.2821632682816899,0.2554993967406425,0.14900983708313958,0.09869472459752875,0.07948385670164473,0.0764097957828687,0.32629674955919075,0.10511557775199709,0.2461964433737684]}
{"id": 2, "drone": 1, "position":(25.0,25.0,1.0), "time":343.5206231860918,"sensors":[21,15,35,34,9,17,19,26,13],"power":[0.039608190794322234,0.10250900500351018,0.04332908030173003,0.033871459275572044,0.0997872152601451,1.3259949729459202,0.09353775715362694,0.10478450175721275,0.07497780002226771]}
{"id": 3, "drone": 2, "position":(41.666666666666664,8.333333333333334,1.0), "time":1064.751544938855,"sensors":[24,33,5,36,37,10],"power":[0.554610342750712,0.15988507049799616,0.3103072352633487,0.2146476991719662,0.26722003941168143,0.09440087417766253]}
{"id": 4, "drone": 4, "position":(8.333333333333334,16.666666666666668,2.0), "time":245.14181556152835,"sensors":[12,2,4,0,32,16,35,9,30],"power":[0.07322975839093651,0.14510161334125024,0.35585995873306325,0.022217090008673286,0.7431824215823741,0.08426572398864719,0.02535891326391797,0.017597414559372467,0.023149638945700088]}
{"id": 5, "drone": 4, "position":(8.333333333333334,8.333333333333334,1.0), "time":1064.751544938855,"sensors":[12,2,4,0,8,32,16,27,11,30],"power":[0.0767702416090635,0.08082895419562561,0.4609095921410533,0.6831874122470387,0.08582358089329345,0.17111296195170517,0.10371344044436659,0.23043647640516315,0.5006483908072669,1.1734469018363307]}
{"id": 6, "drone": 7, "position":(41.666666666666664,41.666666666666664,1.0), "time":1468.6050001609658,"sensors":[23,6],"power":[0.15000000000000002,0.3929752424296409]}
{"id": 7, "drone": 0, "position":(8.333333333333334,41.666666666666664,1.0), "time":514.1144128789525,"sensors":[18,25,7,29,20,14,31,3],"power":[0.40232989038811173,0.06131351922317958,0.08096522307081463,0.3796041355712852,0.15,0.2598972114889728,0.3373392160261248,0.14771020891296002]}
{"id": 8, "drone": 3, "position":(25.0,8.333333333333334,1.0), "time":458.3947594944446,"sensors":[33,8,1,39,5,35,9,10,28,19],"power":[0.07351715363624106,0.41444386908470804,1.40447815508353,1.0288669385042017,0.07112821117741017,0.08583727525869782,0.044938900251170096,0.06633499254047158,0.15,0.04767995862711109]}
{"id": 9, "drone": 6, "position":(33.333333333333336,25.0,2.0), "time":721.2309217527632,"sensors":[22,15,34,17,19,26,13],"power":[0.15,1.0841814808368457,0.7832453139626817,0.22570224372890296,0.19067313660548618,0.21685322281794572,0.13581940422387453]}
