LP RESULTS :
 Obj = 0.1*lambda1+0.9*lambda2 = 127.99531878180231 (lambda1 = 1261.953187818023, lambda2 = 2.0) Resol time = 6259 ms

{"id": 0, "drone": 1, "position":(16.666666666666668,8.333333333333334,1.0), "time":626.8326332547812,"sensors":[14,30,28,17,11,13,27,33,23],"power":[0.10846910526500078,0.18917421030629517,0.15,0.13146846785366856,0.05153591916219037,0.2159685424809294,0.045276981072495566,0.34475400270364137,0.05586401315247026]}
{"id": 1, "drone": 3, "position":(25.0,25.0,1.0), "time":435.72016320422244,"sensors":[38,30,25,1,16,11,24,19,36],"power":[0.0521706377921409,0.03991487798192293,0.030805705271638926,0.10610533560576772,0.054300101649217856,0.08620846497185106,0.29900638896110493,0.06631780703346285,0.32963740457200025]}
{"id": 2, "drone": 6, "position":(41.666666666666664,25.0,1.0), "time":179.1151291108714,"sensors":[4,8,38,39,25,24,0,19,36,26],"power":[0.017215526293548215,0.14775932152985186,0.01156483560441311,0.07895466945880222,0.10765687952699139,0.013469999533144112,0.0136409815406759,0.0474597654959279,0.01585430940817896,0.10260479126564251]}
{"id": 3, "drone": 6, "position":(41.666666666666664,41.666666666666664,1.0), "time":868.0257025319736,"sensors":[6,37,35,0,31,2,26],"power":[0.41475600238519333,0.1745120631673603,0.187272933371248,0.193042858500537,1.4286595945983014,0.30040236280137944,0.07284826822762663]}
{"id": 4, "drone": 4, "position":(16.666666666666668,41.666666666666664,1.0), "time":611.4206684386226,"sensors":[10,9,16,7,22,34,15,32],"power":[0.11990338337367973,0.237062692018239,0.048187581413633024,0.11198713745177424,0.6032198335363532,0.23112460907009033,0.15,0.1573709217458546]}
{"id": 5, "drone": 4, "position":(33.333333333333336,16.666666666666668,3.0), "time":22.799793807360377,"sensors":[4,8,38,30,39,25,11,24,12,19,36],"power":[0.026290666492992793,0.001922137052639918,0.03288153817116529,0.0016323717838139466,0.006577827848398606,0.006101672061552331,0.005602901535779413,0.0055065118999616395,0.0016789025649524363,0.0069089994413131664,0.0031265062874232395]}
{"id": 6, "drone": 5, "position":(8.333333333333334,33.333333333333336,1.0), "time":650.5325193794005,"sensors":[10,9,18,1,7,21,22,34],"power":[0.23968968972193477,0.12685029377987406,0.15,0.06530247318521379,0.863218896628483,0.501121706455685,0.05224405434981515,0.2194151294045931]}
{"id": 7, "drone": 5, "position":(33.333333333333336,16.666666666666668,1.0), "time":3.5612851866602586,"sensors":[4,8,38,30,39,25,11,24,12,19,36],"power":[0.009433962388741206,3.1854141750824E-4,0.014142696512381533,2.7897358080168844E-4,0.0011557137232454599,0.0010882734081299789,0.0010147266169822744,9.405183529782057E-4,2.9128882053843354E-4,0.001260059218856939,5.307818146048937E-4]}
{"id": 8, "drone": 2, "position":(8.333333333333334,8.333333333333334,2.0), "time":635.1205545632419,"sensors":[14,17,13,27,33,23],"power":[0.4366699574448752,0.20570485484229264,0.19663232085386467,0.10791900098223889,0.3631524068455124,0.2428166281733891]}
{"id": 9, "drone": 7, "position":(33.333333333333336,33.333333333333336,1.0), "time":214.8123561751779,"sensors":[6,25,37,16,24,35,0,19,2,36,26],"power":[0.02201351308466621,0.01849485471382109,0.2242071298665197,0.07770494165260128,0.02255564758947594,0.097077683107449,0.2648377692390003,0.02805336881043914,0.05794289576764434,0.04493888181384439,0.05929517343793255]}
{"id": 10, "drone": 0, "position":(41.666666666666664,8.333333333333334,4.0), "time":883.4376673481322,"sensors":[29,4,39,5,12,3,20],"power":[0.3047904146378867,0.12587386423806468,0.06893598324755931,0.1568731370980103,0.838629471377712,0.3797031061891428,0.09831775871595609]}
{"id": 11, "drone": 0, "position":(33.333333333333336,8.333333333333334,1.0), "time":173.0393123649988,"sensors":[29,4,38,30,39,11,5,12,3,20],"power":[0.012034274698100039,0.05025675079062333,0.03924029191989916,0.012049373318095417,0.012047894469193604,0.02120129467531758,0.024913878268965097,0.028542435603267486,0.013926617495110044,0.05168224128404389]}
