LP RESULTS :
 Obj = 0.1*lambda1+0.9*lambda2 = 105.39274568286585 (lambda1 = 1035.9274568286585, lambda2 = 2.0) Resol time = 809 ms

{"id": 0, "drone": 4, "position":(16.666666666666668,41.666666666666664,5.0), "time":114.7433777950211,"sensors":[38,0,7,6,32],"power":[0.02402670944497048,0.026483927671054987,0.018320667063678835,0.015623615002870805,0.008158906573708847]}
{"id": 1, "drone": 4, "position":(8.333333333333334,16.666666666666668,3.0), "time":179.77620514679904,"sensors":[15,19,35,36,10,23,1,4,22,26],"power":[0.04575161263646542,0.02995298239171062,0.04421046181811836,0.03801101188204365,0.021663158246742316,0.023467898575151015,0.03336815854234379,0.017716247378317184,0.08284905514960704,0.02380525286394329]}
{"id": 2, "drone": 6, "position":(41.666666666666664,8.333333333333334,1.0), "time":674.9941606421254,"sensors":[33,14,25,27,5,9],"power":[1.561513688096293,0.5573731112539991,0.11768820229008166,0.2577273477558157,0.06869893641758622,0.15]}
{"id": 3, "drone": 6, "position":(33.333333333333336,8.333333333333334,1.0), "time":179.77620514679893,"sensors":[33,29,14,25,27,5,12],"power":[0.07436950272352237,0.011627984176687742,0.014342004529796034,0.30299186478274753,0.013553074098472295,0.043182198413536044,0.08498790813233253]}
{"id": 4, "drone": 0, "position":(16.666666666666668,8.333333333333334,1.0), "time":107.48790812476483,"sensors":[29,19,36,13,23,12,31,1,4,22,26],"power":[0.07613710003231948,0.13591366248429526,0.04732833173184875,0.007920971448053921,0.4439259885175033,0.010537641395365553,0.009003461822260141,0.16717235446114018,1.0748790812476483,0.00829060163283892,0.04540278310316425]}
{"id": 5, "drone": 0, "position":(33.333333333333336,41.666666666666664,1.0), "time":702.3994370408763,"sensors":[38,21,0,2,37,16,7,11,6,32,24,34],"power":[0.08223379637764913,0.12742548684601887,0.09585546139341396,0.38255683550491226,0.06866481291544492,0.40296912674599944,0.08544461892913319,0.1399670509864952,0.15922821312285174,0.08898924429174593,0.18838497414185404,0.7051352872792046]}
{"id": 6, "drone": 3, "position":(41.666666666666664,25.0,1.0), "time":757.79340735665,"sensors":[18,8,17,3],"power":[0.39846446926328516,1.0553093070201696,0.9572750738792597,0.06679744136128202]}
{"id": 7, "drone": 3, "position":(33.333333333333336,8.333333333333334,3.0), "time":181.15709103973438,"sensors":[33,14,25,27,5,12],"power":[0.060954807010681185,0.0133014072707998,0.15797498222769094,0.013208384597665043,0.038118865168877775,0.06508512467562211]}
{"id": 8, "drone": 7, "position":(8.333333333333334,8.333333333333334,1.0), "time":748.6633435570951,"sensors":[29,19,35,36,30,13,23,31,1,4,22,26],"power":[0.06223491579099302,0.4536262506566567,0.11582735802198608,1.3748366049861822,0.15,0.16670567218036253,0.18923212847340595,0.3114397043001566,0.2454549233270701,0.1856231743421203,0.06614429224977088,0.08285794307126915]}
{"id": 9, "drone": 7, "position":(41.666666666666664,41.666666666666664,1.0), "time":114.74337779502082,"sensors":[21,2,37,16,18,8,24,34],"power":[0.02162466606176478,0.024379038460307634,0.04148391822880691,0.014574156180945402,0.01081762989915805,0.00795322420076968,0.007822961150208436,0.010550873537920691]}
{"id": 10, "drone": 1, "position":(25.0,25.0,3.0), "time":163.39067167698755,"sensors":[20,7,32,24,3],"power":[0.22606861561723202,0.014590568241448871,0.02728285568934255,0.01619740478008959,0.08282499443198535]}
{"id": 11, "drone": 1, "position":(41.666666666666664,41.666666666666664,5.0), "time":163.39067167698744,"sensors":[21,2,37,16,18,34],"power":[0.023239165763032168,0.02545690349666704,0.03985126885574816,0.015583345019718376,0.012200878036249627,0.011919643658190435]}
{"id": 12, "drone": 2, "position":(8.333333333333334,41.666666666666664,1.0), "time":179.77620514679904,"sensors":[28,39],"power":[0.01244320129503477,0.052374961550499706]}
{"id": 13, "drone": 2, "position":(25.0,41.666666666666664,1.0), "time":53.41034482788962,"sensors":[38,0,2,16,7,11,6,32,24,34],"power":[0.06011517068355582,0.18106532322361757,0.006227093984338832,0.010834809303824926,0.03157079741217091,0.010032949013504794,0.14569836588848825,0.013256962043061407,0.011277982931066651,0.027808389163814427]}
{"id": 14, "drone": 5, "position":(8.333333333333334,33.333333333333336,1.0), "time":856.1512516818594,"sensors":[15,28,39,10],"power":[0.12311332682965963,0.17910600439153765,1.495091442574528,0.30994996476443104]}
{"id": 15, "drone": 5, "position":(25.0,33.333333333333336,1.0), "time":1.9836254878840518,"sensors":[38,20,0,2,16,7,6,32,24,3,34],"power":[1.9960247157164548E-4,2.952273335235362E-4,4.3947105813316997E-4,2.6345908211251916E-4,4.775081358788448E-4,0.002402466575080836,2.493636997750975E-4,0.012312031402141264,9.256500034441277E-4,3.775642067326352E-4,2.1152015518292002E-4]}
