LP RESULTS :
 Obj = 0.1*lambda1+0.9*lambda2 = 133.0352307755282 (lambda1 = 1312.3523077552818, lambda2 = 2.0) Resol time = 1150 ms

{"id": 0, "drone": 7, "position":(25.0,16.666666666666668,1.0), "time":169.33963460505618,"sensors":[36,31,34,27,9,26,8,37,28,29,17],"power":[0.016325055805127286,0.01804703604138867,0.10160702803055488,0.010918950258431516,0.04924844478806054,0.026139041295136098,0.032658573470975526,0.023220586847481024,0.01613814692508499,0.023854630525225882,0.06470820414260517]}
{"id": 1, "drone": 7, "position":(16.666666666666668,41.666666666666664,5.0), "time":810.5944741735843,"sensors":[21,1,25,6],"power":[0.0721380885897301,0.10985263765130616,0.05940805126458208,0.09533993373198223]}
{"id": 2, "drone": 4, "position":(8.333333333333334,33.333333333333336,1.0), "time":1041.0159771103981,"sensors":[4,2,3,15,23,10,38],"power":[1.6563636082159996,8.28800088632376,0.3481438419975359,0.1429106658490858,0.13247685237842516,0.949127737286895,0.09504588368921155]}
{"id": 3, "drone": 4, "position":(25.0,33.333333333333336,1.0), "time":50.72886500343793,"sensors":[21,26,25,29,17,30,6],"power":[0.05568228244290525,0.011817943481815132,0.5072886500343793,0.014256965522025345,0.00571943365848609,0.07844911066516157,0.007363232251833186]}
{"id": 4, "drone": 0, "position":(25.0,25.0,1.0), "time":434.9910419956307,"sensors":[21,34,9,26,37,25,29,17,30],"power":[0.040890852206955604,0.0666826486254697,0.08208328681480963,0.701570256490427,0.06286617108763222,0.09458246501390911,0.8458838654587328,0.6190257450208221,0.06779162895386658]}
{"id": 5, "drone": 0, "position":(33.333333333333336,8.333333333333334,1.0), "time":271.33633064488345,"sensors":[36,5,27,9,39,28],"power":[0.021600991603805464,0.022225742150437013,0.3167482243242881,0.03293175057919477,0.04512837206910549,0.15004492828469837]}
{"id": 6, "drone": 6, "position":(25.0,41.666666666666664,1.0), "time":16.03792658262887,"sensors":[21,11,25,30,6],"power":[0.008816033641947881,0.0028636258575290984,0.0035835910180333085,0.0037592603809720173,0.04729683401618462]}
{"id": 7, "drone": 6, "position":(41.666666666666664,8.333333333333334,1.0), "time":389.9322171304546,"sensors":[5,19,27,39,28],"power":[0.12172175131207098,0.15824283207997208,0.051556497815031875,0.550469404791729,0.11242650804712631]}
{"id": 8, "drone": 1, "position":(8.333333333333334,25.0,1.0), "time":34.5988211867226,"sensors":[4,31,16,2,12,3,15,23,13,37,10,33],"power":[0.011526975278518882,0.002385926758175647,0.009035716315883574,0.00794194362698526,0.006281995016675338,0.051706082957285814,0.0070893341509142,0.07533726585437707,0.0033433924907048823,0.007945643575086111,0.012775265984914571,0.006997716217302387]}
{"id": 9, "drone": 1, "position":(8.333333333333334,8.333333333333334,1.0), "time":760.4812304800641,"sensors":[36,31,16,12,24,7,35,8,13,18,33],"power":[0.05223582878231119,0.19362892272718127,0.05691258660253782,0.1341596176967282,0.6686440768723946,0.22136423655014026,1.0557288018986073,0.11635845456259296,0.3867810150062397,3.8989923782337845,0.10325107583403821]}
{"id": 10, "drone": 2, "position":(8.333333333333334,41.666666666666664,1.0), "time":49.75856614754889,"sensors":[4,2,1,10,38],"power":[0.006095670106071625,0.009753999279960344,0.008438355162430019,0.0048224206377970045,0.011550506034252788]}
{"id": 11, "drone": 2, "position":(41.666666666666664,41.666666666666664,1.0), "time":1262.593741607733,"sensors":[22,20,32,14,0,11],"power":[0.08191860430175664,0.8548977090476155,0.3016331950697803,1.8457365105484902,0.4633516172322944,0.16859400774694852]}
{"id": 12, "drone": 3, "position":(41.666666666666664,25.0,1.0), "time":49.75856614754888,"sensors":[22,5,0,9,39],"power":[0.06808139569824335,0.00605250653749197,0.004351317600934114,0.004826528967636583,0.003168777423842247]}
{"id": 13, "drone": 3, "position":(16.666666666666668,8.333333333333334,1.0), "time":111.19511202527781,"sensors":[36,31,34,24,7,35,8,13,37,18],"power":[0.05983812380875605,0.0506848264734922,0.022669322070218566,0.012679552380598952,0.01786961376740822,0.016039100448999227,0.11346018328391635,0.012418176573301715,0.007705448132635777,0.024494257455379493]}
{"id": 14, "drone": 5, "position":(8.333333333333334,41.666666666666664,1.0), "time":186.97894331061173,"sensors":[4,2,1,10,38],"power":[0.02290584402741078,0.03665283426800056,0.0317090071862638,0.01812132432395236,0.04340361027653562]}
{"id": 15, "drone": 5, "position":(8.333333333333334,16.666666666666668,1.0), "time":236.737509458161,"sensors":[31,16,34,12,3,24,35,23,8,13,37,18,33],"power":[0.07258038654566082,0.0840516970815786,0.02265734978644895,0.24511677070392598,0.027895895516576796,0.021895606410325907,0.02422854574805795,0.08156801897260488,0.03330067797410097,0.28024763133915814,0.048262150357164815,0.037794437601992935,0.17011565067209955]}
