LP RESULTS :
 Obj = 0.1*lambda1+0.9*lambda2 = 132.69689688692222 (lambda1 = 1308.968968869222, lambda2 = 2.0) Resol time = 304 ms

{"id": 0, "drone": 1, "position":(8.333333333333334,8.333333333333334,1.0), "time":718.5091289904627,"sensors":[5,38,36,14,26,8],"power":[0.054234864641405825,0.14999999999999997,0.0539920963253687,0.19994872119803284,0.09002963877672172,0.19031355642026374]}
{"id": 1, "drone": 1, "position":(8.333333333333334,16.666666666666668,1.0), "time":30.428207887675796,"sensors":[5,21,4,26,8],"power":[0.008457943107464672,0.002071081727291059,0.0063471459637515675,0.00773202281287055,0.004106418565749836]}
{"id": 2, "drone": 3, "position":(25.0,25.0,2.0), "time":321.10147070606746,"sensors":[20,34,2,19,10,30,7,37],"power":[0.0860783404109218,0.07061122097409578,0.19008658490096364,0.08000659284770563,0.06792224347981322,0.021718956709723188,0.03156789782404443,0.29854709299505044]}
{"id": 3, "drone": 3, "position":(41.666666666666664,25.0,1.0), "time":621.2162092367633,"sensors":[20,34,16,11,2,13,27,6,18],"power":[0.05028360562146192,0.05085177083553224,0.08610173196934148,0.7631817620631633,0.05345358328756775,0.9658904222178707,0.046351323648188794,0.14999999999999997,0.5557544560265664]}
{"id": 4, "drone": 0, "position":(16.666666666666668,8.333333333333334,1.0), "time":341.97322467255344,"sensors":[12,36,35,14,7],"power":[0.05413426832807908,0.09863894274278896,0.029759260863496888,0.10294768644502761,0.02557017521205303]}
{"id": 5, "drone": 0, "position":(33.333333333333336,8.333333333333334,1.0), "time":421.9423636625694,"sensors":[22,9,31,12,17,0,35,19,7],"power":[0.11548312341197846,0.6552413575560746,0.03899571103297001,0.10546444189963328,0.07573276755505408,0.19729063910171885,0.0694720605543605,0.04760892224133707,0.10632648643711051]}
{"id": 6, "drone": 2, "position":(8.333333333333334,33.333333333333336,1.0), "time":302.13913572974946,"sensors":[21,3,23,39,24],"power":[0.28481425553925366,0.0923956540474625,0.08906737659548629,1.1799850969457997,0.0553737205091128]}
{"id": 7, "drone": 2, "position":(8.333333333333334,41.666666666666664,5.0), "time":310.450109357876,"sensors":[21,3,23,39,24],"power":[0.020964239614884896,0.14688331544971842,0.0609326234045137,0.06944526141585144,0.09462627949088719]}
{"id": 8, "drone": 5, "position":(41.666666666666664,8.333333333333334,1.0), "time":663.074695378621,"sensors":[22,9,31,17,1,0],"power":[0.0501434380188036,0.13671680429283248,0.16725216183768787,4.187784344358832,0.15,0.08093443321205016]}
{"id": 9, "drone": 5, "position":(25.0,8.333333333333334,4.0), "time":223.9519098280316,"sensors":[22,9,12,0,36,35,19,7],"power":[0.034144974547278474,0.032404386782333795,0.14563919194436292,0.03533013951656839,0.036878785630500684,0.050768678582142596,0.022384484910957292,0.05847731063694707]}
{"id": 10, "drone": 7, "position":(41.666666666666664,41.666666666666664,3.0), "time":402.8456558511013,"sensors":[15,16,32,27,28,33],"power":[0.07482474218811525,0.07445621401307834,0.11655784875340644,0.0580659429414081,0.09648724214851914,0.08485800585839914]}
{"id": 11, "drone": 7, "position":(41.666666666666664,41.666666666666664,1.0), "time":284.90710378135736,"sensors":[15,16,32,27,28,18,33],"power":[0.05943930684363221,0.0581917640512331,0.09707195373847673,0.04558273341040311,0.0779664273542521,0.018380358524686287,0.06675831061849848]}
{"id": 12, "drone": 4, "position":(16.666666666666668,41.666666666666664,4.0), "time":136.34809179051314,"sensors":[3,25,29,10,30,39],"power":[0.03254275960837341,0.05046914582357855,0.021194783577194908,0.015575529061127547,0.035418319272993555,0.014337195477551917]}
{"id": 13, "drone": 4, "position":(8.333333333333334,25.0,1.0), "time":560.0316319910834,"sensors":[5,21,4,26,39],"power":[0.10458245784168754,0.3356417016473486,0.14365285403624845,0.05223833841040772,0.08006701914378538]}
{"id": 14, "drone": 6, "position":(25.0,41.666666666666664,1.0), "time":58.07948706756736,"sensors":[15,20,34,32,25,29,10,30],"power":[0.0101038211124788,0.004333553005187876,0.005126248372617437,0.006602536692172048,0.05743912132556258,0.2317757539879985,0.010411597017974316,0.031079088564407588]}
{"id": 15, "drone": 6, "position":(25.0,33.333333333333336,1.0), "time":308.5718018588236,"sensors":[15,20,34,2,25,29,10,30,37],"power":[0.04526696450527648,0.10858959473669538,0.11134610646875193,0.07007831252527438,0.042091732850858855,0.0977676551992985,0.6196692946201982,0.152049991289661,0.02846102696720593]}
