LP RESULTS :
 Obj = 0.1*lambda1+0.9*lambda2 = 152.1386469637921 (lambda1 = 1503.3864696379208, lambda2 = 2.0) Resol time = 2890 ms

{"id": 0, "drone": 1, "position":(25.0,8.333333333333334,1.0), "time":206.50328868775796,"sensors":[37,1,8,29,21,39,12,32],"power":[0.045452109614106256,0.013898445818981671,0.14392253939014776,0.03737297039924958,0.07384430562264789,0.028277050533535672,0.28136727267841205,0.018615218964849006]}
{"id": 1, "drone": 1, "position":(41.666666666666664,25.0,1.0), "time":631.9664597110619,"sensors":[28,2,3,6,14,4,13],"power":[0.3464182018178663,0.16641736518897998,0.12002921046447391,0.7184589407631153,0.140197880250337,0.15,0.04229215576030265]}
{"id": 2, "drone": 2, "position":(41.666666666666664,8.333333333333334,1.0), "time":871.4200099268586,"sensors":[16,35,12,28,10,3,13],"power":[0.33343911676780214,0.3336614060347823,0.05840207597473669,0.07222886174468007,0.15,0.21157613625503385,1.0684989349600025]}
{"id": 3, "drone": 2, "position":(8.333333333333334,41.666666666666664,1.0), "time":133.37551531429085,"sensors":[23,38,0,5,7,36,11,20],"power":[0.04288376796895183,0.021938707065262162,0.020579535282589018,0.04326903065109387,0.03513843267877303,0.03280756350315894,0.03161457277632862,0.046986976977354176]}
{"id": 4, "drone": 0, "position":(8.333333333333334,33.333333333333336,1.0), "time":1003.3431039485413,"sensors":[23,38,17,0,5,19,7,36,11,20,24],"power":[0.19860597812876152,0.34787281561171784,0.19784701951463773,1.0368481443398831,0.07196242306274997,0.2585043214745542,5.781002373068274,0.5454837792500438,4.041178774546409,0.10301302302264581,0.10024283063565764]}
{"id": 5, "drone": 0, "position":(25.0,16.666666666666668,1.0), "time":70.41779833659224,"sensors":[8,29,21,22,39,12,2,15,32],"power":[0.006077460609852208,0.017711295981764495,0.20625555958868955,0.007579494089324195,0.11758225704958315,0.013922976442194476,0.007572580221693471,0.013115662791104123,0.012898750325293265]}
{"id": 6, "drone": 3, "position":(16.666666666666668,41.666666666666664,1.0), "time":44.165121369312466,"sensors":[0,5,34,7,36,11],"power":[0.006435233082605557,0.03476854628615603,0.0029355635170499575,0.00578523942379009,0.012258593361647661,0.0034372965355351803]}
{"id": 7, "drone": 4, "position":(16.666666666666668,25.0,1.0), "time":54.81137765537242,"sensors":[29,21,17,22,0,39,19,15,32,7,36,24],"power":[0.006615356435672561,0.0038948598967218384,0.005888623629856655,0.011053720667723175,0.010691334588122875,0.00414069241688117,0.01229006936283716,0.08040548614032697,0.010689406641966315,0.005003732641071815,0.006168782136877374,0.03460908785062671]}
{"id": 8, "drone": 4, "position":(41.666666666666664,41.666666666666664,1.0), "time":871.4200099268584,"sensors":[25,33,27,26,14],"power":[1.9298001645719842,1.2382508632260516,0.19698327378057484,0.10211423698089483,0.06750554140881809]}
{"id": 9, "drone": 5, "position":(8.333333333333334,8.333333333333334,1.0), "time":726.4220169241911,"sensors":[37,1,29,31,30,18,32],"power":[0.10592692045682153,0.9487916752603764,0.08368473225248065,1.1057360313228837,0.1947623967034039,0.04875321668369887,0.08855361340322541]}
{"id": 10, "drone": 7, "position":(41.666666666666664,41.666666666666664,5.0), "time":631.9664597110619,"sensors":[25,33,27,26],"power":[0.28394518071224384,0.24759021289359592,0.1005270688952946,0.055898544421393095]}
{"id": 11, "drone": 7, "position":(8.333333333333334,16.666666666666668,1.0), "time":445.23198803400703,"sensors":[1,29,31,17,19,30,18,15,32,24],"power":[0.10223745174814738,0.06949674007526228,0.048396925994302495,0.08445795110095011,0.08137192809231555,0.03824431364271644,0.111007841146795,0.0564788510685689,0.11415630168792346,0.1309669260857537]}
{"id": 12, "drone": 6, "position":(25.0,33.333333333333336,1.0), "time":267.69135135040364,"sensors":[22,0,9,34,36],"power":[0.13136678524295262,0.020186074609790567,0.3671621955039473,0.2066642354139997,0.0230072564978799]}
