LP RESULTS :
 Obj = 0.1*lambda1+0.9*lambda2 = 120.12717021794303 (lambda1 = 1183.2717021794303, lambda2 = 2.0) Resol time = 3232 ms

{"id": 0, "drone": 0, "position":(25.0,16.666666666666668,3.0), "time":85.65238646529578,"sensors":[8,1,20,25,4,35,19,29,0,9],"power":[0.017090468464194625,0.006896077009522596,0.012361979402092809,0.019982106609300415,0.022125228774251608,0.10771828345796648,0.01727386828161343,0.008381066987495916,0.0076541305170002025,0.008825375495222918]}
{"id": 1, "drone": 0, "position":(8.333333333333334,33.333333333333336,1.0), "time":596.6865556818057,"sensors":[28,17,15,23,39,21,29,2,0],"power":[0.054404526464403614,0.10757067681597476,0.09112466360981562,0.1329503740769448,1.1703831973042162,0.8034919364210322,0.04288749639149464,0.07268190901362351,0.046008527572836855]}
{"id": 2, "drone": 4, "position":(41.666666666666664,25.0,1.0), "time":58.32207888150424,"sensors":[6,31,36,12,20,32,13,7],"power":[0.012610624187703659,0.0924836031432911,0.011065479555348978,0.04162797037383987,0.008240191105876841,0.011136892902648033,0.009463453972958178,0.013356109770831239]}
{"id": 3, "drone": 4, "position":(33.333333333333336,41.666666666666664,3.0), "time":596.2501007619144,"sensors":[36,33,5,7,3,11,34,10],"power":[0.08777068156611807,0.166367759214777,0.07472907188414213,0.07102147219893,0.06809446392435634,0.32182713026694193,0.07468325247814109,1.0091210289615467]}
{"id": 4, "drone": 6, "position":(41.666666666666664,16.666666666666668,1.0), "time":150.5191589057631,"sensors":[26,31,12,24,20,32,16,13],"power":[0.021556935572276833,0.023336261677626823,0.012456306084560385,0.02625025521760797,0.04495418624073147,1.124526200986266,0.022395487020145318,0.09256904565079051]}
{"id": 5, "drone": 6, "position":(33.333333333333336,8.333333333333334,1.0), "time":23.28805763161189,"sensors":[20,4,32,16,35,14,22],"power":[0.0041243982848758074,0.005229408949748775,0.00212978190621031,0.017859308241262424,0.003914071599988644,0.00867131437864453,0.03994299734810904]}
{"id": 6, "drone": 7, "position":(8.333333333333334,33.333333333333336,5.0), "time":85.65238646529599,"sensors":[28,17,15,23,39,21,2],"power":[0.0062000950653497726,0.011834689636029848,0.009758944344667822,0.01403399524609684,0.037415836932207264,0.03330067912614282,0.007862476282127011]}
{"id": 7, "drone": 7, "position":(41.666666666666664,33.333333333333336,1.0), "time":435.37511827401704,"sensors":[6,31,36,12,5,7,11,10],"power":[0.08286838358111666,0.10325244056510825,0.605403887327722,0.26059644567223783,0.07669189509918142,0.33905735871341436,0.09309293978110968,0.04535639661518326]}
{"id": 8, "drone": 2, "position":(25.0,41.666666666666664,1.0), "time":151.64648314349893,"sensors":[33,3,11,34,10],"power":[0.02572028491618099,0.05692100720663878,0.011956399006462129,0.1366970806735821,0.036520976258242126]}
{"id": 9, "drone": 2, "position":(8.333333333333334,8.333333333333334,1.0), "time":1031.6252190359314,"sensors":[8,18,38,37,30,27,19],"power":[0.13229321265587393,0.3081201885357411,0.15,0.5532880485916486,0.1805985048655405,0.13208315819923144,0.1053282001286981]}
{"id": 10, "drone": 1, "position":(41.666666666666664,8.333333333333334,1.0), "time":456.62666978713423,"sensors":[26,24,20,32,16,13,14,22],"power":[0.12844306442772316,0.18988572161177802,0.047941586177256974,0.11147173784588048,0.4316820353198019,0.07166899380767382,0.14275576887038258,0.0999186919069709]}
{"id": 11, "drone": 1, "position":(25.0,8.333333333333334,1.0), "time":59.577073619291106,"sensors":[8,20,4,18,37,16,35,19,14,22],"power":[0.010112184926969192,0.0038609715870068046,0.3138863206857744,0.00917461099864813,0.005598915746506764,0.0044517355864122955,0.01621450369397798,0.027397931589688465,0.0043530123544826,0.010138310744920057]}
{"id": 12, "drone": 5, "position":(25.0,25.0,1.0), "time":349.2862768888299,"sensors":[6,1,20,25,35,3,29,34,2,0,9],"power":[0.05452099223117968,0.2625092754414654,0.02851668720215911,0.1085569592490297,0.055454799851041965,0.04606719115429963,0.048932887112693946,0.025874677396397535,0.037875311018833215,0.1270471841300241,0.6239378143338302]}
{"id": 13, "drone": 5, "position":(8.333333333333334,25.0,1.0), "time":145.22946008458683,"sensors":[28,25,15,30,27,39,21,29,2,0],"power":[0.08889268446908888,0.016094721363316574,0.09526751139370512,0.023512953768935738,0.04458066746593148,0.02317497778523202,0.08491797357841192,0.03982537311228053,0.06738934494154127,0.017726955722253506]}
{"id": 14, "drone": 3, "position":(8.333333333333334,41.666666666666664,1.0), "time":349.2862768888298,"sensors":[17,23,39,21],"power":[0.2582377309783306,0.4187418821675706,0.08419775797091467,0.03473106358464632]}
{"id": 15, "drone": 3, "position":(16.666666666666668,25.0,1.0), "time":6.417023058912122,"sensors":[28,8,1,25,15,27,39,21,3,29,2,0,9],"power":[5.02694001157736E-4,6.960294390176861E-4,6.1590873010147E-4,0.005366212778353343,4.4237819171301715E-4,0.001288337025544872,7.527324353176453E-4,0.0011568463506011343,4.313527802702918E-4,0.009973176396034941,0.010454968772631851,0.012832826274995926,0.0010126269619065498]}
