LP RESULTS :
 Obj = 0.1*lambda1+0.9*lambda2 = 143.91665967941722 (lambda1 = 1421.166596794172, lambda2 = 2.0) Resol time = 3482 ms

{"id": 0, "drone": 1, "position":(8.333333333333334,41.666666666666664,1.0), "time":711.5575206377919,"sensors":[33,22,10,39,37,18,12,21,5,9,16],"power":[0.18059550155718762,0.28718457378484913,0.145830806976471,0.08076229008472967,0.17396453623321487,0.22471672015563954,0.32240107547102853,0.15,4.224352361709052,0.1452841440134451,0.062296573914044896]}
{"id": 1, "drone": 1, "position":(41.666666666666664,16.666666666666668,1.0), "time":373.83703226655916,"sensors":[24,23,2,11,25,27,4,32],"power":[0.1438941866009211,0.035633759366476586,0.08726764979845023,0.04947379865958926,0.03660510409848939,0.03815939300179603,0.17886949886477582,0.16760676585458362]}
{"id": 2, "drone": 2, "position":(8.333333333333334,33.333333333333336,1.0), "time":699.8919821559753,"sensors":[33,22,10,39,37,18,19,12,30,36,17,5,9,16],"power":[0.0897406398643934,0.08455328345117757,6.998919821559753,0.06625580735372211,0.07798100200931317,0.06017614140676073,0.11139861134806817,0.07103210808109972,0.16165826332636088,0.14799385570776452,0.2035669219753456,0.18803681035691291,2.05216539928543,0.5175194766789795]}
{"id": 3, "drone": 2, "position":(41.666666666666664,33.333333333333336,3.0), "time":397.19174129253304,"sensors":[23,7,25,34],"power":[0.17820093043710414,0.16314344813574025,0.1133948959015106,0.2924987562798792]}
{"id": 4, "drone": 7, "position":(8.333333333333334,25.0,1.0), "time":9.717094000404776,"sensors":[29,10,31,6,19,30,36,17,9,16],"power":[0.004634865444894307,0.0021825273734263823,0.0016911977304662007,0.001933498034163168,0.0032168992564653672,0.027138351896906932,0.0020061442922354534,0.049293460360595315,0.0019273973212038946,0.0043344820129755015]}
{"id": 5, "drone": 7, "position":(33.333333333333336,41.666666666666664,1.0), "time":815.2832439255433,"sensors":[35,13,8,28,0,1],"power":[0.9144990848936356,1.9135978225366104,0.15610047534176916,0.15,0.2297031854182379,0.24628906599799902]}
{"id": 6, "drone": 0, "position":(41.666666666666664,41.666666666666664,3.0), "time":596.166258868224,"sensors":[35,7,13,34,0],"power":[0.04891123345384747,0.08868024981116829,0.11877666088246697,0.08090297498058446,0.12561355876156874]}
{"id": 7, "drone": 5, "position":(8.333333333333334,16.666666666666668,2.0), "time":216.9888115119336,"sensors":[29,14,31,6,19,30,38,17],"power":[0.22619025272890655,0.017623161954281406,0.04273144740423929,0.22465802753408992,0.022747410436285306,0.037137250439622536,0.018277329484075712,0.03319802588560474]}
{"id": 8, "drone": 5, "position":(41.666666666666664,8.333333333333334,1.0), "time":780.5707037273874,"sensors":[24,2,27,3,4,32],"power":[0.172484619760036,0.08173618043734568,0.1905142801093838,0.15,0.06527212356505677,0.17417717710454644]}
{"id": 9, "drone": 4, "position":(25.0,41.666666666666664,1.0), "time":9.717094000404728,"sensors":[33,22,39,35,13,18,12,8,28,0,1],"power":[0.001769079203501687,0.0011345460523779305,0.00298190256154822,0.006611084981460689,0.001765679781937172,0.0013105240557829457,9.810848840741183E-4,0.00418902896049234,0.003016166971588378,6.164185670981105E-4,0.022208478414815783]}
{"id": 10, "drone": 4, "position":(25.0,8.333333333333334,1.0), "time":266.7588608002254,"sensors":[14,24,20,38],"power":[0.08562334651666777,0.021746731320545002,0.15,0.07002212776095523]}
{"id": 11, "drone": 6, "position":(16.666666666666668,16.666666666666668,1.0), "time":28.092082007415307,"sensors":[29,14,31,6,19,30,38,17],"power":[0.0037165655277858548,0.008306711946030379,0.0365915688902241,0.002625960838472557,0.004603771574467493,0.0033914463344411738,0.02212392358153312,0.0019860703995597372]}
{"id": 12, "drone": 6, "position":(8.333333333333334,8.333333333333334,2.0), "time":466.47662711844316,"sensors":[26,29,14,6],"power":[0.09386048449495553,0.04633246755090499,0.06239376771470057,0.07686236544943996]}
{"id": 13, "drone": 3, "position":(25.0,25.0,1.0), "time":466.47662711844305,"sensors":[31,15,19,11,8,28,38],"power":[0.06898578597507041,0.799366352454321,0.06379188697337332,0.10052620134041068,0.051864750444625705,0.06410481851199668,0.0457422709704505]}
{"id": 14, "drone": 3, "position":(8.333333333333334,8.333333333333334,1.0), "time":442.85021535615454,"sensors":[26,29,14,6,38],"power":[0.0929504282964038,0.04627897614620338,0.05987870707163329,0.07911964058351187,0.028215805359764045]}
