LP RESULTS :
 Obj = 0.1*lambda1+0.9*lambda2 = 95.91927776427669 (lambda1 = 941.1927776427668, lambda2 = 2.0) Resol time = 1267 ms

{"id": 0, "drone": 5, "position":(8.333333333333334,41.666666666666664,1.0), "time":392.9966651526324,"sensors":[2,36,17,27,6,22,28],"power":[0.04971924458248848,0.051121280800649246,2.731752233328966,0.11357920926096772,0.053528565242017864,0.0749450042492326,0.5366638957525284]}
{"id": 1, "drone": 5, "position":(25.0,16.666666666666668,1.0), "time":510.10929932820034,"sensors":[12,26,0,7,32,9,3],"power":[0.4065164348648345,0.14808855419734718,0.04695000336301914,0.5786636762872855,0.41622710932886914,0.28393682815079985,0.1354840221247976]}
{"id": 2, "drone": 6, "position":(8.333333333333334,8.333333333333334,4.0), "time":510.10929932820034,"sensors":[33,30,39,1,38],"power":[0.08085612424287576,0.14708453569270175,0.11435165769981964,0.17260211622833774,0.07485678421689548]}
{"id": 3, "drone": 6, "position":(25.0,25.0,4.0), "time":49.99360801998641,"sensors":[12,35,21,26,0,31,7,32,9],"power":[0.02015350065693867,0.010088493515940156,0.005695018149040146,0.03187257968533761,0.022039324872030825,0.00466300711911208,0.005634921119760067,0.02015207425278006,0.004596324145786216]}
{"id": 4, "drone": 0, "position":(16.666666666666668,41.666666666666664,5.0), "time":255.11984601641757,"sensors":[35,17,6,21,37,22,28],"power":[0.024593687421586043,0.043646421767615504,0.059788574300286876,0.042257954327180894,0.030147169791965918,0.06301889542663311,0.021418781365047226]}
{"id": 5, "drone": 0, "position":(8.333333333333334,8.333333333333334,2.0), "time":431.0834783145665,"sensors":[33,30,39,16,1,38,3],"power":[0.07809964659854704,0.16021733294010693,0.11538445376050392,0.03240168176181189,0.21437626201677745,0.07514321578310451,0.03054771413989055]}
{"id": 6, "drone": 1, "position":(8.333333333333334,25.0,3.0), "time":510.10929932819977,"sensors":[14,2,36,27,16,8,23],"power":[0.15,0.16148592431365588,0.1501739184842643,0.03642079073903226,0.28090148453250247,0.3447798051381566,0.42162178242650195]}
{"id": 7, "drone": 7, "position":(41.666666666666664,8.333333333333334,1.0), "time":841.4963298017399,"sensors":[5,25,15,29,4,19],"power":[0.46950263514073226,0.240538746454537,0.38599027447822293,0.3185793742998779,0.1425225304151181,0.18029830761297277]}
{"id": 8, "drone": 2, "position":(41.666666666666664,41.666666666666664,1.0), "time":450.58243320058205,"sensors":[11,24,20,31,18,13,34],"power":[0.1503109495113106,0.06278023728765521,0.06942102950903375,0.03601310682874543,0.4543444395276179,0.1183387960511266,0.1366578064965532]}
{"id": 9, "drone": 2, "position":(25.0,33.333333333333336,1.0), "time":173.3726205919461,"sensors":[12,35,6,21,26,37,20,0,31,32],"power":[0.013481771628349985,0.12114874304885925,0.03624020285072353,0.10886710516763703,0.024172442521204266,0.014881183699972402,0.03354805470926902,0.07858104526335352,0.030353090614629798,0.013631871852121698]}
{"id": 10, "drone": 3, "position":(33.333333333333336,33.333333333333336,1.0), "time":9.486843107845148,"sensors":[35,24,21,20,0,31,18,13,10],"power":[7.354165418291564E-4,0.0017701804599044614,6.466396390052168E-4,0.010127571929905545,0.002429626501596526,0.035622444320598606,6.538033611235458E-4,0.001047265531758691,6.641763503409936E-4]}
{"id": 11, "drone": 3, "position":(25.0,41.666666666666664,2.0), "time":119.70364588177088,"sensors":[35,6,21,37,22,20],"power":[0.013569918320331706,0.015462640529818368,0.022801401914890867,0.10497164650806168,0.012036100324134281,0.020897919476151126]}
{"id": 12, "drone": 4, "position":(41.666666666666664,25.0,1.0), "time":99.69644784102691,"sensors":[5,24,29,31,4,13,10],"power":[0.009957056945701351,0.032981151893307865,0.012243737820884724,0.014563151327521751,0.022791392786438082,0.013953978575541814,0.1166492693649021]}
{"id": 13, "drone": 4, "position":(41.666666666666664,33.333333333333336,5.0), "time":158.06082488138028,"sensors":[24,20,31,18,13,10,34],"power":[0.08141590439167005,0.019865989672947646,0.028785199789392334,0.034733864430283416,0.06348331999556205,0.03268655428475689,0.013342193503446766]}
