LP RESULTS :
 Obj = 0.1*lambda1+0.9*lambda2 = 133.40984002488537 (lambda1 = 1316.0984002488535, lambda2 = 2.0) Resol time = 8091 ms

{"id": 0, "drone": 4, "position":(25.0,8.333333333333334,1.0), "time":485.8613853735937,"sensors":[16,31,17,39,24,27,21,4,28,6],"power":[0.06579907577321009,0.15925645231703017,0.08834979825096355,0.043367674382788185,0.03709326891182566,0.061615921098299574,0.17026122251076617,0.07480960886121445,0.12582258855575562,0.056406685750194155]}
{"id": 1, "drone": 4, "position":(16.666666666666668,16.666666666666668,1.0), "time":119.0317787178059,"sensors":[16,31,17,39,24,21,10,33,23,38],"power":[0.018039975293363923,0.029197179890284395,0.04760903553694473,1.190317787178059,0.28856411729695225,0.018265981290434052,0.15734540940747366,0.07786839858049223,0.40454865354057046,0.0145512603502441]}
{"id": 2, "drone": 2, "position":(8.333333333333334,41.666666666666664,1.0), "time":702.0758085240924,"sensors":[7,30,34,15,1,13,20],"power":[0.12207018256030813,0.17954150376198003,0.18248127801012728,0.12016340489474628,0.08778735728091751,0.4764003612030461,0.06841046358202911]}
{"id": 3, "drone": 2, "position":(25.0,41.666666666666664,1.0), "time":116.4795195754109,"sensors":[18,25,3,37,5,15,29,19,11],"power":[0.010291030889025325,0.029553751398138307,0.21243512149756108,0.02193598499041846,0.1007036633997971,0.026969172275022713,0.1881595444802577,0.04745558934918164,0.10752660667661568]}
{"id": 4, "drone": 0, "position":(8.333333333333334,41.666666666666664,1.0), "time":497.5430721493502,"sensors":[7,30,34,15,1,13,20],"power":[0.08650799943750456,0.12723644694130526,0.1293197893568822,0.08515671513727524,0.06221264271908249,0.337612685707415,0.04848073641693636]}
{"id": 5, "drone": 0, "position":(41.666666666666664,8.333333333333334,1.0), "time":818.5553280995033,"sensors":[27,2,14,26,6,35,32],"power":[0.2468878723933153,0.1804391341026919,0.2768864132299896,0.22913771660498297,0.3620994289515984,0.20240307661628762,0.15]}
{"id": 6, "drone": 1, "position":(41.666666666666664,41.666666666666664,1.0), "time":480.73957825674825,"sensors":[18,25,22,0],"power":[0.065109602693642,0.05152121046796029,0.08043961832085461,0.1782284543399004]}
{"id": 7, "drone": 1, "position":(16.666666666666668,8.333333333333334,1.0), "time":129.1633259579257,"sensors":[31,17,39,24,8,21,36,10,33,23,28,38],"power":[0.46180063804022303,0.3288203442543556,0.02461959971664251,0.03442632620759333,0.020022944151887115,0.2896778510278027,0.014971545569978338,0.012447345807431037,0.008991277158387937,0.01990156877494453,0.02417741144424436,0.010082344663548484]}
{"id": 8, "drone": 3, "position":(25.0,25.0,1.0), "time":364.63053460357344,"sensors":[16,39,4,37,10,33,12,23],"power":[0.12095796954245064,0.04072231167848505,0.05091925166632028,0.08648045506818416,0.06400766339683925,0.05548644809444054,0.5487799869348187,0.03350613035860431]}
{"id": 9, "drone": 3, "position":(8.333333333333334,16.666666666666668,1.0), "time":39.54906668213147,"sensors":[31,17,39,24,8,36,10,33,23,38],"power":[0.0029226825138866466,0.006357864244186684,0.008129797708695907,0.014268017750483678,0.0027719837151925684,0.00416087499392355,0.0068381210713113075,0.007653876166679307,0.011434355863409391,0.0732227173434489]}
{"id": 10, "drone": 5, "position":(8.333333333333334,8.333333333333334,1.0), "time":177.8623089138234,"sensors":[31,17,39,24,8,21,36,23,38],"power":[0.02494529631478612,0.04031098249915368,0.015190909410325902,0.03141509545276888,0.1272050721329203,0.022684049748651854,0.21532426935815907,0.016766620996631287,0.052143677642758526]}
{"id": 11, "drone": 5, "position":(33.333333333333336,41.666666666666664,1.0), "time":569.186505703479,"sensors":[18,25,3,37,5,29,19,11,22],"power":[0.14215447338829848,0.3400244201304115,0.13578244553570307,0.04158355994139736,0.0691159292617199,0.12476329721468951,0.14281538555674175,0.10502492827008778,0.05330691188301706]}
{"id": 12, "drone": 6, "position":(41.666666666666664,25.0,1.0), "time":266.1723162886262,"sensors":[2,22,35,9],"power":[0.025560732390354966,0.07240131724028355,0.04610411726788041,0.1491906881582276]}
{"id": 13, "drone": 6, "position":(33.333333333333336,16.666666666666668,1.0), "time":11.681686775756532,"sensors":[16,27,4,6,35,9],"power":[0.0031977755334550496,0.0013256861454068061,0.0242711394724654,0.0020973416612104084,0.001563525029761089,8.093118417723921E-4]}
{"id": 14, "drone": 7, "position":(8.333333333333334,33.333333333333336,1.0), "time":116.47951957541085,"sensors":[7,13,20],"power":[0.6703610443340199,0.008138852355243321,0.033108800001034534]}
