LP RESULTS :
 Obj = 0.1*lambda1+0.9*lambda2 = 116.44494454742221 (lambda1 = 1146.449445474222, lambda2 = 2.0) Resol time = 1911 ms

{"id": 0, "drone": 0, "position":(33.333333333333336,41.666666666666664,1.0), "time":461.6507952113469,"sensors":[32,23,36,16,26,9],"power":[0.07982700614469641,0.05385155082360984,0.045649998160292596,0.12706109185210687,2.044739552513422,0.9867276918998575]}
{"id": 1, "drone": 0, "position":(25.0,25.0,1.0), "time":108.74918094687723,"sensors":[25,1,0,11,36,17,29,19,37,7],"power":[0.048318683881247416,0.28581632683052666,0.33635644974374074,0.08725030496508375,0.029723126160667464,0.040491743555087605,0.024286850535437457,0.013638623571639898,0.02650434454967104,0.008208281065583068]}
{"id": 2, "drone": 5, "position":(8.333333333333334,25.0,1.0), "time":407.6280163655541,"sensors":[3,5,28,39,17,29,37,13],"power":[0.06556990267521749,0.09329166146535307,0.09682092643225185,0.04676277628167855,0.03535887006660736,0.05532783060656223,0.054970894148536634,0.15]}
{"id": 3, "drone": 7, "position":(33.333333333333336,8.333333333333334,1.0), "time":616.5988894032225,"sensors":[38,21,12,18,35,19,8,7],"power":[0.16268329143359364,0.45193616361891764,0.07386527460267042,0.16203300534628512,0.10899912868835426,0.09629570932495814,0.08028859889651956,0.1953256071702697]}
{"id": 4, "drone": 7, "position":(33.333333333333336,25.0,4.0), "time":171.15152909313645,"sensors":[25,1,0,11,36,34,30,35,14,31],"power":[0.01926383138248623,0.022493457532346346,0.0194102733287492,0.05036305553977986,0.021684035611032756,0.021951704234788146,0.016184263836184494,0.027804111164985355,0.04993025815975841,0.03580693082494315]}
{"id": 5, "drone": 1, "position":(8.333333333333334,8.333333333333334,1.0), "time":725.3480703500996,"sensors":[4,33,6,22,15,10],"power":[0.07471356737288629,0.7551866522966818,2.0982395511328678,0.14999999999999997,0.21127548217834077,0.046140830329644514]}
{"id": 6, "drone": 6, "position":(41.666666666666664,33.333333333333336,1.0), "time":253.80780321218867,"sensors":[34,30,14,26,9,31,27],"power":[0.019230429135693623,0.0756546835570617,0.03563387081009149,0.018044010888600862,0.03467088010835461,0.06974415187597323,0.02782245107736924]}
{"id": 7, "drone": 6, "position":(8.333333333333334,41.666666666666664,1.0), "time":606.6866887761716,"sensors":[3,5,2,20,28,39,24],"power":[0.1015254223702877,0.12690391933936368,0.09824589635002108,0.21508246301502565,0.12016305881564586,0.15710780298430854,0.642329464012885]}
{"id": 8, "drone": 2, "position":(16.666666666666668,8.333333333333334,1.0), "time":421.10137512412234,"sensors":[4,33,6,38,12,17,19,37,10,8,7],"power":[0.11768550740961431,0.11001397749866955,0.05371816938216442,0.05862924651497822,0.07613472539732956,0.02706822960097293,0.05549581186098625,0.030176142820994827,0.10385916967035548,0.15898640753746623,0.0341228589325365]}
{"id": 9, "drone": 3, "position":(41.666666666666664,25.0,1.0), "time":358.6990269778631,"sensors":[34,30,35,14,31,27],"power":[0.27445068797631184,0.5094498596498427,0.06037471100588886,0.5873449512832314,1.75300086237438,0.12217754892263076]}
{"id": 10, "drone": 3, "position":(16.666666666666668,25.0,1.0), "time":63.92462615411867,"sensors":[25,1,0,3,11,36,5,28,17,29,37],"power":[0.010315636974397408,0.017017525752080112,0.022743284048261665,0.01131272138192326,0.005761064634011522,0.005536220732070368,0.005794580520531172,0.006297905396092454,0.04314707065067176,0.05560855666670796,0.06522434747772518]}
{"id": 11, "drone": 4, "position":(25.0,41.666666666666664,1.0), "time":272.7631998903651,"sensors":[25,32,23,36,2,16,26,9],"power":[0.031764886929422434,0.0742959530645321,0.3213902242372108,0.04407041994835684,0.05175410364997893,0.02293890814789313,0.058431089570661364,0.05898578559530791]}
{"id": 12, "drone": 4, "position":(25.0,33.333333333333336,1.0), "time":68.2101141783777,"sensors":[25,1,0,3,23,11,36,17,29,26,9],"power":[0.13914454935474255,0.009113752060721987,0.014913435537433165,0.006249963423370028,0.0263248603890337,0.006625574861124848,0.2447022535547377,0.004991357799677472,0.014776762191292318,0.005069270498055763,0.01054617859467205]}
