LP RESULTS :
 Obj = 0.1*lambda1+0.9*lambda2 = 119.30757149170472 (lambda1 = 1175.0757149170472, lambda2 = 2.0) Resol time = 612 ms

{"id": 0, "drone": 1, "position":(16.666666666666668,41.666666666666664,1.0), "time":163.35664848239054,"sensors":[4,7,39,23,16,35,31,15,34,11,24,5,26,33],"power":[0.02432327382812522,0.015409182318683877,0.02776589265356475,0.034706569440847004,0.015053112333065348,0.0595349363037322,0.0150188711777843,0.06442106710572212,0.04737050071718391,0.03510328825014968,0.040596697518366955,0.033242969170850234,0.031143185047941578,0.02128822343980349]}
{"id": 1, "drone": 1, "position":(41.666666666666664,33.333333333333336,1.0), "time":397.5247343749586,"sensors":[29,2,30,0],"power":[0.1284987779321903,0.10204457336807686,0.08638730208749713,0.11782180514000584]}
{"id": 2, "drone": 4, "position":(25.0,16.666666666666668,1.0), "time":3.5682390289657633,"sensors":[37,27,32,8,3,18,14,12],"power":[0.001249000680428126,9.545455854395733E-4,4.588569181228424E-4,3.1584972014847497E-4,3.019100142086727E-4,6.549288159714939E-4,0.005792435508117069,0.0015297534620563697]}
{"id": 3, "drone": 4, "position":(8.333333333333334,41.666666666666664,1.0), "time":598.5104035821543,"sensors":[4,16,1,15,34,11,24,21,33],"power":[0.0819632112821084,0.20663950541762158,0.10778009041184705,0.07051524762978816,0.08443286751629306,0.9655779153299721,4.225970164787626,0.15,0.1287117765601965]}
{"id": 4, "drone": 0, "position":(25.0,41.666666666666664,1.0), "time":413.20866285250236,"sensors":[7,39,23,28,35,31,15,34,30,5,26],"power":[0.09415415623744146,0.6932684862170895,0.9586978865862219,0.1824022166995848,1.1532866623227285,0.07724049763583295,0.0701303241461029,0.04145149473686943,0.055517177652455015,4.132086628525023,2.5794578144305387]}
{"id": 5, "drone": 0, "position":(41.666666666666664,16.666666666666668,1.0), "time":25.07112755105379,"sensors":[9,38,22,8,17],"power":[0.014602866641959523,0.005077771996876378,0.004470254969347676,0.014285342584590424,0.0055930773860281835]}
{"id": 6, "drone": 3, "position":(25.0,25.0,4.0), "time":134.52478263234028,"sensors":[27,31,14,12],"power":[0.011017207492459274,0.027694174198599694,0.03521910422494522,0.02678624541021455]}
{"id": 7, "drone": 3, "position":(41.666666666666664,8.333333333333334,1.0), "time":746.4774957608862,"sensors":[9,19,38,32,22,8,36,17],"power":[0.7659759313581245,0.06813330759190456,0.2777812051570872,0.08513236583544682,0.1455297450306523,0.08106852456686621,0.21943182097949643,4.885633708847912]}
{"id": 8, "drone": 5, "position":(8.333333333333334,16.666666666666668,1.0), "time":134.01230175399883,"sensors":[6,10,27,20,13,25,18,12],"power":[0.011379524695090019,0.05355596833738138,0.022720898307211336,0.013754669465793049,0.027029386859252276,0.18295717285374344,0.031280359547358104,0.012592797430742438]}
{"id": 9, "drone": 5, "position":(8.333333333333334,8.333333333333334,1.0), "time":305.2765163585957,"sensors":[6,10,27,13,25,3,18],"power":[0.13862047530490998,0.03302938927839525,0.029159237341019627,0.14656803694272993,0.17157862561310505,0.03031768598951484,0.04678196690692877]}
{"id": 10, "drone": 2, "position":(8.333333333333334,25.0,4.0), "time":413.20866285250236,"sensors":[4,10,20,16,1,25],"power":[0.07128356886551628,0.06341464238422337,0.23277060015935172,0.04220124114875444,0.05979221178757149,0.03503713813312136]}
{"id": 11, "drone": 7, "position":(33.333333333333336,41.666666666666664,1.0), "time":364.34231768958625,"sensors":[29,7,39,23,28,35,31,30,5,26],"power":[0.13014015164863635,0.04043666144387466,0.07748084253345874,0.06839727525769593,0.7861566881644627,0.0473680002103268,0.030046456987783087,0.35365395876185907,0.08554809361794882,0.0905123609454518]}
{"id": 12, "drone": 7, "position":(41.666666666666664,25.0,1.0), "time":399.95885257614077,"sensors":[9,2,8,0],"power":[0.027430729595607325,0.09161875073501528,0.09556877692021572,0.03217819485999416]}
{"id": 13, "drone": 6, "position":(25.0,8.333333333333334,1.0), "time":425.02998012719524,"sensors":[37,27,19,32,3,18,14,12],"power":[1.4170341613417168,0.05772117403147566,0.08186669240809545,0.19891783027076027,0.16827356974116056,0.05156598062429052,0.05240274284909005,0.039420335260808646]}
{"id": 14, "drone": 6, "position":(16.666666666666668,16.666666666666668,1.0), "time":172.6638950159512,"sensors":[37,27,25,3,18,14,12],"power":[0.02273176617062889,0.8960998885538266,0.0384664890258933,0.018299041882840802,0.4865371488834688,0.05658571741784723,0.162218054552978]}
