LP RESULTS :
 Obj = 0.1*lambda1+0.9*lambda2 = 140.44532697354137 (lambda1 = 1386.4532697354134, lambda2 = 2.0) Resol time = 3621 ms

{"id": 0, "drone": 2, "position":(16.666666666666668,41.666666666666664,1.0), "time":849.6920164127698,"sensors":[7,16,11,5,15,19,25,6,36],"power":[0.3087485537226341,0.17326434418872638,0.16441876882026984,0.21070884134090395,0.06222485283470284,0.2619775134943087,0.8468598980061067,0.23253231711727354,0.10294012305371332]}
{"id": 1, "drone": 2, "position":(33.333333333333336,8.333333333333334,1.0), "time":20.337864379926177,"sensors":[29,10,3,39,20,31,34,23],"power":[0.002077257282463971,0.001501756276938459,0.005364749998654467,0.0018946488154766745,0.00378181320461765,0.01796157865871736,0.007234928044087995,0.02203824354365904]}
{"id": 2, "drone": 0, "position":(25.0,25.0,2.0), "time":189.64555817231556,"sensors":[1,5,22],"power":[0.09697205788679186,0.016206201032414817,0.06842161367552885]}
{"id": 3, "drone": 0, "position":(41.666666666666664,33.333333333333336,2.0), "time":679.4947649922407,"sensors":[38,4,37,26,12,0,28,9,33],"power":[0.12842277172383304,0.07598766036175847,1.1173641669585532,0.302066076401194,0.07085248783002385,1.5219452543834882,0.14852792482861105,0.08311549687870141,0.04699760493463554]}
{"id": 4, "drone": 3, "position":(41.666666666666664,8.333333333333334,1.0), "time":650.0375272963529,"sensors":[29,3,21,20,31,34,14,23],"power":[0.43320915063614784,0.04799554741816079,0.15544124384368865,5.4219059784848405,0.18149249760518749,0.18054592982944592,0.15,0.12900940410469136]}
{"id": 5, "drone": 7, "position":(8.333333333333334,8.333333333333334,1.0), "time":718.9128443051437,"sensors":[27,18,8,30,2,13,32],"power":[0.15,0.1407627137880595,0.43106901660587843,0.07335675381048998,0.40067357638845796,0.7924497027172057,0.10922107772794493]}
{"id": 6, "drone": 5, "position":(41.666666666666664,25.0,1.0), "time":179.31662473649044,"sensors":[29,38,21,37,12,0,28,34],"power":[0.013680701081440818,0.047800255407337136,0.02351777444248263,0.04654417715895298,0.07914751216997616,0.05933061459620364,0.01691091221101294,0.014846980714465014]}
{"id": 7, "drone": 5, "position":(8.333333333333334,25.0,1.0), "time":536.7612533226436,"sensors":[35,15,19,32,24],"power":[0.7126671346252654,0.18414963456028385,0.041846768307820414,0.07881707286978767,0.12014564467543822]}
{"id": 8, "drone": 6, "position":(8.333333333333334,16.666666666666668,1.0), "time":130.77917210762604,"sensors":[35,18,8,2,13,32,24],"power":[0.032897953035287246,0.008530717689149148,0.009295196704498214,0.009671406957425738,0.02300504913685043,0.06153823140392694,0.02985435532456171]}
{"id": 9, "drone": 6, "position":(25.0,33.333333333333336,3.0), "time":315.08443500158387,"sensors":[5,22,36],"power":[0.1747266210586432,0.11701830658954085,0.03656280948622186]}
{"id": 10, "drone": 1, "position":(41.666666666666664,41.666666666666664,1.0), "time":495.6106198579382,"sensors":[4,37,26,0,17,28,9,33],"power":[0.9768896745814823,0.0775025674517569,0.8791916481602292,0.06985692599416415,0.12852138477849456,0.053693573118542,1.3481239847208448,0.2181353657670053]}
{"id": 11, "drone": 4, "position":(33.333333333333336,41.666666666666664,1.0), "time":32.031260148744224,"sensors":[4,37,26,0,17,9,5,33,22,36],"power":[0.00591593536804108,0.003675761540270198,0.005953774513208503,0.002361885227213409,0.02147861522150542,0.006110199833228624,0.003240227346329414,0.011497957771859022,0.0022663692979496557,0.010853876482987926]}
{"id": 12, "drone": 4, "position":(25.0,8.333333333333334,1.0), "time":536.7612533226438,"sensors":[10,3,39,18,30,31,1,34,23,13],"power":[0.18551291998585206,0.09663970258318474,0.3755022776562862,0.11284895316001962,0.07664324618951002,0.06242993161465747,0.053027942113208125,0.039758872957657516,0.09003990330794688,0.039023894041354645]}
