LP RESULTS :
 Obj = 0.1*lambda1+0.9*lambda2 = 121.4778745300316 (lambda1 = 1196.778745300316, lambda2 = 2.0) Resol time = 806 ms

{"id": 0, "drone": 7, "position":(25.0,25.0,1.0), "time":554.180270810168,"sensors":[9,28,13,30,3,24,18],"power":[0.10146390903482817,0.1693395595552994,0.15260024888170914,0.457166975014641,0.18244429212776625,0.034971299759589625,0.13303345656946314]}
{"id": 1, "drone": 7, "position":(25.0,41.666666666666664,1.0), "time":345.71117317347483,"sensors":[6,1,30,23,5,10,34,11],"power":[0.8135524023993325,0.023422847140696035,0.028483330021730157,0.02874185934654922,0.49122704757553043,0.04048183956173277,0.09192158462391523,0.12517663496968004]}
{"id": 2, "drone": 0, "position":(41.666666666666664,8.333333333333334,1.0), "time":208.96691810372212,"sensors":[0,25,22,24,26,35,27,31],"power":[0.03082815656394463,0.03213536424391288,0.3347522854586292,0.01823514834719188,0.10057184017529867,0.08692944965935336,0.0627947503179266,0.021517280607587726]}
{"id": 3, "drone": 0, "position":(8.333333333333334,8.333333333333334,1.0), "time":592.599829890214,"sensors":[21,36,14,20,8,12,32],"power":[0.15175675097985555,0.06629818556049699,0.9275714637935206,0.24975522961474214,0.23940964249668925,0.0516425773372284,0.08134311590160337]}
{"id": 4, "drone": 1, "position":(41.666666666666664,41.666666666666664,1.0), "time":650.6740028329517,"sensors":[2,1,19,29,15,10,16,34,11],"power":[0.15016723094402581,0.6144600187236753,3.066544534306646,0.3149979607872071,0.15,0.06247083289751905,0.8981292436396446,0.08494746539368034,0.06377478389203031]}
{"id": 5, "drone": 5, "position":(8.333333333333334,41.666666666666664,1.0), "time":851.067572126841,"sensors":[17,23,33,4,37,39],"power":[0.11238595418648561,0.23586192381951243,0.24908988081483663,0.20832436853123082,0.2692099260389363,1.7020536823964558]}
{"id": 6, "drone": 5, "position":(33.333333333333336,41.666666666666664,1.0), "time":200.3935692938894,"sensors":[6,2,1,19,29,5,10,16,34,11],"power":[0.031005926642682213,0.0173460338308061,0.11795921281224252,0.05165913764764349,0.012815479891114376,0.055878522642952316,0.04704732754074817,0.025054999975569266,0.212436380246116,0.16137908325151348]}
{"id": 7, "drone": 4, "position":(41.666666666666664,25.0,1.0), "time":345.7111731734749,"sensors":[0,2,13,38,31],"power":[0.0785471969361702,0.0688936727217486,0.048680523385237325,0.12788377012965596,0.16044099539103293]}
{"id": 8, "drone": 4, "position":(8.333333333333334,25.0,1.0), "time":119.82641948621895,"sensors":[17,9,28,7,33,3,18,37,12,32],"power":[0.039819476596701354,0.00808171930933392,0.018251039029396152,0.09993676613773887,0.019120294308519154,0.009527967948082272,0.016966543430536874,0.010772642255195263,0.0860112675510201,0.014360927898694498]}
{"id": 9, "drone": 2, "position":(41.666666666666664,16.666666666666668,1.0), "time":93.84208280324128,"sensors":[0,22,24,26,35,38,27,31],"power":[0.1086413360959099,0.020045162392916697,0.00835854239212214,0.007390882846881191,0.012696060358939294,0.02211622987034405,0.006073698205399305,0.13170642360854296]}
{"id": 10, "drone": 2, "position":(8.333333333333334,16.666666666666668,1.0), "time":484.352495923883,"sensors":[9,28,7,3,36,14,20,8,12,32],"power":[0.05339468264150874,0.031992749540865534,0.050063233862261115,0.04075599540518799,0.050835988282680176,0.2055445887280948,0.033484323764566414,0.04865258824072833,0.49004979107285185,0.15514971616846465]}
{"id": 11, "drone": 3, "position":(16.666666666666668,8.333333333333334,1.0), "time":38.41955908004582,"sensors":[9,3,21,36,14,20],"power":[0.005890625033389241,0.0028255503254370636,0.02903223557394745,0.032865826156822826,0.010709173858454496,0.0027262235869666158]}
{"id": 12, "drone": 6, "position":(33.333333333333336,8.333333333333334,1.0), "time":548.2585712198774,"sensors":[0,25,22,24,26,35,27,31],"power":[0.07010876717055341,0.1178646357560872,0.059195470104811576,0.29339339106378326,0.04203727697782011,1.2551874781246781,0.4365465749185074,0.03703022989394337]}
