LP RESULTS :
 Obj = 0.1*lambda1+0.9*lambda2 = 98.51694636335752 (lambda1 = 967.1694636335751, lambda2 = 2.0) Resol time = 1584 ms

{"id": 0, "drone": 0, "position":(8.333333333333334,16.666666666666668,1.0), "time":342.8818528440886,"sensors":[35,22,29,17,13,3,20,31,36],"power":[0.03496731247520819,0.05873090640221639,0.206942932795537,0.033218329707250076,0.07802211735450408,0.5878031651486929,0.09657827702757651,0.02780140583980751,0.09689920661087621]}
{"id": 1, "drone": 0, "position":(41.666666666666664,8.333333333333334,1.0), "time":541.5475013567736,"sensors":[5,8,23,37,34,33,30],"power":[0.07217407783745415,0.21594748876261688,0.22312421562998672,0.7927083048543102,0.0513115118466314,0.12172646332923076,0.15]}
{"id": 2, "drone": 5, "position":(33.333333333333336,8.333333333333334,1.0), "time":99.32012558647104,"sensors":[5,8,16,37,34,32,33,19,9],"power":[0.010292277502202477,0.008409980906686524,0.01090673864516091,0.017850858240399257,0.05704717968124312,0.015228539268205027,0.016568954454366867,0.024339603586880223,0.012144880414039142]}
{"id": 3, "drone": 5, "position":(8.333333333333334,8.333333333333334,1.0), "time":569.590381638298,"sensors":[35,22,29,4,3,20,31,36],"power":[0.3803406413143197,0.09419429295501025,0.7532782338497077,0.15,0.1672742316757589,1.6396888428615988,0.2143408736358901,0.04223696201625038]}
{"id": 4, "drone": 6, "position":(8.333333333333334,33.333333333333336,1.0), "time":60.44399965597245,"sensors":[27,14,17,38,13,21,12,1,18],"power":[0.07443058332742128,0.009486210180420765,0.0050041801150742,0.004575589980730563,0.00828173453133707,0.004806897797386652,0.009536349685452354,0.0045329730936244,0.05891669961611859]}
{"id": 5, "drone": 6, "position":(41.666666666666664,25.0,1.0), "time":62.55246476140273,"sensors":[5,10,33,11,7],"power":[0.017989246581585655,0.05797627089046032,0.010710942920429952,0.004771640389713012,0.12427295464464455]}
{"id": 6, "drone": 2, "position":(33.333333333333336,33.333333333333336,1.0), "time":65.13453019608357,"sensors":[2,39,0,21,28,25,6,24,10,11],"power":[0.022017725093739712,0.005191698777585232,0.10223370428269699,0.00538747907925717,0.013066428103982501,0.013022830871569753,0.005291504034209706,0.007358159780972858,0.012875418652843562,0.01451101196510979]}
{"id": 7, "drone": 2, "position":(41.666666666666664,41.666666666666664,1.0), "time":595.8819792542618,"sensors":[15,2,0,6,24],"power":[0.1262954721894915,0.144893361297785,0.07357019022164125,0.040211461186235094,5.408438483826429]}
{"id": 8, "drone": 3, "position":(41.666666666666664,41.666666666666664,4.0), "time":134.9510708347533,"sensors":[15,2,0,24],"power":[0.0237045278105085,0.026669258700921628,0.013784245492653661,0.13459394343273554]}
{"id": 9, "drone": 3, "position":(16.666666666666668,41.666666666666664,1.0), "time":134.95107083475347,"sensors":[27,14,39,38,21,12,28,6,1,18],"power":[0.009783991207686376,0.008740579444858877,0.048389244188794145,0.06246877244080231,0.024715698552345587,0.06864862090471655,0.019377898744143987,0.010435983479751361,0.00984030030605966,0.010722769325628679]}
{"id": 10, "drone": 7, "position":(8.333333333333334,25.0,1.0), "time":54.69722915118837,"sensors":[27,29,17,13,3,18,36],"power":[0.00665109925766375,0.0036260471602933236,0.01041680066161356,0.05009049557407118,0.0074829799564860525,0.020490246823289177,0.010863831372873403]}
{"id": 11, "drone": 7, "position":(25.0,8.333333333333334,1.0), "time":54.69722915118848,"sensors":[22,16,34,26,32,19,9],"power":[0.009678652214474785,0.01730636036108301,0.015493725938016577,0.007124232933275084,0.06548123459848744,0.01465536019408863,0.007189604326833432]}
{"id": 12, "drone": 4, "position":(25.0,41.666666666666664,1.0), "time":171.20188334847634,"sensors":[2,39,0,38,21,28,6],"power":[0.03014663109904258,0.3071022783255604,0.032075238044035996,0.011887245150884669,0.03213920312222954,0.17228506819802744,0.09406105129980381]}
{"id": 13, "drone": 4, "position":(8.333333333333334,41.666666666666664,1.0), "time":600.5725097943729,"sensors":[27,14,38,12,1,18],"power":[0.1804108391867255,0.35442557688671317,0.28579417791799144,0.8652649705664955,0.2818611204893363,0.05987028423496328]}
{"id": 14, "drone": 1, "position":(25.0,25.0,1.0), "time":509.1463819823257,"sensors":[17,13,16,21,28,25,26,10,32,11,19,9],"power":[0.12158673195380963,0.03868626942354826,0.07652554761198724,0.08295072144878105,0.03737049622143392,0.7517002500037396,0.15083918632379936,0.03962767662440284,0.03437592434554306,0.43552519573768655,0.05894759073401663,0.1205734828977032]}
{"id": 15, "drone": 1, "position":(33.333333333333336,16.666666666666668,1.0), "time":263.7493719289277,"sensors":[5,16,25,34,26,10,32,33,11,19,7,9],"power":[0.10635004793383833,0.04902699220371387,0.017785679696098962,0.1705851773542243,0.02856930020506213,0.03952063383229328,0.034914301787763544,0.10951932928055623,0.034088850007110004,0.1657413030470153,0.025727045355355454,0.17761397285006975]}
