LP RESULTS :
 Obj = 0.1*lambda1+0.9*lambda2 = 136.62455246816913 (lambda1 = 1348.2455246816912, lambda2 = 2.0) Resol time = 760 ms

{"id": 0, "drone": 2, "position":(8.333333333333334,33.333333333333336,2.0), "time":410.818878579169,"sensors":[17,23,34,4,25,19,33,7,5,22,18,24],"power":[0.051486787409893965,0.028861554103323295,0.06500351548074651,0.03772186034837325,0.09200639940465855,0.049321152762836905,0.0487802007348801,0.05840748765436371,0.06030174900262339,0.03210081377478645,0.3402582646744381,0.055187135931027025]}
{"id": 1, "drone": 2, "position":(41.666666666666664,8.333333333333334,1.0), "time":364.05445687715,"sensors":[14,11,37,10,15],"power":[0.10446774596755574,0.24193823418774876,0.15,0.08822049801387966,0.5757967455977937]}
{"id": 2, "drone": 3, "position":(25.0,41.666666666666664,1.0), "time":576.2346926925113,"sensors":[9,16,8,36,6,24,35],"power":[0.08904440833630255,0.06873214271091299,1.1060239458604901,0.32036228847671544,0.14373014970074313,0.04325099700193775,0.17222642554131806]}
{"id": 3, "drone": 3, "position":(25.0,41.666666666666664,5.0), "time":34.56368155335565,"sensors":[9,16,8,36,6,35],"power":[0.004011677999185686,0.0031930230602614865,0.015385066300156023,0.009924410412357653,0.006269850299256845,0.007464097805849684]}
{"id": 4, "drone": 5, "position":(25.0,25.0,1.0), "time":364.05445687714996,"sensors":[9,23,34,1,5,22],"power":[0.06540045504748188,0.15826703871880365,0.06186749290126687,0.07878055339573733,0.04578070910032927,0.13436826487372225]}
{"id": 5, "drone": 5, "position":(33.333333333333336,8.333333333333334,1.0), "time":761.6581520474358,"sensors":[14,11,10,1,0,27,15],"power":[0.5932704335263451,0.1136216027525293,0.08242161059911797,0.08428062908056161,0.08608887039321884,0.2869971887598317,0.422290653604293]}
{"id": 6, "drone": 1, "position":(8.333333333333334,41.666666666666664,1.0), "time":361.1919534100109,"sensors":[36,25,18,24],"power":[0.03597045890685251,0.02765150249125062,0.04360407661398728,0.35257067450024826]}
{"id": 7, "drone": 4, "position":(25.0,8.333333333333334,1.0), "time":222.53291575710534,"sensors":[14,28,21,1,0,27],"power":[0.024016587685076814,0.028343954494080382,0.015672816336212637,0.047918781414185325,0.06391112960678114,0.40017396186246823]}
{"id": 8, "drone": 0, "position":(41.666666666666664,41.666666666666664,1.0), "time":737.4471504358243,"sensors":[16,3,29,35],"power":[0.30291519566870934,0.21909081959583615,0.6463262046892547,0.11562422849070768]}
{"id": 9, "drone": 0, "position":(41.666666666666664,25.0,1.0), "time":69.53642228622545,"sensors":[30,11,12,3],"power":[0.15,0.00626001958493126,0.6302286699099389,0.011012867254754958]}
{"id": 10, "drone": 6, "position":(8.333333333333334,8.333333333333334,1.0), "time":714.8937303454168,"sensors":[26,28,20,21,31,4,38,32,39,13,2],"power":[0.2222439931325629,0.1549756495063981,0.09757031347984658,0.10056593234616831,0.07432846789502247,0.047983304130664074,1.2769903831233542,1.3863932908217718,0.4651973213490303,0.19463398687466982,0.38409217139489127]}
{"id": 11, "drone": 6, "position":(8.333333333333334,25.0,1.0), "time":222.5329157571054,"sensors":[17,23,31,34,4,25,19,33,7,5,22,18],"power":[0.39410703462249586,0.023560678727199556,0.1277166985489358,0.053811724828839655,0.2824139941409334,0.030342098104090814,0.37080268551435513,0.10121979926511986,0.39135648105329446,0.08476029854354772,0.02480887836092548,0.06250853952427059]}
{"id": 12, "drone": 7, "position":(8.333333333333334,8.333333333333334,3.0), "time":410.8188785791691,"sensors":[26,28,20,21,31,38,32,39,13,2],"power":[0.10877222867515293,0.08131667333135577,0.052429686520153396,0.0528664058499558,0.037642663546298666,0.37298940995596275,0.4192151404340178,0.19039632648458824,0.09979827928266888,0.1606377094995743]}
