LP RESULTS :
 Obj = 0.1*lambda1+0.9*lambda2 = 137.10122349276358 (lambda1 = 1353.0122349276355, lambda2 = 2.0) Resol time = 1363 ms

{"id": 0, "drone": 7, "position":(41.666666666666664,16.666666666666668,1.0), "time":548.4342958531092,"sensors":[39,32,30,33,36,37],"power":[0.3595073624957358,0.10584683529932318,0.09032112670593952,0.16255707532582275,0.07889720931735372,0.08878785713010873]}
{"id": 1, "drone": 7, "position":(25.0,8.333333333333334,3.0), "time":132.77159879633496,"sensors":[23,5,34,12,18,4,22,31,32,7,0,13],"power":[0.024756692501605615,0.048865451919231716,0.016665528025907716,0.021115659613618287,0.011853388224956872,0.0677804150590847,0.016274356517865556,0.0326349513955991,0.018473768938378664,0.1680811225118265,0.046991968793210215,0.04308299449086558]}
{"id": 2, "drone": 1, "position":(33.333333333333336,33.333333333333336,1.0), "time":60.47224588907625,"sensors":[11,38,21,3,28,8,33],"power":[0.0461103055312261,0.0038666912065144906,0.03400007421595411,0.16106576749730872,0.0050983691257722496,0.00617251055755314,0.005818845183113878]}
{"id": 3, "drone": 1, "position":(25.0,25.0,4.0), "time":319.44190510630904,"sensors":[17,5,34,18,22,6,36],"power":[0.040013940225118096,0.03025527032285787,0.07323942674906911,0.11096688731285141,0.08129685712976865,0.12472384880286026,0.05250525569316306]}
{"id": 4, "drone": 5, "position":(33.333333333333336,8.333333333333334,1.0), "time":375.8488092486023,"sensors":[5,34,4,31,32,7,0,36,2],"power":[0.056729138182207546,0.0381605751476269,0.03531465616798788,0.07087008382020887,0.2859744128379975,0.050263458256446174,0.08054477209040953,0.03870038637001989,0.0703795527675144]}
{"id": 5, "drone": 5, "position":(16.666666666666668,8.333333333333334,1.0), "time":372.5172496849202,"sensors":[17,23,19,5,12,4,22,31,1,7,0,13],"power":[0.039595846321732804,0.5129878069050532,0.04368197734237259,0.054914490740135234,0.09315783113409269,0.13795632252219286,0.030646185871521597,0.028600429963747526,0.054586816954937334,0.12702989327889683,0.038969091956701854,0.5720596891409659]}
{"id": 6, "drone": 3, "position":(8.333333333333334,33.333333333333336,1.0), "time":696.597501231384,"sensors":[15,35,16,14],"power":[0.07600983365189212,0.16247045958098896,0.12561692606551167,0.16434375193188136]}
{"id": 7, "drone": 3, "position":(25.0,8.333333333333334,1.0), "time":64.12012110504838,"sensors":[23,5,34,12,18,4,22,31,32,7,0,36,13],"power":[0.013249036721282937,0.031156400938475985,0.008438491669655523,0.010828808290279037,0.00610544413932752,0.046765716189674164,0.008656562994111267,0.017894534820444546,0.009848664044697503,0.1908680660857489,0.028871855850327328,0.0041622663579072685,0.024894308236588836]}
{"id": 8, "drone": 0, "position":(16.666666666666668,25.0,3.0), "time":196.89171990138334,"sensors":[17,34,18,16,14,22,1,6],"power":[0.07939475952956215,0.013495978407739948,0.03373095564716182,0.024383073934488325,0.02526411838530095,0.030139537632026613,0.0396161280351324,0.09458874273271664]}
{"id": 9, "drone": 0, "position":(8.333333333333334,8.333333333333334,1.0), "time":783.603265341332,"sensors":[23,19,12,10,24,1,13],"power":[0.12987699551287765,0.4680930838955022,0.05506080414562578,0.15,0.23328933981551866,0.10614702363991105,0.08978633723972755]}
{"id": 10, "drone": 4, "position":(41.666666666666664,41.666666666666664,1.0), "time":1247.3728854239928,"sensors":[11,21,25,3,9],"power":[0.3315756160926284,0.10187962351961766,0.15,0.14913604088765814,0.35392540035193026]}
{"id": 11, "drone": 4, "position":(41.666666666666664,25.0,1.0), "time":45.16710361456696,"sensors":[11,21,3,39,9,33,36,37],"power":[0.004345506848927419,0.014120302264428274,0.007227324942008697,0.03534381320754864,0.003329315716741434,0.046996607127377445,0.005365209235690197,0.06121214286989124]}
{"id": 12, "drone": 6, "position":(25.0,41.666666666666664,5.0), "time":636.1252553423077,"sensors":[38,27,20,29,28,26,8],"power":[0.24500207430961637,0.1210229647563154,0.07877067905563293,0.048811605533733274,0.3534684393241324,0.18846026297402102,0.38732506108237325]}
{"id": 13, "drone": 6, "position":(16.666666666666668,41.666666666666664,1.0), "time":656.4147336962516,"sensors":[38,27,20,29,15,28,26,8],"power":[0.36571403558413573,0.11702113492708917,0.5186531471315233,0.35786657263521404,0.17177256674025534,0.12114578810109097,0.06517104038477566,0.11662576885147181]}
{"id": 14, "drone": 2, "position":(41.666666666666664,8.333333333333334,1.0), "time":231.83740992454062,"sensors":[39,32,30,2],"power":[0.016742156027461805,0.04268448468391796,0.05967887329406047,0.07962044723248558]}
