LP RESULTS :
 Obj = 0.1*lambda1+0.9*lambda2 = 131.41928281416574 (lambda1 = 1296.1928281416572, lambda2 = 2.0) Resol time = 1279 ms

{"id": 0, "drone": 4, "position":(8.333333333333334,25.0,1.0), "time":674.8982692819081,"sensors":[0,18,24,5,15,33,22],"power":[1.6146462003843784,0.07027413817814124,0.15688534226684867,0.11254924303899651,0.08797904132162214,0.2964978603236223,0.11317637752664589]}
{"id": 1, "drone": 4, "position":(8.333333333333334,8.333333333333334,1.0), "time":10.897997662452365,"sensors":[19,7,27],"power":[0.08117880637679198,0.001680951459524977,0.002918578783804102]}
{"id": 2, "drone": 1, "position":(41.666666666666664,16.666666666666668,1.0), "time":63.42104520382554,"sensors":[20,34,35,32,21,23,30,17],"power":[0.00901273511069915,0.006981939216292839,0.015234005987850545,0.006660199877011108,0.007487123370467479,0.004568963917045191,0.00543981468868359,0.00684751219388325]}
{"id": 3, "drone": 1, "position":(33.333333333333336,8.333333333333334,1.0), "time":507.16213771196135,"sensors":[20,32,8,13,9,26,2,25,4,36],"power":[0.6973732929363249,0.07987989450281911,0.19387534151630342,0.2438189782389107,0.0765842679130724,0.15,0.06361905700765443,0.17647369944287827,0.0504258184214505,0.15564671149968468]}
{"id": 4, "drone": 6, "position":(41.666666666666664,41.666666666666664,1.0), "time":613.1867050409754,"sensors":[11,29,12,10,1,38],"power":[0.09198260221849645,0.874301920837856,0.15,0.13635228103397742,0.5554299887746902,0.10603946833915]}
{"id": 5, "drone": 0, "position":(41.666666666666664,8.333333333333334,1.0), "time":725.6096452258702,"sensors":[20,35,32,26,36,17,6],"power":[0.12289566056119237,0.09196336102228858,1.1551533120565773,0.045855276255623585,0.20858843521307907,0.2184768161838498,0.15000000000000002]}
{"id": 6, "drone": 5, "position":(25.0,41.666666666666664,1.0), "time":683.0061231006817,"sensors":[39,3,31,11,28,37,38],"power":[0.15960267028006556,0.17607807707650056,0.31935693077386257,0.09387289923782222,0.09343661871731006,0.1426976091831321,0.1358631057031126]}
{"id": 7, "drone": 5, "position":(33.333333333333336,25.0,3.0), "time":167.7361315699469,"sensors":[21,10,9,2,23,30],"power":[0.028242240259540183,0.02045532171266939,0.013395792245069921,0.01747624738989402,0.10663747943658611,0.09455486508529086]}
{"id": 8, "drone": 3, "position":(8.333333333333334,41.666666666666664,1.0), "time":500.74776514421353,"sensors":[39,3,31,14,5,15,28],"power":[0.07909349963982704,0.0825691688700233,0.05547228751060988,1.152731671192432,0.08663706919836853,0.13037128777748144,0.08968249801423224]}
{"id": 9, "drone": 7, "position":(16.666666666666668,16.666666666666668,1.0), "time":418.87700759211305,"sensors":[19,8,13,7,18,9,16,2,27,22,4],"power":[0.031154580848055637,0.032841067049853886,0.02825600513824197,0.047194388386561294,0.3071615208437919,0.0684328443225344,0.5916818383106797,0.06626069767566435,0.04675522497813974,0.26543809229116494,0.030104346709318573]}
{"id": 10, "drone": 7, "position":(16.666666666666668,8.333333333333334,1.0), "time":202.417551267636,"sensors":[19,8,13,7,18,9,16,2,27,22,25,4],"power":[0.03766661277515238,0.01898654272052522,0.019313765194078444,0.3766725329008525,0.016522688289339966,0.020122589886087224,0.03597514124861682,0.015478604017657674,0.32925681913767557,0.013692449852933115,0.017557742047627497,0.06946983486923093]}
{"id": 11, "drone": 2, "position":(41.666666666666664,25.0,1.0), "time":507.16213771196146,"sensors":[34,35,29,21,10,23,30],"power":[0.14468354547857595,0.042802632989860874,0.03209260558082199,1.1058502292022063,0.0715561542815987,0.15452959879015232,0.05000532022602554]}
{"id": 12, "drone": 2, "position":(16.666666666666668,41.666666666666664,1.0), "time":112.4389398967619,"sensors":[39,3,31,14,28,37],"power":[0.19853151091524224,0.34620235349550105,0.21068099189544598,0.03569031966725031,0.061056755625992616,0.007302390816867913]}
