LP RESULTS :
 Obj = 0.1*lambda1+0.9*lambda2 = 136.5402138232374 (lambda1 = 1347.4021382323738, lambda2 = 2.0) Resol time = 898 ms

{"id": 0, "drone": 2, "position":(41.666666666666664,8.333333333333334,1.0), "time":764.2487702482875,"sensors":[7,23,24,3,26,16,8,35,34,1],"power":[0.23123402242593039,0.15,0.09602632445048594,0.06932904842905803,0.0989454526097461,0.33979770174291735,0.22968274269619268,0.10090710529665038,0.18113150928143068,0.08316749811383423]}
{"id": 1, "drone": 2, "position":(25.0,25.0,4.0), "time":353.5644121717538,"sensors":[13,18,29,2,28,20,32,33],"power":[0.19633382293299426,0.041291848634922454,0.02562376566696199,0.06437213586386105,0.025867312280815995,0.0931771434984746,0.0620307207906367,0.03746603356716992]}
{"id": 2, "drone": 7, "position":(41.666666666666664,33.333333333333336,1.0), "time":595.1628188799258,"sensors":[36,14,10,12,5,30,0,19,20,27,9,15,25,33],"power":[0.2428674438287826,0.5178833426220701,0.3505981112784624,0.12560990741357922,0.044220710157174284,0.047914817585831,0.054186428116252267,0.3631488917057837,0.04196956032882941,0.11211149779650553,0.16652377981150515,0.16473437480148542,0.17832666458991306,0.13815757267166245]}
{"id": 3, "drone": 7, "position":(25.0,33.333333333333336,1.0), "time":0.09762018538049233,"sensors":[36,13,14,18,21,30,2,38,19,28,20,32,33],"power":[7.519484509491136E-6,1.0855747533573093E-5,8.237071606998994E-6,1.5715227799840745E-4,2.6856193642821597E-5,3.6220451364701016E-5,2.3068366777780704E-5,8.0656100478171E-6,9.313153732003206E-6,7.066864989679038E-5,5.195146104913254E-5,6.2105303220452576E-6,1.2387555615245464E-5]}
{"id": 4, "drone": 1, "position":(41.666666666666664,16.666666666666668,1.0), "time":198.2807325238312,"sensors":[24,16,8,35,27,15],"power":[0.05137595198952931,0.01619190200765058,0.039550025262011665,0.04909289470334963,0.037888502203494476,0.020934799233142554]}
{"id": 5, "drone": 1, "position":(8.333333333333334,25.0,1.0), "time":722.7703282872092,"sensors":[4,6,37,29,11,2,32],"power":[0.21278581645357741,0.15000000000000002,0.673531616227895,0.45525409044517684,0.3157038005656284,0.09054736431174623,0.13859326254441443]}
{"id": 6, "drone": 3, "position":(25.0,8.333333333333334,1.0), "time":160.70222632600985,"sensors":[24,3,17,31,26,1],"power":[0.015637364009883078,0.0218215221008549,0.40755786799627536,0.03546799253337939,0.025547001943473497,0.015492890418799641]}
{"id": 7, "drone": 4, "position":(8.333333333333334,41.666666666666664,1.0), "time":611.3521117764925,"sensors":[11,38,22],"power":[0.06192601825600907,0.16751553426080035,0.15]}
{"id": 8, "drone": 4, "position":(33.333333333333336,8.333333333333334,1.0), "time":224.17040913424518,"sensors":[7,24,3,17,26,16,34,1],"power":[0.03013436721521313,0.058037276896007114,0.058849429470087075,0.03405646734510831,0.09260587955143279,0.014694969906800309,0.01529978221642614,0.05297297205579922]}
{"id": 9, "drone": 0, "position":(8.333333333333334,8.333333333333334,1.0), "time":50.75587873546756,"sensors":[4,39],"power":[0.005465513579760707,0.08218237474485064]}
{"id": 10, "drone": 0, "position":(41.666666666666664,41.666666666666664,1.0), "time":353.56441217175376,"sensors":[36,14,10,12,5,30,0,19,9,25],"power":[0.026348026735947053,0.07235624298577835,0.4081244776475523,1.2292274140553712,0.10553643439337895,0.025930703867856925,0.09581357188374774,0.06047842151662509,0.3581645994059463,0.038542743924736333]}
{"id": 11, "drone": 5, "position":(25.0,41.666666666666664,1.0), "time":398.57728699531367,"sensors":[18,21,5,30,38,28,20],"power":[0.10855099908707919,0.6479819521664811,0.05105143425467172,0.13756292455885502,0.06812393830621684,0.22509820082571189,0.0331343994996583]}
{"id": 12, "drone": 6, "position":(16.666666666666668,8.333333333333334,1.0), "time":573.875931209697,"sensors":[4,39,17,31],"power":[0.05570140131564932,0.06781762525514935,0.15624264297857463,0.11453200746662064]}
