LP RESULTS :
 Obj = 0.1*lambda1+0.9*lambda2 = 135.21419911584968 (lambda1 = 1334.1419911584967, lambda2 = 2.0) Resol time = 2867 ms

{"id": 0, "drone": 4, "position":(16.666666666666668,41.666666666666664,1.0), "time":888.0686115147744,"sensors":[10,24,29,6,32,31,18,11,25,37,8,23],"power":[0.10009779387089084,0.22184214209364614,0.08447486521983524,0.05834922166813569,0.06939584642086138,0.26010633722214005,0.233892156874583,0.17907607182469917,0.5639625999731984,0.06144641418202368,0.09597164875539593,0.16780679991665984]}
{"id": 1, "drone": 4, "position":(33.333333333333336,25.0,1.0), "time":104.94369950970633,"sensors":[16,6,27,38,37,30,14],"power":[0.015595437444332198,0.010621221971428578,0.032364987384477496,0.02970759466122064,0.013519335640968874,0.04773290972152194,0.04955825853994265]}
{"id": 2, "drone": 2, "position":(41.666666666666664,16.666666666666668,1.0), "time":125.74964280733786,"sensors":[16,27,38,2,30,34],"power":[0.043301014429503064,0.02040417548276102,0.021744594217438597,0.011335713833964851,0.017941409749134263,0.021481756111706274]}
{"id": 3, "drone": 2, "position":(25.0,8.333333333333334,1.0), "time":554.132678987869,"sensors":[13,33,27,38,2,39,30],"power":[0.15580830115066882,0.21119475364028154,0.047075171656832886,0.048495537847701047,0.03835531373569698,0.18897867681972488,0.03667078568788285]}
{"id": 4, "drone": 5, "position":(8.333333333333334,25.0,1.0), "time":26.723993765192006,"sensors":[10,29,19,28,4,17],"power":[0.003002263609698938,0.005473745056758945,0.00722402492274703,0.028671920022866195,0.02700882979561085,0.013464340878572383]}
{"id": 5, "drone": 5, "position":(8.333333333333334,16.666666666666668,5.0), "time":702.4330784206737,"sensors":[19,28,21,4,7,17],"power":[0.0668007734235257,0.049492735280770146,0.09878949664273293,0.05274721032420155,0.12210996534197585,0.10727781309921855]}
{"id": 6, "drone": 3, "position":(16.666666666666668,16.666666666666668,2.0), "time":216.26613600042836,"sensors":[19],"power":[0.0511235296589826]}
{"id": 7, "drone": 3, "position":(25.0,41.666666666666664,1.0), "time":338.7526416611908,"sensors":[24,6,32,31,11,9,25,12,37,14],"power":[0.0330808962533257,0.09759068792018288,0.07323690600196203,0.49434110354122,2.015557456596497,0.02593082124213768,0.18495949001092307,0.06963415671947233,0.06196258861878802,0.02222555805209312]}
{"id": 8, "drone": 0, "position":(41.666666666666664,33.333333333333336,2.0), "time":338.75264166119075,"sensors":[20,16,36,3,14],"power":[0.08018992412044079,0.042049471062165396,0.06149343148170254,0.05512447187714469,0.029687188235924658]}
{"id": 9, "drone": 0, "position":(8.333333333333334,33.333333333333336,1.0), "time":251.32857713759705,"sensors":[10,29,19,28,4,8,17],"power":[0.42743314262818705,0.062105650213590345,0.024675453245784122,0.1805422995238675,0.12871765814114322,0.04458978917642988,0.029257846022209065]}
{"id": 10, "drone": 6, "position":(41.666666666666664,25.0,1.0), "time":549.3159698535836,"sensors":[20,16,27,38,30,14,34],"power":[0.11795894218069009,1.1461934947671648,0.057111366208529836,0.05477190423643002,0.061566275682690304,0.04774407093205341,0.12851824388829372]}
{"id": 11, "drone": 6, "position":(8.333333333333334,8.333333333333334,1.0), "time":631.708912737823,"sensors":[26,13,21,7,5,1],"power":[0.2748406709808043,0.04861582442811958,1.0481952972087958,0.4792370637020546,0.21142244870850682,0.15]}
{"id": 12, "drone": 1, "position":(25.0,33.333333333333336,1.0), "time":2.3770384728251255,"sensors":[29,6,19,31,11,25,37,14],"power":[3.396044216647488E-4,0.002121381032308573,1.7621874896053743E-4,2.6084081045281074E-4,6.690756603080095E-4,6.886723772406515E-4,0.01307166155821941,7.849242399861643E-4]}
{"id": 13, "drone": 1, "position":(41.666666666666664,41.666666666666664,1.0), "time":995.389349497306,"sensors":[15,36,9,22,3,35,12,0],"power":[0.4527844568936752,0.6817643961298728,0.3006093376648393,0.15,3.4693718709944625,0.34013267754748966,0.1910692634461395,0.3404856207594393]}
{"id": 14, "drone": 7, "position":(41.666666666666664,8.333333333333334,3.0), "time":234.32111204611692,"sensors":[33,2],"power":[0.023262442819601842,0.10030897243033818]}
{"id": 15, "drone": 7, "position":(16.666666666666668,41.666666666666664,4.0), "time":104.94369950970633,"sensors":[10,24,29,32,31,18,11,25,8,23],"power":[0.00990615150706258,0.021624916820918102,0.008669726982398184,0.0073672475771765725,0.02452135718701801,0.02222677422223423,0.01736704723256252,0.03899604428961648,0.009438562068174174,0.01677982422610323]}
