LP RESULTS :
 Obj = 0.1*lambda1+0.9*lambda2 = 108.52949123111391 (lambda1 = 1067.2949123111391, lambda2 = 2.0) Resol time = 417 ms

{"id": 0, "drone": 2, "position":(41.666666666666664,25.0,1.0), "time":74.65185994598104,"sensors":[5,21,36,32,8,9,19,25,29],"power":[0.008644865832109203,0.007174675530028186,0.010600390267946276,0.00867732719731499,0.012723667922557597,0.010146871873914599,0.005201401777356316,0.04497991362782066,0.054814779124975975]}
{"id": 1, "drone": 2, "position":(41.666666666666664,8.333333333333334,1.0), "time":622.4903868409245,"sensors":[27,21,26,8,9,13,19,25,2,29],"power":[0.13729469075532552,0.09661105440478918,0.1806956917648733,0.16593315393269792,0.07339720216083682,0.1399581706729129,0.15047053410219222,0.056236353590221486,0.15,0.05172020892014445]}
{"id": 2, "drone": 1, "position":(41.666666666666664,16.666666666666668,1.0), "time":217.67417565906445,"sensors":[27,21,39,26,32,8,9,13,19,25,29],"power":[0.03151616308082436,0.06423649895656405,0.01380067362705352,0.026694807824800056,0.03196175118393559,0.9378260637304832,0.06645592596524857,0.02649849545757719,0.06448610965398217,0.2032997135382494,0.20231599078125878]}
{"id": 3, "drone": 1, "position":(25.0,25.0,5.0), "time":307.437447871052,"sensors":[39,32,34,16,0,18],"power":[0.03291340615252776,0.04326572871238186,0.029572883104471145,0.02624062229695339,0.06711763043032433,0.04691510743533032]}
{"id": 4, "drone": 0, "position":(25.0,8.333333333333334,1.0), "time":67.06231412010088,"sensors":[21,39,37,26,32,16,38,19,18],"power":[0.00581479349888229,0.01699758560424138,0.13970805719358909,0.010673651920940571,0.0043282890251364675,0.010186220890438868,0.2707855779801829,0.006580835467108978,0.009338547843619234]}
{"id": 5, "drone": 0, "position":(8.333333333333334,41.666666666666664,1.0), "time":565.4719183762754,"sensors":[23,20,17,7,4,28],"power":[0.10618643040318948,0.09906490323713846,0.04954629559036007,5.654719183762754,0.1365424547913387,0.06849505617323666]}
{"id": 6, "drone": 7, "position":(41.666666666666664,41.666666666666664,1.0), "time":621.7929151054109,"sensors":[5,10,36,6,11,3,24,1,33,14],"power":[0.27463298056947244,0.14786620871709022,0.12220023572625902,0.2753132822428507,0.20957162075681557,0.3643513146457827,0.2661877603251275,0.15193673176109357,0.24459014393411785,0.18120709499981497]}
{"id": 7, "drone": 7, "position":(8.333333333333334,33.333333333333336,1.0), "time":173.70655397797856,"sensors":[23,20,34,0,17,7,4,28],"power":[0.04381356959681051,1.2034052504910162,0.03172241224373809,0.01571127206992307,0.18386148436662345,0.03980829434113198,0.013457545208661303,0.05285864264722552]}
{"id": 8, "drone": 6, "position":(25.0,16.666666666666668,1.0), "time":54.32211402289121,"sensors":[21,39,37,26,32,16,0,38,19,18],"power":[0.008108355636559445,0.0663628748211115,0.007158977585904399,0.004223497418596272,0.013528595826076309,0.016834664405755206,0.003910300101780575,0.00827041090479534,0.006225127618290367,0.03753193843432402]}
{"id": 9, "drone": 6, "position":(8.333333333333334,8.333333333333334,1.0), "time":534.1974424366049,"sensors":[12,35,16,30],"power":[1.6800334353423576,0.8647242096745259,0.043780659583425974,0.15]}
{"id": 10, "drone": 5, "position":(25.0,41.666666666666664,4.0), "time":161.81710143761268,"sensors":[22,6,15,33,31],"power":[0.12529246582767406,0.012507614357217233,0.09533271044674965,0.010593786558865835,0.04619061336004007]}
{"id": 11, "drone": 5, "position":(41.666666666666664,33.333333333333336,1.0), "time":23.61341020370836,"sensors":[5,10,36,6,11,3,24,25,1,33,29],"power":[0.052520031982227745,0.0021337912829097728,0.01719937400579472,0.002141738069384033,0.00263023192860694,0.001610347592908494,0.0018228659248500098,0.001633667323070359,0.004491828863037159,0.0016341999762121515,0.001766547873100921]}
{"id": 12, "drone": 4, "position":(33.333333333333336,16.666666666666668,1.0), "time":31.094061722176917,"sensors":[21,39,26,32,8,38,19,18,25,29],"power":[0.11072405662934151,0.016464502743292354,0.006879158845639749,0.048238308055154784,0.008883831260622208,0.0025585596106672604,0.03015988938859926,0.0022693800967349747,0.007886801021423067,0.0044148795639811405]}
{"id": 13, "drone": 4, "position":(25.0,41.666666666666664,1.0), "time":260.0714855644071,"sensors":[22,6,15,33,14,31,28],"power":[0.7773180881511013,0.023579437306673532,0.4354925191204198,0.01849181304296213,0.018563725692754773,0.10380938663995991,0.018633571252751367]}
{"id": 14, "drone": 3, "position":(16.666666666666668,16.666666666666668,1.0), "time":36.23063946801201,"sensors":[12,39,37,34,16,0,18],"power":[0.0029336969502514938,0.003460957051773469,0.003132965220506504,0.005142122305337415,0.13578482462854524,0.00335336714343141,0.03901193193927105]}
{"id": 15, "drone": 3, "position":(16.666666666666668,25.0,1.0), "time":68.044954392478,"sensors":[20,34,16,0,17,18,28],"power":[0.00819413246033946,0.13738080396890498,0.011802207634494704,0.05990743025454063,0.009070755625936896,0.01493309425072041,0.014638517244948636]}
