LP RESULTS :
 Obj = 0.1*lambda1+0.9*lambda2 = 141.519670710721 (lambda1 = 1397.1967071072097, lambda2 = 2.0) Resol time = 1545 ms

{"id": 0, "drone": 4, "position":(25.0,41.666666666666664,1.0), "time":331.1706204359851,"sensors":[34,38,3,16,30,0,29,13],"power":[0.044062289989126514,0.7868619448243931,0.05858124896380724,0.8482884086305625,0.04016336049475863,0.17069137397433337,0.20657415844916105,0.07915175807790716]}
{"id": 1, "drone": 3, "position":(8.333333333333334,16.666666666666668,1.0), "time":24.462615942917584,"sensors":[33,36,25,28,27,21,24,19,15],"power":[0.005825554221869673,0.01259278860564647,0.001662433581040497,0.003202416803462651,0.019111342293039606,0.004915231491151578,0.005405120335776541,0.003944683501431824,0.005102743490429251]}
{"id": 2, "drone": 3, "position":(8.333333333333334,25.0,1.0), "time":646.4441839139772,"sensors":[33,36,25,28,22,27,21,19,15],"power":[0.08276311149092293,0.041130731322166054,0.05541971442073848,0.1091950865176462,0.074477160540892,0.04891538829993133,0.24699543289946393,0.0690499571272331,0.14489725650957075]}
{"id": 3, "drone": 0, "position":(8.333333333333334,8.333333333333334,1.0), "time":726.2899072503149,"sensors":[8,33,36,27,12,24],"power":[0.15000000000000002,0.061411334287207395,0.6376333978911205,0.7058093129257443,0.1290360259943727,0.8979186297749457]}
{"id": 4, "drone": 0, "position":(25.0,25.0,1.0), "time":72.75857263718632,"sensors":[25,7,5,28,31,22,21,20,19,35,23],"power":[0.03412023548680389,0.004727521602539213,0.15289112909456892,0.01654293060369949,0.36462089515318585,0.03209458874069916,0.008146278585185258,0.007704823145024469,0.011993357192215677,0.010759843468212826,0.12047311250879761]}
{"id": 5, "drone": 7, "position":(41.666666666666664,41.666666666666664,1.0), "time":492.39063872711876,"sensors":[34,2,3,39,10,37],"power":[0.10593771001087349,0.3929581752250648,0.11110259717357447,0.19946493093378329,0.30750887405560595,1.1088376275409657]}
{"id": 6, "drone": 5, "position":(41.666666666666664,25.0,2.0), "time":446.26599162741513,"sensors":[9,6,35],"power":[0.172461638096628,0.21134134750098132,0.13924015653178715]}
{"id": 7, "drone": 6, "position":(8.333333333333334,41.666666666666664,1.0), "time":559.3159582276345,"sensors":[11,30,0,13,18],"power":[0.15238088456526153,0.10935850080149996,0.059656145209546055,0.06466704023495094,0.15]}
{"id": 8, "drone": 2, "position":(25.0,8.333333333333334,1.0), "time":577.8869309926175,"sensors":[26,32,7,4,12,14,24,20,19,17],"power":[0.23140830892900666,0.13247805126534648,0.7745555643984282,0.04375643617110831,0.122077552891915,1.452283272543467,0.03837416640105877,0.18948927426793544,0.046337957857426594,0.3952841184992946]}
{"id": 9, "drone": 1, "position":(16.666666666666668,25.0,1.0), "time":75.64440362051111,"sensors":[25,5,30,28,31,22,21,13,20,19,23],"power":[0.058797616511417114,0.026938704269073695,0.007563374348180127,0.12102411322433113,0.012256861022756752,0.15883625686074995,0.11848403494716332,0.0061812016871419,0.006552947537454239,0.025857786168079235,0.029526887491202383]}
{"id": 10, "drone": 1, "position":(41.666666666666664,8.333333333333334,1.0), "time":819.3097761145922,"sensors":[1,32,4,17],"power":[0.16450603685326756,0.07443391640353668,0.31331279562182823,0.07211025343071936]}
