LP RESULTS :
 Obj = 0.1*lambda1+0.9*lambda2 = 159.45638969879053 (lambda1 = 1576.563896987905, lambda2 = 2.0) Resol time = 3507 ms

{"id": 0, "drone": 4, "position":(8.333333333333334,8.333333333333334,1.0), "time":1051.7945015740681,"sensors":[27,0,36,17,22,37,13],"power":[0.1782719615601344,0.16270601899790474,0.15,0.44665892564588877,0.3377708803075922,0.6529187812559821,0.4417407559052764]}
{"id": 1, "drone": 3, "position":(8.333333333333334,41.666666666666664,2.0), "time":721.1869230535862,"sensors":[9,28,32,4,23,2],"power":[0.15026646925650933,0.06804258510857629,0.09259675446672891,0.047839790397159104,0.13956177687731605,0.1472913435655519]}
{"id": 2, "drone": 6, "position":(25.0,25.0,1.0), "time":567.0164585525519,"sensors":[34,31,10,1,35,7,18,3,5,20,15],"power":[2.8421893387962385,0.6508579756012113,0.823623774810504,0.3018475481955242,0.07358638965533348,0.0873604429677805,0.09251394015263399,0.1576621233562917,0.03673768490085345,0.3082299456285534,2.145761652601133]}
{"id": 3, "drone": 6, "position":(8.333333333333334,33.333333333333336,1.0), "time":229.87531024315967,"sensors":[33,8,9,28,21,32,2,20],"power":[0.044132515099285397,0.05616424734444826,0.07095699797022088,0.0750778231519872,0.061178104188368415,0.13998560525163134,2.2987531024315966,0.01520441157633564]}
{"id": 4, "drone": 7, "position":(8.333333333333334,41.666666666666664,1.0), "time":50.16621650796276,"sensors":[9,28,32,4,23,2],"power":[0.011080974803184955,0.004800674741224487,0.006782224122011153,0.0031692622112870082,0.010438223122683945,0.010694816561614591]}
{"id": 5, "drone": 7, "position":(25.0,8.333333333333334,1.0), "time":524.769395413837,"sensors":[38,30,27,0,12,3,26],"power":[0.43694860626476995,0.13389570760520217,0.13479248295845775,0.11377631345723438,0.18137182206456326,0.07067013123770055,0.09806039634207409]}
{"id": 6, "drone": 0, "position":(41.666666666666664,33.333333333333336,1.0), "time":406.2515086139506,"sensors":[35,7,18,25,5,11,16],"power":[0.03088101675145394,0.06702653749370531,0.06806073708976082,0.043352321436831945,0.17380106070809487,0.1396138144952302,0.7260868920650461]}
{"id": 7, "drone": 2, "position":(25.0,41.666666666666664,1.0), "time":575.3354471831964,"sensors":[9,4,19,6,7,18,25,14],"power":[0.05467201879227466,0.10216020960284089,0.15,0.5932539609605005,0.04928851887133546,0.04151219137941433,0.15388670182823858,0.48901930902065455]}
{"id": 8, "drone": 1, "position":(41.666666666666664,8.333333333333334,1.0), "time":795.1992797569651,"sensors":[38,30,29,12,24,39,26],"power":[0.056576701726656485,0.11597272720451375,0.20351363883760915,0.10549898918738848,0.34930755963850596,0.14533617552829675,0.2062018411423416]}
{"id": 9, "drone": 5, "position":(33.333333333333336,25.0,1.0), "time":27.960482638206216,"sensors":[34,31,10,1,35,7,18,39,3,5,20,11,15],"power":[0.0051257073146632175,0.01300896189419479,0.011276074264428008,0.028138316680183715,0.045532593593212545,0.00851966762475471,0.010024165405206084,0.004663824471703254,0.005699726987158892,0.0061342171195062556,0.0018726162916106114,0.010386185504769775,0.0070242628834201746]}
{"id": 10, "drone": 5, "position":(8.333333333333334,25.0,5.0), "time":575.3354471831964,"sensors":[33,8,28,21,32,2,20],"power":[0.2036797167590033,0.09383575265555173,0.07618633081481396,0.2704876931526149,0.08446784564259693,0.09205472637995618,0.041668115619406976]}
