LP RESULTS :
 Obj = 0.1*lambda1+0.9*lambda2 = 152.93233883706378 (lambda1 = 1511.3233883706375, lambda2 = 2.0) Resol time = 1725 ms

{"id": 0, "drone": 7, "position":(41.666666666666664,41.666666666666664,1.0), "time":670.4754928072302,"sensors":[15,31,32,11,26,22,6,28,14,16,36],"power":[0.15,0.16187237873025698,0.16595833582168917,0.09236394357223059,0.3083804448014296,0.08613068128754811,0.19883832986980585,0.09403640796875036,0.44500345191560475,0.33068945299294406,0.12114223500251599]}
{"id": 1, "drone": 7, "position":(16.666666666666668,16.666666666666668,1.0), "time":0.9987662183618105,"sensors":[1,2,23],"power":[3.9656682768548287E-4,0.009987662183618105,8.955899710268487E-5]}
{"id": 2, "drone": 5, "position":(41.666666666666664,25.0,1.0), "time":324.40012970525504,"sensors":[13,9,5,8,31,35,11,10,4,21,22,34,6,20,28,0,14],"power":[0.8265894957674194,0.05354955284927797,0.974416372201069,0.058817410111139015,0.04853747842741751,0.20434382377449012,0.07296703459685688,0.03126677827065059,0.1122684132393278,0.02543967588914123,0.09077159092076398,0.03720406317785898,0.025028913229310338,0.02082943024099614,0.056358784771700435,2.5125032218703565,0.02148408070658748]}
{"id": 3, "drone": 5, "position":(41.666666666666664,8.333333333333334,1.0), "time":815.2072917184279,"sensors":[9,8,33,10,12,25,38],"power":[0.10058345416551118,0.19350725894956555,0.7669521522380851,0.45691984765614085,0.15000000000000002,0.679753561248734,0.15098028587316106]}
{"id": 4, "drone": 2, "position":(25.0,25.0,3.0), "time":187.5403608776294,"sensors":[7,2,39,21,34,20],"power":[0.02207649730351915,0.017528017869774867,0.011926768621180429,0.038474300219920925,0.03095416489909434,0.045811306677803754]}
{"id": 5, "drone": 2, "position":(25.0,41.666666666666664,1.0), "time":324.4001297052547,"sensors":[7,18,39,20,29,36],"power":[0.12013117771697235,0.06726207019651381,0.09908181281164899,0.030232069269216386,0.057229143280600074,0.028849107702172857]}
{"id": 6, "drone": 1, "position":(8.333333333333334,25.0,1.0), "time":146.64363215750814,"sensors":[27,37,19,1,2,24],"power":[0.009685468698960921,0.21752691266180826,0.02660671996440554,0.017701937615679817,0.014196475462495368,0.00981113957775049]}
{"id": 7, "drone": 0, "position":(25.0,8.333333333333334,1.0), "time":627.6669308407985,"sensors":[2,3,21,34,38],"power":[0.058698071250924834,0.3911543085438204,0.056954561995345356,0.044734974245178,0.046178357735795705]}
{"id": 8, "drone": 3, "position":(8.333333333333334,8.333333333333334,1.0), "time":548.4736982763397,"sensors":[17,1,2,23,24],"power":[0.3248564992024125,0.16693160186027137,0.04958977323318683,2.8237125521107793,0.1401888604222495]}
{"id": 9, "drone": 4, "position":(8.333333333333334,41.666666666666664,1.0), "time":649.2612335009827,"sensors":[18,27,19,39,30],"power":[0.09412798131142525,0.4074627711261823,0.12339328003559445,0.05914383037484439,0.15518470665979833]}
{"id": 10, "drone": 6, "position":(33.333333333333336,41.666666666666664,1.0), "time":516.4477658581525,"sensors":[7,11,26,22,20,14,29,16,36],"power":[0.08190931805173443,0.06728024036525958,0.10954005719099198,0.05348909826238584,0.05312719381198371,0.16735661241158167,0.09277085671939993,0.03372342817540511,0.1614019963223576]}
{"id": 11, "drone": 6, "position":(41.666666666666664,16.666666666666668,1.0), "time":371.7159669469546,"sensors":[13,9,5,8,35,33,10,4,21,34,25,0],"power":[0.07922245421893637,0.14666301313712987,0.052147316750557095,1.4735508212943345,0.056625063144234204,0.0619061112030704,0.5018391242686853,0.037731586760672176,0.0390196910041926,0.058294254471433556,0.03407932418715339,0.07167195770930625]}
