LP RESULTS :
 Obj = 0.1*lambda1+0.9*lambda2 = 166.73352734079566 (lambda1 = 1649.3352734079563, lambda2 = 2.0) Resol time = 734 ms

{"id": 0, "drone": 7, "position":(8.333333333333334,41.666666666666664,1.0), "time":818.2298436028485,"sensors":[3,2,19,6,32,10,31,4,24,22,38,8,27],"power":[0.14187257462416966,0.09575452434071291,0.8178903737580862,0.3436554786726757,0.15113622101881988,0.21128124247788915,0.19523458243082592,0.05328354226767624,0.07561080442349818,0.14022418936082398,0.16177051428072958,0.7755679906064088,0.15]}
{"id": 1, "drone": 1, "position":(25.0,8.333333333333334,1.0), "time":1052.4358788742625,"sensors":[30,7,9,1,35,20],"power":[0.2629869060941475,0.15,0.28045878867294716,0.2073450330208269,0.19208105706380918,0.514513529472057]}
{"id": 2, "drone": 6, "position":(16.666666666666668,41.666666666666664,1.0), "time":584.5733231841446,"sensors":[3,2,19,6,32,31,4,16,24,36,22,17,38,8],"power":[0.39287314255325373,0.12831744303377457,0.14800326338438854,0.1415498835977394,0.10082176257684301,2.712505530185948,0.056493926599271126,0.15281439448249048,0.4405826908953433,0.10725678277803839,1.3270982204645265,0.0931716924458846,0.1231136801204515,0.04779877805643933]}
{"id": 3, "drone": 0, "position":(41.666666666666664,41.666666666666664,1.0), "time":672.1735162291121,"sensors":[5,21,15,0,12,18],"power":[3.810562312434987,0.15,0.09561105187348538,0.08624847429770767,0.14966936971323996,0.10342977324790398]}
{"id": 4, "drone": 3, "position":(41.666666666666664,25.0,1.0), "time":370.17602337656274,"sensors":[39,28,15,34,18],"power":[0.14316481353467977,1.5341119483582415,0.11544518149032354,2.901776196262675,0.0961379137120402]}
{"id": 5, "drone": 4, "position":(8.333333333333334,16.666666666666668,1.0), "time":1402.8031667869932,"sensors":[33,29,26,11,23,25,37,13],"power":[0.4381458229598266,8.054123839342985,0.3497354158461512,0.10202467404695377,0.4607746261169749,0.19325831282371905,0.24511292612732077,0.09183762466677893]}
{"id": 6, "drone": 4, "position":(41.666666666666664,8.333333333333334,1.0), "time":60.613433467942684,"sensors":[39,14,9,35],"power":[0.006835186465320202,0.15,0.008903482830065737,0.006315019056162741]}
{"id": 7, "drone": 2, "position":(25.0,41.666666666666664,1.0), "time":246.5321066209632,"sensors":[3,2,31,16,24,36,0,22,12,17],"power":[0.03800843881583819,0.020619352042499282,0.04549983088331978,0.8510611690197172,0.09308996176886987,0.04274321722196162,0.07303776615826721,0.06031886717466999,0.042383842874781474,1.187760741586756]}
{"id": 8, "drone": 5, "position":(8.333333333333334,25.0,1.0), "time":246.5321066209632,"sensors":[33,29,19,26,11,6,23,4,38,13],"power":[0.02310550310560578,0.057621318005873105,0.017148446270070887,0.05509805676792614,0.08751386368958952,0.024190317506070945,0.03856601367725387,0.054547297563468454,0.035191763824801256,0.058162375333221064]}
