LP RESULTS :
 Obj = 0.1*lambda1+0.9*lambda2 = 145.70225932355336 (lambda1 = 1439.0225932355336, lambda2 = 2.0) Resol time = 3511 ms

{"id": 0, "drone": 2, "position":(33.333333333333336,8.333333333333334,1.0), "time":424.5701807212828,"sensors":[15,17,27,23,11,35],"power":[0.1362543347398898,0.04182079391002179,0.08333450889782736,0.031232049436994497,0.1759511541907684,0.11561596523671713]}
{"id": 1, "drone": 2, "position":(25.0,25.0,1.0), "time":387.26665564865675,"sensors":[4,2,13,32,1,28,35],"power":[0.19457171419870747,0.20094284545253013,0.11877106320154744,0.19340727758195916,0.10195040285601874,0.16739358232433676,0.02894686482245814]}
{"id": 2, "drone": 1, "position":(41.666666666666664,41.666666666666664,1.0), "time":149.48773078971467,"sensors":[14,36,39,10,16,25,3,24,0],"power":[0.16884902907029717,0.9471573414593055,0.33100367211882936,0.07512157674417111,0.021725543895305288,0.013260577556618225,0.04861816855704641,0.029532656533220528,0.04661042113953372]}
{"id": 3, "drone": 5, "position":(16.666666666666668,41.666666666666664,1.0), "time":692.4322293315925,"sensors":[30,5,9,13,18,28,31],"power":[0.2007132549778031,0.15700309090726614,0.31511832893612524,0.050774370701695846,0.08656434578692192,0.05061075220717817,1.2085934706738606]}
{"id": 4, "drone": 4, "position":(33.333333333333336,8.333333333333334,1.0), "time":14.400645860923305,"sensors":[15,17,27,23,11,35],"power":[0.004621498425234304,0.0014184850233658734,0.00282655448998521,0.0010593341310238212,0.005967942110341789,0.0039214825883774635]}
{"id": 5, "drone": 4, "position":(8.333333333333334,8.333333333333334,1.0), "time":1424.6219473746103,"sensors":[19,38,29,22,21,26,20,6,33],"power":[0.30096685660648625,0.23084830007902654,0.8967628538470563,0.42534083630486996,0.14058346635534602,0.15000000000000002,0.2234901803623323,1.4954763989792903,0.17713091413787524]}
{"id": 6, "drone": 7, "position":(8.333333333333334,41.666666666666664,1.0), "time":746.5903639039411,"sensors":[30,5,9,34,18,31],"power":[3.0950100592227603,0.17717985822097992,0.7501803234407521,0.15,0.15820978567976635,0.08733688581235526]}
{"id": 7, "drone": 7, "position":(16.666666666666668,8.333333333333334,1.0), "time":14.400645860923275,"sensors":[38,29,22,21,11,6,33,35],"power":[0.03348539419528405,9.737997356951672E-4,0.001038538450354191,0.009416533644653974,0.0015861334347715113,0.0023297842251835746,0.0035391054661168845,0.0015156873524472467]}
{"id": 8, "drone": 6, "position":(41.666666666666664,8.333333333333334,1.0), "time":647.0270595918215,"sensors":[15,17,27,12,23,8],"power":[0.11919252702247157,0.1949513647333462,1.7542193281331464,0.17065295629624716,0.07240299113905291,0.15141077708719033]}
{"id": 9, "drone": 6, "position":(41.666666666666664,25.0,1.0), "time":353.024707061506,"sensors":[17,7,37,23,1,3,24,0],"power":[0.05328522367236217,0.4723707188846606,0.1022507451677018,0.14075862746202175,0.06278166346416379,0.023421756322993138,0.06469781168754535,0.05230866274023189]}
{"id": 10, "drone": 3, "position":(33.333333333333336,41.666666666666664,1.0), "time":237.7789248589421,"sensors":[14,36,13,39,10,16,25,24,0],"power":[0.025576736890417964,0.04057798277918217,0.016515026925182474,0.08587454256003671,0.016284843261402646,0.9524924754216082,0.13673942244338178,0.03820129584291311,0.026451634482777615]}
{"id": 11, "drone": 0, "position":(41.666666666666664,33.333333333333336,2.0), "time":698.7312305253708,"sensors":[14,36,7,37,39,1,10,16,3,24,0],"power":[0.22967593936489183,0.159973042576562,0.23075681692545832,0.04774925483229821,0.18256243123694949,0.04983691716657648,0.058593579994426236,0.04726280527293907,0.23230788412553416,0.8821113756616543,1.7459557786894302]}
