LP RESULTS :
 Obj = 0.1*lambda1+0.9*lambda2 = 194.55073534296605 (lambda1 = 1927.5073534296603, lambda2 = 2.0) Resol time = 1672 ms

{"id": 0, "drone": 4, "position":(8.333333333333334,25.0,1.0), "time":58.33105274719276,"sensors":[22,18,0,33,5,38,28],"power":[0.005515399264618604,0.009266630430626229,0.014095714227812525,0.015075979182215522,0.15,0.005558898065066265,0.007267040232111123]}
{"id": 1, "drone": 4, "position":(41.666666666666664,8.333333333333334,1.0), "time":1234.5366208667378,"sensors":[1,36,32,23,19,3],"power":[0.08704123612194833,4.612506316126692,0.20029440392513118,0.34707206090834675,0.1487695242730723,0.3582072547728247]}
{"id": 2, "drone": 7, "position":(41.666666666666664,25.0,1.0), "time":692.9707325629225,"sensors":[1,20,29,21,30,35,4,12],"power":[0.17052534065939015,0.5161246580231027,0.1283774376816405,0.1447394221511994,0.07963955381867635,0.8542742663176781,0.15,1.3002166530028667]}
{"id": 3, "drone": 2, "position":(33.333333333333336,8.333333333333334,1.0), "time":679.4966446927504,"sensors":[8,10,24,27,36,32,37,3],"power":[0.15,0.2097025492320775,0.08908064611151258,0.05817278223726536,0.09795545637936881,3.5192262998959727,0.1429070106623064,0.2776673955308044]}
{"id": 4, "drone": 1, "position":(25.0,41.666666666666664,1.0), "time":692.9707325629224,"sensors":[39,34,14,2],"power":[0.697420046389427,0.10076374272593426,0.13502207320144743,0.17044363625065093]}
{"id": 5, "drone": 0, "position":(8.333333333333334,41.666666666666664,1.0), "time":1014.0269219493359,"sensors":[15,22,18,34,2,16,26,25,28],"power":[0.2588175712795857,0.2281869506399486,0.17136273244676495,0.15,0.1868633782603685,1.3750925881900027,0.1610194522735977,8.91389608657611,0.3642042495230585]}
{"id": 6, "drone": 3, "position":(16.666666666666668,8.333333333333334,1.0), "time":399.97053112283743,"sensors":[7,9,11,33,31,37,38,13],"power":[0.12661873133945215,0.9910769571168807,0.05924779011104641,0.042362706407677295,0.0751376137731064,0.06435509774898554,0.06663141381127968,0.033462598728942736]}
{"id": 7, "drone": 3, "position":(41.666666666666664,33.333333333333336,1.0), "time":1234.5366208667378,"sensors":[20,6,29,17,21,30,14,35,12],"power":[0.10617848062722152,0.31256891369772055,4.740954594081643,0.269109873333941,0.27613401518862096,0.4339185174549206,0.13469435481697584,0.6552541644105782,0.3461099861776833]}
{"id": 8, "drone": 5, "position":(8.333333333333334,8.333333333333334,1.0), "time":282.71947060907786,"sensors":[7,9,33,31,38,13],"power":[0.023381268660547832,0.047569289112931415,0.024666615547794493,0.07486238622689358,0.17771416437674556,0.26509500448730494]}
{"id": 9, "drone": 5, "position":(16.666666666666668,16.666666666666668,1.0), "time":848.0401776140725,"sensors":[10,24,27,9,0,11,33,37,38],"power":[0.0632743821204016,0.0705167798244996,0.1043522485919183,0.10576535866596311,0.22878300459207712,0.3548943287771279,0.7978154684353457,0.12476730756751978,0.16013510026581623]}
{"id": 10, "drone": 6, "position":(41.666666666666664,8.333333333333334,5.0), "time":13.47408787017207,"sensors":[36,32,23,19,3],"power":[0.007173051946362897,0.0016084082126567568,0.0026578264704512746,0.0012304757269276457,0.002785551717890546]}
