LP RESULTS :
 Obj = 0.1*lambda1+0.9*lambda2 = 138.78398293120134 (lambda1 = 1369.8398293120133, lambda2 = 2.0) Resol time = 1595 ms

{"id": 0, "drone": 7, "position":(25.0,25.0,5.0), "time":569.508557755721,"sensors":[10,20,4,6,26,11,13,27,28],"power":[0.3260693505905753,0.05253125301656175,0.28251299641832783,0.21401891994409303,0.12227821820682626,0.13697635169304476,0.15067364517677664,0.12478037211429106,0.06226526477784853]}
{"id": 1, "drone": 7, "position":(41.666666666666664,41.666666666666664,2.0), "time":92.0760974335048,"sensors":[7,37,22,25,15,2],"power":[0.02080086024724336,0.007982348091312638,0.012369979333159125,0.0791692979405734,0.006569322198595309,0.00641827728558263]}
{"id": 2, "drone": 5, "position":(8.333333333333334,8.333333333333334,1.0), "time":1132.9417690157093,"sensors":[18,0,12,16,19,23,24],"power":[0.15,2.2486731488968097,0.10362314883249123,0.45089537353639686,0.11265660673338723,0.49527591792008496,0.10248572713387939]}
{"id": 3, "drone": 0, "position":(33.333333333333336,41.666666666666664,1.0), "time":800.3312715562923,"sensors":[7,20,21,22,25,15],"power":[0.14786702247131195,0.09826154373843889,0.20624543056197275,0.3262479929789284,0.0708307020594266,0.2926027238242847]}
{"id": 4, "drone": 2, "position":(41.666666666666664,25.0,2.0), "time":623.2077386046835,"sensors":[8,37,33,34,39,2],"power":[0.055021318426337305,0.37899287669714743,0.22647647614159924,0.9464334086646862,0.2016950035941107,0.22026355188608837]}
{"id": 5, "drone": 3, "position":(25.0,8.333333333333334,1.0), "time":119.62836587173645,"sensors":[32,14,5,26,11,31,13,19,28,24],"power":[0.022951473977393826,0.015247347190091472,0.05427825899307191,0.011383792197279386,0.015892899481875555,0.03088973752219333,0.012961461495272764,0.03734339326661276,0.016612157441255805,0.06055339437008708]}
{"id": 6, "drone": 3, "position":(33.333333333333336,8.333333333333334,2.0), "time":674.4778667863934,"sensors":[36,32,30,8,14,5,26,31,28],"power":[0.11053944227957568,2.396285955236228,0.1333737593692157,0.060231750265523194,0.5032169674853193,0.5346701559736209,0.0601448271883125,0.41496126570516423,0.12588523888862052]}
{"id": 7, "drone": 4, "position":(8.333333333333334,41.666666666666664,1.0), "time":924.1555777745681,"sensors":[1,17,29,3,35],"power":[0.15000000000000002,3.9254562037564216,3.4981045605078567,0.2797531354099338,0.4885713320705088]}
{"id": 8, "drone": 6, "position":(41.666666666666664,8.333333333333334,1.0), "time":65.92918502277371,"sensors":[36,32,30,8,14,5,31],"power":[0.11352076378010174,0.01588912417191988,0.016626240630784293,0.029347042628665353,0.015547242993545929,0.006366942901378758,0.007620208791012583]}
{"id": 9, "drone": 6, "position":(8.333333333333334,33.333333333333336,1.0), "time":208.78619124114152,"sensors":[38,9,17,29,35],"power":[0.02795362065528307,0.05955655436378639,0.044853697664528853,0.06167973470975706,0.10972827365635893]}
{"id": 10, "drone": 1, "position":(41.666666666666664,16.666666666666668,1.0), "time":6.225038898162666,"sensors":[36,32,8,37,33,34,26,39,31,28],"power":[6.741130702861084E-4,7.380418225771061E-4,0.0053998886794743885,4.4286752693291603E-4,0.0016887206064796578,0.0012475912270970126,4.308917517004024E-4,8.062068402727736E-4,6.908761430049908E-4,8.007216540716122E-4]}
{"id": 11, "drone": 1, "position":(8.333333333333334,25.0,1.0), "time":236.89806029630398,"sensors":[38,9,12,27,23,35],"power":[0.12204637934471693,1.123773193527343,0.054345552796186136,0.02521962788570893,0.018751742292369002,0.01776055995169252]}
