LP RESULTS :
 Obj = 0.1*lambda1+0.9*lambda2 = 149.64558093784856 (lambda1 = 1478.4558093784854, lambda2 = 2.0) Resol time = 3342 ms

{"id": 0, "drone": 6, "position":(41.666666666666664,41.666666666666664,1.0), "time":686.1520272277932,"sensors":[14,32,8,22,39,35,30,21,23,18,11],"power":[0.16813871050571538,0.08336707646088898,0.15,0.059700124174921605,0.0586887105342892,0.04551336600268969,0.16678872427469288,0.20074769030098613,0.195810180034702,0.14243390104054757,0.8931171975651729]}
{"id": 1, "drone": 3, "position":(8.333333333333334,8.333333333333334,1.0), "time":808.8350639720879,"sensors":[13,29,26,24,17,5],"power":[0.10974882357497578,0.22121173303665828,0.09387752902151034,0.07687638200272365,0.49780334970103174,0.17130648379808117]}
{"id": 2, "drone": 7, "position":(41.666666666666664,25.0,3.0), "time":669.6207454063974,"sensors":[4,22,18,20,37,16,36],"power":[0.1238951346201777,0.23994775969364335,0.11418342240076251,0.15000000000000002,0.19355439633971344,0.07024162360258704,0.07660245699616068]}
{"id": 3, "drone": 1, "position":(25.0,8.333333333333334,1.0), "time":669.6207454063974,"sensors":[13,26,27],"power":[0.09555028237895859,0.14181795603198713,0.12391762206756701]}
{"id": 4, "drone": 1, "position":(25.0,25.0,1.0), "time":274.8134804217182,"sensors":[32,15,4,27,39,28,9,16,36,1],"power":[0.021353721775132145,0.4008265463028546,0.054323185902796105,0.03357019162331041,0.01801820649986613,0.05223655115033403,0.051217642703067924,0.11823426281750998,0.05668139257995147,0.0915388836137975]}
{"id": 5, "drone": 0, "position":(8.333333333333334,25.0,1.0), "time":627.8478365675077,"sensors":[19,25,2,31,29,34,0,28,24,17],"power":[0.24146244153631788,0.1503530474699472,0.10528170475154656,0.09179187624163483,0.08901981594700321,0.0415930782602836,0.15000000000000002,0.04011599454443731,0.08112815390414056,0.052121663442231014]}
{"id": 6, "drone": 2, "position":(25.0,41.666666666666664,1.0), "time":517.4903017289739,"sensors":[14,32,38,39,35,30,28,23,6,9,1],"power":[0.09537874400473367,0.06957615850055697,0.17625288145403725,0.15448295572959825,0.4805817800726775,0.06476495008268832,0.059493866876549194,0.03452852303412251,0.7076318638356589,0.11357785072736713,0.05846111638620249]}
{"id": 7, "drone": 5, "position":(33.333333333333336,16.666666666666668,1.0), "time":534.0215835503698,"sensors":[15,4,27,12,37,16,36],"power":[0.03387101652411168,0.2278276754060973,0.8969032307445298,0.06662740322041161,0.23429143223689197,0.1258458445189501,0.035060444220449294]}
{"id": 8, "drone": 5, "position":(41.666666666666664,8.333333333333334,1.0), "time":27.52735777648057,"sensors":[12,37],"power":[0.08337259677958839,0.0026467800465892503]}
{"id": 9, "drone": 4, "position":(8.333333333333334,41.666666666666664,1.0), "time":850.6079728109777,"sensors":[19,7,2,31,33,34,10,3],"power":[0.1004857769431257,0.15,0.21195305629258146,0.26291469532911516,0.29803855773687304,0.5005780655264414,0.36491682064679826,0.16052952290371958]}
