LP RESULTS :
 Obj = 0.1*lambda1+0.9*lambda2 = 159.67786271970206 (lambda1 = 1578.7786271970203, lambda2 = 2.0) Resol time = 443 ms

{"id": 0, "drone": 4, "position":(25.0,8.333333333333334,5.0), "time":359.2914590192598,"sensors":[9,15,39,30,0,18],"power":[0.040282530885577116,0.08847117759352864,0.1473669877610131,0.10719751257744317,0.040171177118395976,0.05064317925747538]}
{"id": 1, "drone": 4, "position":(8.333333333333334,25.0,5.0), "time":35.72820170300258,"sensors":[20,38,17,1],"power":[0.0163742246374053,0.005117633683231097,0.0033215015859135084,0.005032057411153428]}
{"id": 2, "drone": 3, "position":(8.333333333333334,16.666666666666668,2.0), "time":513.8516423577914,"sensors":[9,15,20,38,19,10,17],"power":[0.051322325710026956,0.033839339893672306,0.11316243281068576,0.08293114099905281,0.08319082344694703,0.33885745420122776,0.7025060616438488]}
{"id": 3, "drone": 3, "position":(41.666666666666664,33.333333333333336,1.0), "time":367.1612645406355,"sensors":[27,22,29,7,32],"power":[0.08525745318517092,0.08392657109547748,0.18987215199750876,0.044805405161364435,0.05302399425199028]}
{"id": 4, "drone": 6, "position":(8.333333333333334,25.0,1.0), "time":329.80098971820837,"sensors":[5,20,38,10,17,1],"power":[0.024568509187138224,0.6655064487901309,0.061951225317716074,0.02502018350112442,0.03888787496184586,0.06223599188974067]}
{"id": 5, "drone": 6, "position":(41.666666666666664,16.666666666666668,1.0), "time":448.55498813628475,"sensors":[27,21,25,16,32,3,14,37,6],"power":[0.07624045685030441,0.1019270979387073,0.06382452526990538,0.233739491629127,0.08768003713122467,0.1399502857155686,0.24953650765373908,0.13229367060338437,0.24116986844860036]}
{"id": 6, "drone": 1, "position":(25.0,25.0,5.0), "time":349.6383011956673,"sensors":[12,23,28,7,0,25,18,34],"power":[0.16183520186424638,0.14652107857372582,0.12646939534953897,0.0230121386256784,0.07567066262087913,0.05407680415546406,0.06157150252802545,0.20188548266487458]}
{"id": 7, "drone": 1, "position":(41.666666666666664,8.333333333333334,1.0), "time":884.8821984738527,"sensors":[24,33,2,11,30,16,3,14,37,6],"power":[0.20323902492203852,0.2806020355884571,0.2176828429474496,0.15,0.0654616593197357,0.09069828702991364,1.0483066061612474,0.19779697809246588,0.11026822744469639,0.26157924659531007]}
{"id": 8, "drone": 5, "position":(25.0,41.666666666666664,1.0), "time":91.31313706197916,"sensors":[8,5,7,26,35],"power":[0.11375877706070173,0.006706249079078628,0.018880325130933098,0.034948722037167035,0.023041823673988097]}
{"id": 9, "drone": 5, "position":(25.0,16.666666666666668,1.0), "time":6.237732401951317,"sensors":[12,23,15,28,39,30,0,25,18,14,34,37,6],"power":[8.664655072611594E-4,0.001112621669185317,9.566142352366181E-4,0.004483369764460206,0.002633012238986878,6.030858841542862E-4,0.02249391529694384,8.92808134102229E-4,0.04698834058663467,5.907655734515816E-4,0.001156846362296513,9.926841699897388E-4,4.745971782253591E-4]}
{"id": 10, "drone": 0, "position":(33.333333333333336,41.666666666666664,1.0), "time":335.7334304530277,"sensors":[8,7,26,31,35],"power":[0.03624122293929826,0.11533623591021995,0.11505127796283297,0.04808741947983483,0.10869656114251716]}
{"id": 11, "drone": 0, "position":(8.333333333333334,8.333333333333334,1.0), "time":699.3977934180178,"sensors":[9,15,19,36,10,17],"power":[0.22072944578941114,0.08709014424327151,0.18714134645910704,0.15,0.6664177567746101,0.25846811837040845]}
{"id": 12, "drone": 2, "position":(41.666666666666664,25.0,1.0), "time":239.10370818493175,"sensors":[27,21,22,29,25,16,32,14,37,6],"power":[0.5511444319807697,0.04807290206129267,0.03473508137558695,0.021470193246738118,0.047472348190213946,0.05963302084011723,0.1749519187391947,0.026505886961850172,0.02865314000412847,0.02189114900046852]}
{"id": 13, "drone": 2, "position":(16.666666666666668,25.0,1.0), "time":113.75066908539736,"sensors":[12,5,23,28,20,0,18,34,1],"power":[0.015983611493910137,0.009158816033147645,0.058134291052705005,0.019047234886000835,0.012938280002457999,0.011664244963781045,0.01366540282345222,0.03087132500891887,0.017747976054536325]}
{"id": 14, "drone": 7, "position":(8.333333333333334,41.666666666666664,1.0), "time":1043.913831331434,"sensors":[4,5,13,1],"power":[0.15,0.32622298077343964,0.3442647666283945,0.19908107575857986]}
{"id": 15, "drone": 7, "position":(41.666666666666664,41.666666666666664,1.0), "time":434.93249394571137,"sensors":[22,29,7,31,35],"power":[0.03133834752893558,0.1282417438016574,0.038600078860156074,0.10191258052016518,0.030538115893734244]}
