LP RESULTS :
 Obj = 0.1*lambda1+0.9*lambda2 = 183.7281879896492 (lambda1 = 1819.2818798964918, lambda2 = 2.0) Resol time = 1962 ms

{"id": 0, "drone": 3, "position":(16.666666666666668,16.666666666666668,1.0), "time":737.2609552208164,"sensors":[5,28,27,18,0,34,36,9,30,1,15],"power":[0.08830230534161236,0.0998501627455143,0.06721855219483686,0.15190002047061996,0.09321116630845853,1.1023002805223563,1.862833358100973,0.1002367608526117,0.07961312004156144,0.06853383884402449,0.13166663117186003]}
{"id": 1, "drone": 3, "position":(25.0,8.333333333333334,1.0), "time":126.95165133890573,"sensors":[21,34,36,10,30,1,29],"power":[0.15,0.00864883094525843,0.019288530290589072,0.01071449221799454,0.01976704781251174,0.037935291713903994,0.01961152571924235]}
{"id": 2, "drone": 1, "position":(16.666666666666668,41.666666666666664,1.0), "time":544.6001827896586,"sensors":[33,38,27,24,17,23,4,32,26,20],"power":[0.12398471938092803,0.18909549307791085,0.037848034258991144,0.11479483525967348,0.17851777801474172,0.08412574542509516,0.22850503110793607,0.15596346272435957,0.7441431952942424,0.04911804749793831]}
{"id": 3, "drone": 1, "position":(8.333333333333334,8.333333333333334,2.0), "time":724.9358861190592,"sensors":[5,28,3,18,7,34,9,1,35],"power":[0.24325182868987621,0.3194052696425386,0.19585869676253267,0.19061088540971566,0.15,0.13896059223430773,1.4347502025151626,0.07972255339144606,0.5411506842210351]}
{"id": 4, "drone": 4, "position":(33.333333333333336,25.0,1.0), "time":535.534064074451,"sensors":[0,16,10,30,15,12,14,2,19],"power":[0.09557886215552427,0.06567976278060549,0.17161641607518696,0.09849049807386687,0.05415064550457683,0.18181577259844264,2.232842976536779,0.03890391225088544,0.09281819918895341]}
{"id": 5, "drone": 4, "position":(41.666666666666664,41.666666666666664,1.0), "time":9.066118715207239,"sensors":[16,11,12,2,22,13],"power":[9.509210866618734E-4,0.022551332424060867,7.064126623653535E-4,0.001043940333051373,0.005925422627961771,8.274578136498856E-4]}
{"id": 6, "drone": 5, "position":(8.333333333333334,25.0,1.0), "time":230.13338721771046,"sensors":[5,28,27,18,34,6,15,20],"power":[0.02640152623977853,0.022845610158406957,0.051926838354833416,0.03985094630179414,0.02426335455986909,0.0591768174809903,0.014687008155599679,0.07400200341934204]}
{"id": 7, "drone": 6, "position":(25.0,41.666666666666664,1.0), "time":230.13338721771015,"sensors":[33,38,16,24,17,32,26,2,13],"power":[0.04233436720099566,0.7655144528148505,0.04116554057486463,0.035205164740326485,0.015121216410362423,0.06077113269543326,0.039797110113465255,0.06194697122085368,0.05511352815660705]}
{"id": 8, "drone": 2, "position":(33.333333333333336,41.666666666666664,1.0), "time":1044.5483098891232,"sensors":[38,16,11,12,2,22,13],"power":[0.14055506251296312,0.39584820689421807,0.12744866757593912,0.08320038985171484,0.8514360122713994,0.3157195461631237,0.4402114142926553]}
{"id": 9, "drone": 0, "position":(41.666666666666664,8.333333333333334,1.0), "time":664.8191037906663,"sensors":[25,37,8,29,19],"power":[1.9223351731778473,0.22436376782742637,2.109111327372914,0.13038847428075762,0.11894445426351172]}
{"id": 10, "drone": 7, "position":(8.333333333333334,41.666666666666664,1.0), "time":1044.548309889123,"sensors":[31,6,39,17,23,4,32,26,20],"power":[0.3027330045543731,0.09082318251900968,0.15,0.3037312856924002,4.077902327516858,1.666607538102869,0.06853154282458568,0.21435820216562387,0.12402347898797719]}
