LP RESULTS :
 Obj = 0.1*lambda1+0.9*lambda2 = 135.43100300882296 (lambda1 = 1336.3100300882295, lambda2 = 2.0) Resol time = 564 ms

{"id": 0, "drone": 1, "position":(8.333333333333334,8.333333333333334,1.0), "time":536.536979916831,"sensors":[35,28,15,3,17,13,34,24,21,11,1,10,9],"power":[0.05758201590291903,0.20072973316627915,0.04924747584771683,0.056903719930231,0.16582138915061306,0.07509228178627203,0.12944602744777736,0.14826542047583136,0.052457809046036086,0.04480484657592912,3.508059213259679,0.0751800619826011,0.16445961254112446]}
{"id": 1, "drone": 1, "position":(25.0,8.333333333333334,1.0), "time":147.62129953208364,"sensors":[35,32,37,15,22,13,21,10,9,12],"power":[0.041256187229921165,0.01648069188878597,0.010737194980960279,0.024295237002370886,0.013687333475798532,0.011709459371167989,0.03612797667053114,0.02119882148177392,0.014651860606109521,0.015667634413881634]}
{"id": 2, "drone": 2, "position":(41.666666666666664,33.333333333333336,1.0), "time":1027.5801491840216,"sensors":[29,31,16,19,4,0,6,33,39,25],"power":[0.5887557046789703,0.3687840778806181,0.13982453222164154,0.2564222819931764,0.31771137804074245,4.096633008848518,0.387291241686942,0.3393453774884778,0.12626480125935188,0.21345820927129835]}
{"id": 3, "drone": 2, "position":(25.0,16.666666666666668,1.0), "time":16.20173554575985,"sensors":[32,37,5,15,14,3,21,10],"power":[0.015058567999491809,0.0021165336398176024,0.0012212314666188284,0.0049131923850974065,0.00404849810542413,0.0020574811525690584,0.004844987418842166,0.0032593370890514352]}
{"id": 4, "drone": 6, "position":(8.333333333333334,25.0,1.0), "time":249.10098910717267,"sensors":[5,14,3,17,34,26,11,38],"power":[0.09029351097685524,0.028597029650801617,0.04333565954990109,0.037391043924710696,0.03970751866558868,0.0549448636879472,0.050633873272352185,0.01606534003210971]}
{"id": 5, "drone": 6, "position":(16.666666666666668,8.333333333333334,1.0), "time":257.19659347871897,"sensors":[35,32,15,14,3,17,13,34,21,1,10,9],"power":[0.18045549289796728,0.02407287884665155,0.07438141771623552,0.01972765439804954,0.038811274861189515,0.038455444533640776,0.06215493902187752,0.01714637269810124,0.12422316485542986,0.04331766697489785,0.1034787404086105,0.1738800383944206]}
{"id": 6, "drone": 7, "position":(8.333333333333334,41.666666666666664,1.0), "time":643.1742612779993,"sensors":[20,7,30,38],"power":[0.05836943213834844,0.8413263008346453,0.14999999999999997,0.38781415710270306]}
{"id": 7, "drone": 7, "position":(8.333333333333334,16.666666666666668,1.0), "time":12.852892376583668,"sensors":[28,5,15,14,3,17,34,26,24,21,11,1,10,9],"power":[0.0025801929781169566,0.002347237985481585,0.0018643122407787968,0.0014478589646210354,0.004809749069029299,0.04603083036544856,0.02409151589985414,0.0015807781445679894,0.0017345795241685996,0.0014403287016481346,0.004021196496631317,0.002919573204854353,0.0025181222904077792,8.17321563587726E-4]}
{"id": 8, "drone": 3, "position":(25.0,41.666666666666664,1.0), "time":308.72988090420785,"sensors":[20,31,36,4,18,6],"power":[0.1508333710435273,0.020287688978645496,0.12772806235268583,0.030006762808915805,0.6512162944453735,0.024295966614573502]}
{"id": 9, "drone": 3, "position":(33.333333333333336,16.666666666666668,1.0), "time":185.2672278861436,"sensors":[8,32,37,23,16,2,39,25,12],"power":[0.011706931440578133,0.01754226266622426,0.47608589384636846,0.03296989851346924,0.024551834194311343,0.014064759883772308,0.025950251392225943,0.022317597142816444,0.02498422552116627]}
{"id": 10, "drone": 4, "position":(8.333333333333334,33.333333333333336,1.0), "time":444.03477970305744,"sensors":[5,7,26,38],"power":[0.046080144275456834,0.0716072892542508,0.03614013533685705,0.1907728371857486]}
{"id": 11, "drone": 4, "position":(25.0,8.333333333333334,5.0), "time":16.20173554575985,"sensors":[35,32,15,22,13,21,10,9,12],"power":[0.0032366039397539272,0.0013474115468986067,0.001969033797571621,0.0011330937919623058,0.0010433198206824357,0.0028408816019433025,0.0018101534303818245,0.001271983322354414,0.0013192470715172654]}
{"id": 12, "drone": 0, "position":(41.666666666666664,8.333333333333334,1.0), "time":984.0499856990183,"sensors":[8,37,23,22,27,2,12],"power":[0.14821617145822558,0.16325877561167249,1.3331412606199975,0.2532179057344867,0.15,0.7458685059999013,0.428528863615839]}
{"id": 13, "drone": 0, "position":(25.0,25.0,5.0), "time":349.6987936924924,"sensors":[32,5,15,14,36],"power":[0.07549818705194776,0.03306435072543213,0.02606654585626369,0.06625975834347633,0.02227193764731417]}
{"id": 14, "drone": 5, "position":(8.333333333333334,25.0,2.0), "time":264.42083966316335,"sensors":[5,14,3,17,34,26,11],"power":[0.08905813062681382,0.029919200537627328,0.045644372811789034,0.037848197323833946,0.040269864655006336,0.05733422283062779,0.050540083655087394]}
{"id": 15, "drone": 5, "position":(41.666666666666664,16.666666666666668,1.0), "time":3.1697814252240932,"sensors":[8,37,23,16,2,39,25,12],"power":[0.0017838285417744182,0.001149814039501263,0.0019381387682777438,0.0011538364710454512,2.8443942860600354E-4,0.0013315982021224343,6.860210701278493E-4,3.4010914381382457E-4]}
