LP RESULTS :
 Obj = 0.1*lambda1+0.9*lambda2 = 125.0581627755184 (lambda1 = 1232.581627755184, lambda2 = 2.0) Resol time = 795 ms

{"id": 0, "drone": 0, "position":(16.666666666666668,8.333333333333334,1.0), "time":269.9199587547257,"sensors":[22,1,3,10,26,34,37,13,6,35],"power":[0.5802609843501616,0.018113606249587497,0.0786341935282753,0.04672292184436233,0.06796031078430598,0.03426311707359536,0.041821233194524424,0.08193405613797708,0.02850229058073253,0.052780770426976306]}
{"id": 1, "drone": 0, "position":(41.666666666666664,8.333333333333334,1.0), "time":473.72086334538614,"sensors":[27,18,14,32,16,19,21],"power":[1.3341837480391958,1.611440197760714,0.0734684679119419,0.04731687721478592,0.059015841142138585,0.1403838476772105,0.045857099805338315]}
{"id": 2, "drone": 2, "position":(8.333333333333334,41.666666666666664,1.0), "time":857.196159282543,"sensors":[12,23,38,4,20,29,36],"power":[0.4783481702285037,8.57196159282543,0.1925474406568803,0.1376019406982131,1.984457684264425,4.010200504067876,0.2996226506871033]}
{"id": 3, "drone": 2, "position":(25.0,8.333333333333334,1.0), "time":288.70935050992904,"sensors":[22,1,3,26,16,37,13,35],"power":[0.07189088070314732,0.09692746410027142,0.0713658064717247,0.028524585643097344,0.06463303471900665,0.2403059434264348,0.045478286806520114,0.917501400274719]}
{"id": 4, "drone": 3, "position":(41.666666666666664,16.666666666666668,1.0), "time":353.4535085398296,"sensors":[27,18,0,14,32,16,9,15,21],"power":[0.09538735117645332,0.05173940145748272,0.04938312554668213,1.1123400853602685,0.19279585371899172,0.04490772653899337,0.09519189557939722,0.07310634307739512,0.07628190458561145]}
{"id": 5, "drone": 4, "position":(8.333333333333334,16.666666666666668,1.0), "time":673.9523184905294,"sensors":[22,28,10,26,34,13,6,25],"power":[0.07978581875443018,0.15000000000000002,0.1939449377814326,0.15531448437107387,3.78738844900399,0.10538633407927928,1.6055996733875746,0.2028025511431524]}
{"id": 6, "drone": 7, "position":(33.333333333333336,8.333333333333334,1.0), "time":116.6979053600391,"sensors":[27,1,18,14,32,16,19,37,35],"power":[0.015630401171757503,0.034958929650141066,0.03128031876512716,0.011000332822312926,0.012158216446520258,0.08273018959027072,0.0096161523227895,0.022582828237753556,0.02492747644409891]}
{"id": 7, "drone": 7, "position":(41.666666666666664,41.666666666666664,1.0), "time":943.8722772452547,"sensors":[33,7,5,31,2,30],"power":[0.21560241633819416,1.3733432609036915,0.2177390557124921,0.2639128023562202,2.8541355665242123,0.10383927851764767]}
{"id": 8, "drone": 1, "position":(25.0,33.333333333333336,4.0), "time":659.8465039163494,"sensors":[24,39,17,8],"power":[0.19091681156762064,0.15,0.4331578178053001,0.4660695446136477]}
{"id": 9, "drone": 6, "position":(25.0,41.666666666666664,1.0), "time":375.38546847264087,"sensors":[11,38,39,4,17,8],"power":[0.15,0.04207208927597533,1.6403386213712863,0.03605938307080467,0.05856016865063267,0.1183308488473176]}
{"id": 10, "drone": 5, "position":(41.666666666666664,25.0,1.0), "time":288.7093505099292,"sensors":[33,0,14,32,9,15,21,30],"power":[0.05770406012489943,0.3984587407900484,0.08316734096874727,0.07800654212289782,0.18757747539767228,0.09021878693184344,0.02786099560905024,0.08049946928545083]}
