LP RESULTS :
 Obj = 0.1*lambda1+0.9*lambda2 = 141.8562903372388 (lambda1 = 1400.5629033723878, lambda2 = 2.0) Resol time = 723 ms

{"id": 0, "drone": 3, "position":(16.666666666666668,41.666666666666664,1.0), "time":153.7535194154591,"sensors":[2,20,23,5,3,31,26,12,33,32],"power":[0.02219496100209094,0.01086698677313525,0.055347911222056866,0.04945808277118315,0.0111864479945883,0.03530749719972089,0.4513917256799417,0.03325705990008301,0.02171944934105508,0.1476280107436944]}
{"id": 1, "drone": 3, "position":(8.333333333333334,16.666666666666668,3.0), "time":311.02798141953303,"sensors":[25,4,22,17,35,9,28,38,11,16],"power":[0.32413657697655396,0.1506296150659566,0.020637948616793727,0.17206469585891726,0.07728728042830081,0.40078290021591373,0.08165333158532209,0.08127718994922016,0.03543520986580164,0.03160775946055705]}
{"id": 2, "drone": 4, "position":(8.333333333333334,25.0,1.0), "time":487.8442963161217,"sensors":[13,25,36,4,17,3,35,9,28,33,38],"power":[0.04903672804759006,0.060414119091894994,0.1268188208396148,0.03726238240416088,0.044113921001607215,0.09670866836181294,0.05788357655370838,0.11233849990318084,0.06834666841467789,0.03727265167181771,0.04856765997573214]}
{"id": 3, "drone": 4, "position":(16.666666666666668,8.333333333333334,1.0), "time":535.9518752825518,"sensors":[25,39,4,37,22,34,17,35,9,38,11,16],"power":[0.09167322855119152,0.10755875509745333,0.13385774635464526,0.2128634160706977,0.8500730425015051,0.05092048290773937,0.14146674704278006,0.10938486312150894,0.06549326928859385,0.1422921437861105,2.3641867264302237,0.31343491158215]}
{"id": 4, "drone": 6, "position":(16.666666666666668,16.666666666666668,1.0), "time":61.38196810004327,"sensors":[13,25,39,4,37,22,34,17,3,35,9,38,11,16],"power":[0.015494241030644344,0.014896893985376101,0.005249210218722135,0.015098429462386041,0.0072160792514030046,0.017485781799268584,0.03172971824230872,0.02102400646682757,0.0057478143643015615,0.3913984418319379,0.02197507777154348,0.2499647354779172,0.012759642976335894,0.006417508004692315]}
{"id": 5, "drone": 6, "position":(8.333333333333334,41.666666666666664,1.0), "time":758.965087640807,"sensors":[0,36,31,26,12,33,18,32],"power":[0.16102661375932792,0.08389383607174529,7.58965087640807,0.12413434877872767,0.10701941655925974,0.7331713656262441,0.15,0.11705571836954573]}
{"id": 6, "drone": 5, "position":(41.666666666666664,8.333333333333334,1.0), "time":514.6840534289513,"sensors":[6,21,1,15,19],"power":[0.08634640051140184,0.10597073087343836,0.04344370651762265,0.06677884499552246,0.5022412047529559]}
{"id": 7, "drone": 5, "position":(41.666666666666664,41.666666666666664,4.0), "time":207.91082774788208,"sensors":[14,10,29],"power":[0.051730129312442606,0.03935431438438334,0.022312242624031278]}
{"id": 8, "drone": 0, "position":(33.333333333333336,8.333333333333334,1.0), "time":190.12372587943383,"sensors":[6,39,37,1,19,30],"power":[0.08181051068903765,0.04482944825118577,0.022774742426229268,0.10655629348237733,0.019078195642367884,0.020087785809106178]}
{"id": 9, "drone": 0, "position":(41.666666666666664,16.666666666666668,1.0), "time":695.7551240640028,"sensors":[6,21,8,15,19,7,30,27],"power":[0.16096408273341195,0.04402926912656165,0.057695128635233565,0.1919379878074101,0.07370523272263063,0.11165686927887641,0.07306635162296295,0.10468686187885709]}
{"id": 10, "drone": 7, "position":(25.0,25.0,4.0), "time":4.356782254138068,"sensors":[13,20,24,34,3,35,30],"power":[0.0014230133603405355,7.366577452517636E-4,0.0031298356893709744,0.0010377868053272074,6.306967196003327E-4,3.1445858418098114E-4,8.382308374526966E-4]}
{"id": 11, "drone": 7, "position":(41.666666666666664,41.666666666666664,1.0), "time":494.44086011508375,"sensors":[14,8,10,29],"power":[0.1621397268289453,0.037548959345460806,0.11064568561561665,0.06414791648711798]}
{"id": 12, "drone": 2, "position":(25.0,41.666666666666664,1.0), "time":487.8442963161217,"sensors":[14,2,20,23,5,26,29,12,32],"power":[0.039521957926084414,0.12780503899790907,0.10320992442233169,0.9322325940409211,0.36393716992217046,0.1303871508306509,0.04936066465651592,0.032899113252334654,0.09879576842924553]}
{"id": 13, "drone": 2, "position":(25.0,25.0,5.0), "time":320.2035452953793,"sensors":[13,20,24,34,3,30],"power":[0.08776005953618267,0.04893803134381721,0.14687016431062902,0.06631201204462468,0.04209772853442101,0.05496585705256766]}
{"id": 14, "drone": 1, "position":(41.666666666666664,33.333333333333336,1.0), "time":20.24319331386755,"sensors":[8,7,29,27],"power":[0.01510437941768069,0.005401665243765038,0.004954522113800424,0.0016237817453666089]}
{"id": 15, "drone": 1, "position":(41.666666666666664,25.0,3.0), "time":190.12372587943378,"sensors":[8,15,7,29,30,27],"power":[0.11298522035968492,0.0178842251193796,0.2406769575776048,0.015230188217202041,0.014501432570937615,0.0436893563757763]}
