LP RESULTS :
 Obj = 0.1*lambda1+0.9*lambda2 = 123.67842163121274 (lambda1 = 1218.7842163121275, lambda2 = 2.0) Resol time = 2246 ms

{"id": 0, "drone": 4, "position":(25.0,8.333333333333334,1.0), "time":15.166023254662775,"sensors":[22,21,34,31,37,20,10,18,3,0],"power":[0.002652906973311474,0.02885839922657692,0.003517557073483001,0.0022560952857028737,0.001800405705419013,0.007235388277409484,0.011059120058263002,0.001098161998144667,0.0031238188106552218,0.0016097318938712631]}
{"id": 1, "drone": 4, "position":(33.333333333333336,8.333333333333334,1.0), "time":337.5034419696017,"sensors":[4,22,21,31,12,20,10,18],"power":[0.03977526833934679,0.14525904367722028,0.05870077776362049,0.1310870806812935,0.025660554347201787,0.43133736460716116,0.029334117015244715,0.07531803649829584]}
{"id": 2, "drone": 2, "position":(8.333333333333334,16.666666666666668,1.0), "time":716.5277903730952,"sensors":[29,9,15,34,14,37,35,27,3,6,0,19],"power":[0.24791461729200415,0.1196058956563657,0.1801940200657706,0.09013009504761937,0.1845357312314121,0.12011070151299412,0.1712598085606061,4.304577522456857,0.06293999737911236,0.1493692661662202,0.04629259066974949,0.6250359537794401]}
{"id": 3, "drone": 2, "position":(25.0,25.0,1.0), "time":0.41755416287249075,"sensors":[22,7,13,28,26,36,37,30,1,38],"power":[2.8021260246139134E-5,1.964453747799558E-4,6.510895164556412E-4,3.0155471058918172E-5,7.784251205118912E-5,8.026714187682932E-5,4.8770901628733245E-5,9.062486521566706E-5,5.971701265442932E-5,3.722887976780468E-5]}
{"id": 4, "drone": 3, "position":(8.333333333333334,25.0,1.0), "time":0.41755416287256963,"sensors":[29,37,39,35,27,11,6,19],"power":[0.001180035178699149,3.189065753205382E-5,3.118566269027588E-5,3.542403475174401E-5,7.651966996340508E-5,9.164493246327614E-5,6.307338337797943E-4,5.135438060472008E-5]}
{"id": 5, "drone": 3, "position":(33.333333333333336,33.333333333333336,1.0), "time":849.9838152087564,"sensors":[7,13,28,26,36,16,30,1,33,23],"power":[0.29952208673360553,0.1016158450903046,1.3079831642732402,0.5301574100315287,0.5148026783063488,0.07967553592554144,0.09355309903838946,0.2468907606518153,0.12433379774478957,0.06992900139923286]}
{"id": 6, "drone": 7, "position":(8.333333333333334,41.666666666666664,1.0), "time":1198.366232491314,"sensors":[5,17,39,25,11,2,38],"power":[0.28062091050539767,0.15,0.5391968661309485,0.5066885831565441,0.2532581411438961,1.2780063316597805,0.11001630310392488]}
{"id": 7, "drone": 1, "position":(41.666666666666664,8.333333333333334,1.0), "time":517.3147796424331,"sensors":[4,22,24,8,31,12,20,18],"power":[1.2178751007703876,0.06146355656585485,0.15,0.16840534232518806,0.0703244307681247,0.41348660469560217,0.051780119004330875,0.07358380150355949]}
{"id": 8, "drone": 6, "position":(41.666666666666664,41.666666666666664,1.0), "time":227.58875725858886,"sensors":[28,16,33,23,32],"power":[0.023147604501757436,0.29775171964128583,0.026390464225093654,0.08948258186571613,0.15]}
{"id": 9, "drone": 6, "position":(8.333333333333334,8.333333333333334,1.0), "time":106.89626482262821,"sensors":[9,15,34,14,37,35,10,27,3,0,19],"power":[0.030394104343634282,0.04295681103842244,0.01509014223388372,0.036068775070451996,0.008514606025527815,0.01412451639561339,0.007100230822959344,0.026970213494781434,0.024428482155027787,0.030855247942956736,0.027006932516048097]}
{"id": 10, "drone": 0, "position":(16.666666666666668,8.333333333333334,1.0), "time":171.77070193534865,"sensors":[21,34,37,10,27,3,0,19],"power":[0.03898331042812241,0.17731718265510854,0.03796214583000314,0.08919788624923713,0.015698050418969697,1.5833647389735583,0.1320649880404337,0.04031978497563854]}
{"id": 11, "drone": 0, "position":(33.333333333333336,25.0,1.0), "time":140.79408968190978,"sensors":[22,7,13,28,26,36,31,30,1,33],"power":[0.01617775146421829,0.07563801868040039,0.02129184831503928,0.0152897366873984,0.023131674773657192,0.0235677705279587,0.01779691901875961,0.24798289895653083,0.012348199977231201,0.01520437145958164]}
{"id": 12, "drone": 5, "position":(25.0,16.666666666666668,1.0), "time":207.58832760064757,"sensors":[22,7,21,13,34,31,37,30,20,10,3,19],"power":[0.05024425251366149,0.01625081043374322,0.023457512581680173,0.022693613904324936,0.0437347811663557,0.044612490316151075,0.0577932006987598,0.03471183273631963,0.022764197842468397,0.06252515476703087,0.017737417347981177,0.015491919789370931]}
{"id": 13, "drone": 5, "position":(16.666666666666668,33.333333333333336,1.0), "time":20.00042965794099,"sensors":[13,26,36,39,1,11,2,38],"power":[0.0037476031738755303,0.0019888828333408516,0.0019273040224176438,0.0015868661285279402,0.0029572849304340424,0.004011220596769249,0.004674300746209185,0.039946468016307295]}
