LP RESULTS :
 Obj = 0.1*lambda1+0.9*lambda2 = 111.97595287611396 (lambda1 = 1101.7595287611396, lambda2 = 2.0) Resol time = 1163 ms

{"id": 0, "drone": 7, "position":(8.333333333333334,16.666666666666668,1.0), "time":482.84527713541894,"sensors":[1,35,29,3,26,17,23],"power":[0.12688465799748766,0.1189576485802714,0.030908542377780197,0.1431447350607457,0.03835962547947465,0.08145781416967149,0.061655653520944265]}
{"id": 1, "drone": 7, "position":(16.666666666666668,16.666666666666668,1.0), "time":277.64593036866125,"sensors":[32,27,11,1,29,3,26,8,34,23],"power":[0.03675563704422908,0.0436119548466183,0.05093514873155671,0.14986921535158157,0.10718036339986875,0.03855213693371325,0.06833275640642487,0.041067939744010136,0.10285349679480718,0.07745867281994591]}
{"id": 2, "drone": 4, "position":(41.666666666666664,16.666666666666668,3.0), "time":643.1054698954202,"sensors":[6,16,7,31,12,2,9,5,30,38,21,25],"power":[0.08596465525127972,0.41139729603668423,0.2711864812033889,0.08508109947583381,0.08223702039304474,0.6494397209119794,0.12372303435587041,0.069826595982404,0.2677483135718182,0.1191254462995291,0.0702152019843155,0.04061231465503299]}
{"id": 3, "drone": 4, "position":(33.333333333333336,16.666666666666668,1.0), "time":2.4505015346737196,"sensors":[6,16,27,7,12,2,11,0,5,29,30,38,8,34],"power":[0.0030153485520075136,7.926052366579846E-4,4.96951356424132E-4,2.0775092802205865E-4,2.9427260842040855E-4,6.035167451295617E-4,3.0604544294088174E-4,2.0281484158519717E-4,2.6590197061780914E-4,1.7784246161825777E-4,2.8900708042862836E-4,2.097761549949134E-4,5.652457636263089E-4,2.9893190174150195E-4]}
{"id": 4, "drone": 1, "position":(16.666666666666668,41.666666666666664,1.0), "time":902.5963680786892,"sensors":[14,39,4,22,24,18,13],"power":[3.8910199213783105,0.09185134705529084,0.1447100553843789,0.7213146708487131,0.3937667697603206,0.570892082737455,0.1364521220989123]}
{"id": 5, "drone": 1, "position":(41.666666666666664,16.666666666666668,1.0), "time":197.19473252262208,"sensors":[6,16,7,31,12,2,0,9,5,30,38,21,25],"power":[0.028185478177713268,0.20519402804436598,0.11557613359393153,0.029385063635451885,0.026834507366904906,0.38400304100228044,0.013612005376627153,0.043227299345206124,0.02303563049665786,0.11566045967464376,0.039616868385750445,0.0237216407070245,0.013553164934613436]}
{"id": 6, "drone": 5, "position":(8.333333333333334,16.666666666666668,2.0), "time":143.10543039530006,"sensors":[1,35,3,26,17,23],"power":[0.03546931419616993,0.033895920089526424,0.04055942186471568,0.010816707261533116,0.02394993259975675,0.01785042417712686]}
{"id": 7, "drone": 5, "position":(41.666666666666664,41.666666666666664,1.0), "time":645.5559714300938,"sensors":[28,10,19,20,33,36,25,37,15],"power":[0.1772594679928029,0.13690104994904487,0.06110544644012349,0.5812968886282592,0.4519026349252032,0.07691969784947852,0.0585883325360944,0.15,2.077740246247419]}
{"id": 8, "drone": 2, "position":(8.333333333333334,41.666666666666664,1.0), "time":1.0002698206913507,"sensors":[14,4,22,24,18,13],"power":[3.043699659287458E-4,0.005289944615621106,8.402923946893667E-5,9.921870016815462E-4,2.056694351828779E-4,1.1380378194639837E-4]}
{"id": 9, "drone": 2, "position":(25.0,41.666666666666664,1.0), "time":197.19473252262196,"sensors":[14,39,19,22,18,33,36],"power":[0.03056759122720751,0.05814865294470916,0.01894021087343308,0.12142313157428496,0.02582936450090189,0.018332749093083647,0.02007548458092871]}
{"id": 10, "drone": 6, "position":(8.333333333333334,25.0,1.0), "time":197.1947325226222,"sensors":[35,13,3,26,17],"power":[0.14728593973897885,0.0361827166957944,0.8837981017818303,0.028967039654812083,0.04459225323057179]}
{"id": 11, "drone": 6, "position":(16.666666666666668,25.0,1.0), "time":0.9681583391371387,"sensors":[18,1,35,13,29,3,26,34],"power":[8.696173788572004E-5,6.740316325646824E-5,7.543758509526091E-5,2.4916972290078853E-4,3.397642883064927E-4,2.3892744469907135E-4,0.003523871197755311,1.0101401983841804E-4]}
{"id": 12, "drone": 3, "position":(33.333333333333336,25.0,1.0), "time":140.6549288606262,"sensors":[10,19,6,16,31,12,2,0,5,36,29,38,25],"power":[0.02019014595427072,0.03305728484310942,0.08214022247609239,0.033497162898420224,0.010176416830416986,0.08188878990522198,0.024483035141111126,0.09832900465221076,0.08378517700865538,0.025164846971208424,0.010069821947432283,0.02810049214286804,0.01683046757131225]}
{"id": 13, "drone": 3, "position":(25.0,8.333333333333334,1.0), "time":197.1947325226223,"sensors":[32,27,11,1,29,8,34,23],"power":[0.37083051830350705,0.14159864072348968,0.3163820854504099,0.02067680041497131,0.014568504388890431,0.10836681449236356,0.0557272062595092,0.03716684334214841]}
{"id": 14, "drone": 0, "position":(33.333333333333336,33.333333333333336,1.0), "time":2.490281658472894,"sensors":[10,19,6,20,12,33,0,5,36,38,25],"power":[0.002305507692656094,0.02490281658472894,1.6478773763693426E-4,6.204193516417347E-4,5.273424654858544E-4,3.848090120392619E-4,0.001212815798531736,5.99576293284777E-4,0.019225945673904093,2.4073364442318002E-4,3.331347311339327E-4]}
{"id": 15, "drone": 0, "position":(41.666666666666664,25.0,1.0), "time":115.86361428932459,"sensors":[10,19,6,16,20,7,31,12,2,0,9,5,36,30,38,21,25],"power":[0.016449525921668026,0.01199424125860507,0.015221057602985349,0.048925507775033635,0.008016650098246132,0.009624334877871774,0.0847752454407696,0.13027183105361473,0.050329374158145014,0.03664335933104513,0.00840875636819436,0.1046338366621248,0.010130110123437326,0.007591941992309182,1.158636142893246,0.05606315730866001,0.07226979630594865]}
