LP RESULTS :
 Obj = 0.1*lambda1+0.9*lambda2 = 121.30584665275413 (lambda1 = 1195.0584665275412, lambda2 = 2.0) Resol time = 1087 ms

{"id": 0, "drone": 7, "position":(33.333333333333336,25.0,1.0), "time":333.05036188908775,"sensors":[19,28,25,32,39,23,13,26,27],"power":[0.6754145486845579,0.2977992066572823,0.030922192030223623,0.03247292398657792,0.024479500664298,0.07999665447876282,0.02467053039687346,0.022746806173978246,0.04028962916166628]}
{"id": 1, "drone": 7, "position":(25.0,41.666666666666664,1.0), "time":323.759997794881,"sensors":[34,25,15,10,17,14,8],"power":[0.04077031296780804,0.0883844930354228,0.05781572793954745,0.11391450484521781,0.12481949916660703,0.030803703637235922,0.033893688153171994]}
{"id": 2, "drone": 3, "position":(16.666666666666668,41.666666666666664,1.0), "time":237.54441549082736,"sensors":[34,25,10,5,17,7,8],"power":[0.037858255473537064,0.022008008760661887,0.7589860658168942,0.06733988593286064,0.15379418380742443,0.031102143540421002,0.09403962290020337]}
{"id": 3, "drone": 3, "position":(41.666666666666664,8.333333333333334,1.0), "time":678.6066638380172,"sensors":[0,11,37,16,3,39,31,36],"power":[0.6258957972369986,0.6546171297585678,0.0638924160166189,3.050596767763778,0.9943646379674129,0.211709639793635,0.15,0.16773231479654285]}
{"id": 4, "drone": 0, "position":(41.666666666666664,25.0,1.0), "time":183.4014408004361,"sensors":[19,28,29,32,39,23,13,26,22,27],"power":[0.0422576093030977,0.025379298112843552,0.016641479114627798,0.19224891073210562,0.027587799446602043,0.5197013700173563,0.12532946960312655,0.0487383562471973,0.0336399099759169,0.0588247995223214]}
{"id": 5, "drone": 0, "position":(8.333333333333334,8.333333333333334,1.0), "time":784.9809572777699,"sensors":[33,1,20,2,38,24,4,9],"power":[0.1844675126354936,0.21740194673009244,0.4881237949117837,0.18130869535721686,0.05681838406666722,0.15,0.4587707470812706,0.07488495936862663]}
{"id": 6, "drone": 1, "position":(25.0,8.333333333333334,1.0), "time":212.51465732962762,"sensors":[11,37,38,9],"power":[0.016218211689095197,0.1063391220281955,0.23156329015894722,0.025499333993542737]}
{"id": 7, "drone": 1, "position":(41.666666666666664,41.666666666666664,1.0), "time":678.6066638380173,"sensors":[29,15,21,26,22,14,27],"power":[0.3890894174653398,0.1531303745173774,0.23358343378542804,0.09790185496778933,0.14090109752417052,0.2892384900260834,0.09904315785565504]}
{"id": 8, "drone": 6, "position":(33.333333333333336,41.666666666666664,2.0), "time":184.47363007754723,"sensors":[29,25,15,14],"power":[0.03969719836218593,0.02609850857847307,0.31026442179418806,0.14003768722922513]}
{"id": 9, "drone": 6, "position":(8.333333333333334,41.666666666666664,1.0), "time":111.2453404652531,"sensors":[30,10,35,5,17,7,8],"power":[0.054776600266508955,0.015097850235247076,0.017458347074032547,0.06757711859080374,0.00955739853125057,0.008968230339359074,0.02206668894662462]}
{"id": 10, "drone": 4, "position":(16.666666666666668,8.333333333333334,1.0), "time":197.56285192014366,"sensors":[33,37,20,38,4,9],"power":[0.03875924937746769,0.012699833795808291,0.035571381189690325,0.14629494009570415,0.01925211222520678,0.04961570663783067]}
{"id": 11, "drone": 5, "position":(8.333333333333334,25.0,1.0), "time":212.5146573296278,"sensors":[6,12,20,35,7,18],"power":[0.02433337521246899,0.09294585651610578,0.019691256177385114,0.03279921201487564,0.038390293064254094,0.17374930350433693]}
{"id": 12, "drone": 2, "position":(8.333333333333334,33.333333333333336,1.0), "time":517.5239919666351,"sensors":[30,34,12,10,35,5,17,7,18],"power":[0.09522339973349105,0.05514716125442816,0.057054143483894225,0.03381884145403466,0.2797903524734923,0.03839793753057936,0.03948116282515593,0.15076579680059432,0.0948974452230051]}
{"id": 13, "drone": 2, "position":(16.666666666666668,25.0,1.0), "time":116.23006127519794,"sensors":[34,6,25,7,18],"power":[0.02777678562930006,0.125666624787531,0.007400601801371627,0.03961025137808609,0.11551448957277452]}
