LP RESULTS :
 Obj = 0.1*lambda1+0.9*lambda2 = 125.47573975120308 (lambda1 = 1236.7573975120308, lambda2 = 2.0) Resol time = 3492 ms

{"id": 0, "drone": 7, "position":(25.0,41.666666666666664,1.0), "time":598.4212721249904,"sensors":[13,18,29,15,9,10,31,0,38,12],"power":[0.04835707980148641,0.15,0.10420308178089017,0.10766035253071606,0.6234461036367295,0.150671024057792,0.05894334403485158,0.11447351054182706,0.7029484680788922,0.1568901856457691]}
{"id": 1, "drone": 7, "position":(16.666666666666668,8.333333333333334,1.0), "time":478.86036844791664,"sensors":[35,27,36,6,2,19,14,28,39],"power":[0.11443468252191376,1.4987733219356631,0.07281939541075834,0.07042627121557092,0.05586162312227224,0.052544884265586574,0.04485365842265245,0.07080785984095003,0.037698865104211755]}
{"id": 2, "drone": 2, "position":(25.0,16.666666666666668,1.0), "time":3.626636911474442,"sensors":[21,33,27,36,6,19,28,37,39,7],"power":[8.103615386386155E-4,8.566763551577539E-4,2.935307755032198E-4,2.334845421435377E-4,9.465961509395628E-4,6.346620753986657E-4,0.013947662964674711,3.6700820062494027E-4,3.9587050722291074E-4,2.6704792547219597E-4]}
{"id": 3, "drone": 2, "position":(8.333333333333334,25.0,1.0), "time":674.21450981545,"sensors":[23,32,5,19,37,39,22,3,26],"power":[0.2864909745405845,0.11122165662943997,0.09929578712596485,0.10968953397967805,0.17706105784360915,0.1757809754847603,0.13410843131827266,0.10312019860773892,0.11724085340840153]}
{"id": 4, "drone": 6, "position":(33.333333333333336,8.333333333333334,1.0), "time":675.385411819326,"sensors":[21,33,36,4,6,24,28],"power":[0.11372364039000994,0.1856016674353257,0.10833659019873906,0.17312293776011298,0.21105596350465997,0.44442533872896933,0.06524447719437525]}
{"id": 5, "drone": 0, "position":(8.333333333333334,41.666666666666664,1.0), "time":562.5428876965807,"sensors":[13,29,15,5,8,26],"power":[0.3266044407023912,0.11606322370816047,0.10663361493069559,0.12332952248657697,0.15,0.14769989097632696]}
{"id": 6, "drone": 4, "position":(41.666666666666664,41.666666666666664,1.0), "time":631.0101831310018,"sensors":[25,11,31,34,0,1],"power":[0.22383295951136795,0.2702244308848766,0.32502033846792805,0.13032453611097422,0.07586688901404895,0.26135519025155607]}
{"id": 7, "drone": 5, "position":(41.666666666666664,33.333333333333336,1.0), "time":7.325942256038671,"sensors":[25,11,31,34,7,1,16],"power":[0.0025197667205291304,0.007109783403787518,8.82560932504153E-4,0.014130417179122418,8.589265846838293E-4,0.005864513857637582,0.0010356985665615343]}
{"id": 8, "drone": 5, "position":(33.333333333333336,25.0,1.0), "time":38.18458193219922,"sensors":[21,33,34,7,16],"power":[0.010627751483862868,0.006422196566446442,0.005545046709903369,0.148874025489844,0.00935033585958786]}
{"id": 9, "drone": 3, "position":(8.333333333333334,8.333333333333334,1.0), "time":482.4870053593909,"sensors":[30,35,27,32,2,14,3],"power":[0.15,0.9289721393648606,0.15956265721927723,0.0645300559494013,0.13640792941446994,0.11991288243625334,0.06121171015715947]}
{"id": 10, "drone": 1, "position":(8.333333333333334,16.666666666666668,1.0), "time":80.05588233718981,"sensors":[35,27,23,32,19,37,39,22,3],"power":[0.03407267853506492,0.013037391308858105,0.008954103110072541,0.036516528765073164,0.017166964514405855,0.01146734078433897,0.021469700303407214,0.015891568681727367,0.03022137375433949]}
{"id": 11, "drone": 1, "position":(41.666666666666664,16.666666666666668,1.0), "time":519.5607668490311,"sensors":[21,33,17,20,16],"power":[0.10771656130811019,0.09965902188800756,0.17966304277411024,0.15000000000000002,0.17056021262531487]}
