LP RESULTS :
 Obj = 0.1*lambda1+0.9*lambda2 = 121.87353768878941 (lambda1 = 1200.735376887894, lambda2 = 2.0) Resol time = 637 ms

{"id": 0, "drone": 0, "position":(25.0,41.666666666666664,1.0), "time":554.960470360611,"sensors":[25,21,10,34,5,16,18,27,4,38],"power":[0.10382822340689482,0.13251590694967244,0.7978202361558013,0.05927348097522652,0.10387851291371725,0.5278665276097292,0.18560547907603953,0.23572442322345202,0.04743662147163194,0.100877235663127]}
{"id": 1, "drone": 0, "position":(8.333333333333334,41.666666666666664,1.0), "time":44.151375505085525,"sensors":[26,19,34,16,18,23,28],"power":[0.011213332569297612,0.021935714012269795,0.013925764812378586,0.002957577257952184,0.005146279397143397,0.04653074583392387,0.007672096641421315]}
{"id": 2, "drone": 1, "position":(8.333333333333334,33.333333333333336,1.0), "time":469.5752094814816,"sensors":[26,19,34,5,18,23,28],"power":[0.1387866674307024,0.17486339775651955,0.11606425455539658,0.0493498349773958,0.04377824964901414,0.25801645700180564,0.5304255683235364]}
{"id": 3, "drone": 1, "position":(25.0,25.0,1.0), "time":44.15137550508709,"sensors":[29,17,36,31,5,2,4,33,38,13],"power":[0.27364858746846193,0.009262743110716103,0.018123555888944168,0.003720328811871947,0.005776462016432642,0.00729981979175493,0.010064626808114449,0.0038040208812775097,0.010152424442444503,0.04025136838294822]}
{"id": 4, "drone": 2, "position":(41.666666666666664,25.0,1.0), "time":169.78725866873359,"sensors":[36,31,39,9,32,1,37,4,35,7,11,6,13],"power":[0.016664340834092625,0.13636502707685058,0.0187105129578851,0.13303281968764263,0.020848547644987267,0.4220946828221006,0.030366893637104847,0.013960154972035682,0.048447528243479324,0.04392887128400313,0.1693265999014962,0.08511558632775558,0.012895077930601868]}
{"id": 5, "drone": 2, "position":(41.666666666666664,16.666666666666668,1.0), "time":560.6243421822509,"sensors":[15,3,31,9,32,1,35,0,7,11,6],"power":[0.058902183152915205,0.06639505797224188,0.08894659507172634,0.04926083832253196,0.11906903051577061,0.2301422211496169,0.05917687653352851,0.040051321777687325,0.10549584311903788,0.22841359664686908,0.5124783454539261]}
{"id": 6, "drone": 5, "position":(16.666666666666668,41.666666666666664,1.0), "time":126.38444971907654,"sensors":[19,21,10,34,5,16,18,27,38,23,28],"power":[0.009140371405174385,0.017484093050327533,0.012372971491697651,0.11510497314398183,0.029776665151849863,0.06723405005169833,0.1651748061909089,0.03390315504690878,0.015921525722248312,0.016748442189198073,0.02030400598540157]}
{"id": 7, "drone": 5, "position":(25.0,33.333333333333336,1.0), "time":5.663871821639357,"sensors":[29,10,34,36,5,16,18,37,4,38,28,13],"power":[0.0011296162707213318,0.0010730608942818634,5.299303758769132E-4,0.0014306092974909715,0.0028291406341504517,0.0015791381355545438,0.0012484690276946629,5.189760939317932E-4,0.001984223064406207,0.016088379462577934,4.001340488590551E-4,7.346362682461826E-4]}
{"id": 8, "drone": 4, "position":(41.666666666666664,41.666666666666664,3.0), "time":588.733830338859,"sensors":[22,25,39,37],"power":[0.10870908781170187,0.04617177659310517,0.19011336422649963,0.08417916710846908]}
{"id": 9, "drone": 4, "position":(16.666666666666668,16.666666666666668,1.0), "time":132.75681287851165,"sensors":[29,17,2,12,33],"power":[0.01102396637467451,0.1340726775029771,0.11697372957650184,0.015426290512398516,1.1610507833243484]}
{"id": 10, "drone": 3, "position":(41.666666666666664,8.333333333333334,1.0), "time":386.7036492715695,"sensors":[15,3,32,0,6],"power":[0.09109781684708479,0.5834919481797524,0.029287311449045204,0.11264018444666797,0.03490036492160455]}
{"id": 11, "drone": 3, "position":(33.333333333333336,33.333333333333336,1.0), "time":9.855308445518634,"sensors":[29,10,36,31,39,9,16,37,4,38,13],"power":[0.0010790889291653297,0.001590320474072616,0.003281373736993191,0.0018932369435363272,0.0032492350197515564,0.0026081659368972104,6.362269773134195E-4,0.010967266136907105,0.011690090353517922,0.0012637689434201818,0.0012136566269194643]}
{"id": 12, "drone": 6, "position":(41.666666666666664,33.333333333333336,2.0), "time":332.6969653209637,"sensors":[22,36,31,39,9,1,37,4,35,7,11],"power":[0.05954719467123941,0.023673029474031573,0.06020385324978943,0.34244836917843824,0.1322733611367609,0.039081948224704136,0.20808693012591614,0.035881995798625485,0.042375595222992175,0.02193015706022944,0.03214812606254696]}
{"id": 13, "drone": 6, "position":(33.333333333333336,25.0,1.0), "time":83.62012676534015,"sensors":[29,36,31,39,9,1,37,4,38,11,6,13],"power":[0.022917815416881693,0.07352758352560318,0.08751605883176156,0.0066050330241387185,0.0274341823083343,0.016946709458286434,0.015812821598494498,0.028982287531668295,0.005696665766182065,0.008997674034173493,0.020673498829193598,0.05872195128774608]}
{"id": 14, "drone": 7, "position":(25.0,16.666666666666668,1.0), "time":153.8143865784159,"sensors":[29,17,36,2,12,33,13],"power":[0.036132494014233935,0.03405335434320915,0.01329950724284426,0.025726450631743208,0.01054374563997247,0.028285382138898262,0.03618330950353808]}
{"id": 15, "drone": 7, "position":(8.333333333333334,8.333333333333334,1.0), "time":870.0128019258792,"sensors":[20,14,30,8,24,12,33],"power":[0.32678538021909503,0.9525446432050124,0.19158014998767472,0.15,0.15949827612460638,0.13101169460025736,0.09448247250869747]}
