LP RESULTS :
 Obj = 0.1*lambda1+0.9*lambda2 = 138.35897516658312 (lambda1 = 1374.589751665831, lambda2 = 1.0) Resol time = 145 ms

{"id": 0, "drone": 7, "position":(41.666666666666664,25.0,1.0), "time":613.6556461885564,"sensors":[32,17,18,37,23,9,15,29,10,20,27,35,39],"power":[0.3522985399000739,0.10472825501369024,0.0735477060910761,0.05006776446344463,0.6231581455420431,0.22269060729175097,0.15503389119428918,0.1447885224411742,0.0781774034398374,0.08170864322374949,0.3356762676336887,0.09045998152479211,0.15]}
{"id": 1, "drone": 0, "position":(16.666666666666668,8.333333333333334,1.0), "time":1044.2204402446398,"sensors":[28,24,0,14,11,22,3,38,7,13,1],"power":[1.5105068683766094,0.22246752024949903,0.08604464179960733,0.6170583673623465,0.23370984174963602,0.22930794874836086,0.09183672622059533,0.18538688347408352,0.20552485913125826,0.1790014437457163,0.08669418065549377]}
{"id": 2, "drone": 3, "position":(41.666666666666664,41.666666666666664,1.0), "time":548.201328914987,"sensors":[4,18,37,9,10,20,35,36,6],"power":[1.1085545037602296,0.0948712853142682,0.12993872334175438,0.07071947085281632,0.20539769843174988,0.057134421408253276,0.13186810149255546,0.575444549371923,0.8558355194338685]}
{"id": 3, "drone": 6, "position":(8.333333333333334,33.333333333333336,1.0), "time":695.0532946699407,"sensors":[16,19,33],"power":[0.5089689253564541,0.20885727538623447,0.100007248635435]}
{"id": 4, "drone": 2, "position":(41.666666666666664,8.333333333333334,1.0), "time":760.9341054772747,"sensors":[32,8,17,29],"power":[0.07654504167189809,0.15,0.15074124134236633,0.05396255547275105]}
{"id": 5, "drone": 4, "position":(16.666666666666668,41.666666666666664,1.0), "time":466.80368043360266,"sensors":[26,12,16,25,30,34,5,21,2,33],"power":[0.10010189059037769,0.04241069811315063,0.12307214362229024,0.15414230337045817,0.2611348654411859,0.050902689251024646,0.11773477851412467,0.132904856587726,0.16455176284985884,0.7896909337621123]}
{"id": 6, "drone": 1, "position":(8.333333333333334,16.666666666666668,1.0), "time":330.3693114211913,"sensors":[28,0,11,22,3,13,19,1],"power":[0.061376581558204926,0.08387843546283176,0.15212854757710395,0.2166424191368963,0.22250892262362018,0.09274154486335857,0.03155846450051186,0.06330581934450624]}
{"id": 7, "drone": 5, "position":(25.0,33.333333333333336,1.0), "time":212.73277656228768,"sensors":[26,12,30,34,31,5,20,35,21,2,33],"power":[0.11638225239009313,0.10758930188684937,0.014885958874535773,0.779889321190062,0.4742137234439187,0.20049638093746014,0.03533762471332809,0.013511088952513031,0.01709514341227399,0.10271787333870949,0.0360763884143825]}
