LP RESULTS :
 Obj = 0.1*lambda1+0.9*lambda2 = 148.31092356208774 (lambda1 = 1465.1092356208771, lambda2 = 2.0) Resol time = 744 ms

{"id": 0, "drone": 1, "position":(25.0,8.333333333333334,1.0), "time":369.2026775001294,"sensors":[7,22,37,13,19,15,27,30],"power":[0.12936399831234396,1.0310945346825466,0.058093649993431404,0.11295629670850285,0.03816139833584142,0.16748504696939306,0.3262596959916092,0.08363745071456785]}
{"id": 1, "drone": 1, "position":(8.333333333333334,33.333333333333336,1.0), "time":25.927461836955445,"sensors":[24,38,12,8,9,3],"power":[0.003918870654503739,0.0644395828547808,0.03671345945252967,0.0019018928671937776,0.0024668040672488544,0.0020091223583120813]}
{"id": 2, "drone": 3, "position":(41.666666666666664,25.0,1.0), "time":369.20267750012954,"sensors":[25,28,2,4,18,5,23,1,14],"power":[0.05898643209791632,0.0632889961354287,0.07920356512577022,0.038384639087909865,0.055504839405873245,0.6589348469470565,0.11045507640851493,0.08158648590049969,0.08052050905607509]}
{"id": 3, "drone": 0, "position":(41.666666666666664,41.666666666666664,1.0), "time":530.0368919616019,"sensors":[6,28,4,11,20,14,35,36],"power":[2.647868997807666,0.14847988422459724,0.25567450955988485,0.15,5.300368919616019,0.07369011029133285,0.9417197958518975,0.3914698013938442]}
{"id": 4, "drone": 5, "position":(41.666666666666664,8.333333333333334,1.0), "time":1095.9065581207476,"sensors":[37,19,15,18,23,39,21],"power":[0.25468278412205564,0.3743570447646513,0.1160442438024558,0.10297842062250775,0.16173004506491476,1.2155133754800098,0.15]}
{"id": 5, "drone": 6, "position":(16.666666666666668,41.666666666666664,1.0), "time":750.6301724871524,"sensors":[24,38,8,9,31,3],"power":[0.1349338680304188,0.09046400874275666,2.8342009628732177,3.1881849132011038,0.8761501717548454,0.09361899057841394]}
{"id": 6, "drone": 7, "position":(16.666666666666668,8.333333333333334,1.0), "time":435.29955772327565,"sensors":[17,7,10,22,13,27,30,33,16],"power":[0.036474897799864694,0.042249391380158124,0.21743476749402285,0.09379615501634245,0.03704370329149714,0.12327885617714604,0.04416458130992064,0.03109860763202695,0.08105924447724393]}
{"id": 7, "drone": 7, "position":(8.333333333333334,8.333333333333334,1.0), "time":344.1353969276985,"sensors":[17,10,26,33,16],"power":[0.1135251022001353,0.45137799162791303,0.11813252996882682,0.03875140941733779,0.1524198730847825]}
{"id": 8, "drone": 2, "position":(8.333333333333334,41.666666666666664,1.0), "time":688.5516012967693,"sensors":[24,38,12,34,32,8,9,31],"power":[2.9454515839025217,0.2629467706437911,0.06889591491580987,0.15000000000000002,0.1503795311588154,0.15859418690119523,0.19533734090063037,0.06367550979587527]}
{"id": 9, "drone": 4, "position":(8.333333333333334,16.666666666666668,1.0), "time":685.674280969903,"sensors":[10,26,0,29,12,33,16],"power":[0.18149543034264615,0.06300996784284772,0.05797388320603511,0.15,0.044390625631660456,1.1715900806940327,1.1758310024497274]}
{"id": 10, "drone": 4, "position":(25.0,25.0,1.0), "time":660.607000397472,"sensors":[7,25,0,2,27,1,30,3],"power":[0.07931969237497576,0.12415800630046138,0.22197581672147154,0.07531286411957683,0.04348072843898336,0.08375026154619117,0.13826229989560046,0.15236273375040316]}
