LP RESULTS :
 Obj = 0.1*lambda1+0.9*lambda2 = 119.23843928610594 (lambda1 = 1156.3843928610595, lambda2 = 4.0) Resol time = 869212 ms

{"id": 0, "drone": 2, "position":(41.666666666666664,8.333333333333334,1.0), "time":975.0020879622062,"sensors":[25,12,15,9,19],"power":[0.2489149890963864,0.15,0.16505164169630976,0.10171768952732504,0.2313697195491302]}
{"id": 1, "drone": 2, "position":(25.0,16.666666666666668,1.0), "time":10.51574503638,"sensors":[20,15,10,13,9,23,24,17],"power":[0.0230077912168443,0.0017129769937672058,0.0033653711478792525,0.0022298611026404427,0.0015162266947860404,8.409917623446125E-4,9.084021400398082E-4,0.014313998156574663]}
{"id": 2, "drone": 2, "position":(8.333333333333334,16.666666666666668,1.0), "time":49.00004160668499,"sensors":[21,22,10,13,5,26,3],"power":[0.05269796154810242,0.07699155120682814,0.007017359318189473,0.005308004917688513,0.00587494830517584,0.005241704304164436,0.26864660531320683]}
{"id": 3, "drone": 2, "position":(25.0,25.0,1.0), "time":106.9280960504966,"sensors":[20,0,10,26,28,23,24,17],"power":[0.04410013475806176,0.01342102854643113,0.015369143112636912,0.013881089446984662,0.04485746459443473,0.09422244945515378,0.031399132706111346,0.04412200355618247]}
{"id": 4, "drone": 0, "position":(8.333333333333334,25.0,1.0), "time":101.54839024769899,"sensors":[21,22,10,5,26,3,8],"power":[0.009113124776820497,0.014631456057273307,0.0077112233366014036,0.15376906152173528,0.03575877518992857,0.02867032055553657,0.03202788971989437]}
{"id": 5, "drone": 0, "position":(8.333333333333334,25.0,5.0), "time":288.3104009493509,"sensors":[21,22,5,26,3,8],"power":[0.019630875346416266,0.03133033470877682,0.11975233120729266,0.06648167905758753,0.058482265465321044,0.0641785840261383]}
{"id": 6, "drone": 0, "position":(8.333333333333334,41.666666666666664,5.0), "time":350.31942173199116,"sensors":[18,16,4,14],"power":[0.04141006610143039,0.13485331062566097,0.03848804330518962,0.04389163583156076]}
{"id": 7, "drone": 0, "position":(16.666666666666668,8.333333333333334,1.0), "time":414.14846893916854,"sensors":[21,22,6,10,13,3,17],"power":[0.07604164286700973,0.02704665802712196,0.11089409542897694,0.07467051993678701,0.5226170114198521,0.03499692429559447,0.030017886780093005]}
{"id": 8, "drone": 3, "position":(33.333333333333336,41.666666666666664,1.0), "time":614.8075819971508,"sensors":[0,29,1,2],"power":[0.1318861426507024,0.05581008906831352,0.15314196726171328,0.13187143696960654]}
{"id": 9, "drone": 3, "position":(16.666666666666668,25.0,1.0), "time":303.3770911180568,"sensors":[20,10,5,26,3,28,23,17],"power":[0.037963762911449435,0.07197298749608723,0.03739043234598921,0.7733077713597849,0.03805911357227363,0.0901402265494015,0.04347301272526158,0.06378987716770403]}
{"id": 10, "drone": 3, "position":(25.0,41.666666666666664,1.0), "time":39.53936946599913,"sensors":[0,18,16,28,23,14,1,2],"power":[0.00524435466953321,0.008133417824873958,0.002727757883972277,0.003414361874429266,0.003138983938601515,0.010132018210017418,0.17645169129610447,0.01812856303039345]}
{"id": 11, "drone": 3, "position":(41.666666666666664,25.0,1.0), "time":181.38230489885325,"sensors":[0,7,29,27,11,19,24],"power":[0.012676878618702677,0.1312962502890858,0.05614544561469674,0.18767125864901044,0.11579146582028982,0.022668210581357432,0.026652642602950204]}
{"id": 12, "drone": 1, "position":(25.0,8.333333333333334,1.0), "time":170.86655986247413,"sensors":[20,6,15,10,13,9,17],"power":[0.020136112165814866,0.03910590457102305,0.04321359063901207,0.019143185304948355,0.04645697240852581,0.09024897267384963,0.018034362198515667]}
{"id": 13, "drone": 1, "position":(41.666666666666664,33.333333333333336,1.0), "time":63.178608594150944,"sensors":[0,7,29,27,11,24],"power":[0.009263410481971227,0.00655025271226999,0.04514228524659459,0.006233282161007659,0.0311795649107092,0.005885977225518374]}
{"id": 14, "drone": 1, "position":(33.333333333333336,25.0,1.0), "time":150.5484318544088,"sensors":[20,0,7,29,27,11,28,23,24,17],"power":[0.024792198947817486,0.030351350760594076,0.012153496998644216,0.041080099348919374,0.04878797978444843,0.048676541653166136,0.011587946981707172,0.03231885478524709,0.41416579367030554,0.014831391438150337]}
{"id": 15, "drone": 1, "position":(8.333333333333334,41.666666666666664,1.0), "time":766.5256016640127,"sensors":[18,16,8,4,14],"power":[0.11859966095877557,1.0102919964499049,0.053793526253968306,0.11151195669491412,0.1293964445440398]}
