LP RESULTS :
 Obj = 0.1*lambda1+0.9*lambda2 = 127.57533017570441 (lambda1 = 1239.753301757044, lambda2 = 4.0) Resol time = 219017 ms

{"id": 0, "drone": 1, "position":(8.333333333333334,25.0,1.0), "time":54.917233084002675,"sensors":[17,12,26,13,1,22,9],"power":[0.007529459851279853,0.005342083102749919,0.005167423142194711,0.020887416191870893,0.2340011188626284,0.00644075775858122,0.07400389039473425]}
{"id": 1, "drone": 1, "position":(8.333333333333334,33.333333333333336,1.0), "time":384.5675919586617,"sensors":[7,26,13,1,22,9,19],"power":[0.04718264942249052,0.27680646148772503,0.30842920696473236,0.09927011568248817,0.5380145797235377,0.06632393670119785,0.03894237879021483]}
{"id": 2, "drone": 1, "position":(41.666666666666664,41.666666666666664,1.0), "time":487.34163975952345,"sensors":[24,4,25],"power":[0.18799821745063738,0.19456658224081322,0.15000000000000002]}
{"id": 3, "drone": 1, "position":(33.333333333333336,8.333333333333334,2.0), "time":312.92683695485624,"sensors":[16,21,10,18,20,27],"power":[0.053775913641750515,0.03403166973743022,0.04289198276460038,0.1312426687894752,0.03951549104123132,0.06824417954403124]}
{"id": 4, "drone": 3, "position":(33.333333333333336,25.0,1.0), "time":18.163944568155593,"sensors":[14,24,23,28,10,15,27],"power":[0.003551040181113889,0.0013891889948152683,0.001700300012311997,0.002960830141822516,0.0014010865202371322,0.07610508969003281,0.00229635811762069]}
{"id": 5, "drone": 3, "position":(25.0,33.333333333333336,1.0), "time":12.087724368828884,"sensors":[7,17,14,29,23,28,19,15],"power":[0.004404734291665845,8.015738844284933E-4,0.021980497550413095,0.007010468565458978,0.015701340077579624,0.001772416194615662,0.0037088740584928365,0.0012120170278887156]}
{"id": 6, "drone": 3, "position":(33.333333333333336,33.333333333333336,1.0), "time":366.40364739050614,"sensors":[14,24,4,29,23,15],"power":[0.12191460098085864,0.11715001452772135,0.04909679870413998,0.0747948014134508,0.044020644394190254,0.06291895796121978]}
{"id": 7, "drone": 3, "position":(16.666666666666668,41.666666666666664,1.0), "time":704.3265000255926,"sensors":[7,26,0,22,29,23,19],"power":[0.19597363920650837,0.05010437194678669,0.14831172857934236,0.15164029769776385,0.10079478889589488,0.05372017167273606,0.357697504813202]}
{"id": 8, "drone": 2, "position":(41.666666666666664,8.333333333333334,1.0), "time":46.444747479655604,"sensors":[16,21,18,27],"power":[0.021858188124136493,0.02219973320116571,0.007355935850163603,0.010665974053483138]}
{"id": 9, "drone": 2, "position":(16.666666666666668,25.0,1.0), "time":95.94197668878697,"sensors":[7,17,14,12,13,1,22,23,28,9,19],"power":[0.014283937464289725,0.13158760548638138,0.008050085814466132,0.021255126577843748,0.007740339898129373,0.02798322007377719,0.008593555275096048,0.020626957787102395,0.02561564985222553,0.009672172904067888,0.008222619040427757]}
{"id": 10, "drone": 2, "position":(33.333333333333336,8.333333333333334,2.0), "time":862.2177727543767,"sensors":[16,21,10,18,20,27],"power":[0.14817057219899232,0.09376859706140409,0.11818171368168086,0.36161731181377205,0.10887835318445753,0.18803546880957686]}
{"id": 11, "drone": 2, "position":(25.0,25.0,1.0), "time":33.6600408189562,"sensors":[7,17,14,12,29,23,28,10,19,15],"power":[0.0035670259613652974,0.009192435396538995,0.010894283010202482,0.0032510117682748555,0.002281554123183961,0.013222288927943492,0.11936023349850339,0.004869994989995267,0.0021579908608561483,0.009763935320858725]}
{"id": 12, "drone": 0, "position":(8.333333333333334,8.333333333333334,1.0), "time":1051.8867010548438,"sensors":[12,5,11,2,6,3,8],"power":[0.10095029646063,0.370793692686129,0.3975035993284874,0.23541697049320254,0.15000000000000002,0.210870626491724,0.22324412026954585]}
{"id": 13, "drone": 0, "position":(25.0,8.333333333333334,1.0), "time":1.4408501129293256,"sensors":[12,3,10,18,20],"power":[1.364821152466689E-4,3.346031343630718E-4,4.585492238089883E-4,2.109554111586427E-4,0.0014843421218127745]}
{"id": 14, "drone": 0, "position":(16.666666666666668,16.666666666666668,1.0), "time":1.9064999975254815,"sensors":[17,12,1,3,28,10,20],"power":[8.889253813712546E-4,0.019064999975254817,1.978432233202192E-4,4.016866223301045E-4,2.908703128328907E-4,3.4141212978692353E-4,1.218136524983825E-4]}
{"id": 15, "drone": 0, "position":(25.0,41.666666666666664,1.0), "time":9.169467896217725,"sensors":[7,14,0,4,29,23,19],"power":[0.001658284093589284,0.0011914351009200323,0.0016882714206576538,0.001058875195048046,0.01067816619618123,0.0010082971281361532,0.0024506618049023243]}
