LP RESULTS :
 Obj = 0.1*lambda1+0.9*lambda2 = 118.11754506836945 (lambda1 = 1154.1754506836944, lambda2 = 3.0) Resol time = 566726 ms

{"id": 0, "drone": 1, "position":(8.333333333333334,8.333333333333334,1.0), "time":483.85957878573004,"sensors":[13,5,8],"power":[0.06097514662851803,0.4505190804916909,0.15]}
{"id": 1, "drone": 1, "position":(25.0,25.0,1.0), "time":92.86064187968977,"sensors":[24,28,3,12,23,1,18,29,7],"power":[0.006831090983557304,0.18898441920398845,0.00714411544042975,0.0149608854725287,0.01641386237252324,0.03555911507241247,0.017104067451364686,0.13332003700759262,0.007343832743698251]}
{"id": 2, "drone": 1, "position":(8.333333333333334,25.0,1.0), "time":422.74302110627673,"sensors":[13,15,2,18],"power":[0.1046110595776851,0.12801220556770604,0.05741745986108976,0.071611446908523]}
{"id": 3, "drone": 0, "position":(41.666666666666664,41.666666666666664,4.0), "time":92.86064187968975,"sensors":[0,16,19,14,9,22],"power":[0.01772416232223276,0.020337471358587832,0.007240324080337631,0.01762696533864382,0.015960539573491004,0.009063408221303993]}
{"id": 4, "drone": 0, "position":(25.0,41.666666666666664,1.0), "time":361.1079803164453,"sensors":[24,3,6,12,26,23,1,17,19,11,27,7,22],"power":[0.11792688551060976,0.051179614542479455,0.023854490437116023,0.03393312327016694,0.10660135938729229,0.07938506805027881,0.04130117069389532,0.07620608447872908,0.0830630468706583,0.5684462513545867,0.6003094578300278,0.2905765163499662,0.15869059841994637]}
{"id": 5, "drone": 0, "position":(41.666666666666664,41.666666666666664,1.0), "time":658.8285855554657,"sensors":[0,24,16,19,14,9,22],"power":[0.15486440369961618,0.045884246933273774,0.18438871487987735,0.0597924020753109,0.1532856769590716,0.13403946042650897,0.07484581096100197]}
{"id": 6, "drone": 2, "position":(16.666666666666668,16.666666666666668,2.0), "time":85.44303795627638,"sensors":[28,13,4,18,29],"power":[0.008565201138064315,0.007165225377958142,0.010153795140039407,0.06128448564011232,0.007080667726607373]}
{"id": 7, "drone": 2, "position":(16.666666666666668,41.666666666666664,1.0), "time":658.8285855554659,"sensors":[3,6,15,26,1,2,17,11,27,7],"power":[0.20509803765202966,0.17886049429635426,0.06124814735244464,0.043398640612707706,0.049525929105795924,0.10452424023866144,0.12962963891275825,0.10096013728844871,0.08161818213394735,0.08794368026779158]}
{"id": 8, "drone": 2, "position":(41.666666666666664,25.0,1.0), "time":383.18032295444175,"sensors":[0,12,10,14,25],"power":[0.0729039744334693,0.035057888368375936,1.0599059421879025,0.061106450815982545,0.6599170569647839]}
{"id": 9, "drone": 3, "position":(33.333333333333336,8.333333333333334,1.0), "time":1068.732412727418,"sensors":[20,4,21],"power":[0.15,0.19393877554102712,0.1649785196575731]}
{"id": 10, "drone": 3, "position":(25.0,33.333333333333336,1.0), "time":22.072342637996396,"sensors":[24,28,3,12,23,1,29,11,27,7,22],"power":[0.009104403217685506,0.002726919140041137,0.005279184617252565,0.00671384325084909,0.04592162031578518,0.03462153021305375,0.007794585725240764,0.010338973324317699,0.0026940845459542985,0.018136206835520585,0.0027485510254589562]}
{"id": 11, "drone": 3, "position":(33.333333333333336,33.333333333333336,1.0), "time":19.305900294097285,"sensors":[0,24,28,12,23,1,14,29,11,25,27,7,22],"power":[0.0030447815473398318,0.009989880685434778,0.0015104245877645916,0.05933425963807932,0.008279449261412756,0.0025051404514701506,0.0019156133123819645,0.0018047095405592409,0.0036961461701346975,0.001809581123596437,0.0016864919995447458,0.004264651081194543,0.003274559417067493]}
