LP RESULTS :
 Obj = 0.1*lambda1+0.9*lambda2 = 91.01511633550459 (lambda1 = 883.1511633550458, lambda2 = 3.0) Resol time = 7301 ms

{"id": 0, "drone": 1, "position":(25.0,16.666666666666668,1.0), "time":9.615797116790082,"sensors":[10,24,5,14,8,16,13,3,21,0,29],"power":[0.001235130846035572,0.006188425358895189,0.0031082012685774655,9.913886157818953E-4,0.019595526440238507,0.002807118507414278,0.0014446530853886308,8.104718498780259E-4,0.0010105707412133194,0.0018256559287249668,0.09615797116790083]}
{"id": 1, "drone": 1, "position":(8.333333333333334,8.333333333333334,1.0), "time":481.29493935193364,"sensors":[27,10,26,12,4,6,21,7,15,23,1],"power":[0.10587866350313183,0.07412439188063268,0.1845341670603519,0.06131926139304258,1.2662500870643136,2.877313919605314,0.13806892350692912,0.06941171420800217,0.20311997236653462,0.0520713249163997,0.1275524248560626]}
{"id": 2, "drone": 1, "position":(16.666666666666668,8.333333333333334,1.0), "time":331.95490091747746,"sensors":[27,10,26,12,4,6,8,21,15,23,1,29],"power":[0.04142373088239529,0.07393272406442239,0.08737519385875797,0.1927218641607196,0.057894370281471756,0.09181886517304892,0.04665268439467914,0.19261551503810279,0.11171599172398028,0.09792867508360023,0.022447575143937408,0.031169295445217342]}
{"id": 3, "drone": 0, "position":(41.666666666666664,25.0,1.0), "time":345.29552931598545,"sensors":[18,16,13,3,0,11],"power":[3.4529552931598544,0.0344154532542033,0.026078447101047116,0.029318075926623118,0.04458481113081925,0.08373143794542716]}
{"id": 4, "drone": 0, "position":(33.333333333333336,16.666666666666668,1.0), "time":247.54736985933533,"sensors":[24,5,18,8,16,13,3,0,29],"power":[0.3033852856082823,0.4875914338615823,0.026140150297313137,0.051073503330101355,0.32187203724568514,0.03732703888188207,0.14769320602958555,0.07646751543221361,0.05327489558149509]}
{"id": 5, "drone": 0, "position":(16.666666666666668,41.666666666666664,1.0), "time":172.3936614953277,"sensors":[22,28,2,20],"power":[0.017785717315884846,0.014137436164783761,0.3295092071764197,0.029313227022720337]}
{"id": 6, "drone": 2, "position":(41.666666666666664,41.666666666666664,1.0), "time":295.93947738967654,"sensors":[17,9,19,25],"power":[0.10867422686496647,0.09371991662836703,0.2927159011163505,0.0711028269480627]}
{"id": 7, "drone": 2, "position":(25.0,41.666666666666664,1.0), "time":296.9034217856442,"sensors":[9,28,2,25],"power":[0.04445984121783522,0.13586256383521622,0.06381706811478746,0.0563904305753745]}
{"id": 8, "drone": 2, "position":(41.666666666666664,33.333333333333336,1.0), "time":290.30826417972503,"sensors":[17,9,19,18,25,11],"power":[0.04132577313503356,0.03417511663074011,0.1446067509585959,0.058134784501254956,0.026474725966055993,0.06626856205457282]}
{"id": 9, "drone": 3, "position":(25.0,25.0,1.0), "time":280.6924670629346,"sensors":[24,5,14,8,16,13,0,29],"power":[0.052805441865569375,0.025117245775600188,0.2807315747842454,0.03267828583498085,0.060459881365537566,0.26593050325559414,0.09315395244673265,0.0632122338528155]}
{"id": 10, "drone": 3, "position":(8.333333333333334,41.666666666666664,1.0), "time":413.854080074074,"sensors":[22,2,20],"power":[0.13221428268411514,0.07203916940411467,1.8203930800312231]}
{"id": 11, "drone": 3, "position":(8.333333333333334,16.666666666666668,1.0), "time":60.2855259688448,"sensors":[27,10,26,4,6,21,7,15],"power":[0.33550821827519445,0.023876518240572048,0.04827294936087143,0.023050259973080446,0.011860590737332305,0.017524390408779494,0.08058828579199782,0.004036086143258005]}
