LP RESULTS :
 Obj = 0.1*lambda1+0.9*lambda2 = 128.67807745020454 (lambda1 = 1259.7807745020455, lambda2 = 3.0) Resol time = 548860 ms

{"id": 0, "drone": 0, "position":(41.666666666666664,41.666666666666664,1.0), "time":1087.5715937906446,"sensors":[18,24,11],"power":[0.16562932551507056,0.30311062046312215,0.15]}
{"id": 1, "drone": 0, "position":(16.666666666666668,41.666666666666664,1.0), "time":59.0133405593782,"sensors":[26,8,17,21,22,4,14],"power":[0.11811787486035263,0.010126589449318659,0.02360685270848975,0.006439793703696254,0.045074199760232296,0.004013422223650396,0.0059360577514458905]}
{"id": 2, "drone": 0, "position":(41.666666666666664,16.666666666666668,2.0), "time":1.0999026155338211E-5,"sensors":[3,19,5,13,25,23,28,0,7],"power":[6.967335303302349E-9,2.163630916380182E-9,1.2560248864799255E-9,1.931969327812822E-9,8.136361974428553E-10,6.56219543366174E-9,7.115607528418025E-10,3.080409233546231E-9,1.2011291094382589E-9]}
{"id": 3, "drone": 0, "position":(41.666666666666664,8.333333333333334,1.0), "time":1.1618974409387413E-4,"sensors":[3,19,27,29,23,28,0,2,20],"power":[1.0804019708118314E-7,1.1618974409387413E-6,3.2392133122905436E-8,2.548825226241782E-8,1.0995854034888507E-8,1.692685119788448E-8,5.632894506576161E-7,3.603016695494256E-8,3.456146804866344E-8]}
{"id": 4, "drone": 0, "position":(41.666666666666664,16.666666666666668,1.0), "time":0.0018249740951432614,"sensors":[3,19,5,13,25,23,28,0,7],"power":[1.3404112845065335E-6,3.7344631973218284E-7,2.1792279862255084E-7,3.345343841609043E-7,1.4034178881560387E-7,1.2614701969483017E-6,1.2636012473724356E-7,5.222200591314277E-7,2.025534483443803E-7]}
{"id": 5, "drone": 0, "position":(41.666666666666664,25.0,1.0), "time":91.16766881137119,"sensors":[3,5,13,23,18,7],"power":[0.006753637602111087,0.0965941656606119,0.128077602357999,0.029818109483911448,0.010028753176235135,0.16766464272516743]}
{"id": 6, "drone": 2, "position":(16.666666666666668,41.666666666666664,1.0), "time":2.2621729397798163E-4,"sensors":[26,8,17,21,22,4,14],"power":[4.527841631749914E-7,3.881850511658246E-8,9.049273076954595E-8,2.4685820047092758E-8,1.7278404173244745E-7,1.538475040422034E-8,2.275483659627725E-8]}
{"id": 7, "drone": 2, "position":(8.333333333333334,16.666666666666668,1.0), "time":667.9235208153136,"sensors":[10,6,16,9,1],"power":[0.4099691710416256,0.1241117470124449,0.18122916470514425,0.10542562869841875,0.28760909221041087]}
{"id": 8, "drone": 2, "position":(41.666666666666664,16.666666666666668,3.0), "time":484.8271704923909,"sensors":[3,19,5,13,25,23,0,7],"power":[0.24124187930563498,0.09051882577707732,0.05340561516056421,0.08148510604063801,0.03546977602474846,0.2320252581623986,0.12234091612997237,0.04949854247577468]}
{"id": 9, "drone": 2, "position":(25.0,41.666666666666664,5.0), "time":91.16766378291231,"sensors":[26,17,22,24],"power":[0.023709201073762357,0.023968563688627677,0.0260851702939878,0.00989211087768977]}
{"id": 10, "drone": 3, "position":(25.0,41.666666666666664,1.0), "time":81.04151190002923,"sensors":[26,18,17,22,24],"power":[0.036484163941038,0.006362438830730749,0.035523060540689017,0.04428380380840374,0.011350257720617813]}
{"id": 11, "drone": 3, "position":(25.0,16.666666666666668,1.0), "time":494.9552745381394,"sensors":[6,25,28,9,12],"power":[0.04121104173600307,0.4842000967002359,0.059949687403014935,0.04753623107885934,0.8872517032745861]}
{"id": 12, "drone": 3, "position":(41.666666666666664,8.333333333333334,1.0), "time":683.78398303542,"sensors":[3,19,27,29,23,28,0,2,20],"power":[0.635823384105363,6.837839830354199,0.19062974945446678,0.14999997451174774,0.0647112955406584,0.09961558847212879,3.314993996899642,0.212039808349838,0.2033964225170582]}
{"id": 13, "drone": 3, "position":(25.0,41.666666666666664,5.0), "time":5.028458450824251E-6,"sensors":[26,17,22,24],"power":[1.3077085400097468E-9,1.3220139864633592E-9,1.4387578836979887E-9,5.456108720505883E-10]}
{"id": 14, "drone": 1, "position":(8.333333333333334,25.0,1.0), "time":172.20918071140142,"sensors":[10,16,1,8,15,21],"power":[0.016035474360794427,0.1516694582204621,0.09804792111515656,0.030249954126804673,0.04346090066568881,0.03217517377986151]}
{"id": 15, "drone": 1, "position":(8.333333333333334,41.666666666666664,1.0), "time":608.9099540386411,"sensors":[26,8,17,21,22,4,14],"power":[0.06922264012086596,0.12575204032614903,0.03954061557468109,0.15694500049209548,0.05092576668312139,0.2607313917248707,0.14406391949371752]}
{"id": 16, "drone": 1, "position":(8.333333333333334,33.333333333333336,1.0), "time":419.64807297533207,"sensors":[26,16,1,8,15,17,21,22,4],"power":[0.02731866583345286,0.04930843486854089,0.03483413311724939,0.6977033699541304,0.10653909933431158,0.027360815672767286,3.9111644853090364,0.027176957302758945,0.1351420682144402]}
