LP RESULTS :
 Obj = 0.1*lambda1+0.9*lambda2 = 129.78666774199385 (lambda1 = 1279.8666774199385, lambda2 = 2.0) Resol time = 104 ms

{"id": 0, "drone": 5, "position":(25.0,25.0,5.0), "time":525.2517919326065,"sensors":[17,28,41,9,23,7,19,8,14,13,40],"power":[0.19533829511145911,0.05350731104108615,0.32267548337033947,0.08695056196863192,0.08456298496181716,0.2806059870607407,0.07831581217225829,0.17558476719292476,0.11797139630550366,0.16358134779208058,0.049868937895721575]}
{"id": 1, "drone": 5, "position":(16.666666666666668,25.0,2.0), "time":12.992605561942852,"sensors":[17,21,28,41,34,15,9,23,2,7,8,42,14,13],"power":[0.006665316495023869,8.468290547307136E-4,0.004433806243488743,0.0026190536671494356,8.459510556600916E-4,0.002308269735739344,0.03311255911438273,0.005795735936065634,0.002507293170047874,0.003688700988406617,0.002031338018076487,0.001314618866996653,0.003706022605021113,0.006750726445355414]}
{"id": 2, "drone": 0, "position":(8.333333333333334,16.666666666666668,1.0), "time":449.05669020868004,"sensors":[28,15,9,23,2,25,42,14],"power":[0.0943431552957022,0.7607021849526167,0.02993687891698535,0.05574143476667708,0.20854872219390308,0.10713218313886147,4.4905669020868,0.03004787665848651]}
{"id": 3, "drone": 0, "position":(41.666666666666664,41.666666666666664,1.0), "time":638.1677036576216,"sensors":[16,12,24,27,46,35,49,3,20],"power":[0.0422515375451408,0.14999999999999997,0.6044011356224175,0.05730411828935237,0.20936083812045395,0.12003154562248934,0.08291468760865847,0.21367252519800242,0.27517660293772855]}
{"id": 4, "drone": 3, "position":(8.333333333333334,8.333333333333334,3.0), "time":514.6881256780423,"sensors":[0,26,36,15,25,42,45],"power":[0.10310738911572188,0.1065440209837617,0.08736209895784872,0.07590953563184367,0.0428678168611387,0.08987512708195192,0.0899793319264947]}
{"id": 5, "drone": 3, "position":(41.666666666666664,33.333333333333336,1.0), "time":341.2770043674711,"sensors":[18,16,37,47,24,19,27,33,3,20],"power":[0.06471678374951337,0.12397845572686295,0.026935814664900616,0.07519372107987156,0.23047993523276789,0.05014372561333254,0.3980794106704279,0.028096876934786373,0.40641696288503876,0.14825651408164253]}
{"id": 6, "drone": 1, "position":(16.666666666666668,8.333333333333334,1.0), "time":292.56558971670955,"sensors":[0,32,26,28,36,15,43,23,42,14,45],"power":[0.04689261088427812,0.08870611678626542,0.22565445378649768,0.03932373508154974,1.0409259414462946,0.036618484855472436,0.11630334638713878,0.02883988774258491,0.024921324439634365,0.025011910351134224,0.08283344594163315]}
{"id": 7, "drone": 1, "position":(8.333333333333334,41.666666666666664,1.0), "time":553.463013037431,"sensors":[21,11,29,31,34,4],"power":[0.22943283546620236,0.15,0.4726174781666474,0.649634026505866,0.1904990202653579,0.8823172059631444]}
{"id": 8, "drone": 4, "position":(33.333333333333336,8.333333333333334,1.0), "time":421.66047232396744,"sensors":[32,43,6,10,44,48],"power":[0.06129388321373457,0.05255731825849317,0.15,0.5780212384304957,0.11956318773854138,0.249276852033145]}
{"id": 9, "drone": 4, "position":(41.666666666666664,16.666666666666668,4.0), "time":557.7842357011252,"sensors":[39,18,22,37,1,33,44,48],"power":[0.42981555127345067,0.08601434066202573,0.19284646382851653,0.09185593039219996,0.11806561985318485,0.22101675159302117,0.13068438548270073,0.10248495025896795]}
{"id": 10, "drone": 2, "position":(41.666666666666664,25.0,1.0), "time":300.42196939484575,"sensors":[39,18,22,16,37,1,47,24,19,27,33,44,3,20],"power":[0.059860244899714386,0.3794639284870497,0.034108633414980924,0.09868484437312881,0.09158431943698862,0.03193438014681514,0.07480627892012842,0.0217529401751172,0.0610211203061813,0.20712193673478935,0.28876355805122744,0.028098995261474333,0.034485267342097545,0.02061417282280496]}
{"id": 11, "drone": 2, "position":(25.0,41.666666666666664,1.0), "time":641.6989737623169,"sensors":[30,35,5,49,40,38],"power":[0.8935098192597212,0.0993692098872197,0.24151546825039455,0.07881750929008509,0.23947223476004972,3.377385687817749]}
