LP RESULTS :
 Obj = 0.1*lambda1+0.9*lambda2 = 126.26375865022982 (lambda1 = 1235.637586502298, lambda2 = 3.0) Resol time = 24973 ms

{"id": 0, "drone": 2, "position":(16.666666666666668,8.333333333333334,1.0), "time":290.67628298930924,"sensors":[34,45,4,25,29,23,9,21,1,31,0,19,36,26,44],"power":[0.03184517552959385,0.8309376526709773,0.032443902139320704,0.055582332762768354,0.06577198611638335,0.11088633291855003,0.08798529706160978,0.1382706706769009,0.033120109494028195,0.04635491480441958,0.060630641174180676,0.04629374237113298,0.1819018495850646,0.45127144477933484,0.024833214105193138]}
{"id": 1, "drone": 2, "position":(16.666666666666668,33.333333333333336,1.0), "time":134.59139557298602,"sensors":[39,7,13,27,15,11,41,20,28,17,24,5,2,40,3,35],"power":[0.01727834743128338,0.03130067013837661,0.01085130326673966,0.030293569323768307,0.8099437443229099,0.03488430418175668,0.013357700607517835,0.01739467234550376,0.024546411676716666,0.016601977785111313,0.03762609795869665,0.039002471463181,0.10585588846455865,0.013702952757766002,0.01979036792362236,0.0341388646093958]}
{"id": 2, "drone": 2, "position":(8.333333333333334,8.333333333333334,1.0), "time":451.86841741517503,"sensors":[34,37,45,4,25,23,9,21,32,31,18,0,36,26],"power":[0.05231981753270185,0.07039388966507978,0.07967962542099118,0.883535612485118,0.09441766723723163,0.11988613862320523,0.03276982756680313,0.6344304742027298,0.03822211572394042,0.037043506327457475,0.11542931049971922,0.2871676236659505,0.05369123909173879,0.04862579610085797]}
{"id": 3, "drone": 0, "position":(25.0,8.333333333333334,4.0), "time":26.523588719728885,"sensors":[45,29,23,9,1,38,19,36,26,6,44],"power":[0.00522093426453438,0.005008865181731741,0.0018523058653498502,0.004854721973914396,0.013706568765531817,0.007533737592291312,0.012469008523503943,0.00490785633779145,0.007865163938274742,0.0032121578533757253,0.010903594058746252]}
{"id": 4, "drone": 0, "position":(25.0,25.0,1.0), "time":26.523588719720856,"sensors":[39,7,13,49,15,11,31,41,17,40,6],"power":[0.0023340354012473226,0.0021122302797204106,0.09473184633110275,0.007774783854199805,0.0029986328326226507,0.013706859276952919,0.0030310310795954773,0.0038015792319509444,0.21229110973754328,0.10588102487994525,0.0033561146172121767]}
{"id": 5, "drone": 0, "position":(41.666666666666664,16.666666666666668,3.0), "time":650.7688528687601,"sensors":[30,14,38,12,6,22,43],"power":[0.06464997022563954,0.2682708556295463,0.046080244749891495,0.1593555032140704,0.07911755878352662,1.1905935339973708,0.171616226898644]}
{"id": 6, "drone": 1, "position":(25.0,8.333333333333334,5.0), "time":466.56929737808497,"sensors":[45,29,9,1,38,19,36,26,6,44],"power":[0.08202912857010049,0.07921914870188489,0.07882873714404101,0.17940334399544083,0.11519487625264031,0.16656742483872264,0.079538501105176,0.12476475435980602,0.05174812466735267,0.14923731825855446]}
{"id": 7, "drone": 1, "position":(8.333333333333334,33.333333333333336,1.0), "time":307.3387452817375,"sensors":[27,15,20,47,24,5,2,3,35],"power":[0.15225758739938422,0.06750425378141295,0.09144850870272012,0.1481339045265959,0.02567177355801304,0.06575124868745322,0.3054793185295985,0.04654463205461309,0.06103425109708536]}
{"id": 8, "drone": 1, "position":(16.666666666666668,41.666666666666664,1.0), "time":385.5022633730928,"sensors":[39,7,27,15,20,28,24,5,2,48,3,35],"power":[0.045978190249493664,0.08960662253398954,0.10727559720745869,0.06364880599621255,0.08713574695556392,0.23263362740654758,1.0315956189767277,0.5204575180491187,0.07223827403298876,0.055578556679437514,0.3111280716686352,0.5358924710894313]}
{"id": 9, "drone": 3, "position":(25.0,33.333333333333336,1.0), "time":123.07712244593993,"sensors":[39,7,13,49,15,11,41,28,46,17,24,5,2,40],"power":[0.1183906507046763,0.10018878531530104,0.0305025377460211,0.028793200396745357,0.02541318339686309,0.1542501126301867,0.1497614468503625,0.025426559530705512,0.012414496420441574,0.03143910508180193,0.020817168619556726,0.008942632672522207,0.009140939928048465,0.02037395403067489]}
{"id": 10, "drone": 3, "position":(8.333333333333334,41.666666666666664,5.0), "time":26.52358871972865,"sensors":[27,20,47,24,5,2,3,35],"power":[0.009484812616937963,0.01496801273408173,0.0018660954734041177,0.0028040400952173646,0.006798230777438448,0.003876297495884821,0.009130083625256167,0.007473753136699515]}
{"id": 11, "drone": 3, "position":(33.333333333333336,16.666666666666668,1.0), "time":0.09366050808603177,"sensors":[13,49,1,14,17,38,40,6,44,22,43],"power":[9.996878260424075E-6,9.082624329979317E-6,7.805336369109155E-6,8.417794899623022E-6,7.098049873458031E-6,3.701306790460759E-5,8.13110911342303E-6,2.8814018870504735E-4,8.497525019227493E-6,2.1300565143368395E-5,1.043188688894891E-5]}
{"id": 12, "drone": 4, "position":(33.333333333333336,25.0,1.0), "time":65.1585983079096,"sensors":[13,49,11,41,14,17,40,6,22,16],"power":[0.020779647665980203,0.07469979323433037,0.007358132283425345,0.007827452079213227,0.005691945839693419,0.012478135201851464,0.010033937222468314,0.01227790388978401,0.005771211889068121,0.014685877679701463]}
{"id": 13, "drone": 4, "position":(41.666666666666664,41.666666666666664,1.0), "time":853.9559929475454,"sensors":[8,33,42,46,10,16],"power":[0.1401475775398873,0.15000000000000002,0.5333512537735814,0.09610571938637379,3.578770297303369,0.07655722030482424]}
{"id": 14, "drone": 5, "position":(8.333333333333334,16.666666666666668,4.0), "time":466.56929737808514,"sensors":[34,37,4,23,21,32,31,18,0],"power":[0.1874677683633021,0.1827001252924194,0.0827158350962693,0.12885536283510857,0.09712759551557858,0.16482638231042418,0.08898480173609954,0.0345706895002808,0.22416954593663294]}
{"id": 15, "drone": 5, "position":(25.0,41.666666666666664,1.0), "time":258.60447110881273,"sensors":[39,8,7,15,11,41,28,46,24,5,48,3,35],"power":[0.15346482631282032,0.017216838241000672,0.19801849541591496,0.018990818139861605,0.026089239541212242,0.06427441252989526,0.34952578116538024,0.09923847597231662,0.08397355903052278,0.027693485422717132,0.09442144332056247,0.020336584791140973,0.026141526656587217]}
{"id": 16, "drone": 5, "position":(41.666666666666664,25.0,1.0), "time":316.5229952468431,"sensors":[49,30,14,42,22,16],"power":[0.038723139890392284,0.08535002977436046,0.16781173035326055,0.026875122024993956,0.05984077587050291,0.19002774969334763]}
