LP RESULTS :
 Obj = 0.1*lambda1+0.9*lambda2 = 131.9043368396963 (lambda1 = 1292.0433683969632, lambda2 = 3.0) Resol time = 3899 ms

{"id": 0, "drone": 2, "position":(25.0,8.333333333333334,1.0), "time":36.865600002409224,"sensors":[6,16,35,23,48,2,31,5,14,34,12],"power":[0.013236076543318452,0.006382765591887366,0.043136347142282025,0.06759786481183108,0.008494440493735288,0.006274204540162405,0.012153645054312623,0.007744037638079441,0.01450733471614461,0.003253380072097537,0.1338135159528399]}
{"id": 1, "drone": 2, "position":(8.333333333333334,8.333333333333334,2.0), "time":537.9059432768435,"sensors":[7,16,27,2,31,25,18],"power":[0.14769670536076238,0.09158604484497243,0.10104277014684461,0.039692018085696605,0.03590816200979178,1.7335713550118692,0.15430436730544814]}
{"id": 2, "drone": 2, "position":(25.0,33.333333333333336,1.0), "time":213.10416579256582,"sensors":[13,46,43,22,8,47,1,49,41],"power":[0.02560244137820623,0.43321334820018964,0.03964486960817485,0.0297204712506321,0.057430157085184855,0.014571514796912481,0.022054026402126455,0.046490419184458946,0.0695461910022535]}
{"id": 3, "drone": 3, "position":(33.333333333333336,16.666666666666668,3.0), "time":77.59943411769137,"sensors":[6,32,35,1,23,48,17,49,5,14,39,4,12],"power":[0.027840662600133886,0.03646904653436489,0.00961189354746851,0.006071312530501997,0.009242632539934473,0.01981422597058163,0.008728635933908555,0.0089577647539628,0.04855160776347325,0.019348840777609212,0.008192908993626048,0.010147928634048724,0.007929265373503358]}
{"id": 4, "drone": 3, "position":(25.0,16.666666666666668,1.0), "time":2.1903068487590645,"sensors":[6,16,32,35,1,23,48,31,49,5,14,44,34,12],"power":[9.63125452951673E-4,3.802338003688051E-4,1.5215446413319758E-4,0.0014182351413490333,8.271791228502834E-4,3.653844324300396E-4,0.011235838667135775,9.589390126690655E-4,4.0897450551495573E-4,0.0015088358204615592,0.0035412935398353414,2.1602571215909106E-4,5.786987459870465E-4,3.966964627291937E-4]}
{"id": 5, "drone": 3, "position":(8.333333333333334,25.0,1.0), "time":644.7184200753728,"sensors":[13,28,27,0,3,22,8,15,21,37,44,34],"power":[0.15867146137604576,0.4297350419947804,0.059124480403533755,0.19454314724478164,0.23356414756369023,0.1328134342399174,0.06840477110565629,0.1394839539310615,0.19783613894550858,0.22655443673344572,0.1807520386818115,0.06352300160527184]}
{"id": 6, "drone": 1, "position":(41.666666666666664,33.333333333333336,1.0), "time":579.4551450202465,"sensors":[20,26,17,10,42,38,19],"power":[1.1438927900979634,0.0544991815354061,0.06875678879301374,0.3746835880075469,0.1019446907135966,0.08465245533938939,0.4060183372938684]}
{"id": 7, "drone": 1, "position":(33.333333333333336,16.666666666666668,1.0), "time":216.23148184327633,"sensors":[6,32,35,1,23,48,17,31,49,5,14,39,4,12],"power":[0.09944287133792383,0.1443821932714656,0.029155781545664623,0.019180042796647236,0.02770574126299169,0.06347319514013926,0.02653275432126658,0.013961086259549043,0.027746584368082354,0.21953097388028045,0.06072870646466098,0.02445424800944313,0.030866481013196428,0.024956634612205483]}
{"id": 8, "drone": 1, "position":(41.666666666666664,8.333333333333334,4.0), "time":307.50886526603233,"sensors":[40,11,32,24,39,4],"power":[0.07891692522695808,0.06347473483859603,0.055042975407028204,0.05340952068223113,0.2789800843418172,0.24282121413538704]}
{"id": 9, "drone": 4, "position":(33.333333333333336,41.666666666666664,1.0), "time":642.2717718683665,"sensors":[36,46,43,9,26,47,41,38],"power":[0.15441482311282595,0.07112858403409501,0.07473188290097978,0.14463716682778516,0.05329343535289803,0.33380052738936844,0.23193814826133627,1.3340915761961585]}
{"id": 10, "drone": 4, "position":(41.666666666666664,41.666666666666664,1.0), "time":70.31645150835014,"sensors":[36,9,20,26,47,10,38,19],"power":[0.02405354455643348,0.005362833172214835,0.007952127434608004,0.04220738311169585,0.005641856680008513,0.004759893905365781,0.03098331925385354,0.005427343735614537]}
{"id": 11, "drone": 4, "position":(41.666666666666664,8.333333333333334,2.0), "time":460.30650915915203,"sensors":[40,6,11,32,24,39,4],"power":[0.14175828177521116,0.03103536119232116,0.11205913861386568,0.09341818249684257,0.09659047931776887,1.3405221024372045,0.9728834850896]}
{"id": 12, "drone": 0, "position":(8.333333333333334,41.666666666666664,1.0), "time":647.3249483215906,"sensors":[28,0,29,45,33,30],"power":[0.05276054568550177,0.05370005090503899,0.14999999999999997,0.3347374696216104,0.0730039279912999,0.22159193773533273]}
{"id": 13, "drone": 0, "position":(8.333333333333334,16.666666666666668,5.0), "time":109.41900504474688,"sensors":[7,16,27,3,15,21,37,25,44,34],"power":[0.007397978447995915,0.0148997145362339,0.02506963353787363,0.014126530446307942,0.010516046068938486,0.009249635032597976,0.007172099925163804,0.02154753177782809,0.012657656601626786,0.013638629919908631]}
{"id": 14, "drone": 0, "position":(16.666666666666668,41.666666666666664,1.0), "time":340.2021801702428,"sensors":[43,8,45,33,41],"power":[0.14921728159085917,0.037465139654376714,0.023982865476823444,0.07699607200870011,0.037844992885680405]}
{"id": 15, "drone": 5, "position":(25.0,25.0,1.0), "time":94.01860235878166,"sensors":[13,6,46,35,22,8,1,48,31,49,5,14,44,34],"power":[0.013641880776273329,0.0071143272702727375,0.025100299325880465,0.006545528636913601,0.017473177350334695,0.017975748239209353,0.10186743914787404,0.018384031062977337,0.007243944050200114,0.2744462849608871,0.012514680423790912,0.010522648858790479,0.015145088011116054,0.01428942652756835]}
{"id": 16, "drone": 5, "position":(41.666666666666664,25.0,1.0), "time":228.20677116205223,"sensors":[32,20,17,10,42,19],"power":[0.03655359464162755,0.10055989944379151,0.4916028218796486,0.27899026491842627,0.04805530928640339,0.15805265848057587]}
{"id": 17, "drone": 5, "position":(16.666666666666668,8.333333333333334,1.0), "time":404.83143406689345,"sensors":[6,16,35,23,48,2,31,14,25,18,34,12],"power":[0.02608967093505568,0.3387458877924572,0.08971320587341447,0.04508837695281273,0.031522246620451666,0.10403377737414096,0.14919716716552667,0.04135117564296146,0.09419098529070899,0.11800645899898576,0.06336992718486475,0.05737334181303385]}
