LP RESULTS :
 Obj = 0.1*lambda1+0.9*lambda2 = 118.82018434664397 (lambda1 = 1161.2018434664396, lambda2 = 3.0) Resol time = 59750 ms

{"id": 0, "drone": 2, "position":(41.666666666666664,16.666666666666668,1.0), "time":614.6230345558145,"sensors":[28,11,33,26,38,36,17,19,20,21,30,5,34],"power":[1.0381910886380026,0.15611962439932747,0.09796088524290467,0.35633058418416824,0.1829897592198393,0.07352556210148543,0.8955473557339768,0.05603295766691828,1.2097214034218808,0.18641554145204725,0.13824863679944246,0.08983108042645571,0.061700782172357]}
{"id": 1, "drone": 2, "position":(25.0,8.333333333333334,1.0), "time":73.01763052628523,"sensors":[39,35,27,13,32,36,3,6,8,21,5],"power":[0.019819330207168848,0.08621853506534197,0.005259291940857415,0.012776661437058417,0.10360203773295705,0.007419239992097413,0.02633913100689019,0.021674910778326298,0.20840040602701734,0.006250132280180507,0.0121673045521221]}
{"id": 2, "drone": 2, "position":(16.666666666666668,8.333333333333334,1.0), "time":318.267982601117,"sensors":[39,22,2,35,27,13,32,16,3,6,8],"power":[2.148422927774108,0.0434375190024129,0.09879865837403247,0.22057684038431188,0.06114618502354599,0.4337216828754581,0.03999575526030631,0.1471868556169666,0.07827824611214804,1.412027218329723,0.04494375116973101]}
{"id": 3, "drone": 4, "position":(8.333333333333334,8.333333333333334,1.0), "time":582.0475269300373,"sensors":[39,22,2,35,27,13,16,41,44,6],"power":[0.10019457144213974,0.2895777081607289,0.530725058167252,0.04017367185507883,0.06359732174265928,0.11240103179276292,0.8695403412267346,0.14999999999999997,0.055909605085716706,0.09245398533443282]}
{"id": 4, "drone": 4, "position":(41.666666666666664,8.333333333333334,1.0), "time":470.34755013808444,"sensors":[28,11,26,38,46,17,19,20,21,5],"power":[0.14478235560144767,3.8255792008227294,0.03599575845904924,2.0880364346159106,0.14999999999999997,0.1517600343112439,0.3870809126892137,0.197329109162327,0.18286533866637092,0.12777847888609573]}
{"id": 5, "drone": 4, "position":(33.333333333333336,16.666666666666668,1.0), "time":3.213628246255439,"sensors":[28,49,11,26,38,32,36,17,3,20,8,21,5,34],"power":[3.8748604739539597E-4,3.282677162606582E-4,3.1008080893747393E-4,2.7290436322799545E-4,4.6117766555632013E-4,6.716918175730126E-4,0.0056654646020932444,0.0011468547044976255,3.226170023822967E-4,7.74570862907114E-4,5.296719507512667E-4,0.001292747586133076,9.382309931582987E-4,0.0010131415161447432]}
{"id": 6, "drone": 5, "position":(8.333333333333334,16.666666666666668,1.0), "time":129.6152938294979,"sensors":[0,39,2,27,13,16,48,44,6],"power":[0.01286819479240325,0.010605981356268173,0.05859868183125842,0.037237325605117874,0.022092616009093888,0.01899680524706532,0.010113693308314938,0.08925086929850598,0.008533056294042515]}
{"id": 7, "drone": 5, "position":(25.0,41.666666666666664,1.0), "time":106.66872638969772,"sensors":[45,25,29,31,43,9,18,15],"power":[0.047981882583973484,0.04000479224088509,0.0991601334586656,0.08083340392758127,0.01701209512315737,0.009456003660842437,0.030847218195215294,0.009001511620423303]}
{"id": 8, "drone": 5, "position":(8.333333333333334,33.333333333333336,1.0), "time":424.4134653709133,"sensors":[0,42,24,40,43,9,48,12,14,4],"power":[0.16900517667177528,0.7052965154463855,0.1546633252962803,1.5777025006568652,0.07597175361269452,0.1318826999715877,0.16743830882886113,0.10225984073458787,0.031158996668054117,0.1001686137704921]}
{"id": 9, "drone": 1, "position":(16.666666666666668,41.666666666666664,1.0), "time":20.328080323191262,"sensors":[45,25,29,31,40,43,9,12,18],"power":[0.04284687768960444,0.0029279657838296937,0.0016949717195523489,0.008434453387337925,0.0024747000794947648,0.043074228234639036,0.010145875834370904,0.004370623362386812,0.03748054416961284]}
{"id": 10, "drone": 1, "position":(16.666666666666668,33.333333333333336,2.0), "time":152.86616523775928,"sensors":[49,0,42,45,31,40,43,9,1,48,12,18],"power":[0.012259432215576476,0.03531180256817582,0.02081038734526671,0.02834100919079212,0.04157542513198961,0.027682196424779183,0.05523728561891495,0.08841382999936333,0.01608518328834658,0.047157661398368834,0.015263927009981923,0.01785649624538378]}
{"id": 11, "drone": 1, "position":(41.666666666666664,25.0,1.0), "time":73.01763052628537,"sensors":[28,47,7,33,26,36,17,20,30,34,15],"power":[0.009521663259266325,0.028044303152798364,0.020874337704411192,0.11544939607815352,0.033735277477496974,0.005816735816357922,0.008684723723804537,0.008434466190485806,0.011751363200557544,0.011636170273715302,0.006221238495986369]}
{"id": 12, "drone": 0, "position":(8.333333333333334,41.666666666666664,1.0), "time":456.9254061448781,"sensors":[42,45,24,40,43,9,12,14,18,4],"power":[0.050862720564430315,0.05323769544755334,0.03323165606516577,0.15498052627074121,0.11631283329544903,0.12995036007183144,4.569254061448781,0.11884100333194589,0.06381574138978807,0.04983138622950788]}
{"id": 13, "drone": 0, "position":(41.666666666666664,41.666666666666664,1.0), "time":62.51420828516618,"sensors":[47,7,10,29,23,37,15],"power":[0.008100794070423722,0.0060501908979667335,0.06322916176615236,0.004698023999645803,0.08874662792179455,0.041877649651284696,0.013357594959215355]}
{"id": 14, "drone": 0, "position":(25.0,25.0,5.0), "time":397.3299196117992,"sensors":[49,27,36,1,3,34],"power":[0.20971511874886056,0.025082001833794398,0.0575729974879659,0.11719034552539313,0.031844389159050336,0.079101995815056]}
{"id": 15, "drone": 3, "position":(33.333333333333336,41.666666666666664,2.0), "time":814.2796011815526,"sensors":[7,25,10,29,31,23,37,15],"power":[0.0792803022979064,0.10706724197528521,0.0690841665998608,0.5232452275264162,0.07502336710407259,0.07615994584912743,0.14004795684454535,0.26703036967339544]}
{"id": 16, "drone": 3, "position":(41.666666666666664,33.333333333333336,3.0), "time":104.72167708373777,"sensors":[47,7,33,10,23,37,15],"power":[0.1200664906815609,0.043795169099715696,0.021980992216377882,0.017686671633986843,0.018124429119841374,0.006772343576470112,0.030308671794308774]}
{"id": 17, "drone": 3, "position":(16.666666666666668,16.666666666666668,1.0), "time":58.25340957950223,"sensors":[0,39,2,35,27,13,32,1,16,48,3,44,6,8],"power":[0.004335458647677433,0.013255415998711023,0.014595681375086267,0.009126838645028564,0.3063834405854728,0.03588861849289165,0.005730515189163615,0.0167244711862603,0.006753807520823182,0.004286556634929741,0.021744508577735466,0.004839525615777315,0.010365861111568302,0.004933280273499168]}
