LP RESULTS :
 Obj = 0.1*lambda1+0.9*lambda2 = 158.02806662187 (lambda1 = 1553.2806662187002, lambda2 = 3.0) Resol time = 147553 ms

{"id": 0, "drone": 2, "position":(8.333333333333334,16.666666666666668,1.0), "time":10.86066341812521,"sensors":[31,17,21,32,41,3,34,25],"power":[6.946651679997126E-4,0.001928705585010096,0.00163987299824734,0.002188134806036069,0.0034968999885508435,0.0017623564198489391,0.00115315521121519,0.01906947176984791]}
{"id": 1, "drone": 2, "position":(33.333333333333336,8.333333333333334,1.0), "time":521.9186224853614,"sensors":[29,43,28,22,33,12,30,19,2,15,42,7,10,35,44],"power":[0.07262527002738883,0.1282629018406873,0.03796687744076469,0.136647729883667,0.035776676401385314,0.08763269775304551,0.09819116989110843,0.3491165580138575,0.06571939728410944,0.04037458472045305,0.5385704401944624,0.15922334769467977,0.09304319471171252,0.046382032876420724,0.0868738683759968]}
{"id": 2, "drone": 2, "position":(25.0,8.333333333333334,1.0), "time":145.98675299430306,"sensors":[43,22,21,9,12,30,19,2,32,42,7,10,44,34],"power":[0.18657298077614182,0.012744324794993543,0.028473565473748855,0.012218823664574592,0.062367302246954484,1.3582096274893953,0.08845217404752347,0.25772351736011095,0.014671113300082398,0.023132546372636505,0.14105681756624117,0.7255777967799174,0.35455439726724225,0.03383144661668169]}
{"id": 3, "drone": 3, "position":(8.333333333333334,41.666666666666664,1.0), "time":455.6160155672435,"sensors":[39,13,1,26,49,47,16,27,4,24],"power":[0.7070808323852803,0.033418424597389786,1.4210372166936156,0.13247530727020845,0.15141967283550808,0.10900518966032137,0.1133997138470654,0.12840774577403016,3.118877092644195,0.31057869033366625]}
{"id": 4, "drone": 3, "position":(25.0,16.666666666666668,1.0), "time":163.38646695291945,"sensors":[29,43,22,31,21,9,30,19,2,32,15,7,10,44,34],"power":[0.027661508378951115,0.015823159188577483,0.025328218411851077,0.02411973054310999,0.03528740488415911,0.13343346887539861,0.03261011370833074,0.016583676791736023,0.052132593655098765,0.037343544338122134,0.027975956758354542,0.07343051312971584,0.02777505243707899,0.02083068813715482,0.020528899775382053]}
{"id": 5, "drone": 3, "position":(8.333333333333334,33.333333333333336,1.0), "time":395.71697662791325,"sensors":[39,13,1,26,49,47,27,4,3,24],"power":[0.042267272482953026,0.11658157540261022,0.14279715502553947,0.3373180419059396,0.030062814013891933,0.04099481033967864,0.09999786338738499,0.08204365631199217,0.11186769132839286,0.04311897332428881]}
{"id": 6, "drone": 5, "position":(41.666666666666664,16.666666666666668,1.0), "time":493.49809045262805,"sensors":[29,20,28,22,33,5,36,15,35,11],"power":[0.1276829973003187,0.09050343305243443,0.044080399388640265,0.1431628459793509,0.13203983679629971,0.15309706093234635,0.07821925939540704,0.08734392977356155,0.035866986176578325,0.0737441299726847]}
{"id": 7, "drone": 5, "position":(41.666666666666664,33.333333333333336,2.0), "time":954.6549566292703,"sensors":[20,40,5,0,23,36,14,6,46],"power":[0.12594222312757447,0.35889784058421953,0.08846418647902063,0.11756454375488655,2.559194690831338,0.07178074060459297,0.12491393497306286,0.9949527278577643,0.7487701354557299]}
{"id": 8, "drone": 5, "position":(25.0,33.333333333333336,1.0), "time":64.39083050257068,"sensors":[38,31,0,9,6,8],"power":[0.10652866011634342,0.008483405038652298,0.017146004001870035,0.0043477074600268536,0.004273378547850337,0.2132019624819829]}
{"id": 9, "drone": 0, "position":(41.666666666666664,41.666666666666664,1.0), "time":442.49172905499984,"sensors":[40,18,0,23,14,6,46,45],"power":[0.07153407572404286,0.12424078239088263,0.0483052220237121,0.08000568569513533,0.3745079617279575,0.09403341411743069,0.1294394540441871,0.14702645249774915]}
{"id": 10, "drone": 0, "position":(16.666666666666668,41.666666666666664,1.0), "time":84.87047575305638,"sensors":[38,39,1,26,49,16,4,24,8],"power":[0.0125059262000899,0.012548799464538287,0.0172941383792618,0.005389051571409256,0.08931856200473774,0.036600286152934584,0.014710369226142068,0.006686725390880989,0.006514960921388339]}
{"id": 11, "drone": 0, "position":(16.666666666666668,33.333333333333336,1.0), "time":617.0771982704871,"sensors":[38,31,1,26,49,4,3,8],"power":[0.32310226563244604,0.11670219925023809,0.08555841233692217,0.0538763391570642,0.0635017690982464,0.046563649283156976,0.07954992154029557,0.1503995161405455]}
{"id": 12, "drone": 4, "position":(41.666666666666664,41.666666666666664,1.0), "time":91.74315003185941,"sensors":[40,18,0,23,14,6,46,45],"power":[0.014831376522125983,0.025759217609117365,0.010015267948415958,0.016587821069121638,0.07764786969987239,0.01949623247830497,0.026837073944362463,0.030483439586452624]}
{"id": 13, "drone": 4, "position":(8.333333333333334,8.333333333333334,1.0), "time":1233.0467828533524,"sensors":[48,17,21,37,32,41,34,25],"power":[0.15,2.6206098547273298,0.17328561701270273,0.4075236385808942,0.11597597699547144,0.3198748032189037,0.24151450302152064,0.13093052823015208]}
{"id": 14, "drone": 4, "position":(41.666666666666664,8.333333333333334,1.0), "time":228.49073333348824,"sensors":[29,28,22,33,19,42,35,11],"power":[0.018668217658161818,0.1260100146143912,0.03236451531060055,0.12502864899213917,0.017889096644055587,0.04735866139784253,0.12142950879698695,0.0762558700273153]}
