LP RESULTS :
 Obj = 0.1*lambda1+0.9*lambda2 = 196.94055347699367 (lambda1 = 1951.4055347699366, lambda2 = 2.0) Resol time = 101 ms

{"id": 0, "drone": 1, "position":(16.666666666666668,41.666666666666664,1.0), "time":756.6398530304891,"sensors":[33,21,32,27,45,19,3,2,13,14,15,31],"power":[0.12628470738964734,1.2196293065281416,0.5637929890363219,0.26052003292697784,0.09298374544785214,0.38121371313292973,0.0842943436481625,0.19604851216708413,0.20894588821964277,0.06384723071390581,0.15,0.41146088013507126]}
{"id": 1, "drone": 4, "position":(8.333333333333334,41.666666666666664,1.0), "time":987.3454424619988,"sensors":[20,33,21,32,9,47,45,19,26,3,2,13,14,31,24,6],"power":[0.18877442505413988,0.7151952582948304,0.12849647645634654,0.08770630680531859,0.18300947506679954,0.15,2.2131156864985257,0.11510665246346584,0.21871640014282812,0.9039483057426689,0.131335475370499,0.12018493068316924,0.4229670733993172,0.11281467185174897,0.2342763953552216,0.10254181410841015]}
{"id": 2, "drone": 4, "position":(25.0,8.333333333333334,1.0), "time":207.42023927744856,"sensors":[34,30,17,5,23,22,16,8,1,7,37,41],"power":[0.7792515659055415,0.029262777957211546,0.12954317041527516,0.09440204205420688,0.051860525205802116,0.3417068545352836,0.035960351202805496,0.045240276437488965,0.021877941293205628,0.08318900790737598,0.7572018516508103,0.05149871551267022]}
{"id": 3, "drone": 2, "position":(33.333333333333336,8.333333333333334,4.0), "time":1299.5575001313687,"sensors":[34,30,23,22,42,37],"power":[0.291924914314246,0.24361640802169765,0.10113521451720658,0.1858411096485035,0.19195168237260515,0.1550143920486167]}
{"id": 4, "drone": 2, "position":(41.666666666666664,41.666666666666664,1.0), "time":534.8331377876004,"sensors":[10,49,44,28,11,39,4,46],"power":[0.7354818310840697,0.208661734138968,0.5665872411912004,0.21868083704609415,0.2021700226726066,0.15,0.0511863265096249,0.13441175546080744]}
{"id": 5, "drone": 0, "position":(33.333333333333336,33.333333333333336,1.0), "time":180.4676090022435,"sensors":[10,49,36,4,46],"power":[0.030316032800951558,0.05641711309489018,0.2836623212240853,0.09881367349037509,0.017374164853797343]}
{"id": 6, "drone": 0, "position":(41.666666666666664,16.666666666666668,1.0), "time":515.0286999389376,"sensors":[43,29,18,25],"power":[0.3619007517034584,0.6782922613976949,0.1628087595143915,0.15]}
{"id": 7, "drone": 3, "position":(8.333333333333334,25.0,1.0), "time":207.42023927744856,"sensors":[38,35,33,0,12,2,40,24,6],"power":[0.2978561730337619,0.02172501698033253,0.018862483107297462,2.0742023927744855,0.05989464018072513,0.02030494231460332,0.04137978104436677,0.028429606243393045,0.09201358243476741]}
{"id": 8, "drone": 3, "position":(16.666666666666668,8.333333333333334,1.0), "time":444.42779536111937,"sensors":[35,34,17,5,23,22,16,40,8,1,7,37,41],"power":[0.06890806182929184,0.07215035258738216,0.37507900774324315,0.2858209224195217,0.06072278238381508,0.09333342680637283,0.08781211146001265,0.06486177471299762,0.37359545005284167,0.12339270783751466,0.21013005268036192,0.14504486084636037,0.10986564367679859]}
{"id": 9, "drone": 5, "position":(8.333333333333334,16.666666666666668,1.0), "time":1262.8618983744198,"sensors":[38,35,5,0,12,16,48,40,8,41],"power":[0.14483604986930462,2.1510183358249364,0.08725561366238035,0.2671859283195863,0.09010535981927484,0.13119375987551585,0.13244703715491354,2.4370234760407885,0.1675748106133964,0.0952442650875011]}
{"id": 10, "drone": 5, "position":(8.333333333333334,8.333333333333334,1.0), "time":36.69560175694886,"sensors":[35,17,5,48,40,8,1,7],"power":[0.019002814592911737,0.0030977776374230205,0.0029810047468326515,0.017552962845086447,0.006882596740086051,0.005017655527785305,0.004729350869279714,0.0026830332640729103]}
