LP RESULTS :
 Obj = 0.1*lambda1+0.9*lambda2 = 128.93524900374405 (lambda1 = 1271.3524900374405, lambda2 = 2.0) Resol time = 188 ms

{"id": 0, "drone": 0, "position":(25.0,8.333333333333334,1.0), "time":294.9735981285762,"sensors":[25,49,31,7,41,14,22,33,24],"power":[1.9146980083761314,0.052980988718452124,0.09124636508361135,0.07283332398353917,0.033823545669687496,0.11504928125609774,0.030904945910854697,1.0663933904959295,0.027606906696030973]}
{"id": 1, "drone": 0, "position":(8.333333333333334,8.333333333333334,1.0), "time":840.0593254624131,"sensors":[17,23,6,31,28,40,36,43,22,16],"power":[1.1385517813587527,0.2333595588957478,0.20799103543550276,0.05875363491638867,0.15,0.45704403392501375,0.8397026132423231,0.090311466109121,0.13668421231734465,0.1237974928185801]}
{"id": 2, "drone": 2, "position":(8.333333333333334,25.0,1.0), "time":431.2931645750274,"sensors":[23,13,32,40,36,10,43,27,5,11,16,24],"power":[0.07398723694810044,0.07227354996997348,0.04941878829962119,0.04041092446895939,0.03234600626105079,0.9337022847906264,0.1174120044117305,0.3043916498142391,0.09505173743064724,1.4236784776679314,0.08418439450854,0.030480597854554137]}
{"id": 3, "drone": 2, "position":(25.0,41.666666666666664,1.0), "time":653.6370159347762,"sensors":[46,12,19,39,48,30,45,35,8,44,38,47,0],"power":[0.16743924671111254,0.1875716124586181,0.14544921437615904,0.04735359276297707,0.048521584293501896,0.04150555875159963,1.0327741951948244,0.14430897417631072,0.33341451782630854,0.16382797793588935,1.570760056454139,3.282641029667007,0.06816342869577505]}
{"id": 4, "drone": 1, "position":(25.0,25.0,1.0), "time":293.49984931841647,"sensors":[44,49,41,26,21,0,24],"power":[0.04915416193808878,0.04193839419813931,0.03433449342042482,0.01952532547462845,1.0003999402998924,0.08183657130422495,0.07419347535921565]}
{"id": 5, "drone": 1, "position":(41.666666666666664,41.666666666666664,1.0), "time":617.7154741026643,"sensors":[20,18,30,1,3,8,15,42],"power":[0.15,1.2353528815944363,0.1519729748542054,0.05579654771385421,0.07526447275933075,0.06049002824292131,0.1590596316162721,0.32846317463484365]}
{"id": 6, "drone": 5, "position":(41.666666666666664,8.333333333333334,5.0), "time":801.4072850624177,"sensors":[34,7,14],"power":[0.2160873628622434,0.08392915177809446,0.0786331274316475]}
{"id": 7, "drone": 5, "position":(16.666666666666668,41.666666666666664,3.0), "time":69.12142197032517,"sensors":[46,12,19,39,48,45,35,13,44,32,38,47,2],"power":[0.01799636459284886,0.04423183783084333,0.06235016802208888,0.03023787986428583,0.0330007544212036,0.008862529248152878,0.0056910258236892285,0.0044115022363078425,0.010204806314902854,0.015091169137332033,0.021854381563468916,0.010877530264597698,0.004453844673553324]}
{"id": 8, "drone": 3, "position":(25.0,16.666666666666668,3.0), "time":174.9716068464465,"sensors":[25,49,7,41,14,21,33,24],"power":[0.026561874456372085,0.07081169070217018,0.033199608116858945,0.04278648658476795,0.023040250557589678,0.05138895644755697,0.03552220335596715,0.061039649273238565]}
{"id": 9, "drone": 3, "position":(8.333333333333334,33.333333333333336,1.0), "time":207.02784827492985,"sensors":[9,12,19,39,48,13,32,10,2,27,5,11],"power":[0.04299449348635928,0.022020277323027308,0.027684385245461865,0.022724538427028845,0.05130495935638071,0.5210406951120893,0.18910616868040095,0.02367998198362695,0.05989980289655189,0.018519205739779786,0.05494826256935276,0.07271848639107703]}
{"id": 10, "drone": 4, "position":(8.333333333333334,41.666666666666664,1.0), "time":341.56620385740916,"sensors":[9,46,12,19,39,48,13,32,2],"power":[0.10700550651364071,0.022584260577547626,0.04135447451504947,0.0576864388733327,0.25194906448825644,0.29275161012158196,0.08167315729574322,0.09909394726282107,0.18485408491690475]}
{"id": 11, "drone": 4, "position":(41.666666666666664,25.0,1.0), "time":507.90743574400136,"sensors":[1,3,41,29,26,4,37],"power":[0.18872457510551388,0.14489335081326482,0.04094026039644079,0.990886925001282,0.49667580679240697,0.15,0.8294008345343789]}
