LP RESULTS :
 Obj = 0.1*lambda1+0.9*lambda2 = 161.61479815697015 (lambda1 = 1589.1479815697014, lambda2 = 3.0) Resol time = 19600 ms

{"id": 0, "drone": 0, "position":(25.0,41.666666666666664,1.0), "time":184.2356602213629,"sensors":[15,38,10,41,19,6,18,7,27,44,42,1,11,46],"power":[0.05058958309924708,0.03897921115875105,0.04916141810356845,0.03611013659866639,0.05301474846808885,0.01811268497459941,0.025119786835919845,0.012714893313420295,0.01398004323063022,0.011891335567463471,0.033057354104412545,0.03970368986809439,0.021972342401369124,0.09513255564511795]}
{"id": 1, "drone": 0, "position":(8.333333333333334,25.0,1.0), "time":243.04775576126303,"sensors":[35,37,32,45,17,0,5,16,8],"power":[0.12822869493261085,0.016240508859049898,0.4412653508769053,0.0221870697390284,0.23855446101104907,0.06102082678276055,0.025633478335602894,0.3458552903855615,0.015673715207429568]}
{"id": 2, "drone": 0, "position":(16.666666666666668,8.333333333333334,1.0), "time":261.60045987172043,"sensors":[37,28,48,45,0,49,5,13,22,3,14,8,21],"power":[0.09867614715205043,0.06240816473183962,0.030252956271779798,0.04387114128050633,0.02488935715072195,0.028975813795019165,0.0734984494674217,0.23491592132523206,0.031840613387271274,0.06439280237635331,1.0063778344593863,0.05961321016395747,0.02147603528641133]}
{"id": 3, "drone": 2, "position":(8.333333333333334,8.333333333333334,3.0), "time":250.5511253421082,"sensors":[37,0,49,5,13,14,8],"power":[0.033489953288721334,0.016251617606601387,0.15673309246680925,0.04607175603388585,0.08685562240786346,0.06814004060502471,0.18462603718494017]}
{"id": 4, "drone": 2, "position":(16.666666666666668,16.666666666666668,1.0), "time":196.311778182818,"sensors":[12,37,28,48,32,45,17,0,49,5,13,22,3,14,8],"power":[0.0244219180909123,0.5548680422971246,0.01902656222659838,0.0868248880214651,0.013019336971799423,0.8743238886759227,0.01415361756660106,0.1753717735736872,0.01781095919136455,0.2825312631779818,0.06335728874760638,0.06198541994810889,0.272500385048073,0.03376054895391842,0.03767648484569834]}
{"id": 5, "drone": 2, "position":(25.0,8.333333333333334,1.0), "time":250.55112534210878,"sensors":[12,37,28,43,48,45,26,5,13,22,3,14,21],"power":[0.037289689457694175,0.031904298703272015,2.505511253421088,0.06439722900754494,0.037910557519922936,0.0245349769412514,0.03723138039218601,0.01697646340406369,0.02375113855780834,0.04953231627531675,0.048956103952726045,0.037080064528518815,0.12852396471358865]}
{"id": 6, "drone": 4, "position":(8.333333333333334,41.666666666666664,1.0), "time":630.5368951235292,"sensors":[15,19,24,7,46,33],"power":[0.09909133553031217,0.05901840372104401,1.7873611161930227,0.08785983331212938,0.04541340003543785,0.14832977803508546]}
{"id": 7, "drone": 4, "position":(41.666666666666664,41.666666666666664,1.0), "time":958.6110864461722,"sensors":[4,20,39,10,41,6,31,27,40,44],"power":[0.2505436353743345,4.814450414272189,0.20817375021200743,0.15624408717078117,0.19491504775250246,0.39182797029164607,0.35962073226228686,0.11786809569790874,0.15,0.26370436139613984]}
{"id": 8, "drone": 5, "position":(41.666666666666664,16.666666666666668,1.0), "time":611.4730868670633,"sensors":[25,47,9,43,34,29,26,30,36],"power":[0.04933666978315227,0.20194381319064778,0.315421578421235,0.058523955598377184,0.040299389271426726,1.0020964554747989,0.07418811116022879,0.11300190286850996,0.07750942636592154]}
{"id": 9, "drone": 5, "position":(41.666666666666664,8.333333333333334,5.0), "time":141.44301073285885,"sensors":[2,47,9,29,30,36],"power":[0.03045031244462776,0.015585088111927166,0.015766069421721613,0.014556206826352825,0.05611181193565629,0.06410907850612717]}
{"id": 10, "drone": 5, "position":(41.666666666666664,8.333333333333334,1.0), "time":389.9306490676129,"sensors":[2,47,9,43,29,26,30,36],"power":[0.11954968755537224,0.05786013927388897,0.051856538324048476,0.03169772135615818,0.052474870286649544,0.025435370657324863,0.583844996146936,0.846792512852332]}
{"id": 11, "drone": 1, "position":(41.666666666666664,25.0,1.0), "time":446.30123490216624,"sensors":[4,25,47,9,34,29,27,44],"power":[0.06169341796502447,0.10066333021684772,0.051612908325074994,0.07883302071841392,0.12247804891145601,0.12959606338899873,0.05255760264744453,0.04229685583497686]}
{"id": 12, "drone": 1, "position":(8.333333333333334,41.666666666666664,1.0), "time":7.099967288262519,"sensors":[15,19,24,7,46,33],"power":[0.0011157875871444915,6.645586310104676E-4,0.02012603156996339,9.893187017170602E-4,5.113636603885333E-4,0.0016702219649145603]}
{"id": 13, "drone": 1, "position":(16.666666666666668,41.666666666666664,1.0), "time":320.9742240343803,"sensors":[15,38,19,18,24,7,42,1,46],"power":[1.0165029963086591,0.044562216021915534,0.18265055600578567,0.055465807700272624,0.044078014301039914,0.06655513592195011,0.05785374770480272,0.037963570647743666,0.16768134156246728]}
{"id": 14, "drone": 3, "position":(16.666666666666668,25.0,1.0), "time":300.4437421188756,"sensors":[23,12,35,37,48,18,32,45,17,0,5,42,16,11,22,3],"power":[0.04345286344168207,0.022413445151945505,0.021771305067389154,0.03803485615443799,0.05488237081626348,0.06500058197618212,0.07034414112327272,0.08098491010831202,0.0912556284558327,0.12992910871005434,0.040174457461081316,0.050999266601505985,0.04298775577260315,0.0190757988728169,0.03928726111944576,0.043360449017910196]}
{"id": 15, "drone": 3, "position":(25.0,25.0,5.0), "time":337.19312029291615,"sensors":[23,12,43,48,18,45,34,0,26,42,11,22,3],"power":[0.16890018119337624,0.06587494729944801,0.021747808740040717,0.061139967518036145,0.04271708520449494,0.03838190369465511,0.03311149802849879,0.024160951781380068,0.03520010254261169,0.04300851086657241,0.06878254309819308,0.05654645466826825,0.03097284124935256]}
{"id": 16, "drone": 3, "position":(25.0,41.666666666666664,5.0), "time":446.3012349021664,"sensors":[15,38,10,41,19,6,18,42,1,11,46],"power":[0.09027303296734043,0.06939139501613484,0.08859760677043405,0.06550212516861595,0.09022448872681722,0.034092925207738496,0.04604715944644933,0.059193079503552425,0.07233273948416193,0.04016931562762034,0.12493481938760179]}
