LP RESULTS :
 Obj = 0.1*lambda1+0.9*lambda2 = 168.15832130970995 (lambda1 = 1663.5832130970994, lambda2 = 2.0) Resol time = 275 ms

{"id": 0, "drone": 0, "position":(8.333333333333334,41.666666666666664,1.0), "time":841.2230860859931,"sensors":[10,18,23,34,25,2,9,28],"power":[0.13124500701063546,0.08617708624134178,0.273920781342606,0.2373779462742793,0.5932877253367178,0.18655248199855393,0.24169213213823926,2.071901358433396]}
{"id": 1, "drone": 0, "position":(25.0,41.666666666666664,1.0), "time":794.6101600761231,"sensors":[39,42,18,32,15,37,19,11,6,47],"power":[0.2613357890376618,0.18218975740888518,0.16412206117435332,0.05409738068366691,0.07263050572161169,0.3204149933650117,0.14562688817352812,0.05693955328672189,0.054178964945941405,0.1801312774481489]}
{"id": 2, "drone": 5, "position":(41.666666666666664,8.333333333333334,1.0), "time":455.6776705500133,"sensors":[12,0,30,27,16,3,38],"power":[0.08031989854421415,0.3306327380605702,0.09389235077469288,0.5004595138577353,0.06513352095929446,0.578305822819401,0.12233977082497331]}
{"id": 3, "drone": 5, "position":(8.333333333333334,16.666666666666668,1.0), "time":738.0363502159737,"sensors":[21,36,22,20,17,43,7,44,4,5],"power":[0.18363420236310882,0.06255467676130966,0.3735484119028118,0.11380668799728152,0.079908581313021,0.15,0.5146389552815936,0.603400842087824,0.20339813598204876,0.1419288727376242]}
{"id": 4, "drone": 2, "position":(25.0,8.333333333333334,3.0), "time":604.8955235309472,"sensors":[26,45,41,1,30,29,13,24,40,4],"power":[0.5242777833354646,0.4101629817114861,0.043316458431077134,0.18709907162785439,0.05811559028610054,0.16166363915338275,0.15,0.3755730267905805,0.27827895959990057,0.059731920528081864]}
{"id": 5, "drone": 2, "position":(8.333333333333334,8.333333333333334,1.0), "time":320.65133935017843,"sensors":[22,20,7,44,4,5],"power":[0.028440799093745757,0.10127069179112375,0.03143902963308007,0.2639180033690216,0.0642991782731273,0.2557121233455889]}
{"id": 6, "drone": 4, "position":(41.666666666666664,16.666666666666668,1.0), "time":1207.905542547086,"sensors":[48,12,0,27,33,16,35,3,38],"power":[0.1416728649666716,1.0644408034963122,0.09248112194489327,0.1302157518017455,0.33911742975685055,0.8785742509305844,0.10312156805608504,0.17800684890989554,0.2439020955713093]}
{"id": 7, "drone": 4, "position":(8.333333333333334,33.333333333333336,1.0), "time":252.8285128647501,"sensors":[21,10,36,17,8,25,2,9,28],"power":[0.01662925333813499,0.07417158104290456,0.030703955560074107,0.032694090126447875,0.028074851829426137,0.04547088108266649,2.528285128647501,0.07576734736008346,0.054217373102083265]}
{"id": 8, "drone": 1, "position":(41.666666666666664,33.333333333333336,1.0), "time":27.74996693498315,"sensors":[48,32,33,49,11,14,6,47],"power":[0.008327135033328393,0.002153651288178727,0.004094085670061658,0.025947378526187483,0.0048572706689195425,0.004334434711423678,0.012944843149175742,0.0020853630245695224]}
{"id": 9, "drone": 1, "position":(25.0,25.0,1.0), "time":455.6776705500133,"sensors":[39,41,36,46,1,32,17,29,15,8,35,47],"power":[0.06657192491983732,0.4164742871654942,0.08799875610216562,2.3172704171211977,0.04609576484824981,0.1530334316973925,0.07553232089064936,0.06721830402822684,0.24234743861552951,0.12192514817057383,0.14182378701687015,0.061699954800533335]}
{"id": 10, "drone": 3, "position":(25.0,41.666666666666664,4.0), "time":27.74996693498315,"sensors":[39,42,18,15,37,19,47],"power":[0.006988578809976605,0.005331457324866198,0.004759331046180117,0.002213251977708279,0.0077900687832509405,0.004373111826471925,0.005174971991954284]}
{"id": 11, "drone": 3, "position":(41.666666666666664,41.666666666666664,1.0), "time":841.2230860859931,"sensors":[37,49,11,14,6,31],"power":[0.10247914919295027,0.12405262147381257,1.0670439858102554,1.4332934028927071,0.2315481594555614,0.15]}
