LP RESULTS :
 Obj = 0.1*lambda1+0.9*lambda2 = 135.47984021376217 (lambda1 = 1327.7984021376217, lambda2 = 3.0) Resol time = 58068 ms

{"id": 0, "drone": 4, "position":(16.666666666666668,8.333333333333334,4.0), "time":120.26133974331151,"sensors":[42,14,10,24,31,18,32],"power":[0.019100351030611213,0.014289685006330368,0.03440888780149394,0.01688097071357953,0.06925374337516728,0.025845947762060527,0.011428543903434028]}
{"id": 1, "drone": 4, "position":(33.333333333333336,25.0,5.0), "time":302.4042987996393,"sensors":[7,46,1,22,40,35,36,39,47,27],"power":[0.04986727961742344,0.03968786654899893,0.06839238173373824,0.05635718889881936,0.04627665391437721,0.037934526517481255,0.03075606983467859,0.03290554401281875,0.04490731751732007,0.1321617682986042]}
{"id": 2, "drone": 4, "position":(41.666666666666664,8.333333333333334,1.0), "time":731.7781756760924,"sensors":[2,21,43,38,12,9,49,6,45,26],"power":[0.06621150641703791,0.32344317653591165,0.15,0.06264951232942274,0.05055011407344558,0.16356571412374832,0.10098106948549951,0.06561960844282333,0.24044536748051903,0.09535821331642144]}
{"id": 3, "drone": 2, "position":(41.666666666666664,41.666666666666664,1.0), "time":468.35296211980176,"sensors":[7,11,41,37,1,23,48,36,0,39,34],"power":[0.04822332564619516,0.1098937316867472,0.14908788975103124,0.07574280719780176,0.04013566651993186,0.224621742143534,0.12896556491659597,0.09621921468996665,0.24657095129786094,0.0820618056436035,0.03154616650427371]}
{"id": 4, "drone": 2, "position":(25.0,8.333333333333334,1.0), "time":596.0202264615293,"sensors":[46,42,38,12,14,10,49,6,40,31,26,32],"power":[0.06953680183071828,0.8183799608688729,0.3741580017586467,0.27794544479653865,0.5599730649677334,0.09234748134815453,0.2079051101978175,0.2575288038368127,0.08868606279055571,0.11953949675879008,0.17523656878563112,0.13857145609656593]}
{"id": 5, "drone": 2, "position":(41.666666666666664,25.0,1.0), "time":260.1299787452237,"sensors":[7,2,21,41,9,1,36,39,27],"power":[0.10539246758879106,0.08816387338540851,0.030189741067601753,0.02308896889346151,0.038366039745227114,0.05258092575086977,0.05385422602938647,0.06764253606404848,0.04871258824583009]}
{"id": 6, "drone": 3, "position":(16.666666666666668,25.0,1.0), "time":1.4938448048075017,"sensors":[46,33,3,10,8,22,35,47],"power":[1.9100475696331962E-4,4.5684917627512823E-4,0.013025888589468553,1.8573075531496788E-4,2.4484011869694227E-4,1.7230085682555678E-4,4.143607177260968E-4,1.5639185073550448E-4]}
{"id": 7, "drone": 3, "position":(25.0,25.0,2.0), "time":104.46944040524693,"sensors":[46,33,3,14,1,22,40,35,47,27],"power":[0.0426963406215914,0.008429877428549651,0.02657233721337773,0.007345367767749218,0.009022067066082317,0.06739772887260129,0.015037283295067054,0.2524787170461613,0.0415268538677324,0.020473027429966095]}
{"id": 8, "drone": 3, "position":(33.333333333333336,41.666666666666664,2.0), "time":192.4417220677101,"sensors":[7,15,11,37,1,44,48,36,0,39,47,34],"power":[0.013846168703430542,0.03923276514372685,0.691533652906915,0.15266873869655237,0.02269914856650391,0.012226629299080638,0.02723997583049872,0.024470607916551514,0.14393561076201902,0.019178314580891125,0.012972326898046201,0.11140306305707756]}
{"id": 9, "drone": 5, "position":(8.333333333333334,25.0,1.0), "time":561.0404327400554,"sensors":[33,3,8,16,19,25],"power":[0.10612441629153739,0.10308348812774024,1.27857333585291,0.09216165322271504,0.21563684663667754,0.05120537329252802]}
{"id": 10, "drone": 5, "position":(25.0,41.666666666666664,1.0), "time":667.0037179501098,"sensors":[15,11,37,22,44,13,0,47,34],"power":[1.4374509808733051,0.13670605459618781,0.13055066591989564,0.04920572500161507,0.13777337070091936,0.3090382783544839,0.05890965340905377,0.07430778833027614,0.8617971791930474]}
{"id": 11, "drone": 0, "position":(8.333333333333334,41.666666666666664,1.0), "time":573.6403123223497,"sensors":[28,33,4,5,20,13,16,30,25],"power":[0.13452389728131361,0.05232838177424336,0.2662144667298894,0.5556752518059799,0.2626483778007849,0.05452561085958208,0.03759275670536113,0.15,0.20567118001338142]}
{"id": 12, "drone": 0, "position":(8.333333333333334,33.333333333333336,1.0), "time":87.15437186516209,"sensors":[28,33,3,4,5,8,13,16,19,25],"power":[0.015476102718686378,0.029139946877075922,0.0073182860694134865,0.01649347570377511,0.017651863139850846,0.010871780321950046,0.005978798841116672,0.020245590071923832,0.013886280444916313,0.057294789028042525]}
{"id": 13, "drone": 1, "position":(8.333333333333334,8.333333333333334,1.0), "time":610.0229911279732,"sensors":[29,10,17,24,31,18],"power":[0.15062226028752787,0.0796414024811306,0.15,1.4619853949817734,0.10806248195912203,0.13785128996402313]}
