LP RESULTS :
 Obj = 0.1*lambda1+0.9*lambda2 = 136.89398109471 (lambda1 = 1341.9398109471, lambda2 = 3.0) Resol time = 2951 ms

{"id": 0, "drone": 1, "position":(25.0,41.666666666666664,1.0), "time":564.825015405947,"sensors":[2,48,31,46,3,18,26,23,28,25,17,5],"power":[0.09542667385336989,0.1319226404393343,0.05995370590748261,0.14960127920724445,0.08648350646356986,0.057257012172466065,0.13646802909076672,0.10738524195408058,0.1599184043742891,0.2415560091767602,0.0747244446206084,0.07721094283766489]}
{"id": 1, "drone": 1, "position":(33.333333333333336,8.333333333333334,1.0), "time":25.383019875517043,"sensors":[45,49,38,39,16,44],"power":[0.029375478649375338,0.004358745445399125,0.0869516484998757,0.006602552508152291,0.026385545623534117,0.0026858504941249047]}
{"id": 2, "drone": 1, "position":(41.666666666666664,41.666666666666664,1.0), "time":97.74392446168554,"sensors":[47,48,0,9,11,3,18,41,33,5],"power":[0.008778401768267967,0.01209095313547033,0.00844653153422168,0.09052585045623399,0.11321803342514151,0.03027885503495317,0.012712566129415832,0.04973523971112214,0.008966072670860309,0.017567628695293387]}
{"id": 3, "drone": 3, "position":(25.0,8.333333333333334,1.0), "time":387.9124720719144,"sensors":[45,30,38,39,14,16],"power":[0.0686279663638523,0.03164755628747438,0.05891123401686768,0.18274647121233478,0.0902575360226731,0.2751826779267221]}
{"id": 4, "drone": 3, "position":(8.333333333333334,33.333333333333336,1.0), "time":59.359608071518096,"sensors":[22,6,15,13,31,46,7,23,37,34,43,35],"power":[0.014941431562856159,0.10270627939135948,0.005230241662311601,0.3663936115885999,0.007267084576657446,0.006407576955548416,0.005775471372878114,0.004362207370793392,0.16671831805371548,0.011360135575052447,0.008407979976655211,0.06919254622129685]}
{"id": 5, "drone": 3, "position":(8.333333333333334,41.666666666666664,1.0), "time":584.295834695875,"sensors":[22,6,13,31,40,46,7,23,37,28,17,35],"power":[0.1350585684371438,0.22338590006288592,0.09875530432266334,0.30529221898515035,0.14999999999999997,0.05989305990619872,0.7583271990737868,0.1327873824134303,0.21237992490174953,0.06149363462786892,0.04639217582414741,0.10297394397418783]}
{"id": 6, "drone": 5, "position":(33.333333333333336,41.666666666666664,1.0), "time":103.0455149655152,"sensors":[2,48,9,11,3,18,26,25,41,5],"power":[0.007399800980567938,0.0704148872178241,0.013694192834767412,0.014737819812906295,0.4265292048915751,0.027846382174895885,0.006722130554592919,0.01946471157914393,0.009775911861031262,0.05522142846704172]}
{"id": 7, "drone": 5, "position":(41.666666666666664,16.666666666666668,1.0), "time":649.5651115267481,"sensors":[49,19,38,21,4,20,44],"power":[1.7198548093886614,0.29706122303997057,0.0620197373519128,0.15905522117427068,0.14999999999999997,0.066285105972274,0.5251032783322812]}
{"id": 8, "drone": 5, "position":(41.666666666666664,8.333333333333334,1.0), "time":279.0792074729205,"sensors":[45,49,38,20,16,44],"power":[0.05199655498677237,0.09122011767696611,0.08275795955344294,0.08371489402772601,0.024071971960503737,0.03097192132143973]}
{"id": 9, "drone": 0, "position":(8.333333333333334,16.666666666666668,1.0), "time":74.71967208254614,"sensors":[42,27,36,1,29,12,8,30,43],"power":[0.04216645692374302,0.04374193420378858,0.08488244619947895,0.01876346447994648,0.08168150784898913,0.033381389738706496,0.013688791475962444,0.02133921234466804,0.0059210064914600085]}
{"id": 10, "drone": 0, "position":(25.0,25.0,1.0), "time":46.200449305504776,"sensors":[2,15,1,18,26,24,34],"power":[0.012705386676536706,0.013743392502667552,0.00520501054801548,0.0032882660504737478,0.007090297200383015,0.1218825260114105,0.007208042788827794]}
{"id": 11, "drone": 0, "position":(25.0,33.333333333333336,1.0), "time":0.1368594515878389,"sensors":[2,15,48,46,3,18,26,23,24,34,35],"power":[8.22079858297321E-4,2.1165025916987555E-5,3.423421157128685E-5,3.8426888141502766E-5,1.1227421593919107E-5,2.538284967780476E-5,2.1030158101265745E-4,8.801714503556943E-6,2.4491374244317505E-5,2.2881442564388907E-5,9.562103816440268E-6]}
{"id": 12, "drone": 2, "position":(25.0,25.0,5.0), "time":111.70588548612426,"sensors":[2,15,1,26,24,34],"power":[0.021903011014372507,0.023968029634485633,0.009352613950715499,0.012859643223455047,0.05423895348605161,0.013515062170582813]}
{"id": 13, "drone": 2, "position":(16.666666666666668,25.0,1.0), "time":5.5656250533580325,"sensors":[2,6,15,13,46,1,29,26,37,24,34,35],"power":[6.890040718058898E-4,4.5203239572975067E-4,0.02117463238047825,6.979606840968945E-4,4.609255289405925E-4,0.0018323555057354116,5.213172350066019E-4,6.831612421035953E-4,3.937963726164438E-4,0.0020689522153941025,0.004291113649023634,9.502467217493901E-4]}
{"id": 14, "drone": 2, "position":(8.333333333333334,25.0,1.0), "time":564.825015405947,"sensors":[42,6,15,13,27,36,1,29,12,37,34,43,35],"power":[0.04705297369712943,0.06512423027864861,0.08586253879414009,0.15736798810539313,0.037482292828378165,0.09975674334874794,0.08484167913475486,0.06656273931390311,0.04132473224334542,0.07588839796393593,0.10278742019941955,0.1356710135318848,0.10598353774967718]}
{"id": 15, "drone": 4, "position":(8.333333333333334,8.333333333333334,1.0), "time":538.9231636136196,"sensors":[42,27,10,36,1,29,12,8,30,32,14],"power":[0.2112701355265931,0.7891987066063555,0.17145967232848242,0.1012406881429718,0.041533982692342694,0.16627118396329618,0.20728154326778456,1.0707676279523286,0.26506859436124935,0.15,0.06042251706057101]}
{"id": 16, "drone": 4, "position":(16.666666666666668,41.666666666666664,1.0), "time":127.75686826881417,"sensors":[2,6,13,31,46,7,26,23,37,28,25,34,17,35],"power":[0.011054043545049706,0.024433919020444325,0.010448898368675635,0.18472751398337706,0.07558853317554584,0.03167564477391937,0.024130056741237093,0.5019055605441103,0.020320687083979824,0.08657160180978958,0.01461746481814909,0.010815344174529421,0.02888337955524417,0.02024717541996157]}
{"id": 17, "drone": 4, "position":(41.666666666666664,33.333333333333336,1.0), "time":529.9880473568599,"sensors":[47,48,0,9,11,19,3,18,21,41,33],"power":[0.1860207514411199,0.06648331902000966,0.4014464833571187,0.045779956708998606,0.3306941926145203,0.054098484763087706,0.07457653824329673,0.13224899904822168,0.03800956707633339,0.42835354924669033,0.1410339273291397]}
