LP RESULTS :
 Obj = 0.1*lambda1+0.9*lambda2 = 133.63492335821505 (lambda1 = 1309.3492335821506, lambda2 = 3.0) Resol time = 15184 ms

{"id": 0, "drone": 2, "position":(8.333333333333334,16.666666666666668,1.0), "time":276.1959693537997,"sensors":[22,6,24,7,9,42,27,45,46,32,21],"power":[0.028988583090585676,0.09797644396346869,0.11496318054898104,0.06701845684376179,0.08154341309001216,0.02001576851891402,0.11076923142648612,0.07886591720401076,1.4424722496775575,0.1003282541927706,0.1628540027207367]}
{"id": 1, "drone": 2, "position":(8.333333333333334,33.333333333333336,1.0), "time":619.3786037780307,"sensors":[22,36,20,40,37,43,3,44,8,34],"power":[0.09885705848504549,0.6834016438685989,0.23484074218146236,0.2439249673218534,0.18348976195562677,0.3152935274129437,0.09802060915029392,0.14381283260507305,0.04762642386420362,1.7041730488662894]}
{"id": 2, "drone": 5, "position":(41.666666666666664,33.333333333333336,1.0), "time":709.5242246189925,"sensors":[10,11,17,16,1,25,41,12,26,31,23,49,28,14],"power":[0.17225186998899386,0.14944026027541324,0.14694007763276462,0.2688998008701697,0.29764587776572415,0.10816622267699799,0.06691134837261428,0.5958811594198186,1.0250043938181819,0.07575064603478013,0.1265079420105602,2.525431554958535,0.06866021580111036,1.0643888653395355]}
{"id": 3, "drone": 5, "position":(33.333333333333336,8.333333333333334,1.0), "time":225.9739983225454,"sensors":[48,18,47,4,15,39,2,0,30],"power":[0.18788297886910074,0.0766805725836455,0.028626874837734222,0.06076442410359998,0.04290828043888047,0.02080332794390693,0.362266784533353,0.4246718182587961,0.027824780058355036]}
{"id": 4, "drone": 5, "position":(16.666666666666668,33.333333333333336,1.0), "time":254.28996920548536,"sensors":[22,33,36,20,37,43,5,3,19,13,8,34],"power":[0.06962778979936689,0.019882509404627987,0.11251736949566285,0.026614590591399364,0.1698962672273361,0.10440540021699189,0.033492321691083335,0.6507459920914277,0.04263202182233795,0.03276385374135851,0.14494658717576092,0.035880706007467435]}
{"id": 5, "drone": 3, "position":(25.0,41.666666666666664,1.0), "time":225.73508011957617,"sensors":[33,29,37,5,3,23,13,8,38],"power":[0.18201603695841256,0.12785469100839542,0.021674632944496,0.28421034796094624,0.037655239052195054,0.0312751377704787,0.08761602639096441,0.06965530884096688,0.1390675135112123]}
{"id": 6, "drone": 3, "position":(41.666666666666664,41.666666666666664,1.0), "time":44.542470235046295,"sensors":[11,29,16,1,25,12,26,23,49,28,14],"power":[0.12852153140785308,0.004019428555860593,0.013505364970396448,0.0034262544636648414,0.05282813083270017,0.004054273447986042,0.010052961245973855,0.013422158060295258,0.0067327069115162294,0.057030343030964416,0.010009262851630991]}
{"id": 7, "drone": 3, "position":(41.666666666666664,25.0,1.0), "time":290.67166052292487,"sensors":[10,17,16,1,41,12,26,31,49,15,14],"power":[0.13049536668595443,0.048409495344213974,0.02149950891784982,0.09052390689033098,0.07453123535789605,0.13496391274815459,0.04593015165033047,0.06395930735289204,0.08782958509793354,0.043951804220106486,0.04634318889927183]}
{"id": 8, "drone": 1, "position":(8.333333333333334,41.666666666666664,1.0), "time":50.46088923422349,"sensors":[36,20,40,37,43,3,44,8,34],"power":[0.015216749175661928,0.1029031198123189,0.006294740473449085,0.014005038104876666,0.01930306909954418,0.0052223996877451325,0.006187167394926949,0.0034464884156145017,0.007460853419007502]}
{"id": 9, "drone": 1, "position":(41.666666666666664,8.333333333333334,1.0), "time":643.0349175412821,"sensors":[35,48,47,15,39,2,0],"power":[0.12780019829499936,0.1038220123260966,0.30100503126936917,0.08171288898301768,0.2651540328388495,0.12232411742241954,0.07600340879921222]}
{"id": 10, "drone": 1, "position":(25.0,25.0,2.0), "time":159.4846912448349,"sensors":[22,17,1,41,27,5,3,19,13,8],"power":[0.021395225874991246,0.02242834239423072,0.010811603797253863,0.02746301297306888,0.010862648198316139,0.010088214469152921,0.0119513867724255,0.10736797817766205,0.017103042363889986,0.012229305732712015]}
{"id": 11, "drone": 0, "position":(41.666666666666664,16.666666666666668,5.0), "time":149.66865719539874,"sensors":[35,10,41,31,15],"power":[0.022199801705000608,0.011229443175513694,0.0145156586686624,0.010290046612327885,0.03631351983124004]}
{"id": 12, "drone": 0, "position":(8.333333333333334,8.333333333333334,1.0), "time":592.8129465100278,"sensors":[6,24,7,9,42,27,45,46,32,21],"power":[0.42439256614518467,1.2978291460478346,0.1386793432906375,0.26892596223645654,0.12998423148108598,0.06386338408490741,0.1081888668178695,0.12044648078065012,0.04967174580722941,0.10486934374415406]}
{"id": 13, "drone": 0, "position":(33.333333333333336,41.666666666666664,1.0), "time":105.12618696035088,"sensors":[33,11,29,17,1,25,5,23,49,13,28,14,38],"power":[0.03934213466748092,0.01377667950799868,0.10126543260356942,0.010643828740639396,0.008712960655958538,0.009670473697690581,0.023725355096396474,0.23225634102913648,0.008980058918331833,0.02129386338153103,0.02430944116792523,0.01961510907957308,0.010932486488787686]}
{"id": 14, "drone": 4, "position":(25.0,8.333333333333334,1.0), "time":440.340317718323,"sensors":[48,18,7,9,4,45,2,0,30],"power":[0.08080502233440187,0.46416993399435563,0.05329742848076883,0.03540034217540442,1.1709536102867701,0.04430042812589174,0.08256854825213136,0.1709433688439517,0.12217521994164497]}
