LP RESULTS :
 Obj = 0.1*lambda1+0.9*lambda2 = 121.08449428712011 (lambda1 = 1183.844942871201, lambda2 = 3.0) Resol time = 3668 ms

{"id": 0, "drone": 5, "position":(41.666666666666664,8.333333333333334,1.0), "time":620.3286780127146,"sensors":[22,46,43,7,45,8,0,2,35,13,32,10,17],"power":[0.16437497672245946,0.13458348129263403,0.07873524646490979,1.9379856689154813,0.0683114155528871,0.10173210793003135,0.09347721747764104,0.17038920127280047,0.04093387315236634,1.223671581100746,1.6035951061832232,0.16039152009241395,0.23134749546830355]}
{"id": 1, "drone": 5, "position":(8.333333333333334,25.0,1.0), "time":175.33304730185387,"sensors":[4,16,30,44,28,31,42,6],"power":[0.0959583558071145,0.03877400602113918,0.02644000443993056,0.015392507937805373,0.027246798788125946,0.598992778020597,0.06662367360332704,0.011273476850386169]}
{"id": 2, "drone": 5, "position":(25.0,25.0,5.0), "time":376.86687017522326,"sensors":[21,39,11,38,28,48,19,25],"power":[0.0770295233437309,0.030456894898279824,0.13296978417883434,0.14201641939614768,0.07879210747764341,0.02597814405246758,0.15339149585630754,0.11385409486253625]}
{"id": 3, "drone": 1, "position":(41.666666666666664,16.666666666666668,1.0), "time":285.9356148208648,"sensors":[22,43,7,45,18,13,32,48,24,17],"power":[0.033214568873972596,0.06954115974259852,0.09982418051966227,0.08695908011942202,0.05631375507220735,0.03239674118691102,0.03574746446825548,0.06073383039941873,0.07003765503197142,0.10473828203114152]}
{"id": 4, "drone": 1, "position":(33.333333333333336,8.333333333333334,1.0), "time":118.625924868689,"sensors":[46,7,45,8,0,2,36,35,13,32,10,23],"power":[0.015416518707365965,0.0295780030947557,0.02213633210027318,0.10248914253573199,0.03766615867858087,0.01535303019680788,0.021272915266190587,0.07209788411765822,0.02051770347022132,0.022424405551957537,0.04770114666541185,0.030069998560393087]}
{"id": 5, "drone": 1, "position":(8.333333333333334,33.333333333333336,1.0), "time":267.34931946872155,"sensors":[4,30,28,47,31,42,26,6,29],"power":[0.1361053110539204,0.19149968313614954,0.02386596619752381,0.020355617354408308,0.0389711799973272,0.06616516370948047,0.03761313570254591,0.1267772043611017,0.027034047899969334]}
{"id": 6, "drone": 0, "position":(25.0,8.333333333333334,4.0), "time":36.60055187080724,"sensors":[8,0,36,35,10,23,12],"power":[0.0058861271160713866,0.0032896137697332314,0.015115981312319685,0.01901430684242438,0.0026072421558688916,0.029114055803795086,0.0035567535590390344]}
{"id": 7, "drone": 0, "position":(16.666666666666668,41.666666666666664,1.0), "time":92.579055813161,"sensors":[20,21,39,1,30,15,47,26,6,5,3,29],"power":[0.020978790457953433,0.009072435110889872,0.007539559359340419,0.006881680323451916,0.018344397346802224,0.014822575020996372,0.01209322131922774,0.008325628320475512,0.029972849869988327,0.02610401928820389,0.016674975999288303,0.008662026015569743]}
{"id": 8, "drone": 0, "position":(8.333333333333334,8.333333333333334,1.0), "time":797.8007277008395,"sensors":[37,16,44,9,27,40,12,49],"power":[0.42125976925385294,0.17088559991940294,0.08840735471530319,0.24242225513146762,0.15,2.04319319528587,0.2708024390473084,0.599393205350321]}
{"id": 9, "drone": 3, "position":(41.666666666666664,41.666666666666664,1.0), "time":113.75572200218801,"sensors":[14,34,41,33],"power":[0.09905421236057148,0.01499775143646791,0.014828912288481173,0.03500359834159257]}
{"id": 10, "drone": 3, "position":(41.666666666666664,33.333333333333336,1.0), "time":500.8202281372272,"sensors":[14,34,41,18,48,24,33],"power":[0.05094578763942852,0.09099222922423295,1.4606078567762104,0.11705623534800368,0.06416612314583896,0.06256162442807109,1.7892105923750552]}
{"id": 11, "drone": 3, "position":(41.666666666666664,25.0,1.0), "time":20.22222973788587,"sensors":[43,41,45,18,48,24,17,33],"power":[0.0017235937924917507,0.007454860108377324,0.0026724328410833325,0.2022222973788587,0.013240035861682821,0.017400720539957493,0.001315573052506846,0.003018528110514505]}
{"id": 12, "drone": 2, "position":(25.0,8.333333333333334,1.0), "time":138.73249543104674,"sensors":[45,8,0,36,35,10,23,12],"power":[0.009259913177863278,0.025503529244187032,0.015567010074044851,0.1136111034214897,0.1795695603242994,0.011443905876805436,0.44031599559704887,0.015819521072701632]}
{"id": 13, "drone": 2, "position":(8.333333333333334,16.666666666666668,1.0), "time":210.71116786850746,"sensors":[4,37,16,44,9,40,31,42,12,49],"power":[0.01592781828151952,0.014832400110248008,2.1071116786850745,0.046200137346891434,0.019633451591235935,0.028603030734452098,0.0683363093614439,0.017211162687192475,0.046468087899805194,0.015271243974239576]}
{"id": 14, "drone": 4, "position":(25.0,41.666666666666664,1.0), "time":394.04117667435264,"sensors":[20,34,21,39,15,5,25,3],"power":[0.4811052736075573,0.06168066664676533,0.054113342255679944,0.13833607392540953,0.4967631745391029,0.02950553498149918,0.03734757106882534,1.738022150368153]}
{"id": 15, "drone": 4, "position":(25.0,33.333333333333336,1.0), "time":175.22781605743228,"sensors":[20,34,21,39,11,38,30,15,28,19,25,3],"power":[0.11285406408643413,0.0383542666202853,0.31390695706510335,0.16374286555248893,0.017030215821165633,0.05075753433682874,0.015752304298458385,0.0167107443986801,0.02580981257463695,0.039891487998832575,0.21877686286271233,0.02687744557251296]}
{"id": 16, "drone": 4, "position":(8.333333333333334,41.666666666666664,1.0), "time":473.35570423003225,"sensors":[4,1,30,47,26,6,5,29],"power":[0.03355364914486249,0.1431183196765481,0.08662021468407521,0.375341431056365,0.5121299001506919,0.32455090998190256,0.09439044573029692,0.3960743153795343]}
