LP RESULTS :
 Obj = 0.1*lambda1+0.9*lambda2 = 131.35272106848632 (lambda1 = 1286.5272106848631, lambda2 = 3.0) Resol time = 60746 ms

{"id": 0, "drone": 0, "position":(8.333333333333334,25.0,1.0), "time":610.6184638673276,"sensors":[40,8,32,48,21,41,20,43],"power":[2.6336371497401307,0.050901302557166433,0.07738065758409174,2.7458136669559434,0.144544425441924,0.16420111981301264,0.12905697161914792,0.06235268678424157]}
{"id": 1, "drone": 0, "position":(41.666666666666664,16.666666666666668,1.0), "time":19.677032639622666,"sensors":[0,44,17,37,46,34,28,38,26,3,19,14,13],"power":[0.0015565499821503688,0.009350383450903494,0.028138262034938816,0.005008829166378992,0.005325306491838873,0.001405421578404098,0.0022276198781628308,0.0012538782478471824,0.0014788359865529933,0.0026475046700223295,0.004065020926751287,0.011140360632116751,0.006738908940862754]}
{"id": 2, "drone": 0, "position":(25.0,41.666666666666664,1.0), "time":553.3889196485848,"sensors":[47,42,35,49,18,5,7,29,33,6,31,22,15,11],"power":[0.12134400767106952,1.9564102791649773,0.10874815615225018,0.10525544829406346,0.06196616678447011,0.0750769613745295,0.4816427685010767,0.0992294401273363,0.038638271507519514,0.07559764341929547,0.09073128559447151,0.8699335431067357,0.0956136642515347,0.0514093499384591]}
{"id": 3, "drone": 2, "position":(33.333333333333336,8.333333333333334,1.0), "time":338.6121304676733,"sensors":[44,12,25,17,37,36,34,24,4,28,38,26,27,13,45,30],"power":[0.085871635409168,0.03180418978604955,0.06903847732368754,0.05303038546128085,0.04020557910025841,0.04269991182630804,0.043944103917109865,0.23694509707320108,0.06248701789548312,2.2654711916306556,0.09540329239742193,0.10886019087974319,0.0811527399438027,0.060745326479528336,0.022794842994446476,0.15071363550838998]}
{"id": 4, "drone": 2, "position":(25.0,8.333333333333334,1.0), "time":570.4346540097537,"sensors":[12,25,36,34,24,4,28,27,45,30],"power":[0.29900824799576026,1.2738863219590615,0.16865563856509963,0.08421219262026194,0.06378538282662874,2.0163196105740977,0.12449540366742011,0.05563689309773381,0.15974931503498105,0.18205202533209472]}
{"id": 5, "drone": 2, "position":(41.666666666666664,41.666666666666664,4.0), "time":118.46967139156527,"sensors":[9,49,29,15],"power":[0.02099817558138614,0.021860981006611546,0.02454039191295759,0.026208507200034082]}
{"id": 6, "drone": 4, "position":(16.666666666666668,41.666666666666664,1.0), "time":38.43676253626891,"sensors":[42,35,16,32,7,41,6,31,22,11],"power":[0.0064759104635380375,0.00635995485968506,0.0033439644617076505,0.008104084225361298,0.009662805095408638,0.0035843709725455787,0.02695877253726467,0.05382374803207142,0.02091129093933539,0.010627830985419095]}
{"id": 7, "drone": 4, "position":(33.333333333333336,33.333333333333336,1.0), "time":3.2400895611965552,"sensors":[47,42,35,49,18,1,5,2,29,33,15],"power":[0.0021106566365872172,2.757840514794959E-4,3.0818824686001684E-4,0.0010656392379291898,6.73916164355177E-4,2.3058913420896567E-4,0.012775626731149688,0.0017658003903387757,9.027422915788976E-4,2.990780035013908E-4,8.260384983320301E-4]}
{"id": 8, "drone": 4, "position":(25.0,25.0,1.0), "time":118.46967139156514,"sensors":[47,35,18,1,5,36,34,2,41,33],"power":[0.017780292798926924,0.02136902869434092,0.05673020188459404,0.5226508472546716,0.014030231741784192,0.019094579589210917,0.026927489635444023,0.0278726134661902,0.010847168433473102,0.08590403097747812]}
{"id": 9, "drone": 1, "position":(8.333333333333334,41.666666666666664,1.0), "time":503.17416131191476,"sensors":[8,16,32,41,6,31,22,11],"power":[0.08084662646843754,0.4837429188151549,0.15312341797262666,0.03594016962064967,0.10297236410534923,0.11277465983942346,0.03254650759165974,0.0722566401228164]}
{"id": 10, "drone": 1, "position":(8.333333333333334,16.666666666666668,1.0), "time":29.060453278684804,"sensors":[40,48,21,20,23,43],"power":[0.007749655216661748,0.008058840324269843,0.005455574558075999,0.03243200241809744,0.010658209701984061,0.03434800157851048]}
{"id": 11, "drone": 1, "position":(8.333333333333334,8.333333333333334,1.0), "time":646.8482935388507,"sensors":[39,10,20,23,43],"power":[0.15,0.20758462965310465,0.1036930430876726,1.8366509294537299,0.2711622512059856]}
{"id": 12, "drone": 5, "position":(41.666666666666664,8.333333333333334,1.0), "time":118.46967139156516,"sensors":[44,17,37,24,28,38,26,27,14,13,30],"power":[0.16919446269842076,0.07398682621584575,0.22276964959599457,0.030375896243344382,0.025104687910474394,0.05334282935473079,0.06870440127825701,0.013210366958463483,0.017672952623544107,0.36563461564028743,0.009095490805926431]}
{"id": 13, "drone": 5, "position":(25.0,16.666666666666668,4.0), "time":239.3337221762484,"sensors":[25,1,36,34,4,28,33],"power":[0.07159256865838502,0.05961692549480028,0.2327949300567385,0.12086908472081512,0.028019175891652766,0.023940579053316098,0.017165941956079348]}
{"id": 14, "drone": 5, "position":(41.666666666666664,41.666666666666664,1.0), "time":595.6003785057312,"sensors":[9,49,5,29,15],"power":[0.12900182441861383,0.13608490566027176,0.04290428528420932,0.14880726323892401,0.16704800403480172]}
{"id": 15, "drone": 3, "position":(41.666666666666664,25.0,2.0), "time":809.768376186002,"sensors":[0,17,46,2,3,19,14],"power":[0.27930747606343426,0.0757413018633058,0.2097701982681878,0.1212050331061138,0.2750910822119023,0.14593497907324873,0.13199277306629761]}
{"id": 16, "drone": 3, "position":(25.0,33.333333333333336,1.0), "time":15.82815157778532,"sensors":[47,42,35,49,18,1,5,2,7,41,29,33,6,22,15],"power":[0.018257990779072808,0.0022860163622444567,0.02200993637467411,0.0018703362266583607,0.030629715166581747,0.002372318958488567,0.005212894868326025,0.002935470477068426,0.0013291471480900827,0.0015907214781413776,0.001625612928531439,0.00799267755542215,0.0023387215341387426,0.002770876851913652,0.0014241083212537886]}
{"id": 17, "drone": 3, "position":(8.333333333333334,41.666666666666664,4.0), "time":134.29782296935252,"sensors":[8,16,32,6,31,11],"power":[0.018252070974396035,0.06014194715763834,0.03269200794229449,0.02204835523672766,0.024422407062026884,0.0157061789533054]}
