LP RESULTS :
 Obj = 0.1*lambda1+0.9*lambda2 = 148.2609635921301 (lambda1 = 1464.6096359213009, lambda2 = 2.0) Resol time = 430 ms

{"id": 0, "drone": 5, "position":(8.333333333333334,25.0,1.0), "time":617.8391820764391,"sensors":[30,43,4,36,44,3,34,25,32,23,37,16],"power":[0.05231134167383387,0.16569859571527493,0.15000000000000002,0.05643275974783638,0.16562574508733302,0.17027372281289485,0.16198690314731054,0.7808874500531234,0.20142035529575333,0.3284080582295246,0.08209520897772955,1.0629215481085295]}
{"id": 1, "drone": 5, "position":(25.0,16.666666666666668,1.0), "time":347.13819247386937,"sensors":[13,30,14,36,19,9,22,10,34,1,41,48,5,39,37,40],"power":[0.04161368666751942,0.11915208686661823,0.0877007302969295,0.04683176276582937,0.8014876146115681,0.047775741902499363,0.07242686726081049,0.042156204066940324,0.025197192984136918,0.0835376269083928,0.3207573954054679,0.026722628064127753,0.29179063254238485,0.024326095967789136,0.03598128480605925,0.09591486208582477]}
{"id": 2, "drone": 3, "position":(16.666666666666668,8.333333333333334,1.0), "time":242.47429715269223,"sensors":[30,22,10,29,5,39,28,40],"power":[0.03145011709174911,0.23877158158625858,0.0607718940153823,0.08250334358678997,0.033927037881749,0.10418099067350836,0.04295764484272761,0.01590151898099829]}
{"id": 3, "drone": 3, "position":(8.333333333333334,8.333333333333334,1.0), "time":846.7704538448621,"sensors":[43,22,29,39,31,28],"power":[0.09458480168423486,0.07149200433820926,0.06179930000401534,0.05935150891943438,0.15,0.2834450322164058]}
{"id": 4, "drone": 0, "position":(8.333333333333334,41.666666666666664,4.0), "time":846.770453844862,"sensors":[44,17,7,35,6],"power":[0.06550182409135724,0.1632280812118369,0.07891228803680742,0.19763780208687107,0.16576582371685175]}
{"id": 5, "drone": 0, "position":(41.666666666666664,25.0,1.0), "time":242.4742971526922,"sensors":[24,14,12,38,9,15,1,27,46,20,26],"power":[0.026539760660306957,0.025301111072721257,0.1521267169325096,0.07539271663799162,0.05131562893703614,0.05353562311388409,0.021461766962159724,0.038394787588158306,0.015303606653628633,0.04615016459464559,0.021015733956449893]}
{"id": 6, "drone": 1, "position":(41.666666666666664,16.666666666666668,1.0), "time":368.84163443330704,"sensors":[14,12,38,9,33,1,48,27,46,20,45,40],"power":[0.06581276191307225,0.044871006345733606,0.03883033746030526,0.07732775007689842,0.04497687865988228,0.07210253061255971,0.08536390959750327,0.0808874020278535,0.10839768642003236,0.7673427780407477,0.029922990853052705,0.0242463059498485]}
{"id": 7, "drone": 1, "position":(41.666666666666664,8.333333333333334,1.0), "time":484.3121185942424,"sensors":[14,33,1,18,48,27,46,20,8,45,40],"power":[0.032056311112925555,0.6484248498267645,0.04467640713064851,0.16804778371446114,0.19685349221166779,0.030717810383988194,0.12710845218918518,0.09690867683221795,0.15,0.12873326925348197,0.03992767066528401]}
{"id": 8, "drone": 4, "position":(16.666666666666668,41.666666666666664,1.0), "time":347.13819247386937,"sensors":[17,7,32,6,47,21],"power":[0.3122097874635699,0.1833253464348224,0.026420122310688025,0.026492985834823856,0.10838418953112315,0.09259700276341486]}
{"id": 9, "drone": 4, "position":(25.0,33.333333333333336,1.0), "time":499.63226137099264,"sensors":[0,13,36,42,38,34,41,32,2,47,21,37,26],"power":[0.34875052063010425,0.15469397380133695,0.09446910502695897,0.08144044442089311,0.041522780396324246,0.04591713818414914,0.03575980451646035,0.04259743034036342,0.038622737967172326,0.1687289144977186,0.2932515737213362,0.08580335488966861,0.09549022759451688]}
{"id": 10, "drone": 2, "position":(25.0,8.333333333333334,1.0), "time":21.84339326718992,"sensors":[30,14,19,22,10,1,41,48,29,5,45,39,40],"power":[0.0019921605485738758,0.0019060925603332022,0.0030728938486823763,0.01563160200279874,0.04707190191767737,0.002282780157921126,0.0018480178010649288,0.0022172077544912665,0.005697356409194691,0.01755063593981808,0.003620271597042826,0.008214254619657777,0.010761669302838315]}
{"id": 11, "drone": 2, "position":(41.666666666666664,41.666666666666664,2.0), "time":722.5030773976159,"sensors":[24,42,15,11,2,49,26],"power":[0.186502342899617,0.07251744310080724,0.14500155434074283,0.22324718883823785,0.2488157497138785,0.1611701719478671,0.08690752039805448]}
