LP RESULTS :
 Obj = 0.1*lambda1+0.9*lambda2 = 138.84101213850744 (lambda1 = 1361.4101213850745, lambda2 = 3.0) Resol time = 148440 ms

{"id": 0, "drone": 1, "position":(25.0,8.333333333333334,1.0), "time":31.649046246626085,"sensors":[20,14,25,41,23,32,42,36,2,15,29],"power":[0.0090516718579876,0.105266361090655,0.004828907920926919,0.0020026152448319417,0.008265353154058925,0.03881080154592748,0.0029265705638690854,0.07121245866962075,0.014257252560341528,0.009298101898826924,0.0023590437445653264]}
{"id": 1, "drone": 1, "position":(16.666666666666668,33.333333333333336,1.0), "time":519.0255798015527,"sensors":[38,12,19,39,49,26,43,40,17,4,13,18],"power":[0.07221326492392768,1.135946514136356,0.036348635233078894,0.04579066457353157,0.062142379661026,0.12664035811817892,0.09621613770963718,0.039989901088559716,0.0695150897893297,0.05432610586771897,0.044306157396983896,0.18150451452936328]}
{"id": 2, "drone": 1, "position":(16.666666666666668,8.333333333333334,1.0), "time":9.27525133097322,"sensors":[24,14,25,30,21,40,23,22,32,13,36,2,15],"power":[0.0027482822295341104,0.001626068072848924,6.928996428005536E-4,8.70408293875859E-4,6.135322352880429E-4,8.117581515854896E-4,0.012894174246432901,6.701512721117357E-4,0.0013008805389129459,6.297734351872493E-4,0.002174733453718977,6.679772818851826E-4,0.008318879285699247]}
{"id": 3, "drone": 4, "position":(41.666666666666664,25.0,1.0), "time":169.80439947611316,"sensors":[10,47,44,33,46,45,0,37,29],"power":[0.02051004917291653,0.026991396387368853,0.1249229860736057,0.04531789052928566,0.012010390872042925,0.023542734593951908,0.18578211843961417,0.06154666051197432,0.014476942846571571]}
{"id": 4, "drone": 4, "position":(16.666666666666668,25.0,1.0), "time":277.37571723964834,"sensors":[38,12,19,24,9,25,30,26,43,40,13,18,11],"power":[0.03407601510971608,0.040901355289887614,0.05630447660929939,0.020065192916258624,0.058665569667297454,0.03474389507360571,0.03578939454735141,0.020176415222942178,0.047412229434369686,0.22160155900875372,0.24000179189164597,0.020713903921368796,0.03958365598434566]}
{"id": 5, "drone": 4, "position":(16.666666666666668,8.333333333333334,3.0), "time":165.44578191227242,"sensors":[24,14,25,30,40,23,22,32,36,2,15],"power":[0.04449973119988169,0.027081231830968985,0.01086232745540796,0.014344773573731906,0.013118190647724706,0.12714748247769245,0.01102687444130541,0.021016275945968773,0.033676886295174416,0.011267499102373773,0.09451970982722273]}
{"id": 6, "drone": 2, "position":(8.333333333333334,41.666666666666664,3.0), "time":225.3416061113416,"sensors":[12,39,49,26,43,17,34,4,18,31],"power":[0.016306940104092515,0.06607742815185748,0.07736718603334516,0.06814633259958645,0.018731364599605206,0.01452755806025548,0.09823599925109379,0.37753227618220375,0.0751145423503634,0.11162684279872889]}
{"id": 7, "drone": 2, "position":(25.0,41.666666666666664,1.0), "time":169.80439947611308,"sensors":[38,12,39,28,35,17,3,27,8],"power":[0.0155411225235225,0.030030779004965737,0.015886690151317284,0.026147226014767752,0.06351807872924853,0.19877498887473888,0.017445194744796225,0.056770122262425414,0.012609415173077764]}
{"id": 8, "drone": 2, "position":(8.333333333333334,8.333333333333334,1.0), "time":519.0255798015527,"sensors":[24,30,21,23,6,22,11,15],"power":[0.22678191016162474,0.09268621411799087,0.11480861167083715,0.0720511389086278,0.15,0.20624160572233619,0.05512157117377567,0.05710438284326651]}
{"id": 9, "drone": 5, "position":(41.666666666666664,41.666666666666664,1.0), "time":1142.0512152181748,"sensors":[48,10,16,47,28,35,3,33,27,37,8],"power":[0.15,0.4871108406290949,2.5888375887003874,0.08403062656990916,0.21326123409126907,0.08516194381190935,0.13626612189440268,0.1759533960362938,0.15901127866805967,0.10653413327275212,0.8186655373087115]}
{"id": 10, "drone": 5, "position":(8.333333333333334,41.666666666666664,5.0), "time":174.2214363202596,"sensors":[39,49,26,43,34,4,18,31],"power":[0.04015124919139789,0.045595447827322125,0.04055798044520383,0.01265346420899669,0.05176400074890622,0.10010723961793903,0.04421733057876562,0.05545877237741498]}
{"id": 11, "drone": 5, "position":(33.333333333333336,33.333333333333336,1.0), "time":8.68641968401651,"sensors":[38,19,10,47,28,35,44,33,27,45,37,8],"power":[0.00206458977228496,6.64794805516935E-4,0.001640933167234213,0.024802195523813908,0.009054082255436798,0.0036844067716249674,0.002368663765316616,0.0030605290497348215,0.0021560956006855194,0.0011359919092008763,0.003550241966176402,9.469754172059022E-4]}
{"id": 12, "drone": 3, "position":(33.333333333333336,16.666666666666668,1.0), "time":114.65333715358975,"sensors":[20,19,7,9,14,25,41,44,42,5,45,36,0,2,29],"power":[0.07765399054994764,0.014870035533975149,0.012575065387639781,0.016414173248493195,0.008487613723925761,0.023295469823810075,0.030043601100431507,0.008292964941644358,0.011840428072571832,0.013207024141416036,0.03788110552660272,0.014511769893776505,0.0151981059677144,0.041976448978218193,0.09315580827142872]}
{"id": 13, "drone": 3, "position":(16.666666666666668,33.333333333333336,5.0), "time":165.44578191227242,"sensors":[38,12,39,49,26,43,17,4,13,18],"power":[0.01768997308549333,0.07509712373921942,0.01165508167959454,0.015278650275822028,0.029332718942465634,0.022942144865934905,0.016829137643685904,0.014051277274796289,0.01151851645479522,0.03767218807257646]}
{"id": 14, "drone": 3, "position":(41.666666666666664,8.333333333333334,1.0), "time":1004.4352515019755,"sensors":[20,1,7,41,42,46,5,0,29],"power":[0.08670828689997606,0.15,1.6996216088389158,0.8410016051799987,0.4133796851927625,0.16512997570852836,7.464356952187459,0.07120948439190344,0.26539043818903196]}
{"id": 15, "drone": 0, "position":(16.666666666666668,16.666666666666668,1.0), "time":390.2877911006278,"sensors":[19,24,9,25,30,21,40,23,22,13,36,2,11,15],"power":[0.045664659662793726,0.13408083525302225,0.0679604661282737,0.08345171328034325,0.10127731926571411,0.04878574798294005,0.39708811946804745,0.19266105010692625,0.029628568473024714,0.22297279995608205,0.06347854347233854,0.02822663886642454,0.07246134102068776,0.034653995180415634]}
{"id": 16, "drone": 0, "position":(25.0,8.333333333333334,4.0), "time":169.80439947611265,"sensors":[20,14,25,23,32,42,36,2,15],"power":[0.03852750411633269,0.1359904191728562,0.02180628178211468,0.0363300712631444,0.08887204196919081,0.013527254750442197,0.1162324599239111,0.050947611824581636,0.04025985102083477]}
{"id": 17, "drone": 0, "position":(33.333333333333336,25.0,1.0), "time":40.868087006770146,"sensors":[38,20,19,9,25,47,28,35,44,33,45,0,37,2,29],"power":[0.008415034585055362,0.003439036180292998,0.009104470250462845,0.00695979095593589,0.005042608469046352,0.014175781518908071,0.003605091579288679,0.002829974246795053,0.014415385219433372,0.007030386248268681,0.08744016797024474,0.006142868333302961,0.011615648273936649,0.002656571386175164,0.004025500212665807]}
