LP RESULTS :
 Obj = 0.1*lambda1+0.9*lambda2 = 134.50385446029955 (lambda1 = 1318.0385446029957, lambda2 = 3.0) Resol time = 9082 ms

{"id": 0, "drone": 2, "position":(33.333333333333336,41.666666666666664,1.0), "time":23.10954121037139,"sensors":[22,47,48,26,11,24,34,2,13,14,41,43],"power":[0.017332564658900772,0.007565035530782122,0.003977271117527562,0.00562158441282571,0.03387269421753172,0.003296909181130181,0.002047378535822204,0.2310954121037139,0.0023802561452503563,0.03047505827787306,0.004958071628053375,0.004796160615452795]}
{"id": 1, "drone": 2, "position":(41.666666666666664,8.333333333333334,1.0), "time":879.135320022975,"sensors":[45,29,35,25],"power":[0.2607353657507048,0.09285471883584463,0.15,0.3095338620686804]}
{"id": 2, "drone": 2, "position":(25.0,16.666666666666668,1.0), "time":249.7924695199456,"sensors":[15,46,27,31,28,21,10,9,38,36,5],"power":[0.11087008220857378,0.04257145856023704,0.04555575604777778,0.03668724090965274,0.2324642070501216,0.022551266826180978,0.07455140700988283,0.21450415551608124,0.022980820097328075,0.12074963379303946,0.05622393746384294]}
{"id": 3, "drone": 3, "position":(25.0,41.666666666666664,1.0), "time":424.81788466613193,"sensors":[22,16,47,48,3,26,11,40,2,13,14,6,23,43],"power":[0.033682265602776706,0.11804613798650201,0.17164455353472868,0.2731740016455559,0.04006037197271535,0.05804865427997042,0.1596747201663483,0.05620299173664046,0.08464202115069243,0.11342099600758943,0.06804815607708772,0.12587117028594644,0.12724989487531366,0.29118803664359694]}
{"id": 4, "drone": 3, "position":(41.666666666666664,33.333333333333336,1.0), "time":613.4088016242194,"sensors":[22,19,26,4,44,24,34,2,1,41],"power":[0.1533325879475152,0.09854159043264375,0.09494165174231523,1.965727020626454,0.10224334192037149,2.6248096194108674,0.6952823426071534,0.06538076339335501,0.06442419946859819,0.12856093287238757]}
{"id": 5, "drone": 3, "position":(25.0,8.333333333333334,5.0), "time":182.0215197737641,"sensors":[15,32,31,28,9,5],"power":[0.07810997608257984,0.021748037774544926,0.08156082518368252,0.04997890937422681,0.04464929972522119,0.03409441480861731]}
{"id": 6, "drone": 4, "position":(16.666666666666668,16.666666666666668,1.0), "time":189.6838905695899,"sensors":[15,46,27,32,28,21,9,30,38,36,5,20],"power":[0.03403819649326019,0.015624352252657079,0.031018944271395395,0.020305294186957864,0.05555909285350273,0.18600736563588094,0.019068893416833998,0.016101629949285563,0.15779992672252585,0.048546897936307364,0.1106486043020807,0.013970108338684771]}
{"id": 7, "drone": 4, "position":(41.666666666666664,16.666666666666668,1.0), "time":140.90154499815458,"sensors":[29,10,1,25],"power":[0.03224223981748492,0.01871858388120579,0.01976022304326989,0.014560599175132376]}
{"id": 8, "drone": 4, "position":(41.666666666666664,41.666666666666664,1.0), "time":229.99852832072565,"sensors":[22,19,26,4,11,24,34,2,14,41],"power":[0.16036936860702114,0.051458409567356096,0.019200153020347447,0.03478698596470767,0.025676266963854957,0.056202778358079616,0.02718525163267383,0.05415536757261906,0.051476785645038936,2.2999852832072567]}
{"id": 9, "drone": 5, "position":(8.333333333333334,8.333333333333334,1.0), "time":614.7188935824487,"sensors":[37,33,32,12,21,38,8,39,5],"power":[0.15,0.17013091483088164,0.15070196571849653,0.5594968038096821,0.1340164681690676,0.05064464043012826,0.20379484193635722,0.155597403999153,0.07981541709801329]}
{"id": 10, "drone": 5, "position":(25.0,25.0,1.0), "time":2.704967461609552,"sensors":[46,47,27,48,26,28,10,9,30,38,36,23],"power":[0.01624558498298292,2.1033760007361108E-4,0.003260757265693521,2.4983901443473343E-4,2.89325455922945E-4,2.5543937904752166E-4,5.397375098033829E-4,2.633491761452582E-4,3.854170492741641E-4,2.003875537827572E-4,0.002254945670392505,1.9227041758433148E-4]}
{"id": 11, "drone": 5, "position":(16.666666666666668,41.666666666666664,1.0), "time":276.1123361760966,"sensors":[0,16,47,48,3,42,49,40,30,13,6,23,43],"power":[0.050310874577174945,1.2614253004608567,0.02002487259039755,0.042714751187434154,0.11335747966332708,0.04547084971070893,0.07721356339660686,0.05733537416148187,0.02052609260302898,0.03419874784716021,0.3512360506493025,0.1160270176681536,0.03733184327605647]}
{"id": 12, "drone": 0, "position":(8.333333333333334,41.666666666666664,1.0), "time":547.205542062491,"sensors":[0,17,16,3,42,49,40,6,23],"power":[1.4375606339924214,0.15000000000000002,0.08882403061039744,0.12812726254312548,0.08145697659939134,0.28432841152327526,0.03646163410187769,0.06819579230727145,0.042154825092859595]}
{"id": 13, "drone": 0, "position":(16.666666666666668,25.0,1.0), "time":67.19781423666655,"sensors":[46,27,7,42,49,28,21,30,38,36,5,23,20,18],"power":[0.015002006126812961,0.04713024376184652,0.0049511539856861055,0.013418229372576645,0.004435367008371815,0.004567531064163488,0.008820549221418105,0.0660434599696565,0.023218006584616025,0.020693256194783047,0.004541469090383937,0.005663199576547754,0.020710114025638278,0.006489348640297351]}
{"id": 14, "drone": 0, "position":(25.0,25.0,5.0), "time":23.998821319938315,"sensors":[46,27,48,26,28,10,9,30,36],"power":[0.01449947095330494,0.009236717595655409,0.001772027641919854,0.0020419469918481147,0.0017172552306724568,0.0036321449922471615,0.0017829861935032294,0.0025677542875570934,0.007910939128716765]}
{"id": 15, "drone": 1, "position":(8.333333333333334,25.0,1.0), "time":193.94050923273545,"sensors":[27,7,42,49,21,30,38,20,18],"power":[0.013797581057631654,0.1450488460143139,0.03630163319700359,0.015767105637392396,0.023767573008668934,0.04437564614119769,0.05145111879927218,0.2260194890962916,0.2534569516147557]}
{"id": 16, "drone": 1, "position":(41.666666666666664,25.0,4.0), "time":298.00167958186614,"sensors":[29,4,44,24,34,10,1],"power":[0.024903041346670506,0.0696255653739644,0.04775665807962863,0.04598187013795947,0.07603654089326728,0.024541812943928074,0.06924251234195791]}
{"id": 17, "drone": 1, "position":(33.333333333333336,16.666666666666668,1.0), "time":602.6390617214815,"sensors":[15,46,31,28,10,9,36],"power":[0.07332761342998942,0.04605712712400519,0.06338754930697957,0.06840838430813323,0.957749744337074,0.22212314298917987,0.056398391281014704]}
