LP RESULTS :
 Obj = 0.1*lambda1+0.9*lambda2 = 158.99844300928163 (lambda1 = 1571.9844300928162, lambda2 = 2.0) Resol time = 122 ms

{"id": 0, "drone": 2, "position":(25.0,8.333333333333334,1.0), "time":490.5334232844691,"sensors":[39,27,29,35,0,8,40,17,31,47,44,32],"power":[0.0980908342096854,0.07317272408476722,0.16797235260441357,0.6442735212571429,0.7403489238469063,0.6359131657981595,0.1123462190958421,0.03242643308554845,0.09464602367911147,0.12535836838754938,0.24969399368862913,0.05689222410296297]}
{"id": 1, "drone": 2, "position":(16.666666666666668,41.666666666666664,1.0), "time":108.16414235968428,"sensors":[5,30,15],"power":[0.019806591138673696,0.10280040047968844,0.03438454873509934]}
{"id": 2, "drone": 0, "position":(41.666666666666664,8.333333333333334,1.0), "time":737.8760799096502,"sensors":[27,36,49,10,1,17,16,23,44,32,38],"power":[0.18199825170488948,0.15,0.5704101275931979,0.9765361295494043,0.6060893737915443,0.13492003491999421,0.9458093186663962,0.3188165546057095,0.07821163470251852,0.09045342794354871,0.24448633520908988]}
{"id": 3, "drone": 0, "position":(41.666666666666664,25.0,1.0), "time":343.57492689869684,"sensors":[7,34,49,41,17,2,13,12],"power":[0.20555873394772242,0.10386141872238307,0.026668126436775668,0.08895179435497944,0.03952054896758355,0.468386825921895,0.05064389739280671,0.07397279711416972]}
{"id": 4, "drone": 3, "position":(8.333333333333334,25.0,1.0), "time":567.8679047251263,"sensors":[33,43,18,3,11,28,25,6,26],"power":[0.08037656258189552,0.04863177911753716,0.0900291706190977,0.06027115740071456,0.42147867237517894,0.0706798456841914,0.17461534760143665,0.10715103117465781,0.23092066294262314]}
{"id": 5, "drone": 3, "position":(41.666666666666664,33.333333333333336,1.0), "time":325.50355949159257,"sensors":[9,19,42,22,7,34,41,48,2,13,12,21,37,4],"power":[0.033501122457893585,0.04572133552008869,0.03137870459996788,0.06684217644166847,0.12030948370675318,0.025039206621110584,0.061048205645020545,0.14596908643905665,0.18201813083719956,0.2015914933303517,0.8938078728874683,0.03020558208840444,0.03353692826918266,0.043302176071657865]}
{"id": 6, "drone": 1, "position":(8.333333333333334,16.666666666666668,1.0), "time":266.2404454580395,"sensors":[33,43,39,11,20,25,6,24,26,14],"power":[0.4030961137420464,0.02005913265236917,0.025655332960823857,0.024762441933698233,0.027057001210247237,0.0684454327231823,0.052067822782002275,0.030480947908039045,0.022177883448352448,0.05805187268305129]}
{"id": 7, "drone": 1, "position":(8.333333333333334,41.666666666666664,2.0), "time":725.9442078234816,"sensors":[18,5,28,30,15],"power":[0.07954883023450378,0.5717390425074258,0.13350962563375218,0.35635296056884064,0.04802916255620765]}
{"id": 8, "drone": 4, "position":(8.333333333333334,8.333333333333334,2.0), "time":471.6356344516108,"sensors":[33,39,35,20,24,47,14],"power":[0.11797637212177549,0.105825471125206,0.03138959568531259,0.12294299878975276,0.7070325725720021,0.04936103886072153,0.09220286031397232]}
{"id": 9, "drone": 4, "position":(25.0,25.0,1.0), "time":737.8760799096503,"sensors":[43,45,3,25,34,40,15,26],"power":[0.291042113979403,0.5126560591839668,0.2836850926856193,0.0769350267040501,0.0921051701584154,0.0990902057350078,0.06758628870869299,0.06556014023741434]}
{"id": 10, "drone": 5, "position":(41.666666666666664,41.666666666666664,1.0), "time":902.9059437025267,"sensors":[9,19,42,22,48,2,13,12,21,37,4,46],"power":[0.14420740979011762,1.552911450386442,0.6023303247442157,0.13346954919155907,1.1231685816219175,0.05833339135427556,0.15903694008222136,0.173401660810931,0.16257187100802215,0.26685106472968884,1.9476412674227161,0.15]}
{"id": 11, "drone": 5, "position":(25.0,8.333333333333334,4.0), "time":343.57492689869673,"sensors":[39,27,29,35,0,8,40,31,47,44,32],"power":[0.05714946193996699,0.04516710391793392,0.09088944814492754,0.18252150298450415,0.19181483008846226,0.18704196674188478,0.06546154946061007,0.055353976320888544,0.07018627239385794,0.11347269905510837,0.034474166122983055]}
