LP RESULTS :
 Obj = 0.1*lambda1+0.9*lambda2 = 133.2906991570384 (lambda1 = 1305.9069915703842, lambda2 = 3.0) Resol time = 560407 ms

{"id": 0, "drone": 5, "position":(41.666666666666664,41.666666666666664,1.0), "time":837.1692469543249,"sensors":[24,10,9,16,20,27,36,15,44,37,35],"power":[0.32325853622856104,0.7119254880905956,0.08203236973734693,0.12097145528181921,0.21304638505623072,1.6647915745998598,0.17110316505865214,0.14999999999999997,0.2299453772313689,0.07988841612150499,0.2579891015932646]}
{"id": 1, "drone": 5, "position":(25.0,8.333333333333334,5.0), "time":100.35365474614,"sensors":[39,6,8,19,14,18,38,4,13],"power":[0.014711521273785942,0.007041233158102707,0.007330503316603755,0.020935900233152133,0.015223618019629742,0.021587343607150398,0.009010919333999641,0.02385513769020111,0.009858786735056883]}
{"id": 2, "drone": 5, "position":(8.333333333333334,16.666666666666668,1.0), "time":306.82804471961873,"sensors":[7,11,48,49,46,6,8,29,21,42,28,38],"power":[0.03500023614847832,0.17352226014287572,0.08748645735105351,0.06763158763004207,0.1075268872269616,0.1073801009580075,0.07927231468340838,0.03147161160800734,0.05697495703188879,0.30244508341673876,0.08712113888327382,0.023350968811956068]}
{"id": 3, "drone": 3, "position":(33.333333333333336,25.0,2.0), "time":365.0660392740634,"sensors":[2,30,25,0,1,45,43,22],"power":[0.05249821288237931,0.07863231262817394,0.0683553823239119,0.39383930612703866,0.17979994288633536,0.10230605695172709,0.0732498508337222,0.06081988263238168]}
{"id": 4, "drone": 3, "position":(41.666666666666664,16.666666666666668,1.0), "time":251.38140243730314,"sensors":[2,34,33,30,14],"power":[0.938225746862675,0.14301109942556955,0.1344903510923291,0.2521127104192771,0.0317696154441483]}
{"id": 5, "drone": 4, "position":(33.333333333333336,8.333333333333334,1.0), "time":448.12232689900407,"sensors":[2,34,19,30,14,18,4,13],"power":[0.03831290282640154,0.1338187313978082,0.029911526740713183,0.05272597915012296,2.357004156095992,0.030026891066962668,0.29258037987992624,0.44292022227026345]}
{"id": 6, "drone": 4, "position":(8.333333333333334,41.666666666666664,1.0), "time":676.1700338303208,"sensors":[5,40,23,3,26,32,31,12],"power":[0.10654720773373533,6.097224051782939,0.19956188439601966,0.1660548764458339,0.15,0.20366334276973977,0.20387636533619946,0.06960216746485856]}
{"id": 7, "drone": 4, "position":(16.666666666666668,41.666666666666664,1.0), "time":181.61463084105935,"sensors":[5,40,17,41,47,32,31,12],"power":[0.0900812567004371,0.046207063795543235,0.03036686243291504,0.03664394536948415,0.03670483707921374,0.02901898402597762,0.04967321117240966,0.2834634338338019]}
{"id": 8, "drone": 1, "position":(33.333333333333336,41.666666666666664,2.0), "time":20.615417717054846,"sensors":[24,10,9,16,27,25,1,47,44,37,35,22],"power":[0.0377591337720087,0.0018744202147344315,0.005555785052452337,0.014229832449895034,0.007458964943511624,0.004167594577548886,0.001982226041193361,0.003922213883766837,0.0018077488384813363,0.006575423116426776,0.0019490925986304995,0.0020323994350652202]}
{"id": 9, "drone": 1, "position":(16.666666666666668,8.333333333333334,1.0), "time":398.3860891084462,"sensors":[49,39,6,8,19,29,18,38],"power":[0.0699863311793411,0.3763629311447741,0.17716917606708887,0.10129147760369467,0.10269645021770102,0.07408810982945761,0.09838576532588693,0.0442578053106871]}
{"id": 10, "drone": 1, "position":(25.0,25.0,4.0), "time":259.0019800361657,"sensors":[49,17,25,0,1,38,45,43,22],"power":[0.024219203381111647,0.03842205168821037,0.02916041912258488,0.057715793503409545,0.03914261881376844,0.0547476966015246,0.13441756590338585,0.21674698513210763,0.056525559564547474]}
{"id": 11, "drone": 2, "position":(8.333333333333334,25.0,1.0), "time":82.23148360374027,"sensors":[11,48,23,49,46,6,8,21,42,28,32],"power":[0.12425575714489805,0.06251354264894649,0.008015149539925505,0.00950220140588534,0.024672803287180325,0.005850404457884151,0.008056000315070578,0.31450175302477595,0.02443854611919086,0.36601832976862486,0.012151101703225245]}
{"id": 12, "drone": 2, "position":(33.333333333333336,16.666666666666668,1.0), "time":241.33722296001363,"sensors":[2,34,33,30,0,1,14,38,45,43,4,13],"power":[0.0649568118608234,0.07139776531501235,0.015509648907670886,0.13766654367317693,0.024955900686896126,0.015954056374240085,0.07110393621076481,0.01863260994183259,0.053465078522748476,0.03171545912598983,0.02017567277237491,0.02185012776590012]}
{"id": 13, "drone": 0, "position":(25.0,41.666666666666664,1.0), "time":448.12232689900475,"sensors":[24,5,17,9,16,41,25,47,37,22,12],"power":[0.05662518244284567,0.06615406640984442,0.08161843454586772,0.062411845210200885,0.0885900490600316,0.11335605463051585,0.06458816139939023,0.9935868100894427,0.08824348459604318,0.06834521596959642,0.24028903283119313]}
{"id": 14, "drone": 0, "position":(8.333333333333334,8.333333333333334,1.0), "time":259.4593941024134,"sensors":[7,11,49,39,46,6,8,29,42],"power":[0.11499976385152177,0.016430733160056818,0.02189990892405399,0.04130955293355129,0.017800309485858087,0.07732970629503272,0.0331697908337076,0.4021630986966263,0.029310322425109944]}
