LP RESULTS :
 Obj = 0.1*lambda1+0.9*lambda2 = 172.52378063167592 (lambda1 = 1707.237806316759, lambda2 = 2.0) Resol time = 179 ms

{"id": 0, "drone": 2, "position":(41.666666666666664,25.0,1.0), "time":760.9900396446386,"sensors":[2,14,10,22,38,24,12,35,32,21,25,20,40,15],"power":[0.1799392582560936,0.20804495927363814,0.050882497482641266,0.05740205188753069,0.09737011593648577,0.09161991920999155,0.09448330313652951,0.3873286380531319,0.2252707643331902,0.15,0.06418071079831868,0.06657221902966703,0.22464118457015472,0.27114997818836356]}
{"id": 1, "drone": 0, "position":(25.0,41.666666666666664,4.0), "time":711.0990366269441,"sensors":[34,41,23,29,26,7,13,44,47],"power":[0.14526881142215697,0.049476973418089494,0.23457494520389388,0.18380562684424426,0.1139482216126588,0.48626093813381005,0.05590683115978539,0.15611632193093897,0.2958446550639183]}
{"id": 2, "drone": 0, "position":(33.333333333333336,8.333333333333334,1.0), "time":719.9059205898145,"sensors":[3,10,5,31,36,20,27,37,15],"power":[1.6422314288434314,0.06963862682936665,0.30154782809784186,0.24631981749808216,3.221183664289542,0.2340245998465488,0.15,0.09393092554708561,0.05815943386488546]}
{"id": 3, "drone": 5, "position":(8.333333333333334,8.333333333333334,1.0), "time":790.1425368601148,"sensors":[49,39,9],"power":[0.15745296968448358,0.09348832264873244,0.15]}
{"id": 4, "drone": 5, "position":(25.0,25.0,5.0), "time":711.0990366269441,"sensors":[11,14,1,34,12,13,42,32,18,37],"power":[0.22110002815472238,0.08927920145513948,0.14433586299502463,0.07657015424555566,0.14492753949401493,0.20858288575759049,0.04812471330423757,0.07265752774712436,0.0883007025478119,0.08961535805625231]}
{"id": 5, "drone": 3, "position":(41.666666666666664,41.666666666666664,1.0), "time":946.2477666721202,"sensors":[2,22,38,24,46,8,44,25,40,4,16,48,28],"power":[0.18234227630406388,1.002462447725922,0.11296383437519797,0.3253001460779565,0.20296794326068315,0.3254003141858025,0.15361842453476154,0.3377752543507375,0.1537318189556939,0.15,0.6301984986322801,0.5579286081444343,2.874409012401613]}
{"id": 6, "drone": 3, "position":(41.666666666666664,8.333333333333334,1.0), "time":226.34184608230578,"sensors":[3,10,35,5,31,36,20,15],"power":[0.036614321748293564,0.1431487506363972,0.023783228960089754,0.014721174065302569,0.12482730540726181,0.04510992215141785,0.04196769080800954,0.02867898524597951]}
{"id": 7, "drone": 1, "position":(8.333333333333334,41.666666666666664,1.0), "time":994.4408152893141,"sensors":[43,30,41,23,26,45,0,42,6,33],"power":[0.6547781466965101,0.18466437132300645,0.3583454893943337,0.07133487009984059,0.1670874178819462,0.1761532879544745,0.15,0.10502814823425977,0.695744317273425,0.6395274920987372]}
{"id": 8, "drone": 4, "position":(8.333333333333334,16.666666666666668,1.0), "time":915.3973150561434,"sensors":[17,49,19,39,18],"power":[0.22101151274540246,4.787780096710124,0.15491040045372115,0.11106535758474886,0.14946538228701411]}
{"id": 9, "drone": 4, "position":(16.666666666666668,25.0,1.0), "time":1.697954400500708,"sensors":[11,30,1,34,17,26,49,13,42,39,18,37],"power":[3.251497933523453E-4,1.2466478420801412E-4,0.005664137004975346,2.1186716995098563E-4,1.3140278623921525E-4,1.285883353442881E-4,1.3567131083738556E-4,1.847066341308849E-4,4.4369241517537816E-4,1.4166525731192193E-4,0.004211203726040749,1.1931772569031731E-4]}
