LP RESULTS :
 Obj = 0.1*lambda1+0.9*lambda2 = 135.0634642486733 (lambda1 = 1332.634642486733, lambda2 = 2.0) Resol time = 188 ms

{"id": 0, "drone": 3, "position":(8.333333333333334,41.666666666666664,5.0), "time":733.1611292839046,"sensors":[2,22,16,41,28,4,33,48],"power":[0.06080807378902468,0.15,0.14542112636669138,0.22039831226872753,0.1285940742458848,0.4627021514012279,0.29814922408942945,0.24392510497107045]}
{"id": 1, "drone": 3, "position":(41.666666666666664,16.666666666666668,2.0), "time":195.66930966488388,"sensors":[13,49,35,38,31,14,5],"power":[0.14818119837275212,0.05158133362890158,0.03684408301593506,0.047468746633837045,0.0456347409941853,0.04012137471857064,0.2360782641746646]}
{"id": 2, "drone": 0, "position":(41.666666666666664,8.333333333333334,2.0), "time":631.9431446620117,"sensors":[13,49,35,14,5],"power":[0.06578117875827924,0.5257637903481319,1.5198826979191153,0.08080469478926476,0.20142012573217696]}
{"id": 3, "drone": 0, "position":(41.666666666666664,25.0,1.0), "time":446.7985159611899,"sensors":[13,15,38,31,14,5],"power":[0.1384720661991425,0.12201027181478878,0.1894973463775854,0.10436525900581468,0.03220333560317092,0.05434576596437972]}
{"id": 4, "drone": 2, "position":(8.333333333333334,8.333333333333334,1.0), "time":827.6124543268955,"sensors":[11,23,34,8,44,18,3,0,20,27,25,1],"power":[0.6098968446378346,0.12528540877238273,0.2260005988328227,0.057228090014280704,0.43116081829297626,0.08270312967062599,0.3101792481546706,0.06630210195195921,0.15537394976839708,0.29766928849406193,0.15,0.340849013092656]}
{"id": 5, "drone": 2, "position":(25.0,8.333333333333334,1.0), "time":505.02218815983724,"sensors":[49,8,21,3,26,7,9,46,20],"power":[0.03203718412509166,0.17690058690156188,0.5746783216300491,0.04948448812872915,1.163552658927845,0.15,0.13013281684517597,0.29319831504740107,0.10359943625600221]}
{"id": 6, "drone": 5, "position":(8.333333333333334,25.0,2.0), "time":446.7985159611899,"sensors":[45,2,23,34,19,32,18,0,29],"power":[0.06302830437803485,0.1988703636300924,0.058902693979601566,0.04617797428983579,0.06873030776539099,0.15,0.09678878301733539,0.12210154294105127,0.04926539255778976]}
{"id": 7, "drone": 5, "position":(41.666666666666664,41.666666666666664,5.0), "time":885.836126525543,"sensors":[15,12,6,10,47,17,43,40,30],"power":[0.059603774733839605,0.186092736352569,0.1864156344137385,0.09465221351633447,0.25725224663612506,0.10233729210733897,0.16920002683053353,0.21082409657173137,0.34738651854645564]}
{"id": 8, "drone": 1, "position":(16.666666666666668,41.666666666666664,3.0), "time":599.4735132028283,"sensors":[16,37,41,28,4,33,24,48],"power":[0.05708014757841605,0.0783733558054256,0.06361255728496924,0.04066075853203723,0.1321532512958241,0.05509920187843073,0.049314716113860894,0.2703995254980512]}
{"id": 9, "drone": 1, "position":(25.0,25.0,5.0), "time":690.1668168606591,"sensors":[45,36,39,38,19,42,29,9,46],"power":[0.12623213592653232,0.20830526547890407,0.18844718254486742,0.051941774783443154,0.1316555652587808,0.15055638826872342,0.18479965658627232,0.08130270424956344,0.050371185826780504]}
{"id": 10, "drone": 4, "position":(25.0,41.666666666666664,4.0), "time":321.5750673194396,"sensors":[36,39,37,6,10,42,17,43,24],"power":[0.023754918521917124,0.030315409279780416,0.07162664419457437,0.034967755849911304,0.07789954195358996,0.033534532568056136,0.07734072279371064,0.03519599473383287,0.10654850979751485]}
