LP RESULTS :
 Obj = 0.1*lambda1+0.9*lambda2 = 163.67707038111624 (lambda1 = 1618.770703811162, lambda2 = 2.0) Resol time = 214 ms

{"id": 0, "drone": 3, "position":(41.666666666666664,33.333333333333336,1.0), "time":758.6516502927439,"sensors":[10,33,7,13],"power":[0.06620864079883694,0.1276641888312904,0.1789642353537538,0.17792721629443392]}
{"id": 1, "drone": 3, "position":(25.0,25.0,1.0), "time":326.8281611545019,"sensors":[42,48,47,2,35,45,28,22,0],"power":[0.05066731720218708,0.0339470331519174,0.050400216827641384,0.027113000213942716,0.02999613317662547,0.13709710110419332,0.04426586186540103,0.8021429688212277,0.02490671674683765]}
{"id": 2, "drone": 5, "position":(8.333333333333334,41.666666666666664,2.0), "time":977.664654356137,"sensors":[6,27,44,2,5,24,4,19,49,36,14,41],"power":[0.15,0.5799306406442587,0.16326989216973342,0.06746583301104081,0.2770025391055565,0.2684610432577533,0.16462394280443388,0.18597809602846996,0.2730991002644726,0.43318005715930974,0.4141734164928884,0.11051317520970844]}
{"id": 3, "drone": 5, "position":(25.0,33.333333333333336,1.0), "time":155.84983411285825,"sensors":[42,48,2,5,35,45,28,22],"power":[0.022832310016787895,0.014342440518214478,0.06744036132606661,0.015286116308589493,0.12000386682337455,0.1643589493052253,0.031919541908825656,0.03669017599723252]}
{"id": 4, "drone": 1, "position":(16.666666666666668,8.333333333333334,1.0), "time":246.1475674213923,"sensors":[16,30,32,20,26,31,17,47,43,46,39,37,0,34],"power":[0.01655467416375082,0.11112987315750793,0.08922998518322622,0.06806910993410939,0.07124404078967031,0.07424449910034232,0.1880984539026147,0.048284383906097454,0.041582975998287836,0.031138074726126112,0.05631488124199456,0.050340228464579875,0.09056424281625662,0.24829176401136255]}
{"id": 5, "drone": 1, "position":(41.666666666666664,8.333333333333334,1.0), "time":1372.6231363897698,"sensors":[21,8,9,25,11,40,3,1,18,29,15],"power":[0.3595278445954383,2.469039004239719,0.24814434969263915,0.8883641632736015,0.11039604396168191,0.3376257174237589,0.18249729740393725,1.4103460222321875,0.15,6.895678487997068,1.9116787112725553]}
{"id": 6, "drone": 2, "position":(8.333333333333334,25.0,1.0), "time":311.313574047224,"sensors":[16,30,42,48,38,46,24,23,49,28,37,41],"power":[0.09678608175340665,0.022049572430544284,0.06560715646635326,0.09933183113488099,0.5221841230929154,0.05675612313507492,0.04839161954008365,0.02604152031055336,0.04590868297757636,0.04132585128042501,0.029991936608288517,0.027847420660740457]}
{"id": 7, "drone": 2, "position":(8.333333333333334,8.333333333333334,3.0), "time":526.0765196772941,"sensors":[16,30,32,20,26,17,43,46,39,23,37,34],"power":[0.07284648934138072,0.13839633282435046,0.38314955145181073,0.6986965926888197,0.05350539677232471,0.037795043085959615,0.13418311339484085,0.11595608039113435,0.09368511875800543,0.13413127416380638,0.21821230359280125,0.19227002477507663]}
{"id": 8, "drone": 4, "position":(41.666666666666664,25.0,1.0), "time":246.14756742139258,"sensors":[9,10,25,13],"power":[0.025858397359987288,0.08379135920116305,0.022959713936268562,0.7870724570439518]}
{"id": 9, "drone": 4, "position":(41.666666666666664,41.666666666666664,1.0), "time":860.1190535184182,"sensors":[33,12,7],"power":[1.023553352879294,0.15,5.321644645792951]}
{"id": 10, "drone": 0, "position":(8.333333333333334,33.333333333333336,1.0), "time":158.428054187665,"sensors":[42,27,48,38,2,5,24,49,36,14,28,41],"power":[0.030643012838508697,0.011615352457647908,0.04099615697919479,0.02615786964601783,0.013912696267687406,0.039618705366633145,0.5723765039580464,0.37541209460848063,0.01595209347460156,0.012713591059253274,0.03248874494534831,0.03663774422090975]}
{"id": 11, "drone": 0, "position":(25.0,8.333333333333334,1.0), "time":246.1475674213923,"sensors":[30,26,31,17,47,11,40,3,0,34],"power":[0.020336892050340928,0.03224499014668567,0.16700239459860036,0.18868103321959884,0.051315399266261164,0.06039279855791159,0.033903684972139816,0.08817050054349558,0.08516229355017861,0.024021204340131663]}
