LP RESULTS :
 Obj = 0.1*lambda1+0.9*lambda2 = 102.52798936294728 (lambda1 = 998.2798936294727, lambda2 = 3.0) Resol time = 35198 ms

{"id": 0, "drone": 5, "position":(41.666666666666664,41.666666666666664,5.0), "time":26.37512806243444,"sensors":[42,3,24,20,5,31,48,28,32,1,39,6,13],"power":[0.004159422700340836,0.008465901431476606,0.0076249711332246626,0.005601750487278209,0.0028748446054954993,0.009246071909231594,0.011134012849649676,0.0030890190041698955,0.004956858542184464,0.004103136808812678,0.003321397588518688,0.004437826898910215,0.0030372276142102794]}
{"id": 1, "drone": 5, "position":(25.0,8.333333333333334,1.0), "time":77.50449937478757,"sensors":[22,25,34,16,33,43,8,0,27,41,35,4,30],"power":[0.00890300419663736,0.008713844012623028,0.016806108390924605,0.019856183833526157,0.005701062512335931,0.009055187099652813,0.10771523029175646,0.01026513896563512,0.04609956630189169,0.42443858910469406,0.6068412265323898,0.004987473675153557,0.09522139863663409]}
{"id": 2, "drone": 5, "position":(41.666666666666664,41.666666666666664,3.0), "time":519.4711112661581,"sensors":[42,3,24,11,20,5,31,48,28,32,1,39,6,13],"power":[0.09839921289659181,0.26565469516355267,0.21475688478004545,0.03584365275952067,0.13850344454537544,0.06985951498717634,0.31011415760064603,0.4699077322279125,0.07554208521260077,0.12296576378418653,0.09796968904868704,0.07844505733891506,0.1059887356581756,0.07328901215206725]}
{"id": 3, "drone": 4, "position":(41.666666666666664,8.333333333333334,1.0), "time":795.4940920267562,"sensors":[25,14,33,29,0,9,26,47,4,30],"power":[0.14128615598737695,3.617878041479607,0.5823889484415976,0.48053711053381754,0.21391764378365657,0.09234952608162299,0.2109880582757553,0.4459672842959407,0.15948313086316013,0.05443190130883612]}
{"id": 4, "drone": 4, "position":(33.333333333333336,33.333333333333336,1.0), "time":21.15413183416763,"sensors":[3,11,20,44,49,5,31,48,28,32,1,15,39],"power":[0.0039403036530612865,0.004884347388752237,0.010985747686514991,0.001446835626921676,0.03700218099197108,0.010491472782875561,0.002608890417481485,0.003643285022771918,0.020631974036032,0.0022619861493306933,0.0035608953190028564,0.003899150101275363,0.006877609911315699]}
{"id": 5, "drone": 4, "position":(33.333333333333336,16.666666666666668,1.0), "time":98.90617416549318,"sensors":[22,34,14,33,29,8,0,27,9,26,41,35,4,30],"power":[0.01260255191507222,0.015397580246690058,0.00957949190252536,0.010510348910224721,0.007484769348730563,0.019771732033532795,0.04757956603626709,0.007897805587029363,0.013091968968208795,0.046146860941104276,0.009423946808402722,0.011476341616713459,0.13852276086223567,0.014551425701668853]}
{"id": 6, "drone": 2, "position":(8.333333333333334,41.666666666666664,1.0), "time":594.3745282493635,"sensors":[46,10,7,19,21,23,12,45],"power":[0.04476991261421043,0.041874983875525074,1.3866351353406658,0.11867534400389827,0.3510831793565088,0.1394695243355109,0.39832754379748603,0.1028551001239002]}
{"id": 7, "drone": 2, "position":(8.333333333333334,25.0,2.0), "time":224.15900910055177,"sensors":[46,10,19,38,12,40,45],"power":[0.12442928525834653,0.15732027081199798,0.02182920880019012,0.014238440154498733,0.017706589296153118,0.018775038692100794,0.025855028519446745]}
{"id": 8, "drone": 2, "position":(41.666666666666664,16.666666666666668,1.0), "time":26.375128062435643,"sensors":[11,14,33,29,0,9,26,47,4],"power":[0.0022107924922692124,0.0073791018348772965,0.0028349222573234036,0.0103995230303364,0.005441024388719304,0.044558504950168214,0.03543387481928085,0.004218475762299171,0.012360906799980064]}
{"id": 9, "drone": 3, "position":(25.0,41.666666666666664,1.0), "time":746.7467274423174,"sensors":[17,18,2,44,37,49,15],"power":[0.419331779102185,1.2671936597591946,0.13319231164086656,0.07333685555074161,0.1911622242378283,0.0822744499386695,0.04792290490664773]}
{"id": 10, "drone": 3, "position":(16.666666666666668,33.333333333333336,1.0), "time":16.175548158899915,"sensors":[46,10,7,44,15,12,40],"power":[0.004489867933235384,0.0018164635602520873,0.0017292781698094448,0.014299966400790717,0.0021172519963059346,0.004155229271777054,0.004012660848740464]}
{"id": 11, "drone": 3, "position":(8.333333333333334,41.666666666666664,5.0), "time":163.5708081206575,"sensors":[7,19,21,23,12,45],"power":[0.0775274249932514,0.02422290683638272,0.0471494162678263,0.02866297948891515,0.05079422180256598,0.021289871356653046]}
{"id": 12, "drone": 0, "position":(41.666666666666664,33.333333333333336,1.0), "time":179.74635627955738,"sensors":[3,24,11,20,49,5,31,48,28,32,1,39,6,13],"power":[0.18505067688389304,0.01168249374286245,0.1235951012092767,0.12441433697165812,0.021177459689327615,0.2566297531042461,0.1192430637401817,0.0883574790874277,0.1439147868688763,0.23649597646325157,1.142922107314102,0.585111990797661,0.048830063455064576,0.034659812038280474]}
{"id": 13, "drone": 0, "position":(16.666666666666668,16.666666666666668,1.0), "time":342.1867997698241,"sensors":[22,34,16,43,8,27,41,35,40],"power":[0.10375494430958421,0.1018652276098429,0.06117036716296072,0.027081316887881728,0.022513037674710742,0.10470551338274127,0.04527223201063579,0.02947197406030824,0.04563294051137406]}
{"id": 14, "drone": 0, "position":(41.666666666666664,41.666666666666664,1.0), "time":251.53316618715508,"sensors":[42,3,2,24,11,20,5,31,48,28,32,1,39,6,13],"power":[0.052257926112554205,0.1915979051938632,0.016807688359133443,0.1379680249045305,0.01871078099831864,0.07577063601475076,0.03678756456001822,0.2346794267408089,0.4195823604212219,0.03887314156627595,0.06660718073023429,0.050956739178707654,0.04196556090604552,0.05833035304889491,0.039013948195442]}
{"id": 15, "drone": 1, "position":(25.0,25.0,1.0), "time":50.63267807343059,"sensors":[22,34,44,49,15,40],"power":[0.019193129334761902,0.010341135167900755,0.012769526203553054,0.009545909380031305,0.07059183841812346,0.03163451746414087]}
{"id": 16, "drone": 1, "position":(8.333333333333334,8.333333333333334,1.0), "time":578.5885944848648,"sensors":[38,16,43,36],"power":[0.13576155984550128,0.10340282616615054,0.1526158081079726,0.19113105013330084]}
{"id": 17, "drone": 1, "position":(16.666666666666668,25.0,1.0), "time":163.57080812065715,"sensors":[46,22,10,34,44,15,40],"power":[0.04575299259576038,0.03327107379775069,0.01957441011821721,0.019505487568876982,0.048146816217992806,0.025468854577647485,0.16023176882880527]}
