LP RESULTS :
 Obj = 0.1*lambda1+0.9*lambda2 = 149.96325390264352 (lambda1 = 1472.632539026435, lambda2 = 3.0) Resol time = 13502 ms

{"id": 0, "drone": 0, "position":(25.0,41.666666666666664,1.0), "time":307.6720845582155,"sensors":[43,3,45,16,9,7,8,31,32],"power":[0.023944426304982166,0.09200215662955048,0.03694221193288627,0.4513431395232655,0.05378086477764096,0.03597689545113363,0.08847922349431364,0.03623154954591348,0.12781828390408873]}
{"id": 1, "drone": 0, "position":(8.333333333333334,41.666666666666664,1.0), "time":701.2495835026775,"sensors":[46,38,4,19,48,11,12,27,7,31,32],"power":[0.2604258717276765,0.098583216621587,0.07194896204000634,0.37530070725925113,0.15,0.15460183938623004,0.23283499164241797,4.6422802175447675,0.1686337341795577,0.1296558296872804,0.08359083782749671]}
{"id": 2, "drone": 0, "position":(41.666666666666664,25.0,1.0), "time":461.7843022077817,"sensors":[5,30,18,35],"power":[0.04544805718360263,0.03135261801997318,0.06628164543936516,0.08722415251646813]}
{"id": 3, "drone": 2, "position":(8.333333333333334,8.333333333333334,1.0), "time":1142.6483043528574,"sensors":[10,15,29,44,14,39,24,42,49,28,17],"power":[0.3479432340702031,0.11766252606805222,0.38712680682435996,0.6420918252483588,0.23145103378334553,5.710324861922905,10.375285599155095,0.14232820662999113,0.22691726557624503,0.34044801859664775,0.15]}
{"id": 4, "drone": 2, "position":(8.333333333333334,25.0,1.0), "time":178.72205675510642,"sensors":[43,38,13,25,15,4,14,33,47,36,42,2,21],"power":[0.015319021408555896,0.017468812846600807,0.7687717835679698,0.07061262286371695,0.09658532018623524,0.0748415180036241,0.013178087006178568,0.015880383842448862,0.07712766859946589,0.8358998961477041,0.011914201617460797,0.030596382614863266,0.026876046309113052]}
{"id": 5, "drone": 1, "position":(41.666666666666664,8.333333333333334,1.0), "time":177.66631973088286,"sensors":[1,37,23,20],"power":[0.032032960352132794,0.10528004880189445,0.11214812464520231,0.01536270468525446]}
{"id": 6, "drone": 1, "position":(8.333333333333334,25.0,5.0), "time":104.72807188856345,"sensors":[43,38,13,25,15,4,33,47,36,2,21],"power":[0.0071739869348797945,0.007809428597702327,0.05662578967069939,0.02571811323844739,0.029646037013447372,0.02687445056568252,0.007325864092235725,0.027297553689568876,0.05839140433635864,0.013422571523074914,0.011550153988246032]}
{"id": 7, "drone": 1, "position":(33.333333333333336,41.666666666666664,1.0), "time":742.0003166749893,"sensors":[3,45,40,16,8],"power":[0.05799784337044951,0.10658815686477274,0.06133414560008465,0.1708927902858695,0.08721464334845895]}
{"id": 8, "drone": 3, "position":(16.666666666666668,16.666666666666668,1.0), "time":46.53410602990796,"sensors":[13,15,29,26,41,14,33,39,34,47,36,24,42,6,2,21,22,0],"power":[0.0039013902445637367,0.00809972740560909,0.012755406658075763,0.012062669538164287,0.003481916642093325,0.07184096516855436,0.007494347590160621,0.0037613119631073333,0.00763023574273159,0.005833601100532664,0.006516908062233656,0.005303029729155381,0.20259150585820368,0.012017521398892119,0.04595155058912884,0.0077357921734582495,0.006529239097794244,0.013703569101164593]}
{"id": 9, "drone": 3, "position":(25.0,8.333333333333334,1.0), "time":104.72807188856332,"sensors":[5,30,29,26,1,41,14,37,42,6,20,0],"power":[0.00878258346814619,0.013397940663690065,0.01377977378291855,0.08921642814798478,0.02392600825601719,0.10584623469988799,0.010467499998362577,0.0070405676171379685,0.013884963905226375,0.008697992866386634,0.06005639186558485,0.06254604887649257]}
{"id": 10, "drone": 3, "position":(25.0,33.333333333333336,1.0), "time":4.135412439008951,"sensors":[43,33,45,18,34,47,16,6,9,7,32,21,22],"power":[0.0013848261413763557,7.742743969494073E-4,0.0020480960952595434,8.203802840235778E-4,5.947839206800434E-4,2.897927955096599E-4,4.2078476954538906E-4,3.0103811283420774E-4,0.01353823524168798,4.89470228958131E-4,6.603818765818001E-4,6.530902810585074E-4,8.632332075887252E-4]}
{"id": 11, "drone": 5, "position":(33.333333333333336,25.0,1.0), "time":1.0252704952134428,"sensors":[5,30,33,45,18,34,6,9,22],"power":[3.6185134068742283E-4,2.171594229313513E-4,7.296788571157725E-5,2.569922144407859E-4,0.001345656263083092,1.5448112257187535E-4,1.1595339839757149E-4,7.999301686172432E-5,1.0725437311319067E-4]}
{"id": 12, "drone": 5, "position":(25.0,25.0,4.0), "time":417.7994548590078,"sensors":[43,5,30,33,45,18,34,47,6,9,2,21,22,0],"power":[0.08928013938895209,0.06582580524277065,0.047388551755067246,0.1590433946860257,0.06808595601218526,0.0815523180135282,0.3215036500176725,0.03634193400857947,0.15199670586736613,0.08260090696380934,0.06002949527293263,0.10483067314861287,0.24268019271746621,0.026611719987791438]}
{"id": 13, "drone": 5, "position":(33.333333333333336,8.333333333333334,1.0), "time":487.29543957586736,"sensors":[5,30,26,1,41,37,23,20,0],"power":[0.05926374320900727,0.09535875785483999,0.04872090231385095,1.2508557057584895,0.05384048920903981,0.23385779757796255,0.03785187535479769,0.420267947706972,0.04758297904241407]}
{"id": 14, "drone": 4, "position":(8.333333333333334,33.333333333333336,1.0), "time":459.5754585265331,"sensors":[43,46,38,13,25,15,4,47,36,19,12,27,7,32,21],"power":[0.04497045847610037,0.15249538708311416,0.12613157028208014,0.08064094023759258,0.05366926389783564,0.029013574938106836,0.5434454360780423,0.10013866696659839,0.08503744402419837,0.035237723735200566,0.0343217331379654,0.09644323934071722,0.11721970860994871,0.030140922417445835,0.03787071511183482]}
{"id": 15, "drone": 4, "position":(41.666666666666664,41.666666666666664,1.0), "time":730.6322223514455,"sensors":[35,40],"power":[0.06277584748353188,0.5115790880979232]}
