LP RESULTS :
 Obj = 0.1*lambda1+0.9*lambda2 = 175.53118172766818 (lambda1 = 1737.3118172766815, lambda2 = 2.0) Resol time = 215 ms

{"id": 0, "drone": 5, "position":(41.666666666666664,41.666666666666664,1.0), "time":688.5422101339483,"sensors":[28,18,40,9,49],"power":[0.15,0.05440265813234729,0.06479588215366322,0.10307056254978557,0.057965556213926954]}
{"id": 1, "drone": 5, "position":(25.0,41.666666666666664,1.0), "time":519.1106861230724,"sensors":[26,43,13,18,9,49,48,10,24,4],"power":[0.24445481961331347,0.05909246997609827,0.15,0.2410114469686738,0.06778092253174216,0.10276180243047234,0.06190546140845436,0.06872472279291543,1.08789373189502,0.7284556180699059]}
{"id": 2, "drone": 3, "position":(8.333333333333334,41.666666666666664,2.0), "time":1218.2011311536091,"sensors":[5,6,12,42,20,48,7],"power":[0.7112524443452688,0.13211235728221735,0.1622413038792702,0.21458951212134106,0.34822251044978436,0.46399114884171605,0.15]}
{"id": 3, "drone": 3, "position":(41.666666666666664,25.0,2.0), "time":519.1106861230724,"sensors":[37,27,40,14,34,16,22],"power":[0.06691664136276348,0.9526591338407188,0.15642016411256648,0.14160918747816797,0.5230650540394025,0.03324978482291898,0.07906289064903874]}
{"id": 4, "drone": 1, "position":(8.333333333333334,25.0,1.0), "time":519.1106861230724,"sensors":[5,11,31,0,23,6,12,25,30,20,21],"power":[0.046634305946403935,0.29094848117369143,0.06297705064157112,0.055570654730731736,0.8791037608792505,0.14357260961688523,0.17694943641814637,0.04257343994035357,0.03967122554424279,0.03881304216374743,0.15277635380075583]}
{"id": 5, "drone": 1, "position":(41.666666666666664,25.0,2.0), "time":30.759024346565184,"sensors":[37,27,40,14,34,16,22],"power":[0.003965032228944766,0.056448203196566744,0.009268411852903889,0.00839081252183201,0.030993333718853537,0.001970159675433355,0.00468473765498066]}
{"id": 6, "drone": 2, "position":(25.0,25.0,1.0), "time":388.61331077364144,"sensors":[45,26,11,31,0,39,35,43,29,8,30,38,49,21,46,2,10,34],"power":[0.18541395838912408,0.03775630450686322,0.04212514324636321,0.08702294935842889,0.08204242619720321,0.11088653784637154,0.05687402429909178,0.14582804625508866,0.24676104530036225,0.10940168359821992,0.09555213241740987,0.049875754066990685,0.03490195548950003,0.025947471851712322,1.1787775992143759,0.6154441534998417,0.11887442719676279,0.024700455687034276]}
{"id": 7, "drone": 2, "position":(25.0,8.333333333333334,1.0), "time":829.5878203799678,"sensors":[45,44,0,41,39,35,29,36,15,8,30,38,17,3],"power":[0.09590270034019738,0.08908141658948192,0.05815760972055084,2.4561636078784836,0.09064766038658059,0.1955927459433608,0.06453751736513529,0.23911379920349934,0.3274811233186311,0.11251971076188079,0.07034912253843466,0.2552236847774448,0.19241257076635038,0.19094420677816737]}
{"id": 8, "drone": 0, "position":(41.666666666666664,8.333333333333334,1.0), "time":889.6797709580028,"sensors":[37,32,17,16,33,22],"power":[0.21120642900903733,0.18263866917738655,0.1748475551101958,0.20724476819192286,1.8343946325420328,0.15]}
{"id": 9, "drone": 4, "position":(8.333333333333334,8.333333333333334,1.0), "time":829.5878203799678,"sensors":[44,1,19,36,15,25,47,21,3],"power":[0.15947386121439738,0.20275500059000814,1.187129589727625,0.0897784218909437,0.06811198994752124,0.1275428401862723,0.26896950866276526,0.07493061155845993,0.16285393489208594]}
