LP RESULTS :
 Obj = 0.1*lambda1+0.9*lambda2 = 176.70569958755934 (lambda1 = 1749.0569958755932, lambda2 = 2.0) Resol time = 248 ms

{"id": 0, "drone": 3, "position":(8.333333333333334,25.0,1.0), "time":297.9228174133665,"sensors":[27,45,5,28,46,3,21,10,31,7],"power":[0.024891126879872615,0.09251275554043364,0.03947495420746607,0.0966093636232154,0.0985346286779161,0.12586626266073542,0.05643290537504331,0.0325837677743967,0.06169961269242582,0.06593015135260408]}
{"id": 1, "drone": 3, "position":(41.666666666666664,41.666666666666664,1.0), "time":961.0405831392738,"sensors":[24,38,16,4,22,30,26,1,0,18,34],"power":[0.14999999999999997,0.10445895724802737,0.08644888424191496,0.15534522237350884,0.41988681348606477,0.1756263722855548,0.38079477061387107,0.06994579873096055,0.06315129453613336,0.1238760007422818,0.1364446367455059]}
{"id": 2, "drone": 1, "position":(33.333333333333336,41.666666666666664,1.0), "time":531.0501720988066,"sensors":[16,33,19,22,11,26,40,1,0,17,18,43,14],"power":[0.13710074808094785,0.1042293004755046,0.04952173854933367,0.15040028121007382,0.14455706560191361,0.08904789268289692,0.09995155701924671,0.35986276529688616,0.2610304381803809,0.12035335422531616,1.5216702305737118,0.05747042899763939,0.10239070391156367]}
{"id": 3, "drone": 1, "position":(25.0,25.0,2.0), "time":471.7033538350437,"sensors":[13,20,27,5,28,3,40,2,43],"power":[0.0788410403120346,0.043241279160163716,0.18349513244878377,0.15583638314437506,0.057039144554166595,0.03194867375195539,0.046406824601147575,0.0921563153953708,0.12093315616855578]}
{"id": 4, "drone": 2, "position":(25.0,8.333333333333334,1.0), "time":81.29920504942527,"sensors":[48,20,12,37,35,32,47,9,2,41],"power":[0.37259442355983785,0.028337159089887404,0.012991164224268218,0.025018063835313152,0.0052476095756455446,0.016333932749811014,0.022663574384532894,0.11834153482626852,0.01125403486130459,0.00818054104243881]}
{"id": 5, "drone": 2, "position":(8.333333333333334,41.666666666666664,1.0), "time":1194.167937824714,"sensors":[45,46,6,10,31,29],"power":[0.10404368269865631,0.16179874482862092,0.11830089087156129,0.1655148297308888,0.08830038730757417,0.4094942658157739]}
{"id": 6, "drone": 4, "position":(41.666666666666664,16.666666666666668,5.0), "time":503.77795490988115,"sensors":[13,37,35,32,8,15,39,25,36,49,23],"power":[0.06043201647789144,0.03719396989299628,0.12103536178653183,0.03537019783118282,0.0959561119958998,0.1336594625560657,0.18543205292893233,0.03416392896235074,0.10647781169066242,0.036593776582867936,0.14041656299181746]}
{"id": 7, "drone": 4, "position":(25.0,41.666666666666664,1.0), "time":256.9662406375128,"sensors":[16,33,19,11,6,10,40,1,0,17,18,43,14],"power":[0.03712918332482612,1.1815806815390202,0.10047826145066634,1.1305415501031957,0.035098053740821915,0.021176860022250808,0.13737908789346007,0.31744286560857415,0.4316742065895933,0.4333259086074392,0.09678156357593565,0.027012760045319616,0.04760929608843633]}
{"id": 8, "drone": 5, "position":(41.666666666666664,8.333333333333334,1.0), "time":1163.9798359162867,"sensors":[37,35,32,47,8,39,25,36,44,49,23],"power":[0.10064752933747347,0.6603163010711666,0.2666363794133379,0.1273364256154671,4.86423990583654,0.6718163403262056,1.22553398367112,2.5865789997251087,0.6967693051345689,0.2894498376260083,0.1387300908560558]}
{"id": 9, "drone": 5, "position":(16.666666666666668,8.333333333333334,1.0), "time":585.0771599593065,"sensors":[48,42,20,12,9,2,41],"power":[0.09740881501111438,0.18326398523862097,0.15880520519499483,0.27980946919342137,0.05896465468835857,0.08376176871514891,0.8407644691040528]}
{"id": 10, "drone": 0, "position":(41.666666666666664,33.333333333333336,1.0), "time":151.77663853795613,"sensors":[38,13,22,26,15,43,34],"power":[0.04554104275197261,0.010726943210073945,0.1034975050750773,0.3325224616926695,0.016340537443934298,0.01191029437420262,0.04974441798177586]}
{"id": 11, "drone": 0, "position":(8.333333333333334,16.666666666666668,3.0), "time":610.9772770318176,"sensors":[42,5,28,3,21,2,41,7],"power":[0.07422865810246229,0.03919004321888577,0.10893753371256154,0.039964288406463266,0.4656473009467273,0.04688252404199446,0.06872012339489994,0.09474858160076027]}
