LP RESULTS :
 Obj = 0.1*lambda1+0.9*lambda2 = 177.69325048501395 (lambda1 = 1758.9325048501394, lambda2 = 2.0) Resol time = 197 ms

{"id": 0, "drone": 2, "position":(8.333333333333334,41.666666666666664,1.0), "time":195.01430137448648,"sensors":[18,20,4,6,0],"power":[0.02623987534680829,0.023539299155844923,0.32994293797729274,0.09747735084557918,0.03379941413343908]}
{"id": 1, "drone": 0, "position":(8.333333333333334,8.333333333333334,1.0), "time":180.44611169936633,"sensors":[21,32,8,41,23,35,43,2],"power":[0.03523940947080946,0.018258850368962225,0.04030677350074189,0.05623562499359722,0.023782582790623164,0.027314029920291267,0.01256560296928553,0.07159581409921217]}
{"id": 2, "drone": 0, "position":(41.666666666666664,25.0,1.0), "time":593.9506182744598,"sensors":[31,5,10,9,29,15,22,49,13],"power":[0.052409493533322755,0.07580260603356562,0.07394856193967637,0.09036576054743882,0.5001116191750329,0.054109864268424034,0.14912102109418193,0.15,0.2725887086339249]}
{"id": 3, "drone": 4, "position":(16.666666666666668,8.333333333333334,1.0), "time":530.4952152745897,"sensors":[21,12,32,8,41,23,35,38,16,28,2],"power":[5.304952152745897,0.15399164813868657,0.1373889473578944,0.2832217446517327,0.09376437500640278,0.15695880429304793,0.08603121871565256,0.03887886614288656,0.04347864196610898,0.15,0.09716246000368904]}
{"id": 4, "drone": 4, "position":(41.666666666666664,8.333333333333334,1.0), "time":968.0481782167413,"sensors":[31,30,5,1,37,7,3,47,25,39,9,36,17,15,19],"power":[0.2855796702634778,0.27380114396508903,0.2313316134343441,0.7379360833750604,0.32637589904529674,2.561338336292826,0.2079517641396923,0.34151088261262386,0.19736283022259005,0.3502568747727433,0.15,2.8688276258075778,0.24318222483028346,0.17865666235437544,0.8244240855580259]}
{"id": 5, "drone": 3, "position":(25.0,41.666666666666664,1.0), "time":730.8582533629719,"sensors":[14,45,6,26],"power":[0.13793347149588855,0.15,0.0525226491544208,0.07391297588909938]}
{"id": 6, "drone": 1, "position":(41.666666666666664,41.666666666666664,1.0), "time":1028.0742514871674,"sensors":[10,46,14,44,29,34],"power":[0.3777201662459171,0.8551661849576568,0.11379281711413398,0.15,0.08682899738879782,0.24062932909300336]}
{"id": 7, "drone": 5, "position":(25.0,25.0,1.0), "time":775.3072948057807,"sensors":[42,40,27,38,24,48,16,33,22,26,13],"power":[2.4335745682820282,0.15950842952437633,0.23651152587773733,0.2055841826505469,0.21690747636482402,0.11190623382151889,0.10652135803389103,0.4476383252247002,0.08778963006228206,0.44625349114561524,0.08957001259949302]}
{"id": 8, "drone": 5, "position":(8.333333333333334,25.0,1.0), "time":983.6252100443587,"sensors":[18,20,35,27,43,48,33,0,11],"power":[0.20250919848062504,0.4038405673402497,0.17953303690001463,0.15168417818824614,0.8646833235962159,0.313744106350239,0.09888532153749639,0.228373381024545,0.2606270700033659]}
