LP RESULTS :
 Obj = 0.1*lambda1+0.9*lambda2 = 134.7589903864771 (lambda1 = 1320.5899038647713, lambda2 = 3.0) Resol time = 110376 ms

{"id": 0, "drone": 0, "position":(16.666666666666668,33.333333333333336,1.0), "time":20.37437909614173,"sensors":[18,48,36,19,0,23,30,33,32,47,45,13,24,20,28],"power":[0.0047676618838836,0.0015952186128906213,0.00191674824984231,0.001827870533905118,0.0409006126859535,0.0018551102456125564,0.0014142761113896645,0.019936185748323003,0.007895215030752646,0.004194241727594266,0.0014518139625341385,0.00440944707552538,0.0074352609720257255,0.0022553790477678175,0.003158965011307719]}
{"id": 1, "drone": 0, "position":(8.333333333333334,41.666666666666664,1.0), "time":604.8670695238131,"sensors":[48,30,33,32,28,31],"power":[1.7459222650626358,1.1622374424868294,0.04078087427005931,0.13485876943904876,0.10322877289326306,0.14741872339441803]}
{"id": 2, "drone": 0, "position":(25.0,16.666666666666668,1.0), "time":38.62998049093315,"sensors":[18,25,19,26,34,40,45,13,29,1,20,5,8,15,14],"power":[0.003971976781593952,0.006032178946696806,0.004414995969567953,0.0030378479136149,0.009399866853239848,0.006553430400408115,0.015381071758586284,0.00504342498059888,0.006468081044133922,0.005896441083582895,0.003210338173934442,0.19183013972223692,0.25560649942476993,0.009094725070883422,0.004080945037298928]}
{"id": 3, "drone": 1, "position":(41.666666666666664,8.333333333333334,1.0), "time":272.28548839560034,"sensors":[39,4,26,34,29,3,7,35,14],"power":[0.07823480937243364,0.14788386105515836,0.09731723101673152,0.018082763649019534,0.027834241683803208,0.0388901441000347,0.018939397197476268,0.15,0.06632417097652887]}
{"id": 4, "drone": 1, "position":(25.0,8.333333333333334,1.0), "time":397.631669857205,"sensors":[25,11,26,34,40,17,29,1,2,5,8,15,14],"power":[0.3180140279319553,0.13053639915714968,0.034276983739484644,0.4621916123185479,0.0766459964948707,0.08680452955595602,0.027382255104681348,0.09691564526711294,0.1237619706093543,0.07416244434376158,0.0686810496310164,1.7189438098365089,0.034698382060288246]}
{"id": 5, "drone": 1, "position":(8.333333333333334,16.666666666666668,1.0), "time":192.59387281910142,"sensors":[18,19,22,40,46,1,16,24,43],"power":[0.015581661073837743,0.044919038573437556,1.3581375305883094,0.02930829219298709,0.032376790733796366,0.022372043343067194,0.018394543652014962,0.013076781099260902,0.07842792287466682]}
{"id": 6, "drone": 4, "position":(8.333333333333334,8.333333333333334,1.0), "time":560.9028473852027,"sensors":[25,22,40,17,49,1,43],"power":[0.046599683990234064,0.14737480701255912,0.10526264921121391,0.06440527513208065,0.15,0.09840020778856645,0.09961758648460861]}
{"id": 7, "drone": 4, "position":(16.666666666666668,25.0,1.0), "time":24.294401839018974,"sensors":[18,19,0,22,33,40,32,45,13,24,20,5,8],"power":[0.20583924231378853,0.02148318272490708,0.01101548356655505,0.0021136905553786516,0.012121337194678087,0.001605918876242628,0.003156578128948065,0.006611947861459812,0.012748946012217786,0.0748588487313442,0.0027595291684045647,0.0020263382209966133,0.002520106174674691]}
{"id": 8, "drone": 4, "position":(41.666666666666664,25.0,5.0), "time":14.373363927281474,"sensors":[9,29,21,3,7,10],"power":[0.002020207499743943,0.001478092431207435,0.0077484607181647165,0.0031246412269596304,0.005281929816764728,0.002290779335731622]}
{"id": 9, "drone": 3, "position":(41.666666666666664,25.0,1.0), "time":11.952698704022986,"sensors":[9,26,29,21,3,7,10,14],"power":[0.002199580191903273,7.554133393053331E-4,0.001623893447285537,0.04847045461697755,0.00367421668985736,0.013203866822789316,0.0025996575803272676,9.012524746713014E-4]}
{"id": 10, "drone": 3, "position":(25.0,8.333333333333334,4.0), "time":106.5371314733103,"sensors":[25,11,26,34,40,17,1,2,5,8,15,14],"power":[0.04326896940891886,0.027180693984517678,0.007185774019146126,0.052547468089636534,0.017226040339511518,0.01900722657123813,0.020554022486868006,0.026238029390645692,0.016938933136396682,0.015727730705399172,0.09256740462333019,0.007907210608662223]}
{"id": 11, "drone": 3, "position":(33.333333333333336,25.0,1.0), "time":241.96145227417395,"sensors":[9,23,26,45,13,29,21,3,20,7,5,8,10,14],"power":[0.021858918868200343,0.025108490156792115,0.01688799881317646,0.034740490699515104,0.02295464285490746,0.06092237180782583,0.035214288862103815,0.023777686630865883,0.06550826309220985,0.05248484796694424,0.03293078322881296,0.02996676216992807,0.07206233060918074,0.023455493675355148]}
{"id": 12, "drone": 5, "position":(41.666666666666664,41.666666666666664,1.0), "time":661.3329526582758,"sensors":[9,37,41,38,12,6,42,10],"power":[0.16565311589841028,0.15,4.75954506347657,0.22655446674592775,0.2271445766727701,0.5843747158968439,1.0411410797361533,0.06649812742756818]}
{"id": 13, "drone": 5, "position":(16.666666666666668,41.666666666666664,1.0), "time":36.09150403832086,"sensors":[48,36,0,30,33,32,47,27,44,28,31],"power":[0.004898724241086035,0.006653326974709546,0.004224790837488811,0.004264751939417878,0.0033714074622832606,0.0055369151875928,0.005376259578738631,0.005943756989694283,0.005648513377352208,0.14123609802585854,0.002581276605581976]}
{"id": 14, "drone": 5, "position":(8.333333333333334,25.0,1.0), "time":542.798781821448,"sensors":[18,19,0,22,33,32,46,16,24,43],"power":[0.10073237903047082,0.13866201583296583,0.07960639118174045,0.0980690267697111,0.13288273603416328,0.10192082279151846,0.11762320926620362,0.18821502670738485,0.11813243634062127,0.0628518094538273]}
{"id": 15, "drone": 2, "position":(25.0,25.0,1.0), "time":92.16376754602854,"sensors":[18,19,0,23,33,47,45,13,29,24,20,5,8,10],"power":[0.023661239344497573,0.011477178488435663,0.014252721728262151,0.01098603982383815,0.009667527334665665,0.010937478893171754,0.17203199699990002,0.10484353907675037,0.007972705335691449,0.01760834915323524,0.0760902466315581,0.021673849449650305,0.025347730452474702,0.006549105047192364]}
{"id": 16, "drone": 2, "position":(25.0,41.666666666666664,1.0), "time":659.2569512064955,"sensors":[36,23,47,27,44,6,20,28],"power":[4.806744792133241,0.18496260946505105,0.2823082140800108,0.21887477099827823,0.14435148662264774,0.051399145542208806,0.04591208579185926,0.17102201365582365]}
{"id": 17, "drone": 2, "position":(41.666666666666664,16.666666666666668,1.0), "time":251.59148266952576,"sensors":[39,4,26,29,21,3,7,14],"power":[0.07176519062756635,0.09654480845876329,0.08435668178484733,0.07169495246593768,0.0585667958027539,0.710896205959629,0.16802470857253207,0.08401070669001923]}
