LP RESULTS :
 Obj = 0.1*lambda1+0.9*lambda2 = 123.99933623094022 (lambda1 = 1212.993362309402, lambda2 = 3.0) Resol time = 46956 ms

{"id": 0, "drone": 2, "position":(25.0,8.333333333333334,1.0), "time":417.60078309139453,"sensors":[36,14,28,41,22,33,45,42],"power":[0.044944041902961536,0.13983169047797664,0.05692035709738471,0.12101360087096005,0.05431397387995737,0.03246964526040621,0.3238174217050189,0.22110592528963896]}
{"id": 1, "drone": 2, "position":(33.333333333333336,16.666666666666668,1.0), "time":7.210000555839399,"sensors":[36,26,28,16,39,34,41,2,37,46,18,32,33,9,45,42],"power":[0.03739685881250295,5.364554563678788E-4,0.0013401094797121807,0.001024483610295683,5.89834249779098E-4,7.274473015700146E-4,0.0018432004923305044,0.0012700614835631913,8.7773200167957E-4,8.608432077615781E-4,0.0011204621344285382,6.187836149235333E-4,0.03928402901764907,0.002653314842858237,0.001158418673005054,0.001230591095677378]}
{"id": 2, "drone": 2, "position":(8.333333333333334,8.333333333333334,1.0), "time":671.6664151089583,"sensors":[23,24,25,5,22,1,12,11],"power":[0.839344309685754,0.05801542880472068,0.19100678341278696,0.15,0.248047261000472,0.06834184079567451,0.24237833949599755,0.0770978639798827]}
{"id": 3, "drone": 4, "position":(33.333333333333336,25.0,1.0), "time":78.92663311615301,"sensors":[36,26,39,34,2,8,13,37,46,18,33,9,38],"power":[0.01860254323458592,0.008074826109829467,0.014237708618254144,0.026411697976551185,0.009826842890824644,0.017823930100754174,0.011267757419326702,0.020226439807502654,0.1431081220987403,0.022452741880655786,0.02302439851633911,0.11167615739615251,0.006452546411604255]}
{"id": 4, "drone": 4, "position":(41.666666666666664,41.666666666666664,1.0), "time":680.1095231244237,"sensors":[40,27,19,20],"power":[0.45555542459932075,0.24455665175013325,0.15,0.5564354960746539]}
{"id": 5, "drone": 4, "position":(33.333333333333336,33.333333333333336,1.0), "time":297.71777236938897,"sensors":[40,39,34,8,13,37,27,46,18,9,38],"power":[0.025104443514053946,0.024757166969561536,0.05063959418725323,0.06392718989618099,0.032339717763747174,0.02928367957910183,0.11729688144325577,0.11114790796671525,0.028712609932625047,0.03320637401918596,0.026677400196314757]}
{"id": 6, "drone": 0, "position":(16.666666666666668,8.333333333333334,5.0), "time":106.69555304332226,"sensors":[23,14,24,25,22,12],"power":[0.02892785578050116,0.008382439970269471,0.007724175025858191,0.007970919118219642,0.05236922410089409,0.022513546746264414]}
{"id": 7, "drone": 0, "position":(41.666666666666664,33.333333333333336,1.0), "time":228.08990340610626,"sensors":[40,34,13,37,27,46,20],"power":[0.10427493019582744,0.0625153866923589,0.092149115381206,0.04307330349013449,0.060375116164840946,0.022971664176564467,0.038825953524948935]}
{"id": 8, "drone": 0, "position":(41.666666666666664,25.0,1.0), "time":7.076163409483068,"sensors":[36,40,34,2,13,37,46,32,33,9],"power":[5.768098720087624E-4,4.5229122383238444E-4,0.018185075656039783,0.002738163314063989,0.012305558957494397,0.05238084486404624,9.671129558708307E-4,4.6393448863610445E-4,8.232880854144303E-4,8.714879218915347E-4]}
{"id": 9, "drone": 3, "position":(8.333333333333334,41.666666666666664,1.0), "time":1057.6614380776957,"sensors":[47,4,0,35,10,15,43,31,6,17],"power":[0.17130274155605407,0.3590895582302186,0.4703172730330288,0.3576248713376777,0.8312536034932336,0.690080911461968,0.6975185957371812,0.14533673229219737,0.4213539164170198,0.26329447270008766]}
{"id": 10, "drone": 3, "position":(16.666666666666668,8.333333333333334,1.0), "time":17.030611065727044,"sensors":[23,14,24,25,22,12,45],"power":[0.00807398718907146,0.0017858695517538926,0.001581519685828485,0.0016194492592515825,0.04917184110966211,0.005152394639633836,0.0013631671820787485]}
{"id": 11, "drone": 3, "position":(41.666666666666664,16.666666666666668,1.0), "time":17.0306110657278,"sensors":[36,28,16,48,34,41,2,13,44,37,32,33,9,49],"power":[0.0027711486800885265,0.0021064953843068987,0.005052445102087819,0.0036276893758965516,0.002656024673962788,0.0014665872823880798,0.04183348583339557,0.0019378504782256642,0.0031765853069265285,0.004158000257535201,0.007659097810554673,0.0035228512193216776,0.001592665819911725,0.00289241390161693]}
{"id": 12, "drone": 5, "position":(41.666666666666664,8.333333333333334,1.0), "time":685.1491710708045,"sensors":[36,28,16,21,48,41,2,44,32,33,49,45,42],"power":[0.0480421847217847,0.23960705872480706,2.8728978647833143,0.13708343437853232,0.9542587931468878,0.10829234382002893,0.08613462825471586,0.8936753573226274,0.5149534324776197,0.050875787900869496,0.9293367146404572,0.05705580839051755,0.07137781742889615]}
{"id": 13, "drone": 5, "position":(16.666666666666668,41.666666666666664,3.0), "time":17.493047533492927,"sensors":[47,29,4,0,10,15,43,31,3,17],"power":[0.0032835499790930273,0.0012681715279734855,0.012702880808413974,0.0024941085096973387,0.001643815104327036,0.010240436130048868,0.0013273607302454974,0.004663267707802617,0.0014090678958604656,0.0011131070496052007]}
{"id": 14, "drone": 5, "position":(8.333333333333334,25.0,1.0), "time":137.83887669821337,"sensors":[24,29,0,7,30,1,3,11],"power":[0.039749475635547635,0.03768117522412906,0.015606619253243342,0.014556472999317014,0.03018980492667947,0.057068635936461304,0.012538902417233174,0.05317923335145954]}
{"id": 15, "drone": 1, "position":(25.0,33.333333333333336,5.0), "time":549.3770498748397,"sensors":[26,29,39,8,46,18,7,30,3,38],"power":[0.05259753220052428,0.04582782763873247,0.08750402430167716,0.1716338748485423,0.08222796469792797,0.06279131356204347,0.0996817008212198,0.05146908300408888,0.1238170763424384,0.16012949879580027]}
{"id": 16, "drone": 1, "position":(16.666666666666668,25.0,1.0), "time":279.7619063931809,"sensors":[26,24,29,39,8,18,7,30,1,3,38,11],"power":[0.11920703086593608,0.09513200097085417,0.1758110776317631,0.07313815806253458,0.03792290529605645,0.043046248788036104,0.2628733729312376,1.0838618124546404,0.024589523267864198,0.12826326033981006,0.0875055149102088,0.026540787620686915]}
{"id": 17, "drone": 1, "position":(41.666666666666664,8.333333333333334,5.0), "time":86.00279652563631,"sensors":[28,16,21,48,41,2,44,32,49,45,42],"power":[0.02020401425436064,0.047612957127776516,0.012916565621467747,0.032827467606756526,0.010349045487088768,0.00819681822343682,0.0327336486935222,0.027247296166440563,0.034156529782391615,0.005606969590496456,0.006866510653809692]}
