LP RESULTS :
 Obj = 0.1*lambda1+0.9*lambda2 = 148.57754084827832 (lambda1 = 1467.7754084827845, lambda2 = 1.9999999999998628) Resol time = 50837 ms

{"id": 0, "drone": 1, "position":(25.0,8.333333333333334,1.0), "time":524.118494292991,"sensors":[27,36,9,38,4,46,6,23,41,17],"power":[0.10890626404458748,0.08664842037446945,0.05088949279573005,0.08164350807622076,0.07499479791355784,0.08163350868162196,0.039244354085575285,0.19204793535525708,0.07061434799379082,0.9311485364759161]}
{"id": 1, "drone": 1, "position":(8.333333333333334,25.0,1.0), "time":678.1164753654086,"sensors":[1,20,15,43,0,18,40,19],"power":[0.15,0.1300608643042841,0.1022737407846637,1.2498237792095555,0.1545325425882363,0.23397931305956998,0.2624030261786049,0.08306683916166424]}
{"id": 2, "drone": 3, "position":(41.666666666666664,33.333333333333336,5.0), "time":26.829410894359853,"sensors":[33,10,5,45,39,13,12,21,35],"power":[0.0033243888469943845,0.0017111162568905517,0.006569600174641968,0.00952938865971443,0.0022014313803759935,0.005612163147877452,0.002313562627054442,0.003571895423257404,0.0063582139456043844]}
{"id": 3, "drone": 3, "position":(41.666666666666664,8.333333333333334,1.0), "time":943.6569141897935,"sensors":[32,36,34,7,46,6,23,41],"power":[0.20390510527714287,0.06737516945685947,0.10234395040407795,1.5477816898102725,0.26493052457870253,0.4638949669637946,0.12450204392390132,0.11781240743705722]}
{"id": 4, "drone": 4, "position":(16.666666666666668,41.666666666666664,1.0), "time":45.0634573865199,"sensors":[29,30,25,2,8,31,19],"power":[0.0057354010926152915,0.003086806417708681,0.004630324420919434,0.006043914899841505,0.01009595386434982,0.18995358433144563,0.0031315813961250378]}
{"id": 5, "drone": 4, "position":(25.0,25.0,2.0), "time":744.595475730856,"sensors":[20,27,33,9,13,47,4,12,19,26],"power":[0.14811732715037715,0.11072825938869817,0.13240336265082644,0.3122432862283091,0.05111302745256361,0.42845309318162117,0.22097276463565613,0.18600213792594825,0.18611922313363352,0.15354241436782062]}
{"id": 6, "drone": 0, "position":(8.333333333333334,8.333333333333334,2.0), "time":868.9197628493191,"sensors":[44,37,38,14,3,16,28,24,48],"power":[0.22303618996200636,0.285218111483549,0.2336260559930228,1.3055783154443752,0.20685989097297924,0.15,2.436206146005272,1.257813052135913,0.2834030872621107]}
{"id": 7, "drone": 0, "position":(25.0,41.666666666666664,1.0), "time":392.96602742346295,"sensors":[42,29,49,25,2,8,31,35,11],"power":[0.13844517829851072,0.850677002552793,0.054833758546470185,0.5386833314032629,0.8459018325499638,0.06184635833237278,0.0731007937237827,0.025803220888248053,0.10519203127037172]}
{"id": 8, "drone": 5, "position":(8.333333333333334,41.666666666666664,1.0), "time":789.6589331173759,"sensors":[15,30,18,8,40,31],"power":[0.15502024648136103,0.465681385825806,0.06922070299873784,0.05051237651276419,0.09263917444658966,0.18997821999626563]}
{"id": 9, "drone": 5, "position":(25.0,41.666666666666664,2.0), "time":180.62237741664495,"sensors":[42,29,49,25,2,8,31,11],"power":[0.058958629795506534,0.2862825579324763,0.02391219101991384,0.19374632378157014,0.284958005515585,0.027545311290513193,0.031389885629236884,0.04480796872962828]}
{"id": 10, "drone": 2, "position":(41.666666666666664,25.0,1.0), "time":153.79296652228263,"sensors":[33,5,45,39,34,13,47,12,21,26,35],"power":[0.025177813516379932,0.02145981976366574,0.021189136360082256,0.26836521789700835,0.047656049595922054,0.09834817186162614,0.013717056119982994,0.019418940368455977,0.1464281045767426,0.028521250484449187,0.019870755333176178]}
{"id": 11, "drone": 2, "position":(41.666666666666664,41.666666666666664,1.0), "time":894.1870036426768,"sensors":[42,10,22,5,45,49,35],"power":[0.1160965923043031,0.7248016035377661,0.15,0.1219705800616923,0.21673064371524867,0.19794236275177762,0.12687553543990354]}
