LP RESULTS :
 Obj = 0.1*lambda1+0.9*lambda2 = 159.08505789871055 (lambda1 = 1572.8505789871053, lambda2 = 2.0) Resol time = 92 ms

{"id": 0, "drone": 0, "position":(25.0,41.666666666666664,1.0), "time":722.1300190371746,"sensors":[3,35,24,48,28,43,11,37,16,17,8,23,20],"power":[0.8211978593499895,0.14969897090942677,0.17437742292364536,0.04853478777671434,0.5911935401041656,2.083825490858678,0.230859953518629,3.417014939654142,0.11945322218124615,0.11171492572022278,1.7081203003863419,0.09888829241931135,0.13137277643907824]}
{"id": 1, "drone": 0, "position":(16.666666666666668,41.666666666666664,1.0), "time":145.30378172282389,"sensors":[3,1,35,44,48,28,29,43,11,37,33,10,16,17,8,20,18],"power":[0.08719143344296854,0.03471576014043463,0.016850019003542212,0.013983196389910994,0.05523694747327671,0.01313569533825034,0.04504007711830114,0.04648730968862579,0.09663729122178412,0.023595156460717748,0.05476514856525207,0.009584909962612322,0.030546777818753843,0.6852408718234787,0.018618021264112015,0.02407860000512127,0.014693793316935115]}
{"id": 2, "drone": 3, "position":(8.333333333333334,8.333333333333334,1.0), "time":850.7205599499307,"sensors":[39,6,30,49,36,25,41,26,5],"power":[0.12362553393655228,0.15182131478152971,0.7809426842405773,5.280328712687114,0.14491726317405634,0.19435282939678708,0.2204675601774048,0.0643046803946952,8.507205599499308]}
{"id": 3, "drone": 3, "position":(8.333333333333334,41.666666666666664,1.0), "time":705.4167782271069,"sensors":[3,1,44,48,21,29,11,9,33,10,17,46,18],"power":[0.04703101176637613,1.1487763061830836,0.7797241555327458,0.27850658074015144,0.1550004834778873,0.4872325104435777,0.06790621264986359,0.14999999999999997,0.9504698464355433,0.05234874164219606,0.2171890158859857,0.18534411318314115,0.06462023495954114]}
{"id": 4, "drone": 4, "position":(41.666666666666664,8.333333333333334,1.0), "time":705.0587971607079,"sensors":[22,34,12,2,45],"power":[0.04898361672152479,0.15,0.19597461074307365,0.1123475291662426,0.12098620861006022]}
{"id": 5, "drone": 4, "position":(41.666666666666664,25.0,1.0), "time":722.1300190371746,"sensors":[7,42,22,15,0,13,38,45,14,27],"power":[1.4943851801642865,0.2103325814909418,0.8263369049196121,0.13076964336133723,0.10536043931329477,0.23118719354722664,0.14562778608968638,0.19453266956561763,0.12603524025970636,1.7308112485299567]}
{"id": 6, "drone": 2, "position":(41.666666666666664,41.666666666666664,1.0), "time":850.7205599499307,"sensors":[24,31,0,13,38,14],"power":[0.15032395876000143,0.1687158241755445,0.15272644440187552,0.07996265187597709,0.19645949285592348,0.2291052772419784]}
{"id": 7, "drone": 2, "position":(8.333333333333334,8.333333333333334,4.0), "time":35.0040071819476,"sensors":[39,6,30,49,36,25,41,5],"power":[0.004296724039893627,0.005204705590953375,0.01543966220633781,0.03377651600918823,0.0050827368259436295,0.006543160471609259,0.007274397542030148,0.0369837725415751]}
{"id": 8, "drone": 5, "position":(8.333333333333334,25.0,1.0), "time":722.1300190371746,"sensors":[4,10,26,47,18],"power":[0.15,0.32094786212912646,0.31894606253914926,0.4972695221916735,0.191587336762531]}
{"id": 9, "drone": 5, "position":(33.333333333333336,8.333333333333334,5.0), "time":180.66576997117045,"sensors":[12,2,32],"power":[0.059744480290307746,0.04738869139214941,0.026851280482836245]}
{"id": 10, "drone": 1, "position":(25.0,25.0,3.0), "time":198.48406815244203,"sensors":[19,35,42,15,40,47,23,20],"power":[0.25213823515090006,0.038918772768193,0.019326908614059203,0.04335698902664289,0.019831548308496767,0.01377976857019209,0.05111170758068864,0.033526105742476484]}
{"id": 11, "drone": 1, "position":(25.0,8.333333333333334,1.0), "time":687.126011855227,"sensors":[39,12,40,2,25,41,32],"power":[0.18091657572192396,0.07786417702240396,0.21772293612480667,0.09091502318455709,0.14260756063914715,0.12285738217448197,0.14483577751485574]}
