LP RESULTS :
 Obj = 0.1*lambda1+0.9*lambda2 = 151.6336862187024 (lambda1 = 1489.336862187024, lambda2 = 3.0) Resol time = 34042 ms

{"id": 0, "drone": 4, "position":(25.0,25.0,1.0), "time":231.26910993379556,"sensors":[18,36,10,28,13,4,9,40,41,35],"power":[0.023390915505239602,0.1160592594980291,0.1273482183001418,0.36194969184525405,0.07662056432548749,0.03308471309902903,0.026195485796235513,0.029949300393089958,0.027504071565647135,0.33672448487482814]}
{"id": 1, "drone": 4, "position":(16.666666666666668,41.666666666666664,1.0), "time":464.02715580513313,"sensors":[34,13,41,15,7,1],"power":[0.111432612310972,0.040249401404426205,0.1096523161625847,1.9103671181492707,0.035965946944933484,0.9212270865274256]}
{"id": 2, "drone": 4, "position":(41.666666666666664,8.333333333333334,1.0), "time":589.851530333907,"sensors":[33,6,2,17,44,42,27,49,31,37],"power":[0.7859668866024201,0.04134431023747031,0.4238308218145147,0.12900760625790064,0.36242509414797003,0.1581172714532076,0.13453897343163365,0.1687382469708311,0.08068691261018722,0.06534179786126808]}
{"id": 3, "drone": 1, "position":(33.333333333333336,8.333333333333334,1.0), "time":550.8131897238353,"sensors":[33,4,8,40,2,17,44,42,0,3,49,31],"power":[0.11886838736819359,0.09530088868290855,0.03846527430744086,0.12089906990544882,0.09725025760100188,0.19434747566729518,0.5434868574932432,0.06400392265108693,0.051465805489349314,0.07486402510110643,0.07507224629809411,0.22181920737960817]}
{"id": 4, "drone": 1, "position":(8.333333333333334,16.666666666666668,1.0), "time":416.9349207565593,"sensors":[18,22,46,24,38,47,30,43,9,20,32,39,11,19,23],"power":[0.1088317287269261,0.04283726815498189,0.28731767765316063,0.54602531329353,1.2748782675629942,0.3733806018913137,0.3891700523666778,0.12270410449755845,0.0881808204302897,0.09318271857683119,0.1699203793500096,0.09157463980215022,0.13619222322501956,0.0915089966356795,0.02858495171926124]}
{"id": 5, "drone": 1, "position":(16.666666666666668,8.333333333333334,1.0), "time":353.51115467377406,"sensors":[26,18,24,16,38,43,8,0,19,3,23],"power":[0.03512539652194672,0.055781512338184965,0.02827700477125842,0.05159024135186111,0.025325218695899075,0.07015330780657161,0.06332687273352293,0.15702076115331892,0.4054159920386548,0.11649883306537437,0.36531363249482096]}
{"id": 6, "drone": 3, "position":(41.666666666666664,33.333333333333336,1.0), "time":814.4360939353853,"sensors":[45,14,6,48,29,21,12],"power":[0.06789856510193112,0.14746435892264995,0.06590243227238732,0.07267608041067046,0.21439530845979282,0.14999999999999997,0.21086952425377875]}
{"id": 7, "drone": 3, "position":(25.0,33.333333333333336,1.0), "time":74.19896977890582,"sensors":[36,10,45,28,34,13,41,15,29,1,35],"power":[0.026884867771430752,0.004899049352219025,0.023124578729760127,0.007567135180296413,0.013123805710233787,0.1483518506628403,0.08063839062269333,0.005615275567543265,0.01010341498704754,0.005373410232953726,0.02430056460290863]}
{"id": 8, "drone": 3, "position":(8.333333333333334,8.333333333333334,1.0), "time":487.6216768228952,"sensors":[26,18,46,24,16,38,47,30,43,39,19,23],"power":[0.1793806460403449,0.042351139225286105,0.0394872291177281,0.05312559145759319,0.09840975864813889,0.11200464781871079,0.03963025859118456,0.04733393499840483,2.4924785064304693,0.05842536019784976,0.13552481323525933,0.04663153824059336]}
{"id": 9, "drone": 5, "position":(41.666666666666664,41.666666666666664,1.0), "time":584.7573776331578,"sensors":[45,14,48,29,5,12],"power":[0.05040968833484467,0.14806008480949115,0.2309189899283295,0.12291924506634928,0.14762230077933367,2.1422884012155716]}
{"id": 10, "drone": 5, "position":(25.0,8.333333333333334,4.0), "time":231.26910993379613,"sensors":[10,4,8,40,17,44,0,19,3,23,31],"power":[0.017752732347638994,0.020224683853778815,0.0482078529590362,0.046425721613971634,0.01700497077515144,0.01713817422281397,0.10077798735097064,0.024800214318995557,0.1674798290361279,0.07388468139154125,0.02815433073586889]}
{"id": 11, "drone": 5, "position":(41.666666666666664,16.666666666666668,1.0), "time":85.0492379177317,"sensors":[33,4,6,40,2,17,44,42,27,31,37],"power":[0.00848422168125143,0.013172360248631977,0.042753257490142374,0.006499274493636259,0.09931201694685404,0.028274231751796438,0.018892352150318516,0.6413866599185366,0.008844146779863983,0.016318477791627175,0.16321701848126888]}
{"id": 12, "drone": 0, "position":(33.333333333333336,41.666666666666664,1.0), "time":13.729028916434997,"sensors":[45,34,41,29,5,12],"power":[0.007821777147880555,0.00259657287946724,9.838850065323945E-4,0.006899349876207641,0.002377699220666324,0.002096286933495018]}
{"id": 13, "drone": 0, "position":(41.666666666666664,8.333333333333334,3.0), "time":32.353794277754034,"sensors":[33,2,17,44,42,27,49,31,37],"power":[0.024418734327326944,0.015884552553953924,0.006322651061443406,0.014529010168596684,0.007739402243645483,0.006616879788502352,0.008154708097153848,0.004019934992912662,0.003323700465958374]}
{"id": 14, "drone": 0, "position":(25.0,41.666666666666664,1.0), "time":2.215391923140018,"sensors":[45,34,13,41,15,29,1],"power":[7.453906855835031E-4,0.013929517735316069,2.943856171063811E-4,6.632523880176699E-4,5.188592439972417E-4,2.5818779682659196E-4,2.5683717124056534E-4]}
{"id": 15, "drone": 2, "position":(8.333333333333334,41.666666666666664,1.0), "time":260.7556893149724,"sensors":[15,7,1,25],"power":[0.0483581531063495,0.025583926981190688,0.10672403653981467,0.043657164307941365]}
{"id": 16, "drone": 2, "position":(8.333333333333334,33.333333333333336,1.0), "time":584.7802646075695,"sensors":[22,46,47,30,9,15,20,7,32,1,25,11],"power":[0.2896510237964216,0.04618932997955569,0.04564287010278888,0.03725573711438053,0.051821604796707735,0.03817825934559017,0.08943437281504127,0.5432552121679597,0.06194956690924533,0.10800234762888794,0.10634283569205862,0.07902932466167747]}
{"id": 17, "drone": 2, "position":(16.666666666666668,33.333333333333336,1.0), "time":103.3593907573013,"sensors":[22,36,34,13,9,41,15,7,32,1,35,11],"power":[0.012876408839349703,0.007055872730541619,0.008917491364010904,0.031125488548246188,0.012312345225910355,0.04701173741437075,0.015238096730544931,0.036008984419524825,0.008171232207183706,0.025730959951286797,0.008736110520805116,0.008366418476675538]}
