LP RESULTS :
 Obj = 0.1*lambda1+0.9*lambda2 = 154.9268992871303 (lambda1 = 1531.268992871303, lambda2 = 2.0) Resol time = 264 ms

{"id": 0, "drone": 1, "position":(16.666666666666668,33.333333333333336,1.0), "time":123.42639132715999,"sensors":[1,37,47,29,36,46,20,40,4,38,21,15,19],"power":[0.01453524865483863,0.03472723916447768,1.2342639132716,0.43342997363410757,0.0090461198155332,0.16374128493846637,0.12529179884484573,0.039836093673454885,0.008860340106534442,0.022024228647253292,0.02721403903836479,0.010724540228043011,0.042132715743823296]}
{"id": 1, "drone": 1, "position":(41.666666666666664,33.333333333333336,1.0), "time":514.4404798826265,"sensors":[42,45,48,49,5,12,24,9,2,39,35],"power":[0.036303011318971054,0.21831265884981363,0.08004943676398314,0.07501005151894523,5.144404798826265,0.1226056221958227,0.056961810858520416,0.7233490084223413,0.04685008434688139,0.20296560090816856,0.04712788703687271]}
{"id": 2, "drone": 0, "position":(41.666666666666664,16.666666666666668,4.0), "time":872.1780935136821,"sensors":[8,3,42,17,18,49,16,24,41,6],"power":[0.07155912425117106,0.12303180529887117,0.24434847352297998,0.23080226819145302,0.0626424107781083,0.13290806207849945,0.15187569921115393,0.07870914447836569,0.23605938696786785,0.32625632973901253]}
{"id": 3, "drone": 0, "position":(25.0,41.666666666666664,2.0), "time":141.8394374490534,"sensors":[1,47,29,36,38,48,32],"power":[0.01761381304203556,0.011123357353204674,0.009083338480278418,0.3451591112616074,0.03804088322602589,0.025748089044400038,0.06393779352432472]}
{"id": 4, "drone": 5, "position":(8.333333333333334,41.666666666666664,1.0), "time":780.535681760678,"sensors":[34,25,1,37,47,29,40,38,15],"power":[0.15,0.29370685225546617,0.2341609441708952,0.5464345578388774,0.07413148305245773,0.05508080649001772,0.36415794277462904,0.1262918663803577,0.7898194548922293]}
{"id": 5, "drone": 5, "position":(8.333333333333334,25.0,2.0), "time":485.46748233441167,"sensors":[47,29,46,20,28,27,40,4,11,14,21,19],"power":[0.0522528245109905,0.06556300880941629,0.08345985975585211,0.06990982793564733,0.15,0.04355442171575621,0.0413488691891357,0.039968108106778054,0.04207805208374982,0.052869899148784594,0.06570337744579306,0.06967396043953242]}
{"id": 6, "drone": 2, "position":(8.333333333333334,8.333333333333334,1.0), "time":737.8773403676297,"sensors":[33,27,11,44,14,30,31,26],"power":[0.1666192228929437,0.2517703853059156,0.28591167759241365,0.15,0.20786362814670759,1.436899375216875,0.7598068345858688,0.11381941242672276]}
{"id": 7, "drone": 2, "position":(41.666666666666664,25.0,1.0), "time":141.83943744905343,"sensors":[42,17,45,49,5,12,24,0,9,41,6,39],"power":[0.06017568088644218,0.032747290092586895,0.009214437828348465,0.09305073359124166,0.029536096733739064,0.027394377804177254,0.036398536711468546,0.009119974470656845,0.04472834890538601,0.009426945501668439,0.01813353681506745,0.01836637999900034]}
{"id": 8, "drone": 4, "position":(41.666666666666664,8.333333333333334,2.0), "time":517.2514619085673,"sensors":[8,3,22,17,18,16,41,6],"power":[0.2919530235706209,0.12819588880626132,0.15,0.04078355543606217,0.2107304328721,2.080890992471965,0.15840548835050228,0.10458694485442613]}
{"id": 9, "drone": 4, "position":(25.0,16.666666666666668,3.0), "time":783.4536902972702,"sensors":[23,13,4,0,43,10,21,19,26],"power":[0.302235242859177,0.8075375231856776,0.22069965539184824,0.23435015072803772,0.22304902681328054,0.12851203662454722,0.08727398727664955,0.05798885157321537,0.09799562937772348]}
{"id": 10, "drone": 3, "position":(41.666666666666664,41.666666666666664,1.0), "time":874.9890755396231,"sensors":[7,45,48,5,9,2,39,35,32],"power":[0.15,0.45901565667304584,0.1869760039025709,0.1967807820377047,0.10748447445658187,0.7817698015586758,0.13075637751428926,0.6418100935458086,0.08606220647567528]}
{"id": 11, "drone": 3, "position":(25.0,8.333333333333334,2.0), "time":9.937962206403185,"sensors":[8,23,13,33,18,43,10,31,26],"power":[6.883526663255259E-4,9.803766015784566E-4,0.0033095267677615775,9.299104006577695E-4,7.438754257455299E-4,0.019357493516698066,0.02148796337545278,6.325485595490266E-4,0.0028826913283612576]}
