LP RESULTS :
 Obj = 0.1*lambda1+0.9*lambda2 = 139.39639756626622 (lambda1 = 1375.963975662662, lambda2 = 2.0) Resol time = 1833 ms

{"id": 0, "drone": 5, "position":(25.0,25.0,3.0), "time":450.2751014118579,"sensors":[6,40,1,25,21,37,3,41,22,47,16,19,5],"power":[0.047346078753601105,0.06717992980653874,0.12174018617580463,0.08669917077071297,0.07620865337681766,0.0662106337213256,0.03171934963856938,0.25557262393539565,0.8258795431073909,0.04567981338849164,0.13154180776308724,0.10951503623739751,0.4802710743778275]}
{"id": 1, "drone": 5, "position":(8.333333333333334,41.666666666666664,1.0), "time":868.3889521784748,"sensors":[11,39,34,45,23,13,48,2,27,4,24,33],"power":[0.7179119012946578,0.15,0.4737911322289351,0.2523625444907372,0.27411391350925995,1.7366437886202222,0.1544390791236496,0.12941443761471977,0.17514091041529775,0.13350101419010887,0.15919001646415926,0.23678809978180182]}
{"id": 2, "drone": 3, "position":(33.333333333333336,41.666666666666664,2.0), "time":335.5525204281535,"sensors":[15,46,8,3,30,17,35,36,16],"power":[0.03381928594835993,0.34772343060058214,0.14137250836776344,0.09939335758865653,1.299567162091102,0.18109025303355367,0.2943291056121703,0.07856543743595179,0.027821179537211308]}
{"id": 3, "drone": 3, "position":(41.666666666666664,25.0,3.0), "time":832.6773324490895,"sensors":[6,42,14,7,18],"power":[0.29417615020348786,0.2835387819205173,0.796588799409667,0.13169876788930948,0.08125693691822766]}
{"id": 4, "drone": 2, "position":(8.333333333333334,25.0,1.0), "time":425.4405992999697,"sensors":[0,40,11,1,32,25,43,37,45,10,23,4,24,19,26,33],"power":[0.044412252373136965,0.10066956591211848,0.028458064118485938,0.058101571385436285,0.15881534216283857,0.07344908505604117,0.041970946174586465,0.029776644081736105,0.02709078604771056,0.027702708843751835,0.04550599940455635,0.052086151390753274,0.0742549715663106,0.04236712149909519,0.12692237763663106,0.07219504471012764]}
{"id": 5, "drone": 2, "position":(33.333333333333336,8.333333333333334,5.0), "time":414.5634816824729,"sensors":[28,21,20,29,47,38],"power":[0.05983789166771369,0.04878372881416663,0.15682477476994222,0.07234793347114579,0.04849020231984283,0.08325255085266377]}
{"id": 6, "drone": 0, "position":(8.333333333333334,8.333333333333334,2.0), "time":832.6773324490895,"sensors":[0,31,32,43,44,10,49],"power":[0.38567208662063424,0.12123125483404482,0.059839859205465196,0.2019291936271481,0.23467489039059372,0.8159931143178715,0.07161930316023188]}
{"id": 7, "drone": 0, "position":(41.666666666666664,8.333333333333334,1.0), "time":543.2866432135726,"sensors":[28,12,42,20,7,9,38],"power":[1.6651486905338808,0.36351583080164723,0.046095456927763755,0.38258348240264467,0.03860514771958219,0.15,0.23466292835550676]}
{"id": 8, "drone": 4, "position":(8.333333333333334,25.0,2.0), "time":82.13442418421783,"sensors":[0,40,11,1,32,25,43,37,10,23,4,24,19,26,33],"power":[0.008423624322322234,0.018516197994767745,0.00523955553570779,0.010926679106568629,0.028990526584158353,0.013976815690680478,0.007912614716072847,0.005564511372628207,0.005224282593043882,0.009167197157221526,0.009719412745095966,0.013596558871213192,0.008193524979002215,0.02307762236336894,0.01330800523992148]}
{"id": 9, "drone": 4, "position":(25.0,8.333333333333334,1.0), "time":418.11385076661657,"sensors":[31,21,20,37,44,29,49,47],"power":[0.038858634206404376,0.05353847824686096,0.036733191059473404,0.048448210824310084,0.06326488038935477,0.09235709710340516,0.29352884388824035,0.22585006844816646]}
{"id": 10, "drone": 1, "position":(25.0,41.666666666666664,4.0), "time":82.13442418421769,"sensors":[46,34,45,8,48,2,3,41,30,17,35,36,16],"power":[0.00724051877927901,0.005260814398054992,0.0062217840226709425,0.010169312440603732,0.006576520800939485,0.020585562385280226,0.009395144166243624,0.005424612872410285,0.013139903655753281,0.011780373966738223,0.006099650484497577,0.00644809296878024,0.007831566544617537]}
{"id": 11, "drone": 1, "position":(41.666666666666664,41.666666666666664,1.0), "time":508.0019296384329,"sensors":[15,46,8,3,30,17,35,36,18],"power":[0.8100916152027141,0.21449370906297693,0.07587135816923402,0.06127776681737975,0.12595782872101446,0.07536109964073648,0.3755584522825576,0.06498646959526798,0.09327785932493377]}
