LP RESULTS :
 Obj = 0.1*lambda1+0.9*lambda2 = 130.7828639846137 (lambda1 = 1280.828639846137, lambda2 = 3.0) Resol time = 4810 ms

{"id": 0, "drone": 3, "position":(8.333333333333334,41.666666666666664,1.0), "time":712.4928251744252,"sensors":[17,22,45,24,0,44,39,8,30],"power":[0.17448872866177656,1.9292353517839598,0.18406332276299958,0.34860809731337117,0.04690094971896375,0.14778865578468223,1.393861659817368,0.1954217247507456,0.4454594278434617]}
{"id": 1, "drone": 3, "position":(25.0,41.666666666666664,1.0), "time":484.62874562498814,"sensors":[32,11,40,14,45,16,24],"power":[0.19204382868156644,0.03502240773586968,0.040957384761971916,0.08323500417207275,0.08540553991934198,0.35136993673328526,0.04579851904763958]}
{"id": 2, "drone": 3, "position":(8.333333333333334,41.666666666666664,2.0), "time":11.081124653463576,"sensors":[17,22,45,24,44,39,8,30],"power":[0.0025905150286183462,0.020214288436374933,0.0027444390842900667,0.00482456015279865,0.002211344215317751,0.01611154127229748,0.0028887598629393904,0.006156474982668742]}
{"id": 3, "drone": 4, "position":(33.333333333333336,41.666666666666664,1.0), "time":67.76843167330225,"sensors":[32,11,28,14,7,16,10],"power":[0.1134845017679896,0.018483721998060452,0.018764187897061375,0.01992817321289783,0.006611635835490161,0.008027158554780646,0.0112212747844487]}
{"id": 4, "drone": 4, "position":(16.666666666666668,16.666666666666668,1.0), "time":430.3019630442959,"sensors":[18,46,29,25,33,42,37,9,41,43,26,19,1,34],"power":[0.028143527374973585,0.12226908904349248,0.1793763270198496,0.051675103551556086,0.029932347447808635,0.07007958621457276,0.03112607228210436,0.07094593966185864,0.042541744519429416,0.045023832252055064,0.03622340743211023,0.11041642858887357,0.054143350935257004,0.11304063698939708]}
{"id": 5, "drone": 4, "position":(41.666666666666664,41.666666666666664,1.0), "time":482.383280220106,"sensors":[32,11,28,14,7,4,15,10],"power":[0.05519592767982936,0.09649387026606986,0.11620510396688512,0.04303840495028815,0.04340361238616884,0.1910771888519607,0.15,0.05799782691375042]}
{"id": 6, "drone": 0, "position":(16.666666666666668,25.0,1.0), "time":12.208046095368786,"sensors":[46,29,40,42,31,0,37,41,8,19,34],"power":[0.06125657558054711,0.0012942943771340424,0.004154502748022551,0.051129432541723176,0.0017769901287684083,0.005671410022068757,0.0015395183579151863,0.002847396389382209,0.0011142801013624647,0.0023151877269029695,0.05455808211948847]}
{"id": 7, "drone": 0, "position":(8.333333333333334,25.0,1.0), "time":334.4641741504078,"sensors":[6,46,25,17,40,42,0,37,41,8,26,19,34],"power":[0.14891461024297456,0.06186982756369667,0.031836239842045734,0.03209680258512512,0.02463571821606434,0.09046207292702903,0.06204333810368656,0.8251743061272633,3.3446417415040783,0.05706664713798436,0.03783104272273772,0.16505555082115966,0.09603899013704037]}
{"id": 8, "drone": 0, "position":(8.333333333333334,8.333333333333334,5.0), "time":269.80387080444126,"sensors":[25,9,26,21,19,1],"power":[0.07627567209009462,0.09083659592563455,0.05145181030594861,0.024609209594287012,0.022262260248166226,0.1463807288052635]}
{"id": 9, "drone": 1, "position":(41.666666666666664,33.333333333333336,1.0), "time":97.01053229506488,"sensors":[12,28,14,7,4,10],"power":[0.020776314686041963,0.052860403549584115,0.01365777398990507,0.05139184605569326,0.019328020355435644,0.03811456007663397]}
{"id": 10, "drone": 1, "position":(41.666666666666664,8.333333333333334,1.0), "time":579.3396130769718,"sensors":[20,3,2,35,36,49,5,48,23,38,27,13],"power":[0.10394942746173667,0.31783299923950686,0.06141716673769589,0.08048873185393675,0.039443642538143815,0.03757032624683323,0.15,0.08480640599335795,0.2076684239809913,0.5325268700738055,0.17231965191536516,0.36291430243050143]}
{"id": 11, "drone": 1, "position":(25.0,25.0,3.0), "time":149.03765003267597,"sensors":[18,46,29,40,14,42,16,31,0,43,34],"power":[0.04096192933749246,0.03233806611386904,0.018763031333716432,0.03532739494754216,0.012545986373957471,0.022885073612434567,0.010296649797201046,0.13515636002799297,0.01594998818067478,0.017980688750667207,0.02133498630158816]}
{"id": 12, "drone": 2, "position":(8.333333333333334,8.333333333333334,1.0), "time":229.06832723954562,"sensors":[25,33,9,26,21,19,1],"power":[0.11470386776904692,0.01772164371664578,0.2014980031060339,0.06242847935466896,0.027432314233452274,0.02413945439170654,1.0871661115777431]}
{"id": 13, "drone": 2, "position":(33.333333333333336,16.666666666666668,1.0), "time":67.82263111150087,"sensors":[18,29,3,2,31,43,49,48,38],"power":[0.036994826990382354,0.007680917240365493,0.006278356278302708,0.014582669033633146,0.004634870947236669,0.03150061315769408,0.006856796585080404,0.23013919775721225,0.0048509140197257085]}
{"id": 14, "drone": 2, "position":(25.0,8.333333333333334,5.0), "time":621.4583495622956,"sensors":[18,29,47,20,33,43,36,49,21],"power":[0.03923067158150205,0.12122321782579072,0.15,0.06449713543199583,0.14516635977086753,0.118934186783344,0.12352307791206027,0.20900132506639493,0.09795847617227767]}
{"id": 15, "drone": 5, "position":(16.666666666666668,33.333333333333336,1.0), "time":72.62594439326011,"sensors":[46,17,22,40,42,45,16,31,24,0,41,8,34],"power":[0.011679890120742758,0.004617192096864741,0.009751627970823552,0.06142788025487267,0.020532081672323038,0.02150252528862104,0.01844486173960746,0.008431778896001945,0.008765449185874644,0.12276628736091273,0.007564284651237056,0.019273947143351428,0.012408215480446206]}
{"id": 16, "drone": 5, "position":(41.666666666666664,25.0,1.0), "time":633.6663956576645,"sensors":[18,12,28,2,7,35,48,10],"power":[0.0438997162971516,0.12922368531395803,0.06712814182285766,0.3210220230275619,0.1815830602743484,0.11184641301792952,0.07543805986795693,0.10429764872588997]}
{"id": 17, "drone": 5, "position":(8.333333333333334,16.666666666666668,1.0), "time":4.982258512263911,"sensors":[6,46,25,42,37,9,41,26,19,1,34],"power":[0.0010853897570254293,5.25094832109225E-4,0.004619544276508945,4.484204199895185E-4,0.0012702448043603691,7.922583659377034E-4,0.001042905863314221,0.003960798190201881,0.007753894325442903,0.0015201729980609036,7.074697987651461E-4]}
