LP RESULTS :
 Obj = 0.1*lambda1+0.9*lambda2 = 166.97419240283642 (lambda1 = 1651.7419240283639, lambda2 = 2.0) Resol time = 326 ms

{"id": 0, "drone": 0, "position":(16.666666666666668,8.333333333333334,1.0), "time":97.67323530236672,"sensors":[34,16,43,4,21,11,0,46,44,5,32,38,20,17],"power":[0.042395009506716,0.02653794863701833,0.01539181765491523,0.09429621522764618,0.05196112602554369,0.02748662125013838,0.039160108107521754,0.00923837959059143,0.016866894485121155,0.16480495079463658,0.06262405566439251,0.008000646502375539,0.00646274991784764,0.029617588811722904]}
{"id": 1, "drone": 0, "position":(41.666666666666664,33.333333333333336,1.0), "time":710.264555924994,"sensors":[7,42,26,19,9,10,6,13,25,31,2,14,23,24],"power":[0.05792359410696796,3.937354271172866,1.1663447300747434,5.264888531167416,3.1554686663885874,1.911626198445737,0.6229649864391192,0.07695365344791813,0.0744030202866763,0.13735711124485772,0.3069855364198335,0.11567022488160815,0.07239716493932853,0.2766809137844232]}
{"id": 2, "drone": 4, "position":(25.0,8.333333333333334,1.0), "time":321.8691900024196,"sensors":[34,43,4,21,11,37,5,32,38,20,8,17,12],"power":[0.09780923573117957,0.13898643866906243,0.0619561485970124,0.02430785558561056,0.14570706664526353,0.1017926179987145,0.07933564390111024,0.06811958543969517,0.12502077456561203,0.09775420248640031,0.1272891586936315,1.0730402293770296,0.02846062958512214]}
{"id": 3, "drone": 4, "position":(41.666666666666664,41.666666666666664,1.0), "time":569.3204612031805,"sensors":[42,26,19,9,10,6,25,31,30,33,2,24],"power":[0.1322027761701622,0.1367175590345178,0.13912409442685278,0.0891423354181359,0.10032184361534108,0.533306430196906,0.12652714408760776,1.3746813908989433,0.1991741872733138,0.14999999999999997,0.27600700329181377,0.036992255315005364]}
{"id": 4, "drone": 2, "position":(8.333333333333334,16.666666666666668,1.0), "time":1078.7109738220245,"sensors":[34,16,21,0,46,44,5,29,15,27,39,36],"power":[0.09452039632547726,0.7689503321259389,0.34302127378579944,0.2505790341154814,1.109463835836375,0.1260661317139065,0.12944314918869876,0.0720337380031348,0.08472470173473591,0.7995738230609044,0.2959264315967766,0.08018433763397612]}
{"id": 5, "drone": 2, "position":(25.0,41.666666666666664,1.0), "time":50.287716897769585,"sensors":[35,48,3,2],"power":[0.009978555409143696,0.01557334392431792,0.053569319574815505,0.00319333935976746]}
{"id": 6, "drone": 1, "position":(41.666666666666664,8.333333333333334,1.0), "time":430.0505230423477,"sensors":[7,40,49,22,8,12,28],"power":[0.032848922081925414,0.15,0.047631252081016304,0.03515497428376821,0.045183611597852544,0.07969234033165,0.051305922943487]}
{"id": 7, "drone": 1, "position":(33.333333333333336,16.666666666666668,2.0), "time":103.25849213036395,"sensors":[7,43,11,37,38,49,20,22,14,8,17,12,28],"power":[0.01289319144954402,0.01788027176343106,0.009529152809921497,0.049102906868303126,0.035605621859619165,0.029580702439979904,0.045783047595752045,0.0553808799643344,0.011710030750920591,0.030453410325522456,0.008433686139642385,0.1579595806997347,0.1052553002109206]}
{"id": 8, "drone": 3, "position":(8.333333333333334,25.0,1.0), "time":321.8691900024197,"sensors":[16,45,46,29,27,1,39,36],"power":[0.03369868165336364,0.06652596988422237,0.09793311618468446,0.07796626199686521,0.35255131327884026,0.03222619312518456,0.2877407672728632,0.07376982390803773]}
{"id": 9, "drone": 3, "position":(8.333333333333334,8.333333333333334,1.0), "time":153.4885249015531,"sensors":[34,16,4,21,0,46,44,5,15,32,27],"power":[0.01233045588652101,0.04486907855216867,0.024222893241391062,0.07239731605025965,0.34225418952402653,0.01720085811060408,0.31536364572492875,0.02362235626073698,0.0652752982652641,0.01925635889591213,0.011145778487113886]}
{"id": 10, "drone": 5, "position":(8.333333333333334,41.666666666666664,1.0), "time":1329.872734025944,"sensors":[35,41,45,18,47,48,3,1],"power":[0.20159886471005367,0.15000000000000002,0.13884958458564778,2.755167038734417,0.3145466809464718,0.177174925220585,0.09643068042518448,0.7226680514854037]}
{"id": 11, "drone": 5, "position":(41.666666666666664,25.0,1.0), "time":321.8691900024198,"sensors":[7,42,26,19,9,10,6,13,49,2,22,14,23,12,28,24],"power":[0.2827755937420717,0.06462394717815963,0.05014260256716364,0.06098888933720852,0.0955309699947813,0.07595180973001987,0.02634532252859399,0.12862835063827852,0.12444953799399927,0.02117356461206098,0.09664428806397492,1.7433954330770716,0.08361143464622256,0.02962911339314582,0.06494475201558668,0.14252453711377036]}
