LP RESULTS :
 Obj = 0.1*lambda1+0.9*lambda2 = 124.89661000535033 (lambda1 = 1221.9661000535032, lambda2 = 3.0) Resol time = 536480 ms

{"id": 0, "drone": 0, "position":(41.666666666666664,8.333333333333334,3.0), "time":240.7143289920905,"sensors":[23,31,20,3,2,40,26,49],"power":[0.03439684852142037,0.027422376732258252,0.05628373196291333,0.06771063420301691,0.05053877234893925,0.04374907674169912,0.30787321831506026,0.07161777470708373]}
{"id": 1, "drone": 0, "position":(16.666666666666668,16.666666666666668,1.0), "time":3.0082655234411653,"sensors":[22,13,33,25,38,19,43,12,45,1,47,18,8,36,11,10,16,46],"power":[3.053866944526866E-4,0.0015065886853065872,0.001776741209178419,4.1679400979945363E-4,1.9005103900147685E-4,8.084867817608596E-4,0.0015094110751002992,3.065961335668014E-4,0.017190389866235008,2.0892638169421287E-4,3.496329191807682E-4,6.6508184925324E-4,4.5931766659292896E-4,3.762984700293238E-4,2.9350569204821783E-4,8.945419205863084E-4,2.4820183465300977E-4,4.099414343259501E-4]}
{"id": 2, "drone": 0, "position":(8.333333333333334,8.333333333333334,1.0), "time":877.7400470550355,"sensors":[13,33,39,19,42,43,12,45,1,47,8,11,7,10,46],"power":[0.06548520347836083,0.07562663413435929,0.20554923589010868,0.22488584492443978,0.15,0.23339138145643737,0.4014561442324665,0.08380925235517935,3.3300064488636396,0.7586924535220011,0.07025053492081773,1.6121584540663403,0.07649944008186002,0.52607050057044,0.23160898169098434]}
{"id": 3, "drone": 5, "position":(33.333333333333336,8.333333333333334,1.0), "time":384.8721464568398,"sensors":[22,38,23,18,20,3,16,2,26,30,49],"power":[0.09258603037238211,0.031473700215822485,0.361185221570155,0.05145847972157936,0.03580893190582825,1.1296912085993058,0.13257033806515905,0.5075474362409873,0.05108234341542532,0.07443654956547945,0.07838222529291625]}
{"id": 4, "drone": 5, "position":(8.333333333333334,41.666666666666664,1.0), "time":697.3143589459074,"sensors":[5,4,32,37,9,21,17,24,28,27,48,35],"power":[0.11138145864167646,0.5751804665530433,0.5783370311374559,0.06536382828256733,0.05601630813342829,0.24503160859332196,0.09068725902628941,0.4990465245055107,0.05145105484043197,0.22216549349672485,0.2156816836672269,0.11667232016731377]}
{"id": 5, "drone": 5, "position":(8.333333333333334,16.666666666666668,1.0), "time":27.011861000830777,"sensors":[13,33,25,19,43,12,45,1,47,8,36,11,7,10,46],"power":[0.0021394141736768867,0.002521471168914328,0.004666338939197679,0.0035729309211392805,0.00579768593646245,0.021556954238953045,0.007082082154455751,0.0037975272641640264,0.018005798280883265,0.023744383863617744,0.00376668927742958,0.0035788517588548592,0.009063828125279927,0.009294447491419477,0.002116881021265814]}
{"id": 6, "drone": 3, "position":(8.333333333333334,25.0,1.0), "time":314.2059264741958,"sensors":[25,12,45,47,8,17,24,27,36,7,48],"power":[0.5857441763778098,0.028064009051755153,0.04191827562412989,0.0238073649934998,0.2727155055856387,0.06964425214406887,0.0202368591919239,0.03416901246145052,0.35144202335202573,0.06443673179286007,0.033125596249588135]}
{"id": 7, "drone": 3, "position":(41.666666666666664,41.666666666666664,1.0), "time":56.572097950960284,"sensors":[6,14,34,15,0],"power":[0.14969015981118144,0.061084990955571884,0.0051478742985491925,0.09677932968243132,0.00503246495136922]}
{"id": 8, "drone": 3, "position":(25.0,8.333333333333334,4.0), "time":314.2059264741958,"sensors":[22,13,33,39,38,19,43,23,18,3,16,2,30,46],"power":[0.08179641811828729,0.08086879366265576,0.07567805920378921,0.023194428211487397,0.020527490203171503,0.04589992380426776,0.03484151841684392,0.051951032272590576,0.1273247769625606,0.03762241437436386,0.0924665108014475,0.04093245129547808,0.09256070876668303,0.04194969663337719]}
{"id": 9, "drone": 2, "position":(25.0,41.666666666666664,2.0), "time":272.93121628717313,"sensors":[5,4,37,44,9,21,41,28,34,35],"power":[0.06695329548861005,0.021274508202627676,0.06268724463559863,0.5773525157138156,0.03990603240982592,0.026461775541431025,0.06254799658004445,0.08512548400402878,0.07919481376455739,0.04286221726409092]}
{"id": 10, "drone": 2, "position":(33.333333333333336,41.666666666666664,2.0), "time":712.9666184762452,"sensors":[6,14,44,41,29,34,15,0],"power":[0.26471790093877917,0.08583045157249843,0.09991633766194438,0.05779034539607703,0.06822024166864599,0.34942470540817794,0.25079423039011384,0.06926999152865985]}
{"id": 11, "drone": 2, "position":(41.666666666666664,16.666666666666668,1.0), "time":236.0682652900848,"sensors":[38,31,20,3,16,40,26],"power":[0.01946825090137674,0.12257762326774174,1.2275606831373849,0.02423082923273045,0.014933363359322722,0.2008616932940038,0.04784566164013163]}
{"id": 12, "drone": 4, "position":(16.666666666666668,41.666666666666664,1.0), "time":210.44581463339995,"sensors":[5,4,32,37,44,9,21,24,41,28,27,48,35],"power":[0.530305843680604,0.19217994128781596,0.017686594694756162,0.08860023137837637,0.06448864163780922,0.05407765945674579,0.1770103609714993,0.021083514842973657,0.027584800237032334,0.08802446761479057,0.05139937354356736,0.014038490988211593,0.14645502485343545]}
{"id": 13, "drone": 1, "position":(33.333333333333336,41.666666666666664,2.0), "time":25.622450656684883,"sensors":[6,14,44,41,29,34,15,0],"power":[0.009513378577584912,0.003084557471929656,0.003590773207603034,0.002076857786846153,0.0024516852972412185,0.012557554646362441,0.009012992511326185,0.0024894109961632127]}
{"id": 14, "drone": 1, "position":(33.333333333333336,25.0,4.0), "time":286.8197618323837,"sensors":[22,38,29,0],"power":[0.022033444601300783,0.08318893500306956,0.10043908149504333,0.07320813252380771]}
