LP RESULTS :
 Obj = 0.1*lambda1+0.9*lambda2 = 132.70895396911627 (lambda1 = 1300.0895396911628, lambda2 = 3.0) Resol time = 7510 ms

{"id": 0, "drone": 2, "position":(8.333333333333334,25.0,2.0), "time":91.73486046700341,"sensors":[10,41,49,37,0,26,29],"power":[0.012590982230989419,0.01309911647630673,0.03741132417223814,0.013920484190998957,0.15802820597189904,0.007151801986042594,0.006318280185936945]}
{"id": 1, "drone": 2, "position":(25.0,25.0,4.0), "time":107.87560350634672,"sensors":[10,48,45,21,1,33,11,5],"power":[0.01695758619700341,0.024326969299207604,0.06156519214926394,0.03848815768278722,0.015091418893060633,0.01727499248399428,0.016119889422908408,0.012218192273781441]}
{"id": 2, "drone": 2, "position":(41.666666666666664,25.0,1.0), "time":572.9842586129107,"sensors":[35,11,16,20,43],"power":[0.0853657607434462,0.1466580223135878,0.11082281169818826,0.18349064852277877,0.0621314471482285]}
{"id": 3, "drone": 5, "position":(16.666666666666668,25.0,1.0), "time":86.52858802914939,"sensors":[10,48,49,45,21,0,1,26,33,7,30,36,32],"power":[0.055352184507097085,0.007134811776169108,0.02530304463043525,0.0480642495548724,0.008535025754369666,0.015196794856448896,0.012862532555684076,0.013924626081690226,0.01180628150136367,0.005500551364142777,0.0065894378622517015,0.00782785944616598,0.009643429595826768]}
{"id": 4, "drone": 5, "position":(33.333333333333336,8.333333333333334,3.0), "time":671.6935871811099,"sensors":[9,34,28,2,47,43],"power":[0.18631147515596014,0.068801333803611,0.12703698310987807,0.07711346066796891,0.06362808957981989,0.05640752394868995]}
{"id": 5, "drone": 5, "position":(25.0,33.333333333333336,1.0), "time":28.218682452536132,"sensors":[48,45,31,21,1,26,4,7,11,30,36,32,12,5],"power":[0.0760106173679736,0.00488527520851623,0.0022162180877140637,0.018732115671435064,0.03555899094189224,0.004913062757504504,0.0026549857869389583,0.0026084542919453785,0.0025959417371028523,0.004953929557107357,0.007513725960315775,0.00687472676888079,0.005307633973283348,0.08777152316966066]}
{"id": 6, "drone": 3, "position":(41.666666666666664,16.666666666666668,1.0), "time":11.27090965420939,"sensors":[34,11,20,43],"power":[0.0026345201523956625,0.001172038071293072,9.415468369896287E-4,0.014009707273408887]}
{"id": 7, "drone": 3, "position":(41.666666666666664,8.333333333333334,1.0), "time":44.14078424304478,"sensors":[34,28,43],"power":[0.07856414604401984,0.023022353417156298,0.017451321629812173]}
{"id": 8, "drone": 3, "position":(16.666666666666668,33.333333333333336,1.0), "time":4.639610784445365,"sensors":[10,48,15,45,21,0,1,26,7,30,36,32,5],"power":[3.13421505564622E-4,6.423645873045715E-4,4.944522070284087E-4,6.93969955475884E-4,4.612126672548072E-4,5.709342907952686E-4,0.002929255170157082,0.018453883800059197,0.0021807304409285316,0.003748909659495298,0.0047417072078487985,0.008184135363330194,8.444970526488504E-4]}
{"id": 9, "drone": 4, "position":(33.333333333333336,41.666666666666664,1.0), "time":499.8654401496842,"sensors":[48,44,14,23,13,39,35,31,4,12,5],"power":[0.04858020614817771,0.1543402897993331,0.0990120562423781,0.08977936635677765,0.15,0.1152897829212583,0.0511882926039607,1.1095846528654865,0.40822658740935014,0.8827943850101423,0.074550466073973]}
{"id": 10, "drone": 4, "position":(8.333333333333334,41.666666666666664,1.0), "time":662.69731496854,"sensors":[27,40,15,37,18,25,26,29,7,30,42,36,32],"power":[0.3214675529817878,0.17002949629676492,1.5786980262387365,0.043579416931273963,0.49504398009862216,0.15,0.09509875116723064,0.10962497828238826,0.20392329639877896,0.11310627674743323,0.2966059302873143,0.07552007006517451,0.07785852526972718]}
{"id": 11, "drone": 0, "position":(8.333333333333334,33.333333333333336,1.0), "time":426.2704829894886,"sensors":[15,37,0,18,1,26,29,7,30,36,32],"power":[0.06724395763975795,0.09250009887772709,0.1692541048557094,0.06138591466859134,0.028829936501136622,0.10823583140179709,0.10420475247735915,0.1095834636063965,0.07103228934937117,0.054396637320494934,0.06786820144720258]}
{"id": 12, "drone": 0, "position":(25.0,25.0,2.0), "time":352.50024453670403,"sensors":[10,48,9,45,21,1,33,11,5],"power":[0.06478582555934545,0.09393417857046464,0.025094871774696055,0.41416422200515585,0.17247598681801402,0.05706342141781231,0.06542127784630736,0.060878822336080864,0.0464290523734935]}
{"id": 13, "drone": 0, "position":(25.0,8.333333333333334,1.0), "time":275.89570797334886,"sensors":[24,9,3,2,33,22,47],"power":[0.13035089771561492,0.15887458327591478,0.10325818715542186,0.528209354577942,0.05681937373687634,0.023499504136482965,0.08637191042018015]}
{"id": 14, "drone": 1, "position":(41.666666666666664,33.333333333333336,1.0), "time":227.23984092856801,"sensors":[14,23,39,35,31,4,11,16,12,20],"power":[0.0987509353161517,0.06927829094648941,0.06608566135130337,0.825439344497433,0.04050019259976876,0.05937897672196958,0.027587907435679133,0.039177188301811744,0.016248746071486492,0.0489892936561543]}
{"id": 15, "drone": 1, "position":(8.333333333333334,8.333333333333334,1.0), "time":1024.193831717814,"sensors":[24,6,41,8,17,49,19,38,3,22,46],"power":[0.09045558402293608,0.15759273373390426,0.17795090379719938,0.2485138655622505,2.6062475032339636,0.0872856311973266,1.9468861308455752,0.15,0.08336504410884212,0.3946041768145169,0.3619768106110718]}
