LP RESULTS :
 Obj = 0.1*lambda1+0.9*lambda2 = 142.84654301149695 (lambda1 = 1410.4654301149694, lambda2 = 2.0) Resol time = 127 ms

{"id": 0, "drone": 5, "position":(8.333333333333334,25.0,2.0), "time":611.3541220009821,"sensors":[20,19,10,2,41,48,32,49,40,13,5,47],"power":[0.15882154903059265,0.06953197174840016,0.08167398939468125,0.7118781274167578,0.09211773923684913,0.2049467161208333,0.10719527008548298,0.14523205633280836,0.16159884660657073,0.06570918564116675,0.11001153394700161,0.0740859055674071]}
{"id": 1, "drone": 5, "position":(41.666666666666664,25.0,1.0), "time":274.50861209568876,"sensors":[38,0,22,14,43,26,17,18,3,25,37],"power":[0.04740358880777609,0.33599795989053016,0.022191082095152227,0.032216677305283055,0.06680328866783423,0.08925771595183052,0.17776200030730926,0.044930796415622434,0.14261948655763299,0.1121321697061581,0.07658443750571606]}
{"id": 2, "drone": 3, "position":(8.333333333333334,41.666666666666664,1.0), "time":799.1113081139873,"sensors":[19,10,21,41,39,49,23,13,33,28,35,5,1],"power":[0.15638480566874474,0.08244376676798344,0.16168223049746425,0.20214736105247513,0.08758028604445618,0.07634850266411193,0.19340614051862734,0.3709336247975955,0.22672519741606154,2.4851483501428024,0.06534046593906978,0.05491575946089475,0.15]}
{"id": 3, "drone": 1, "position":(41.666666666666664,8.333333333333334,1.0), "time":1024.6406867407104,"sensors":[38,34,7,17,45,9,36],"power":[0.14565843446895638,0.20971723051064303,0.3059018830461947,0.07403980841527524,3.9676413853433026,1.1187476491528263,0.3107732131245672]}
{"id": 4, "drone": 1, "position":(33.333333333333336,25.0,1.0), "time":111.31613127857021,"sensors":[0,22,26,17,44,18,24,3,29,25],"power":[0.03248431413300273,0.033835978004540634,0.008216597012301794,0.03177769267673912,0.014558649693565897,0.01222278201685135,0.03211746350530825,0.0073805134423670146,0.008242112259408126,0.08773777777579915]}
{"id": 5, "drone": 2, "position":(41.666666666666664,41.666666666666664,1.0), "time":823.5320278016623,"sensors":[8,14,43,26,12,18,16,37],"power":[0.1690804858646223,0.12077006391967773,0.08810263168644325,0.08858835860893535,0.10111980713171582,0.21116721578611844,0.15,0.07841580431352166]}
{"id": 6, "drone": 0, "position":(8.333333333333334,8.333333333333334,1.0), "time":605.5618787311056,"sensors":[4,20,48,27,47,6],"power":[0.1636417833666958,0.07337294950239953,0.07934964404729325,2.8066840510059285,0.09019710871996812,0.14315124763374787]}
{"id": 7, "drone": 0, "position":(25.0,25.0,1.0), "time":203.35408097747376,"sensors":[22,32,44,24,40,29,31,42,25],"power":[0.03892444758322507,0.04280472991451701,0.5073084350427954,1.0360313823218648,0.02260370216807623,0.0437596231367497,0.014652696595188336,0.01479728040178003,0.019498318987320344]}
{"id": 8, "drone": 4, "position":(25.0,8.333333333333334,3.0), "time":804.9035513838638,"sensors":[30,4,15,29,11,42,6],"power":[0.15,0.10412598668246718,1.4339098149000906,0.14484846592628986,0.15966696200580438,0.3734450372752246,0.14676990788628744]}
{"id": 9, "drone": 4, "position":(25.0,41.666666666666664,1.0), "time":586.9334023133072,"sensors":[46,21,8,22,39,12,23,35,31],"power":[0.15,0.13052821323296776,0.13123735493508443,0.055048492317082066,0.2785254640856354,0.11095253212214626,0.07963589696864606,0.23253789585373427,0.4225847643420547]}
