LP RESULTS :
 Obj = 0.1*lambda1+0.9*lambda2 = 113.66181763900777 (lambda1 = 1118.6181763900777, lambda2 = 2.0) Resol time = 416 ms

{"id": 0, "drone": 2, "position":(8.333333333333334,41.666666666666664,1.0), "time":610.4637949094958,"sensors":[45,43,14,33],"power":[2.0772778395595592,0.3398793757879361,0.1248389261867569,0.22621881354464055]}
{"id": 1, "drone": 2, "position":(41.666666666666664,41.666666666666664,1.0), "time":508.1543814805819,"sensors":[7,26,18,32,1,35,20,15,25,11,16,44,21],"power":[0.17942109175234314,0.14363254479264606,0.15380349473083935,0.04823285266929068,0.15,0.2820277911735938,0.728865888556913,0.03993466564268806,0.192368301236613,0.15290525336854455,0.03502863592786534,0.8025952898242315,0.2634818432652897]}
{"id": 2, "drone": 1, "position":(41.666666666666664,8.333333333333334,1.0), "time":354.94883591169577,"sensors":[17,6,38,29,23,27,24,19,28,3,41],"power":[1.284426973570925,0.06066002516119333,0.14877339924289848,0.0269686130906462,0.27981319308608954,0.09206362873459434,0.060893411898454285,0.19460941770350407,0.02252188009336241,0.02979947731618985,0.05813121947241579]}
{"id": 3, "drone": 1, "position":(33.333333333333336,8.333333333333334,1.0), "time":77.03946197543392,"sensors":[40,17,42,6,38,23,27,24,19,3,47],"power":[0.009416459139778423,0.025171331488657647,0.012095226113614268,0.03232393496228277,0.17918208817456932,0.06494548416868835,0.05862627433890195,0.01732309593502774,0.11177179830191089,0.01988609665233309,0.019457139902357107]}
{"id": 4, "drone": 0, "position":(41.666666666666664,25.0,1.0), "time":610.4637949094958,"sensors":[7,32,49,46,15,29,24,13,28,12,41,8,30],"power":[0.0523603083634211,0.3549475461941953,0.07728387178695428,2.7462338922268823,0.2786254351377782,0.3886703318202236,0.08055931896049363,0.06318158727223092,0.6555966775591863,0.21366266772223358,0.11941919151212282,0.06357316027929127,0.3087786067445291]}
{"id": 5, "drone": 0, "position":(8.333333333333334,8.333333333333334,1.0), "time":340.62911724141736,"sensors":[37,22,48,39,2,0,4],"power":[0.202514182383712,0.374531344888334,0.03805398574641581,0.15,0.055500705751244016,1.0745408454040406,0.0635527376209874]}
{"id": 6, "drone": 5, "position":(8.333333333333334,33.333333333333336,1.0), "time":132.76189776883032,"sensors":[45,43,9,14,33,31],"power":[0.034856645856491855,0.05172425388417135,0.029757791464858685,0.02516107381324309,0.01194522022985031,0.028922295707855213]}
{"id": 7, "drone": 5, "position":(25.0,33.333333333333336,5.0), "time":235.0713111977443,"sensors":[49,13,16,10,12,8],"power":[0.04171311658612485,0.028050901171366098,0.04209167926487167,0.08029060537047478,0.015360146099714405,0.04629535278273544]}
{"id": 8, "drone": 4, "position":(25.0,41.666666666666664,1.0), "time":375.39248371175154,"sensors":[26,25,33,11,16,10,36],"power":[0.0586992823287265,0.038251147524347204,0.04158739887551952,0.026176666271404466,0.3821375508675885,0.24440915332925928,0.16707528340706748]}
{"id": 9, "drone": 4, "position":(25.0,8.333333333333334,1.0), "time":686.6298785029479,"sensors":[40,42,6,38,48,23,27,19,3,47,5],"power":[1.0412292627358493,0.2884475531761827,0.08512065655348396,0.08451139535071071,0.1458919082717799,0.057656559451679947,0.07929903546653622,0.07055794412495098,0.10031442603147704,0.22018999650242982,0.10290736182265886]}
{"id": 10, "drone": 3, "position":(25.0,25.0,3.0), "time":207.86721947258715,"sensors":[49,9,42,13,10,47,5,12,8],"power":[0.03649464538123816,0.013826659840167533,0.022245752591758615,0.08031565209397892,0.01609283258929878,0.020674834968375706,0.04709263817734114,0.016586473254182287,0.052190762136750404]}
{"id": 11, "drone": 3, "position":(8.333333333333334,16.666666666666668,1.0), "time":777.9890591486602,"sensors":[37,22,9,31,34,2,0,4],"power":[0.05013186002677678,0.5790831124001569,0.11262164854027158,0.15428772440778968,0.15,1.9413264577926255,0.22621745840642096,2.6027115124696545]}
