LP RESULTS :
 Obj = 0.1*lambda1+0.9*lambda2 = 163.32611727616808 (lambda1 = 1606.2611727616809, lambda2 = 3.0) Resol time = 25410 ms

{"id": 0, "drone": 5, "position":(16.666666666666668,16.666666666666668,1.0), "time":444.17284554087223,"sensors":[31,8,41,23,43,18,24,13,35,12,47],"power":[0.05056541575008445,0.03313892146589564,0.03480642523020503,0.04887440049336693,0.38214738621464395,0.07786384646601444,0.06652298575081801,0.1985188166791105,0.12215681886963145,0.17364000296834534,0.049943585323277834]}
{"id": 1, "drone": 5, "position":(41.666666666666664,16.666666666666668,1.0), "time":1162.0883272208087,"sensors":[26,17,36,22,4,38,9,11,15,45,48],"power":[0.16803588636001623,0.3697764874629031,0.3633836991174646,0.14215841182847597,0.27759367512305727,0.12496268366163044,0.5557919061136802,0.14791043830897532,0.35992741168958775,0.12178665295439174,0.1987057122949221]}
{"id": 2, "drone": 3, "position":(8.333333333333334,8.333333333333334,1.0), "time":735.6786642059487,"sensors":[31,6,41,46,23,43,18,13,12],"power":[0.5338175753584066,0.258044945398525,0.06497239473532582,0.34891600671253836,0.10262496477925702,0.049645072963470704,0.07437379814757178,0.24042710285929728,0.28727927638585704]}
{"id": 3, "drone": 3, "position":(41.666666666666664,8.333333333333334,5.0), "time":100.99235348881723,"sensors":[17,36,38,30,15],"power":[0.007096343087429154,0.007914071527525678,0.030674152588814143,0.02265487713331145,0.030315850168732283]}
{"id": 4, "drone": 2, "position":(8.333333333333334,41.666666666666664,1.0), "time":898.1211706786286,"sensors":[37,21,34,7,42,0,29,14,10,27,28,3],"power":[2.0891446661176483,0.25671699133594117,1.2651230742644979,0.0643525555961389,0.10115046943820835,0.6601688105411786,2.1327289127181035,0.11265674597282577,0.6816059838238613,0.06764372376751124,0.15,0.11628067730480016]}
{"id": 5, "drone": 2, "position":(16.666666666666668,8.333333333333334,1.0), "time":87.8136914707826,"sensors":[31,41,23,43,19,13,12],"power":[0.010546275414477044,0.05022118003446915,0.1345951144450956,0.02676810942583407,0.009057710900311516,0.02259481781572064,0.02622820842807548]}
{"id": 6, "drone": 2, "position":(8.333333333333334,25.0,2.0), "time":338.5959715440774,"sensors":[31,8,40,18,14,24,3,13,20,35,12,47],"power":[0.02472741143541754,0.8026171304220908,0.0988574797503695,0.16266716760061142,0.08055431799044177,0.5011381833517672,0.10333538679707542,0.03385766088796426,0.06488904349001966,0.05844579377214838,0.02815204740998087,0.44945277466843864]}
{"id": 7, "drone": 0, "position":(8.333333333333334,33.333333333333336,1.0), "time":369.54403053897477,"sensors":[37,8,21,40,34,42,0,18,29,14,10,24,25,3,20,35,47],"power":[0.06120775943592803,0.12165947423212997,0.055930468429940525,0.06205471102346077,0.09143774683018856,0.06696413119932171,0.160143172945954,0.023318244560964322,0.0454418687992031,0.34088467491502367,0.041010072580150665,0.04095198289670404,0.025223314738295054,0.6309748257477733,0.08511095650998034,0.02484906583717782,0.09560956273655691]}
{"id": 8, "drone": 0, "position":(25.0,41.666666666666664,1.0), "time":7.5058312408893695,"sensors":[33,21,49,34,7,42,16,5,2,27,25],"power":[5.213185487463883E-4,0.0011756986356865576,0.007201548425921496,4.7370400581232667E-4,0.003978767210115096,0.0010786424557329203,0.02556741363792489,9.801651462357458E-4,0.001344496011384669,0.0019490910825006908,0.0015803259741762094]}
{"id": 9, "drone": 0, "position":(25.0,25.0,5.0), "time":100.99235348881666,"sensors":[43,45,48,25,35],"power":[0.007476159045592424,0.007331318321444482,0.008036498005964976,0.012503347667664044,0.01852059582824985]}
{"id": 10, "drone": 1, "position":(33.333333333333336,8.333333333333334,1.0), "time":343.1804920520551,"sensors":[38,30,15,45,19],"power":[0.24279129452008172,0.12734512286668853,0.1789234532431094,0.10701529467537281,0.16356515799347207]}
{"id": 11, "drone": 1, "position":(16.666666666666668,41.666666666666664,1.0), "time":276.7678526171785,"sensors":[37,21,49,34,7,42,16,0,29,10,27,25],"power":[0.03472149544690017,1.0195236328251909,0.11979646825903499,0.14292280722156706,0.1331918057468746,0.08730400776570227,0.09228060601977625,0.026300985275481928,0.06735368163948034,0.02186010200822738,0.10054012497097797,0.04940550538611623]}
{"id": 12, "drone": 1, "position":(33.333333333333336,41.666666666666664,1.0), "time":159.51342844899938,"sensors":[1,44,33,49,7,16,5,2,32],"power":[0.027681572495387503,0.026371304934816427,0.0659818169803089,0.015409976637860888,0.011771935286490136,0.022753456731237187,0.03575084791974895,0.49305008635243436,0.03470913309837676]}
{"id": 13, "drone": 4, "position":(25.0,33.333333333333336,2.0), "time":54.32228768601079,"sensors":[21,49,7,42,16,25,35],"power":[0.004987545058303091,0.016079082147863334,0.01701701015431284,0.012409527497086776,0.009398523611061915,0.06128750623374847,0.004800872597478825]}
{"id": 14, "drone": 4, "position":(41.666666666666664,25.0,1.0), "time":7.505831240889506,"sensors":[26,17,36,22,4,9,11,48,32],"power":[0.0015669467378622139,0.0013788398175090784,0.0011816540617926858,0.018353002234274468,0.026855262160984064,0.013771455327351639,0.002089561691024666,0.004295316979270964,9.77463858690743E-4]}
{"id": 15, "drone": 4, "position":(41.666666666666664,41.666666666666664,1.0), "time":1439.2419130717922,"sensors":[1,44,33,39,5,2,32],"power":[3.9810180129038693,7.596075605524331,0.7349008192496833,0.15000000000000002,0.1132689869340153,0.34052305822724327,0.3860455946283587]}
