LP RESULTS :
 Obj = 0.1*lambda1+0.9*lambda2 = 168.59278594709184 (lambda1 = 1658.9278594709183, lambda2 = 3.0) Resol time = 164428 ms

{"id": 0, "drone": 3, "position":(33.333333333333336,25.0,1.0), "time":1.9044779415027184,"sensors":[46,6,47,44,11,26,7,28,40,9],"power":[4.3389889218490343E-4,2.2826195840235466E-4,3.4639137577367155E-4,1.548452790295373E-4,4.482198918842982E-4,1.9501403745599707E-4,6.165513907580228E-4,3.785354228630839E-4,0.00980882034205719,1.4242677665492914E-4]}
{"id": 1, "drone": 3, "position":(8.333333333333334,33.333333333333336,1.0), "time":687.907585041713,"sensors":[38,48,19,10,24,45,36,33],"power":[0.3811923981356563,0.29052714335493485,0.16136367605300203,0.05141870572561664,0.4953045620819233,0.10334839275733784,0.0484987522830656,0.07990942309990788]}
{"id": 2, "drone": 3, "position":(41.666666666666664,41.666666666666664,1.0), "time":843.519375071144,"sensors":[2,14,35,17,39,47,44,11,26,7,15],"power":[0.21933833807104808,2.605875397453276,0.39827042069706886,1.7460896679857145,0.5145364556183808,0.09204418381463428,0.23583366788811305,0.09283485318971348,0.1382226105422424,0.07062398180375232,0.15]}
{"id": 3, "drone": 4, "position":(25.0,41.666666666666664,1.0), "time":125.59642141655934,"sensors":[4,18,2,35,5,45,6,39,44,36,28,33],"power":[0.04519975200092649,0.04737955234621966,0.01776326118236959,0.013882780915438537,0.020715835671529015,0.01869639372730061,0.03130444096491775,0.010427396716866119,0.011864046747734416,0.03553569204980859,0.012810035335942657,0.021189084008882534]}
{"id": 4, "drone": 4, "position":(16.666666666666668,8.333333333333334,1.0), "time":401.215476924148,"sensors":[37,27,20,16,32,49,29,31,8,25,12,0,22,42],"power":[0.2957323264940585,0.07046509736119103,0.8704255788118473,0.03098297334497062,0.2130842836752101,1.908966570569714,0.06483444930232711,0.14267494939411712,0.2713282966577231,0.04602205957066823,0.028479871386896127,0.02866543873258528,0.03614467559644725,0.09503143478057129]}
{"id": 5, "drone": 2, "position":(41.666666666666664,16.666666666666668,1.0), "time":943.9074165204347,"sensors":[46,34,41,3,43,21,13,40,9],"power":[1.0776389367910384,0.11232055105388859,0.07947362777272002,0.14240639780901798,0.0891786219056877,0.13412635664965017,0.21145634846313982,0.06735762996488241,0.651228709420167]}
{"id": 6, "drone": 2, "position":(25.0,8.333333333333334,1.0), "time":35.54982312462978,"sensors":[37,23,20,49,29,31,8,12,21,42],"power":[0.005636441694744088,0.01129324129883461,0.011665014929724256,0.006359934708014701,0.02692289700306605,0.010928741291148902,0.00547900165024112,0.002284634640029972,0.006492638882547143,0.01042672834290332]}
{"id": 7, "drone": 2, "position":(16.666666666666668,33.333333333333336,1.0), "time":579.8979976524604,"sensors":[38,18,19,10,24,45,12,6,0,36,28,33],"power":[0.0850316266307238,0.22722920015932202,0.6486250066258961,0.09276071157894826,0.0612545589273467,0.14996272396876192,0.041731147468351375,0.06143528251084745,0.049421237257869684,0.34511985770558723,0.08598943362479929,0.12291931533748278]}
{"id": 8, "drone": 0, "position":(25.0,25.0,1.0), "time":91.95107623343188,"sensors":[18,19,10,31,12,6,0,7,36,28,42,40],"power":[0.00845690646471795,0.011720369005982357,0.01939343024319727,0.007472824393883629,0.02989041005376229,0.013517735856506223,0.02292582847744629,0.009185153336512717,0.010409312056169575,0.05082199561639495,0.01041930309436362,0.023141097160276177]}
{"id": 9, "drone": 0, "position":(41.666666666666664,8.333333333333334,1.0), "time":94.5270190293997,"sensors":[46,34,23,41,43,21,13,9],"power":[0.010920796374931376,0.037679448946111416,0.007371053905700898,0.07346481107330124,0.08604908329290904,0.02191029969385283,0.027589669813856396,0.008284694046158907]}
{"id": 10, "drone": 0, "position":(8.333333333333334,8.333333333333334,1.0), "time":745.8252720455906,"sensors":[37,27,20,16,32,49,31,30,8,25,1,22],"power":[0.13136764689047467,4.056278697038312,0.09917095676906464,0.216810128923552,1.1737284062562907,0.18963758547121418,0.05376508917128703,0.1370543902076852,0.13055607937537203,0.10304605102842108,0.16826354486673398,0.7953470344080409]}
{"id": 11, "drone": 1, "position":(16.666666666666668,16.666666666666668,1.0), "time":125.59642141655922,"sensors":[37,27,20,16,19,32,49,10,31,30,8,25,12,0,42],"power":[0.009069000642923904,0.011779506821302396,0.017585992999752692,0.014084138893528303,0.008721275832005042,0.02200167460000435,0.02036676724598089,0.03745617817548328,0.07460316773145849,0.012945609792314792,0.15042349749544998,0.06261146523902511,0.06461880117378681,0.08188975156191572,0.060635833363555894]}
{"id": 12, "drone": 1, "position":(16.666666666666668,41.666666666666664,1.0), "time":173.57477912675378,"sensors":[4,18,19,45,36,33],"power":[0.057203679774678544,0.04863497650419438,0.015827168896380993,0.678288787876627,0.04622078728122845,0.9815566012075146]}
{"id": 13, "drone": 1, "position":(33.333333333333336,8.333333333333334,1.0), "time":326.15381106989526,"sensors":[46,23,41,43,29,21,42],"power":[0.0309838857710229,0.1313357047954645,0.03506695589876132,0.10728366348480053,0.05911057250451624,1.2201986501644286,0.022201947046082585]}
{"id": 14, "drone": 5, "position":(41.666666666666664,25.0,2.0), "time":33.645345183127006,"sensors":[46,3,47,11,26,7,40,9],"power":[0.009893889106004307,0.007593602190981976,0.014117451799830198,0.010374621116968907,0.009416452813528087,0.005594395892484724,0.005776618630794213,0.011636387373257904]}
{"id": 15, "drone": 5, "position":(33.333333333333336,16.666666666666668,1.0), "time":258.78978972655887,"sensors":[46,43,31,21,42,40,9],"power":[0.10448004641593263,0.019619754462999437,0.01698841615987918,0.08558199215415678,0.025049464342537124,0.043915833901989956,0.0226129787918152]}
{"id": 16, "drone": 5, "position":(33.333333333333336,41.666666666666664,1.0), "time":687.9075850417124,"sensors":[4,18,2,14,35,5,17,6,39,47,44,11,26,7],"power":[0.04759656822439497,0.05162392329369758,1.0041616169094796,0.2483580208468256,1.3394154105937104,0.12928416432847098,0.21989010805800505,0.1304476710415455,0.5815954076177139,0.043491973009761736,0.36679865577275766,0.062458094025699636,0.0444857829945997,0.0969645190938291]}
