LP RESULTS :
 Obj = 0.1*lambda1+0.9*lambda2 = 122.38779644641382 (lambda1 = 1205.8779644641381, lambda2 = 2.0) Resol time = 130 ms

{"id": 0, "drone": 1, "position":(8.333333333333334,16.666666666666668,1.0), "time":8.499056225164964,"sensors":[44,12,38,1,47,26,48,33,24,18,20,31],"power":[0.004142122925148202,0.0010008187148667247,0.0014962430656721227,0.0013353358027536272,0.0018295800704217168,0.007372052353353291,0.003395863979720025,0.001065342672773788,5.951638847039758E-4,0.007920786488063991,0.009412638123933701,9.061092063317552E-4]}
{"id": 1, "drone": 1, "position":(8.333333333333334,25.0,1.0), "time":591.179928341583,"sensors":[41,36,44,38,1,47,26,48,33,18,20,2,31,4],"power":[0.0791718429609275,0.2936841277325828,0.14095660765864565,3.0608622636824983,0.5850248526331104,0.18044484057783383,0.31195470868390685,0.0723961447755547,0.14893465732722622,0.1740163437302867,0.13043132152035217,0.05905717684589191,0.0730123391572313,0.13938658306024923]}
{"id": 2, "drone": 4, "position":(25.0,8.333333333333334,1.0), "time":591.1799283415829,"sensors":[29,12,7,6,24,17,28],"power":[0.2831561467100305,0.12949275661568838,0.2541857248706341,0.2685841408293703,0.1756152861777914,0.04438177959568526,5.91179928341583]}
{"id": 3, "drone": 4, "position":(41.666666666666664,25.0,1.0), "time":614.6980361225552,"sensors":[23,39,19,3,25,45,27,49,40],"power":[2.7059480140814136,0.10292618451112871,0.4713307984737076,0.4277147695367285,4.311819192819994,0.08051440470242448,0.09285904030769734,0.14868516599926374,0.07249500087148901]}
{"id": 4, "drone": 3, "position":(25.0,41.666666666666664,1.0), "time":313.25880795817324,"sensors":[30,46,11,34,21,16,5,22],"power":[0.07498153838661466,0.03284739756428886,0.053104285042803255,0.15,0.03421277805552528,0.03209519432627625,0.22110935781044033,0.049037697465789336]}
{"id": 5, "drone": 3, "position":(41.666666666666664,8.333333333333334,1.0), "time":591.1799283415829,"sensors":[6,42,45,9,17],"power":[0.06201994394689621,0.8373535873520492,0.17386711751131106,0.23904196449465764,0.302645900346755]}
{"id": 6, "drone": 5, "position":(8.333333333333334,41.666666666666664,1.0), "time":614.6980361225552,"sensors":[41,0,30,36,11,10,21,35,15,14],"power":[0.17018273418911678,0.39243619871875746,0.11860682459263058,0.06430555508664403,0.09997989286883589,0.15,0.16741935395633153,0.9563174520968288,0.7104224266188379,0.5153822474029279]}
{"id": 7, "drone": 5, "position":(25.0,25.0,1.0), "time":591.1799283415829,"sensors":[29,46,47,7,16,27,24,5,2,31,4],"power":[0.038173953419210344,0.25275528749435333,0.07376522670693456,0.05564753162330736,0.3069145035701945,0.07814557797319198,0.05886909954571659,0.04541359450768561,0.31637004316440526,0.16013271349562117,0.0832047083754539]}
{"id": 8, "drone": 2, "position":(8.333333333333334,8.333333333333334,1.0), "time":606.1989798973901,"sensors":[44,12,26,48,43,18,20],"power":[0.058575323468455134,0.11986024483089176,0.05263777203361161,0.09988600664379099,0.14999999999999997,0.06940721431172897,0.09165207454588913]}
{"id": 9, "drone": 0, "position":(41.666666666666664,41.666666666666664,1.0), "time":412.9314383276117,"sensors":[13,39,32,49,40,37,22,8],"power":[0.14999999999999997,0.11375840035537046,0.3980109152421509,0.047142374552532645,0.1291817775893799,0.16562477043299503,0.11038091219060656,0.15583697910164948]}
