LP RESULTS :
 Obj = 0.1*lambda1+0.9*lambda2 = 164.53280048557968 (lambda1 = 1618.328004855797, lambda2 = 3.0) Resol time = 2768 ms

{"id": 0, "drone": 3, "position":(25.0,8.333333333333334,1.0), "time":485.9301957446632,"sensors":[4,17,42,6,20,15,8,35,48,29,0,19,9,14,32,26],"power":[0.3406298998770483,0.10146424835085432,0.14974349081813884,0.08382764395095955,0.3090722367653958,2.503104230582134,0.09220165912104208,0.2520878374249912,0.11029439475634996,0.07614233339187115,0.04972828589024637,0.0452979916737581,0.16752668033347964,0.1088617621562965,0.051887647925510635,0.10109806414184978]}
{"id": 1, "drone": 3, "position":(41.666666666666664,25.0,1.0), "time":731.0866894182217,"sensors":[1,37,49,2,7,36,0,19,13,3,10,39],"power":[1.0862115373007093,0.050449908719477334,0.172299991180431,0.15286486944510735,0.08890050691908714,0.06849220296342542,0.0560740051277657,0.07398654240844195,1.1705088668366939,0.15,1.5975130771436075,0.11105890500017121]}
{"id": 2, "drone": 0, "position":(41.666666666666664,41.666666666666664,1.0), "time":80.84235295160576,"sensors":[46,18,37,12,11,25],"power":[0.022582199763266166,0.07092596784648879,0.1080769095093322,0.018163511756622418,0.6557252231693838,0.007907611332657103]}
{"id": 3, "drone": 0, "position":(8.333333333333334,25.0,1.0), "time":485.930195744663,"sensors":[44,27,33,22,31,43],"power":[0.0539734654166224,0.08519161081582324,0.07516138596630041,0.04734694337617716,0.07264630888960924,0.05243330476744893]}
{"id": 4, "drone": 4, "position":(16.666666666666668,8.333333333333334,1.0), "time":410.5346659252408,"sensors":[4,6,20,15,47,8,33,35,48,29,31,14,32,26],"power":[0.214776159018585,2.1477439516626577,0.032347149937291056,0.07894011150862866,0.02871201379698776,0.26939830136540194,0.04755090640805166,0.03215269140651047,0.039705605243650036,0.03650796140130191,0.08135968860507647,0.08882748525303072,0.028447432647041162,0.05064601889579616]}
{"id": 5, "drone": 4, "position":(41.666666666666664,8.333333333333334,1.0), "time":338.69793345660815,"sensors":[24,20,2,7,19,9,5,39],"power":[0.5504530797042521,0.023499546084282723,0.061592939873162215,0.11001924200232208,0.03799281509719021,0.0316691034795776,0.15,0.10018825465165769]}
{"id": 6, "drone": 4, "position":(8.333333333333334,8.333333333333334,1.0), "time":530.5905178517656,"sensors":[4,6,47,8,22,31,41],"power":[0.035592370562140284,0.14049112767920682,0.1429159817115445,0.07464394688982388,0.0664246933243802,0.09635536725200385,0.14999999999999997]}
{"id": 7, "drone": 1, "position":(33.333333333333336,41.666666666666664,1.0), "time":806.3989624859694,"sensors":[46,18,37,12,30,11,45,25],"power":[0.15283880998520563,0.07907403215351119,0.15169180286806838,1.041858212927682,0.09442646113790772,0.19053352642709062,0.09562521010774873,0.2546159775161376]}
{"id": 8, "drone": 2, "position":(8.333333333333334,41.666666666666664,1.0), "time":843.2487474289618,"sensors":[16,27,40,21,34,38,43],"power":[0.21684404501127422,0.19009552080961334,1.3597721609843259,0.15000000000000005,0.44547601103796564,0.1594152248795762,0.2862946686659389]}
{"id": 9, "drone": 2, "position":(25.0,16.666666666666668,1.0), "time":49.890031840933226,"sensors":[4,17,42,6,20,15,8,33,35,29,36,31,0,19,9,32,26],"power":[0.00504630016435583,0.043307682242233476,0.028184591402966502,0.0047029574198302875,0.015291961966733061,0.014463458895313601,0.010881933262939134,0.009394347645238154,0.020137985779999715,0.21773163726077116,0.008987930807004439,0.0045141015939639565,0.0180341009201452,0.009498905905821132,0.014007675364445058,0.06798212738830732,0.2392019922496828]}
{"id": 10, "drone": 2, "position":(8.333333333333334,16.666666666666668,1.0), "time":141.38259349319412,"sensors":[6,8,33,22,31],"power":[0.01940529729112705,0.021898369468965825,0.027784963549756663,0.036228363299442644,0.09633053429619881]}
{"id": 11, "drone": 5, "position":(33.333333333333336,16.666666666666668,1.0), "time":12.723154395370614,"sensors":[17,42,24,20,15,49,2,35,29,7,36,0,19,9,32,26,13,10,39],"power":[0.010668272934092048,0.007124700590706445,0.0022301837471812376,0.003671518995172413,0.001637663801155997,0.0016813252984808956,0.0013838050607775263,0.0042513094201859555,0.0021456768941088646,0.0015306639407326136,0.002443811975321916,0.026163608061842723,0.12723154395370614,0.005512221018647447,0.0016827920391409054,0.0019867221142621885,0.0012209384158342947,0.0020345214507908175,0.0019323279667448406]}
{"id": 12, "drone": 5, "position":(25.0,33.333333333333336,1.0), "time":731.0866894182218,"sensors":[44,49,23,12,30,36,28,45],"power":[0.19428633271526716,0.08795325036337477,0.5703805571970885,0.099139334026706,0.12524984418515694,0.11405577109506707,2.5454019318675445,5.7509989548726725]}
