LP RESULTS :
 Obj = 0.1*lambda1+0.9*lambda2 = 139.65925858106897 (lambda1 = 1369.5925858106898, lambda2 = 3.0) Resol time = 44991 ms

{"id": 0, "drone": 5, "position":(41.666666666666664,41.666666666666664,1.0), "time":31.606070189103107,"sensors":[17,10,4,15,6,25,37,20,12,18,0],"power":[0.10072426594080641,0.23646073306173107,0.007629388743055365,0.008576375881163282,0.005367354441952514,0.004010090275347499,0.04679721109505749,0.0026940214070461954,0.0074997957813493134,0.005622905347439972,0.0028000500186810646]}
{"id": 1, "drone": 5, "position":(41.666666666666664,25.0,1.0), "time":487.68854922048126,"sensors":[46,19,45,6,25,48,11,24,12,41,13,5,8,0],"power":[1.554968020923111,0.17756012775267238,0.0572803120491107,0.12469973299227335,0.10261240950505092,0.060014331915679786,0.05425848413855334,0.11681819001990071,0.07509727042462452,0.060720874179994055,0.4257159890240885,0.21730706684499176,0.20158707694854786,0.0830228961684746]}
{"id": 2, "drone": 5, "position":(16.666666666666668,41.666666666666664,1.0), "time":266.1041113317328,"sensors":[49,2,14,29,35,21,47,31,43,16,20,44,28],"power":[1.8544792112954327,0.04503873400769702,0.03526123595916877,0.1769023493386307,0.04350433134824601,0.01896966971061681,0.0579157683976567,0.03231707246666257,0.04158549799295194,0.06461419922077993,0.017023814228928857,0.030287039001680584,0.06867146190073137]}
{"id": 3, "drone": 4, "position":(8.333333333333334,41.666666666666664,1.0), "time":870.5671338212879,"sensors":[49,14,29,35,42,21,31,43,16,1,44],"power":[0.15996819112960897,0.42025853504118205,0.08938735290927238,0.13162348163962825,0.11825784444408825,0.0705351788215054,1.9054855938127204,1.0423542558631687,0.08538580077922006,0.15542866315943632,0.3012883491711744]}
{"id": 4, "drone": 4, "position":(8.333333333333334,16.666666666666668,1.0), "time":498.0397928976166,"sensors":[30,33,36,7,40,26,27,38,9],"power":[0.039041915776105746,0.11548519605871005,0.5824349003724288,0.4164247032200044,0.1346257341503119,0.06256490593231977,0.13954186043459055,0.6727999790019505,0.08525569430920152]}
{"id": 5, "drone": 4, "position":(8.333333333333334,25.0,1.0), "time":0.9856590917851946,"sensors":[30,35,42,33,21,36,7,40,43,27,38,9],"power":[1.5584616763994225E-4,1.8031283523887434E-4,7.709402778680427E-5,0.0029995879060011445,4.145339810077067E-4,1.2139426521187352E-4,7.778458786846074E-5,8.340654905976591E-5,7.011750953262942E-5,1.8633949842693505E-4,3.7006362543351526E-4,1.1684134120875532E-4]}
{"id": 6, "drone": 0, "position":(8.333333333333334,33.333333333333336,1.0), "time":176.0732708900293,"sensors":[49,30,29,35,42,33,21,47,31,43],"power":[0.01281959270382464,0.013126039598131486,0.018259197338367568,0.1250398887294244,0.04165835885732089,0.0315152160352888,0.10182612946600464,0.012459504287159612,0.03799458538935742,0.10994862176832734]}
{"id": 7, "drone": 0, "position":(41.666666666666664,8.333333333333334,1.0), "time":802.9281562478675,"sensors":[19,45,32,39,11,22,41,5,8],"power":[0.0685553908164348,0.1450591907265106,0.06356082792572186,0.05939287070512684,0.26637378852749904,0.14999999999999997,0.13466205973403594,0.09023931690099539,0.061382464247853964]}
{"id": 8, "drone": 0, "position":(25.0,33.333333333333336,3.0), "time":55.86241067585436,"sensors":[49,2,30,29,35,34,47,3,20,28],"power":[0.004898150318933023,0.0065232171397082124,0.006068445464692822,0.01358718754697159,0.004614480394786117,0.0178071360886604,0.03372931434055032,0.021511136866204674,0.013587608184008221,0.007681527646866934]}
{"id": 9, "drone": 2, "position":(25.0,25.0,3.0), "time":382.8785846008067,"sensors":[30,34,47,48,3,27,9],"power":[0.10054422747769776,0.46683655377121736,0.04589541297463337,0.08429741212949757,0.040854507966145565,0.036815789608751266,0.057109433368933586]}
{"id": 10, "drone": 1, "position":(8.333333333333334,8.333333333333334,5.0), "time":870.5671338212879,"sensors":[23,36,7,40,26,38],"power":[0.16596318251107156,0.17338819211197418,0.30064336478782333,0.10218587586135679,0.14391536133680682,0.07631369368313955]}
{"id": 11, "drone": 1, "position":(25.0,8.333333333333334,1.0), "time":487.68854922048126,"sensors":[32,39,9],"power":[0.06780038328959734,0.17366734568462916,0.034161614579497054]}
{"id": 12, "drone": 3, "position":(33.333333333333336,41.666666666666664,1.0), "time":579.8159987297674,"sensors":[17,2,10,4,15,6,37,3,20,18,28],"power":[0.08716988503277982,0.13755756681410067,0.10360892496655126,0.14237061125694464,0.3093036542186631,0.06429446069088361,0.05917019756863056,0.14555644693360176,0.41534513277631463,1.186494368950889,0.10115017333250644]}
{"id": 13, "drone": 3, "position":(41.666666666666664,33.333333333333336,2.0), "time":270.48196767133754,"sensors":[17,10,46,6,25,37,3,20,24,12,13,0],"power":[0.07522036072957804,0.04985514987345393,0.043749204952196696,0.5045811121735311,0.1514267385753582,0.04403259133631192,0.02711196668757627,0.017195572035913,0.03318180998009927,0.32699320133566784,0.02547084712708406,0.0767432364569943]}
{"id": 14, "drone": 3, "position":(33.333333333333336,8.333333333333334,1.0), "time":78.97588034234104,"sensors":[19,32,39,48,11,8],"power":[0.006218369552990735,0.018638788784680824,0.033301154195074206,0.005688255954822658,0.006121075954782624,0.005762946045939851]}
