LP RESULTS :
 Obj = 0.1*lambda1+0.9*lambda2 = 151.50612486971326 (lambda1 = 1488.0612486971327, lambda2 = 3.0) Resol time = 7248 ms

{"id": 0, "drone": 0, "position":(33.333333333333336,41.666666666666664,1.0), "time":418.64380023833155,"sensors":[8,39,32,47,12,25,33,34,30,49,24],"power":[0.04569671491143065,0.0487921911492871,0.06060831284257813,0.0330262228136705,0.0926569606491778,0.09805675374053359,0.03635115523733398,0.05251287617259597,0.04949694869552668,0.09606982522862659,0.3162264410769813]}
{"id": 1, "drone": 0, "position":(41.666666666666664,41.666666666666664,4.0), "time":153.28169406670418,"sensors":[15,29,39,47,25,34,35,24],"power":[0.035175596001549625,0.018024498421468194,0.023374713993086566,0.03065356653763252,0.16372681149897847,0.04487565793207216,0.0118811567773856,0.020747145222826575]}
{"id": 2, "drone": 0, "position":(8.333333333333334,16.666666666666668,4.0), "time":574.7783907552796,"sensors":[4,43,26,23,48,14,3,0],"power":[0.1276129527736161,0.06353770676879922,0.09265828173462924,0.1863899864122355,0.4095801338805653,0.1095802207707437,0.36098694601854225,0.3242792440635868]}
{"id": 3, "drone": 5, "position":(25.0,8.333333333333334,1.0), "time":364.4010635234123,"sensors":[38,18,27,31,11,36,41,17],"power":[0.04834082334127043,0.13818369428987892,0.11852459242975232,0.06761178862095166,0.036451977517200834,0.04012923287095835,0.08298116479072354,0.1297397579065791]}
{"id": 4, "drone": 5, "position":(41.666666666666664,41.666666666666664,1.0), "time":360.6089851651425,"sensors":[15,29,39,47,25,33,34,35,24],"power":[0.10358172436146622,0.049101454840599884,0.06389247384084609,0.08632021064869692,3.606089851651425,0.026390404235983295,0.14761347905670036,0.03267239857778393,0.05818384991615451]}
{"id": 5, "drone": 4, "position":(41.666666666666664,33.333333333333336,1.0), "time":204.94373346547195,"sensors":[15,29,39,25,33,34,21,35,24],"power":[0.0130124613556559,0.05289295825065295,0.6169785522076785,0.043013892932226044,0.07444044472753472,0.45847936778757575,0.022086357400947165,0.07662795467141881,0.034787790953003724]}
{"id": 6, "drone": 4, "position":(8.333333333333334,41.666666666666664,1.0), "time":1154.781157680744,"sensors":[42,16,1,37,9,2,46,40,20],"power":[0.15000000000000002,0.35233380488197263,1.3455681731925442,0.24187149438707492,1.466684490869761,0.11403450614889875,0.22226017567591658,1.007515445963827,0.46248004338443083]}
{"id": 7, "drone": 4, "position":(33.333333333333336,16.666666666666668,1.0), "time":19.597155829455687,"sensors":[38,18,22,6,21,27,5,31,7,11,36,44,17,10],"power":[0.002298155112358614,0.002171601036159251,0.004041119543113938,0.0016900740397592573,0.002298372738168304,0.005258897841868809,0.002085750490730696,0.00972445501129854,0.0033922945124439533,0.19597155829455687,0.002388717149154173,0.0032136743259720863,0.001537693487072012,0.001274619269179228]}
{"id": 8, "drone": 3, "position":(25.0,25.0,1.0), "time":153.28169406670418,"sensors":[38,8,4,33,21,27,5,31,7,30,11,36,17,10],"power":[0.046850476989119635,0.01986845640459138,0.014070665677575884,0.012155903852510792,0.04158074200667411,0.02143270781303255,1.2197462225545612,0.030890117438993486,0.08006213052103622,0.013956918648809317,0.016413959170066803,0.057862649279158546,0.012482153344543449,0.5125383180761599]}
{"id": 9, "drone": 3, "position":(16.666666666666668,8.333333333333334,1.0), "time":911.8011592632974,"sensors":[38,27,36,41,17],"power":[0.08764760155868555,0.09451790071553928,0.07017985682429524,0.06701883520927646,0.2932998114953329]}
{"id": 10, "drone": 3, "position":(41.666666666666664,25.0,1.0), "time":333.2800910163886,"sensors":[29,39,22,6,33,34,21,7,11,35,44],"power":[0.029981088487278998,0.07797013242484474,0.07605924996015821,0.026592667070846666,0.09714935758028034,0.04069693748814756,0.04952079168494852,0.03610581136221586,0.030637172038296318,0.07243249515052694,0.026118555174032686]}
{"id": 11, "drone": 2, "position":(25.0,41.666666666666664,1.0), "time":333.2800910163887,"sensors":[8,16,32,1,12,2,46,30,49,24],"power":[0.1194507831663699,0.04145866547462523,0.08983787788288727,0.023242407480353316,0.05734303935082214,0.05414073658996058,0.05053340348746801,0.1975674610438671,2.3060761953886715,0.05836455148276132]}
{"id": 12, "drone": 2, "position":(41.666666666666664,8.333333333333334,1.0), "time":565.7416837778972,"sensors":[18,13,22,6,28,19,11,44,45],"power":[0.05853622874795972,0.15,0.11758345184025909,0.2385039515135722,1.050565592472407,0.14652870842969323,0.052113435663247165,0.5435796474479242,0.295907646077193]}
{"id": 13, "drone": 2, "position":(33.333333333333336,25.0,1.0), "time":17.30294474509385,"sensors":[38,39,22,33,21,27,5,31,7,11,36,24,10],"power":[0.0014294363068079595,0.0026854174487483794,0.0016512745128044167,0.007235853443365743,0.0328987103826513,0.0014078314785008054,0.00460793605889291,0.0026837029032240377,0.027421041690012242,0.0038309219656735612,0.001687655757222024,0.0015012125437778954,0.0024096988926271034]}
{"id": 14, "drone": 1, "position":(8.333333333333334,25.0,1.0), "time":333.2800910163887,"sensors":[4,43,26,37,23,48,14,3,0],"power":[0.12247976222147552,0.6749466361170092,3.332800910163887,0.06752906338264146,0.5030845443247455,0.0956319456285445,0.04041977922925629,0.11261757132655695,0.0666772614654359]}
{"id": 15, "drone": 1, "position":(25.0,16.666666666666668,1.0), "time":21.677231269169397,"sensors":[38,18,4,21,27,5,31,7,11,36,17,10],"power":[0.03529553044038819,0.001930846999886506,0.0017390927274830688,0.0016150257866106253,0.06551702671433297,0.004325123735556068,0.03908993602553229,0.0030187219142917684,0.005134179888373253,0.030101798108963622,0.011766731151212115,0.004363515589089642]}
{"id": 16, "drone": 1, "position":(41.666666666666664,16.666666666666668,1.0), "time":12.779384469011461,"sensors":[22,6,28,19,11,44,45],"power":[0.12779384469011462,0.0070233229349345744,0.0017996602209339543,0.0034712915703067615,0.0025543411614606403,0.010848468573417617,9.640674482931736E-4]}
