LP RESULTS :
 Obj = 0.1*lambda1+0.9*lambda2 = 133.8495536105832 (lambda1 = 1311.4955361058321, lambda2 = 3.0) Resol time = 5416 ms

{"id": 0, "drone": 1, "position":(25.0,25.0,1.0), "time":25.790519277074623,"sensors":[15,36,26,9,41,43,11,32,49],"power":[0.051839363836247,0.004675134766114073,0.002212164667047667,0.005988192271996825,0.0020856972926795235,0.004230912855794893,0.0028290295294265792,0.01357209677159154,0.0030107435283833798]}
{"id": 1, "drone": 1, "position":(33.333333333333336,8.333333333333334,1.0), "time":25.790519277074623,"sensors":[29,3,10,46,37,27,13],"power":[0.002105691643117051,0.007633536896386948,0.0022672943156724318,0.0034099514606388713,0.006712326907166809,0.001847690633700049,0.0017607411012190953]}
{"id": 2, "drone": 1, "position":(16.666666666666668,16.666666666666668,1.0), "time":82.43375001707257,"sensors":[30,26,9,41,27],"power":[0.05184120705961802,0.009627448692424257,0.08024985306065474,0.10401709904509236,0.025427054873161076]}
{"id": 3, "drone": 4, "position":(41.666666666666664,8.333333333333334,1.0), "time":208.00793964108325,"sensors":[29,23,48,3,10,46,37,13,12],"power":[0.018335439085234634,0.014445184408789032,0.02713725136426026,0.9891884289044013,0.03987320688858256,0.3941546780871983,0.01935825579445614,0.12063558801956124,0.032106458244197965]}
{"id": 4, "drone": 4, "position":(8.333333333333334,8.333333333333334,1.0), "time":777.577728858353,"sensors":[30,41,27,6],"power":[0.2179067937994777,0.06814600508625301,0.06316943966314612,0.10066948662175258]}
{"id": 5, "drone": 4, "position":(16.666666666666668,41.666666666666664,1.0), "time":325.90986760639584,"sensors":[0,20,38,18,17,1,43,11,47,39],"power":[0.020612308055504742,0.06838391982818741,0.08655403954106633,0.09342083291852327,0.03908888089007197,0.021110604760180365,0.05267800357862554,0.08739847215119699,0.05901208587704991,0.2205674919715705]}
{"id": 6, "drone": 2, "position":(25.0,41.666666666666664,1.0), "time":219.60403937351094,"sensors":[0,40,38,1,43,35,11,39],"power":[0.10714673546070656,0.02153123401659995,0.015512892768802284,0.08043092381652338,0.022805754175399873,0.09341649304583921,0.04510629365926827,0.11821283490592048]}
{"id": 7, "drone": 2, "position":(41.666666666666664,16.666666666666668,1.0), "time":126.36202879457053,"sensors":[29,36,21,23,48,3,10,46,13,12,49],"power":[0.07873147428475939,0.01955904155236423,0.01309689427169721,0.07336609253655355,0.09543659242780227,0.024409906048603755,1.2636202879457055,0.01616453006212076,0.027603670879219656,0.131128216405449,0.02750701713817426]}
{"id": 8, "drone": 2, "position":(8.333333333333334,41.666666666666664,1.0), "time":464.99859802409645,"sensors":[20,38,18,2,17,42,11,47,39],"power":[0.0816160801718126,0.08973383024307124,1.3475073407004852,0.03288735429607276,0.08107837350394266,0.11645621021516189,0.031324669297016376,0.18043248721920466,0.03735968631481487]}
{"id": 9, "drone": 3, "position":(33.333333333333336,16.666666666666668,1.0), "time":358.94471911931873,"sensors":[15,29,36,23,48,3,9,10,12,32,49],"power":[0.06113552987300613,0.15427055438882098,0.1297051724634262,0.08960813165654713,0.027426156207937456,0.03980397955941271,0.02461291221877987,0.07538834647691774,0.031154475934532206,0.033348597881773884,0.1314207234346644]}
{"id": 10, "drone": 3, "position":(33.333333333333336,8.333333333333334,4.0), "time":592.390329273785,"sensors":[29,3,10,46,37],"power":[0.04276057895196111,0.14107509705099877,0.04582232969502245,0.06494718588696761,0.12392941729837705]}
{"id": 11, "drone": 3, "position":(16.666666666666668,8.333333333333334,1.0), "time":44.661411503748965,"sensors":[30,9,41,27],"power":[0.03140099351688082,0.0053958778928859235,0.016301464327711165,0.02860124266546279]}
{"id": 12, "drone": 5, "position":(41.666666666666664,33.333333333333336,1.0), "time":610.5117666724616,"sensors":[40,36,5,21,23,7,16,28,25,31,33,19,45,22,24,32,49,34],"power":[0.04062312514530032,0.041477002134631846,0.8321929615974534,0.32563463022130223,0.051974137537207796,0.15,0.1148956359824177,1.8445008667403144,0.10946095388248595,2.914456657727401,0.15718821711283965,1.4614501577070724,0.4262029646739067,0.31792485212267396,0.17716843874248586,0.03964858942904225,0.04795227897705435,0.11385583523589163]}
{"id": 13, "drone": 5, "position":(33.333333333333336,41.666666666666664,1.0), "time":2.986637374558768,"sensors":[0,40,5,16,28,8,25,31,33,1,14,4,19,35,22,24,39,34],"power":[0.0031444938792778462,0.0020408381027058036,6.380158787075039E-4,6.749425019497641E-4,2.8533989474562775E-4,3.801106778063981E-4,7.772477532259251E-4,3.422352609503362E-4,2.539945314586451E-4,0.001219080231503586,7.780690895335565E-4,2.1265588573857237E-4,2.306562161714771E-4,0.003115139382859538,6.037236674528724E-4,3.209836477120405E-4,2.094864122144596E-4,2.1636032541788653E-4]}
{"id": 14, "drone": 5, "position":(8.333333333333334,8.333333333333334,1.0), "time":381.03212644958296,"sensors":[30,41,27,6],"power":[0.10677966449878967,0.03339321107509386,0.03095457216452995,0.049330513378247426]}
{"id": 15, "drone": 0, "position":(25.0,33.333333333333336,1.0), "time":219.60403937351094,"sensors":[15,0,1,43,35,11,22,32,39],"power":[0.037025106290746866,0.022791328723964534,0.014152401885007077,0.07354695065814731,0.020229230387127074,0.10416747514422856,0.02308133630558104,0.06554538385654116,0.061411224608831]}
{"id": 16, "drone": 0, "position":(8.333333333333334,25.0,1.0), "time":520.5870704753398,"sensors":[2,17,26,42,9,44,43],"power":[0.30746808650949975,0.1243136736024199,0.3125711258409632,0.047425980200864006,0.0337531645556825,0.49825569025184646,0.04251610068482134]}
{"id": 17, "drone": 0, "position":(41.666666666666664,41.666666666666664,1.0), "time":478.3930926853008,"sensors":[0,40,5,16,28,8,25,31,33,1,14,4,19,35,45,22,24,34],"power":[0.04526538451500212,0.15417519981806393,0.15140886420472746,4.741120987592169,0.07257166927494703,0.1719663936481567,2.826490511784118,0.08978992718745793,0.4169701324287461,0.03308698930678606,0.14922193091046643,0.167929764465351,0.05986486144152407,0.04975585893294977,0.11781188236590405,0.07709378573290587,0.6504148382115247,0.29759002944594576]}
