LP RESULTS :
 Obj = 0.1*lambda1+0.9*lambda2 = 198.42719418665973 (lambda1 = 1966.271941866597, lambda2 = 2.0) Resol time = 138 ms

{"id": 0, "drone": 1, "position":(25.0,33.333333333333336,1.0), "time":1.0335287668472546,"sensors":[47,41,32,35,3,42,9,12,48,11,8,27,25],"power":[2.0655826034441825E-4,1.5685064717501057E-4,2.150720014651522E-4,8.26915394593272E-5,9.555251700030693E-5,0.0014909268934658062,8.373297153458663E-5,3.155326877083381E-4,7.414623503378671E-5,2.760717607254197E-4,7.513814353642127E-5,2.0811252918746258E-4,8.660717482469822E-5]}
{"id": 1, "drone": 1, "position":(8.333333333333334,25.0,1.0), "time":437.2039643528649,"sensors":[37,0,35,21,5,17,6,44],"power":[0.14962149354353493,0.16190631032185862,0.07452761426686227,0.15000000000000002,0.0424549631099707,0.3627612791971463,0.36123743600276503,0.04267591891540606]}
{"id": 2, "drone": 0, "position":(33.333333333333336,33.333333333333336,1.0), "time":886.7595821745067,"sensors":[47,41,32,3,42,9,48,33,19,8,27,25],"power":[0.3011495416872342,1.348709352313928,0.24783928100084845,0.10305681949039767,0.10219600811122553,0.2836717098241474,0.5760546617702959,0.07901996292504186,0.1566919032714567,0.08726822226251893,0.40442620773966825,0.8370247711131262]}
{"id": 3, "drone": 0, "position":(41.666666666666664,33.333333333333336,1.0), "time":330.9211660944027,"sensors":[47,41,32,23,9,48,33,15,19,20,27,25],"power":[0.03052472814337742,0.07910586450223821,0.025014617994059844,0.039442308766128725,0.06934518253220344,0.26867628364031354,0.15466542665643965,0.06652077856140702,0.1215645364986033,0.022305713932876888,0.038984233300793335,0.225488987507291]}
{"id": 4, "drone": 2, "position":(16.666666666666668,16.666666666666668,1.0), "time":35.93114327955983,"sensors":[37,45,44,4],"power":[0.01153288933839799,0.004938944541425131,0.18477991082917886,0.07037516618945543]}
{"id": 5, "drone": 2, "position":(41.666666666666664,8.333333333333334,1.0), "time":1218.7142770357564,"sensors":[39,22,7,49,18,16,24,30,46,38,2],"power":[0.10000905326028904,0.3112858982817119,0.15000000000000002,0.35992611850244366,0.5833783631838461,0.08355526009800951,0.5368565030734392,0.17625876447028177,0.2779557533677829,0.16549471673486277,0.3217535177258822]}
{"id": 6, "drone": 5, "position":(41.666666666666664,16.666666666666668,1.0), "time":747.5576648308405,"sensors":[39,23,40,3,9,22,33,49,18,20,16,24,38,8],"power":[0.27686317874986544,0.15593902976981663,0.15,0.057354253790852676,0.07034521281059698,0.07749801868427665,0.06463565680169167,1.8244174247078404,0.2889699410819404,0.12769428606712313,0.14081519756911473,0.06553560589615423,0.6355375972727838,0.07105192969991594]}
{"id": 7, "drone": 5, "position":(41.666666666666664,41.666666666666664,3.0), "time":747.5576648308404,"sensors":[47,32,48,15,13,19,27,25],"power":[0.08860793864621365,0.07251055974932634,0.17143801392768046,0.09593226185069205,0.23243975246830392,0.8048798262374713,0.09274878577303558,0.08583794234612512]}
{"id": 8, "drone": 4, "position":(16.666666666666668,41.666666666666664,1.0), "time":537.8151002457096,"sensors":[0,35,29,42,12,31,10,11,28],"power":[0.0426725412681337,0.09528117964068755,0.5015767622418836,0.04631306499530866,0.34551923987815664,0.1275479804801244,0.0734494284429211,0.33934854260006647,0.035557236232134595]}
{"id": 9, "drone": 4, "position":(8.333333333333334,41.666666666666664,1.0), "time":990.2193485011753,"sensors":[0,35,29,5,12,36,31,10,11,6,28,43,34],"power":[0.09631931881080769,0.1800903461289283,0.7259680621628677,0.23258525073292774,0.08395904047112611,0.15,2.564353635296442,3.164201261027774,0.10712451066326978,0.08337095864982286,0.42058839486466515,0.2339552667797166,0.4660147278913556]}
{"id": 10, "drone": 3, "position":(8.333333333333334,8.333333333333334,1.0), "time":955.2561808877635,"sensors":[37,26,45,44,4,1,14],"power":[0.11938343666965139,1.9223304283075293,0.14806281380913267,0.1272263409249986,0.07962483381054455,0.29313162229009193,0.15]}
