LP RESULTS :
 Obj = 0.1*lambda1+0.9*lambda2 = 128.2146725651992 (lambda1 = 1255.146725651992, lambda2 = 3.0) Resol time = 51528 ms

{"id": 0, "drone": 4, "position":(25.0,41.666666666666664,4.0), "time":218.0313814733899,"sensors":[21,1,6,40,2,48],"power":[0.04970415891596527,0.026202890212963303,0.029513959531786458,0.03566477105653463,0.06247295949614519,0.04066392202260732]}
{"id": 1, "drone": 4, "position":(33.333333333333336,25.0,1.0), "time":12.423116485193948,"sensors":[45,36,28,10,14,12,44,38,43,13,31,17,16,3],"power":[0.0013810281455204998,0.0014959650653095637,0.015785808828279277,0.002917517433106718,0.001533610961188161,0.003408422137945132,0.002421756726075511,0.0015049137638591243,0.0011081872276538938,0.003076950736132633,0.03910747718716442,0.0338463900551622,0.0027011774467172096,0.0036992656174964474]}
{"id": 2, "drone": 4, "position":(8.333333333333334,25.0,3.0), "time":197.0027297808856,"sensors":[49,15,19,27,39,30,20,5,35,26,41],"power":[0.0135716000118792,0.04883189551811553,0.031768863474886375,0.025023942354418256,0.05176796189103143,0.02471026723225928,0.0181360327185476,0.0609789758336859,0.059556515718060206,0.014045619874724082,0.04169914321452604]}
{"id": 3, "drone": 1, "position":(41.666666666666664,33.333333333333336,1.0), "time":67.69982202337576,"sensors":[33,10,14,12,43,13,31,8,3],"power":[0.020907190580342634,0.015796755283988,0.028350158767097917,0.03112916152875583,0.09379604035824125,0.015396418815492988,0.010701059763970667,0.009486587317702792,0.04137316437195327]}
{"id": 4, "drone": 1, "position":(33.333333333333336,8.333333333333334,2.0), "time":857.3874077359764,"sensors":[32,24,45,29,22,42,34,44,38,9,16],"power":[0.13683572376047407,0.06966029481989994,0.07027302475906866,0.22845498028313105,0.17574565962251332,0.2809797661481454,0.10377004383001794,0.15237202695707214,0.30381378894364763,0.23487698448966435,0.0646304162442022]}
{"id": 5, "drone": 1, "position":(8.333333333333334,41.666666666666664,1.0), "time":330.0594958926399,"sensors":[49,1,6,27,39,20,26,2,18,48,41],"power":[0.10578652804518526,0.0378726804429543,0.06572201489826779,0.056359377798294946,0.029598369588132754,0.14654188252458267,0.09074913169312265,0.028013135471887652,0.06864947136806163,0.047672567677564816,0.04676049246611325]}
{"id": 6, "drone": 0, "position":(8.333333333333334,8.333333333333334,2.0), "time":1025.5305888113442,"sensors":[47,15,46,30,37,25,5,23,35,11,7,0],"power":[0.1792662445409478,0.10114290846043353,0.13764874726703463,0.13775511170670238,1.103775114210598,0.07750331860316001,0.11509577335944515,4.172383014564549,0.10821173997372345,0.15,0.3371801468128791,1.1992038732082333]}
{"id": 7, "drone": 0, "position":(25.0,16.666666666666668,1.0), "time":32.61340705977533,"sensors":[24,36,47,15,28,19,46,25,44,38,17],"power":[0.002086590155045702,0.0564928720728005,0.004118727106766849,0.002402286950838689,0.006658452834650035,0.0024055220042482595,0.006475521292855391,0.0023192066348264244,0.019303172781710138,0.005187345034259176,0.0049225600768314365]}
{"id": 8, "drone": 0, "position":(41.666666666666664,25.0,1.0), "time":155.72006459017382,"sensors":[45,28,10,14,12,38,43,13,31,17,8,16,3],"power":[0.04221955495930651,0.015471076495860468,1.5572006459017382,0.014908768989090236,0.03113140582763826,0.011143204396152578,0.056170108414118125,1.5572006459017382,0.04994852281708122,0.028321889282469905,0.07093730891634555,0.05930925309281781,0.09986479558652356]}
{"id": 9, "drone": 2, "position":(41.666666666666664,41.666666666666664,1.0), "time":544.8474976539884,"sensors":[33,14,12,43,4,40,3],"power":[0.9110852379235679,0.11757577185267166,0.05916549916313143,0.06194539062749864,0.15,0.0805240233050417,0.040402292749940304]}
{"id": 10, "drone": 2, "position":(41.666666666666664,25.0,4.0), "time":229.61613684064798,"sensors":[45,28,10,14,12,43,13,31,17,8,16,3],"power":[0.04863441653947444,0.019614548681290138,0.2394539753029351,0.019094377318702737,0.03879744470309128,0.06293837988542668,0.23413542380599792,0.05788882062831725,0.03615041343611422,0.06957610376595166,0.06430060911737352,0.08430218543907533]}
{"id": 11, "drone": 2, "position":(33.333333333333336,33.333333333333336,1.0), "time":89.12002346843803,"sensors":[21,33,28,10,14,12,43,13,40,31,17,3],"power":[0.011622349129992795,0.007149875330313227,0.012373756671475973,0.00970850733143475,0.11547405570534977,0.12951572097858574,0.010552440370636839,0.009855670815815277,0.006882947278350616,0.024217920350254874,0.011709627174096467,0.025195430510476378]}
{"id": 12, "drone": 5, "position":(25.0,25.0,1.0), "time":155.72006459017382,"sensors":[21,36,28,19,12,44,31,17],"power":[0.022440783901042802,0.07035012094101083,0.08009635648844682,0.03800855087266969,0.010455567807754865,0.02576637391859542,0.02269749604237958,0.035049119975327794]}
{"id": 13, "drone": 5, "position":(25.0,41.666666666666664,1.0), "time":132.6237499760657,"sensors":[21,1,6,14,40,2,18,48],"power":[0.03859045710866795,0.01892568862180647,0.02146671177787565,0.009687422552373433,0.026928258360073055,0.052783838220532814,0.010051056679975186,0.030894358951395237]}
{"id": 14, "drone": 5, "position":(8.333333333333334,33.333333333333336,1.0), "time":114.6819218463842,"sensors":[49,19,27,39,20,26,2,48,41],"power":[0.045277161312756255,0.01296018305515984,0.062226254180634814,0.05840014503986309,0.13930186125552327,0.04520524843215326,0.008689962254930347,0.015112900471529005,0.1371499420681771]}
{"id": 15, "drone": 3, "position":(25.0,8.333333333333334,1.0), "time":197.00272978088563,"sensors":[32,24,36,47,46,34,25,44,38,9],"power":[0.07170274009824901,0.09145398409957199,0.02166104192090169,0.05182762641829122,0.02658487908147404,0.04622995616998205,0.07904155728834787,0.030511608760435113,0.02290406013482689,0.05078392938282875]}
{"id": 16, "drone": 3, "position":(16.666666666666668,41.666666666666664,1.0), "time":260.66675774470843,"sensors":[21,1,6,27,20,2,18,48,41],"power":[0.04697521970329996,0.08389957624758398,0.27387376655949724,0.05394915560906958,0.056467109398197705,0.16680197619808423,0.07129947195196316,0.29991646519019716,0.0325508645452719]}
{"id": 17, "drone": 3, "position":(16.666666666666668,33.333333333333336,2.0), "time":199.08341871880398,"sensors":[21,19,6,27,39,20,2,48,41],"power":[0.06489989119111213,0.06485688059303679,0.016494781786351484,0.2656515740415961,0.013145622757856407,0.05548447376517425,0.0710976595516044,0.10764317620225813,0.10226927861675444]}
