LP RESULTS :
 Obj = 0.1*lambda1+0.9*lambda2 = 158.5381951681217 (lambda1 = 1567.3819516812166, lambda2 = 2.0) Resol time = 86 ms

{"id": 0, "drone": 1, "position":(16.666666666666668,16.666666666666668,1.0), "time":724.2277854701933,"sensors":[35,21,26,36,4,17,6,5,2,0,43,29],"power":[0.16788746305533064,0.04712763252204159,0.19344639816119769,0.3056481958071855,0.09041114854410555,0.08779947383079831,0.10442609939186669,0.16370311556472855,0.05275671275146716,0.10387603120502704,1.0949542988382241,0.26952708942957293]}
{"id": 1, "drone": 1, "position":(33.333333333333336,33.333333333333336,1.0), "time":337.492251149363,"sensors":[30,16,24,8,13,44,12,15,45,47,48,42,18],"power":[0.1416850881839793,0.10751553574886853,0.18284328171516168,0.06003846542449985,0.8427874045045928,0.07797148182686836,0.32963633076850263,0.11996678643301477,0.19373057795363793,0.022458742747017247,0.028613266697875398,0.026461989064439095,0.1610581034594876]}
{"id": 2, "drone": 2, "position":(33.333333333333336,41.666666666666664,1.0), "time":411.63290911785566,"sensors":[16,24,8,13,11,12,15,45,28,27,42,18,3],"power":[0.026045960306211258,0.026380592919882026,0.15138830960128902,0.07556246640396862,0.04689645607324567,0.03723783067464816,0.18033615526278854,0.0422639293401645,0.10531577623946436,0.09498164015673842,0.06028555514357553,0.03239689637986165,0.05597911746231193]}
{"id": 3, "drone": 2, "position":(25.0,8.333333333333334,1.0), "time":754.8834945461186,"sensors":[36,46,6,43,39,25],"power":[0.21504380781325416,0.11433797029981775,2.362003974877439,0.06506242699002592,0.07745888111196528,0.15]}
{"id": 4, "drone": 4, "position":(8.333333333333334,25.0,1.0), "time":63.90761074497916,"sensors":[35,14,26,4,49,17,5,0,43,20,29],"power":[0.014852342334360507,0.005899563490820592,0.027597524055512218,0.2824632932694865,0.004833532429175877,0.006410068522868699,0.07491805735564722,0.006911257538355334,0.005573711273518475,0.13226087669892952,0.025882217341102295]}
{"id": 5, "drone": 4, "position":(41.666666666666664,8.333333333333334,1.0), "time":455.8324555973505,"sensors":[37,46,39,22,33],"power":[0.03943827293628348,0.06036160751964089,0.20722367472957612,0.15,0.06539172245299535]}
{"id": 6, "drone": 5, "position":(8.333333333333334,8.333333333333334,1.0), "time":429.3469102422321,"sensors":[35,21,26,1,10,2],"power":[0.08563025279880651,0.4548298430658858,0.047000281331120934,0.2954675237692717,0.15,1.8615872328986822]}
{"id": 7, "drone": 5, "position":(41.666666666666664,41.666666666666664,5.0), "time":749.1251602672196,"sensors":[7,9,11,23,28,27,42,3],"power":[0.20695675021078963,0.1570709624002982,0.1587223416951406,0.06641825505652031,0.13334054392277403,0.05501835984326168,0.40941742296364986,0.22888387600216742]}
{"id": 8, "drone": 3, "position":(16.666666666666668,25.0,1.0), "time":24.363060919925545,"sensors":[35,14,26,36,4,17,5,0,44,43,20,47,29],"power":[0.002625022248060862,0.0047703999877693635,0.004998971841087607,0.0025689476891565532,0.0050034547427867315,0.026694758234604387,0.008950239511508003,0.03916443917881255,0.001570850363963776,0.008402193736536124,0.004492846309258775,0.005170351234860354,0.01740848432762735]}
{"id": 9, "drone": 3, "position":(8.333333333333334,41.666666666666664,1.0), "time":1382.2592949803861,"sensors":[14,49,41,19,40,38],"power":[0.1533438506902921,0.45047944356366293,0.5416466334693333,0.2611277580992318,0.38039052012862606,0.14999999999999997]}
{"id": 10, "drone": 0, "position":(41.666666666666664,25.0,1.0), "time":818.2567914139979,"sensors":[37,30,16,24,13,44,31,12,34,23,32,33,48,18],"power":[0.28709765518647146,0.11439580755962887,0.42345347658459787,0.1217313182792896,0.051863385176423644,0.08591938521685942,1.079766418850486,0.11846909259495958,0.15,0.12074762989753632,0.19266750381962822,0.2312940726894537,3.851196431367635,0.2878035737699647]}
{"id": 11, "drone": 0, "position":(16.666666666666668,33.333333333333336,1.0), "time":96.8519850359258,"sensors":[14,4,49,17,8,5,41,0,20,15,45,47,29],"power":[0.9534158579347753,0.006812530645866815,0.006395709698418531,0.029095699411728595,0.007150480646606643,0.008431571663116555,0.03360759277893122,0.02579583498111116,0.013246276991811698,0.006450018555227902,0.008548480340007016,0.12237090601812241,0.009233390221485994]}
