LP RESULTS :
 Obj = 0.1*lambda1+0.9*lambda2 = 121.75316568705487 (lambda1 = 1199.5316568705487, lambda2 = 2.0) Resol time = 929 ms

{"id": 0, "drone": 2, "position":(33.333333333333336,16.666666666666668,1.0), "time":408.10358148495857,"sensors":[9,18,8,6,24,27,21,11],"power":[0.09009133028180041,0.07886404044966486,0.028235425506641536,0.03482129851569854,0.39523464951836906,0.07357877426087713,0.6644345530281158,0.04624918704499089]}
{"id": 1, "drone": 2, "position":(16.666666666666668,33.333333333333336,2.0), "time":107.3888120729745,"sensors":[25,14,30,23,34,32,1,7,10,37],"power":[0.018657468541499217,0.0070730375319049115,0.019979307582566084,0.006961007461320616,0.011496152408690436,0.006874612971927675,0.04317995586317136,0.028869801578657484,0.02546887734830502,0.007877893451837719]}
{"id": 2, "drone": 6, "position":(8.333333333333334,41.666666666666664,1.0), "time":284.6631525403631,"sensors":[14,32,38,7,10,37],"power":[1.3826904405153082,0.025440098580906845,0.096081663268084,0.025290339589922013,0.0198481522533886,0.06894224056006554]}
{"id": 3, "drone": 6, "position":(8.333333333333334,33.333333333333336,1.0), "time":248.3658408386969,"sensors":[25,14,20,32,38,7,10,37],"power":[0.022360350065714376,0.03910979420739557,0.01819922561112507,0.1176852884471655,0.05391833673191601,0.2280019129490621,0.14593773041899066,0.17179998008891548]}
{"id": 4, "drone": 1, "position":(41.666666666666664,25.0,1.0), "time":100.47183330592384,"sensors":[9,8,6,24,27,12,33,21,11],"power":[0.011835301254338043,0.09631526778324177,0.16752985172866589,0.021704338144587946,0.013544694535040366,0.00819716438646765,0.023726396778651744,0.01711416714987102,0.024927044159970525]}
{"id": 5, "drone": 1, "position":(8.333333333333334,8.333333333333334,1.0), "time":371.9677063606204,"sensors":[39,26,4,16,29,15,20,3],"power":[0.6003104512911563,0.039826895848150544,0.04250656505802334,0.24747233514792136,0.08423237634704143,0.269087641912725,0.03219248888623666,0.15]}
{"id": 6, "drone": 5, "position":(33.333333333333336,8.333333333333334,1.0), "time":245.879129076317,"sensors":[9,17,18,24,21,19,22],"power":[0.03777298449712963,0.029412292947644567,0.05145187067148112,0.021098836732264405,0.025683462544005404,0.06263228315234053,0.08445389632537836]}
{"id": 7, "drone": 5, "position":(16.666666666666668,16.666666666666668,1.0), "time":35.90667432415246,"sensors":[25,17,18,23,26,16,29,20],"power":[0.009309295950100582,0.005118059625974579,0.005259722303934563,0.051509209732387554,0.3590667432415246,0.010455628119979788,0.006110156405150196,0.00559973554221628]}
{"id": 8, "drone": 7, "position":(8.333333333333334,16.666666666666668,1.0), "time":312.10060568699987,"sensors":[25,23,39,26,4,16,29,15,20,7,10],"power":[0.03698816074906524,0.06785890871760537,0.05038318544344942,0.07242359989252477,0.10749343494197668,0.10977788252436702,0.02539043882036347,0.061583401248819586,0.3262639988799301,0.020767728535171177,0.026479421623731014]}
{"id": 9, "drone": 7, "position":(16.666666666666668,41.666666666666664,1.0), "time":489.1073214342049,"sensors":[14,30,1,28],"power":[0.09210455241754094,0.034949477803778224,0.046793604047111574,0.11205635991300075]}
{"id": 10, "drone": 3, "position":(41.666666666666664,16.666666666666668,1.0), "time":274.1563658836558,"sensors":[9,8,6,24,21,11],"power":[0.6310669180886951,0.0254493067101167,0.08977581405127828,0.06512772175965026,0.05960996509032562,0.4808684198614807]}
{"id": 11, "drone": 3, "position":(16.666666666666668,41.666666666666664,4.0), "time":70.00652998430905,"sensors":[14,1,28],"power":[0.011036234323764117,0.005605426854214469,0.013013847403355691]}
{"id": 12, "drone": 4, "position":(25.0,8.333333333333334,1.0), "time":308.63592337908256,"sensors":[17,18,26,16,29,19,22],"power":[0.7357197337831692,0.3170487926281451,0.02966727634300442,0.019845629138365035,0.06092844719194123,0.08736771684765947,0.06042268971795102]}
{"id": 13, "drone": 4, "position":(41.666666666666664,8.333333333333334,2.0), "time":56.86697673104027,"sensors":[9,22,11],"power":[0.02172136053598351,0.005123413956670616,0.008610534991001485]}
{"id": 14, "drone": 8, "position":(25.0,25.0,1.0), "time":170.92074711969326,"sensors":[25,30,18,23,24,34,26,27,21,1],"power":[0.03277063357999831,0.04916066694945395,0.012913265606136667,0.023670874088686452,0.02161820977278495,0.11518093381444425,0.015076947521368156,0.0628765312040825,0.023731049382296716,0.051744371427058025]}
{"id": 15, "drone": 8, "position":(16.666666666666668,33.333333333333336,4.0), "time":247.0132457315142,"sensors":[25,30,34,1,7,10,37],"power":[0.03733685356371705,0.040410806262769244,0.023322913776865285,0.07498007779771294,0.05638817694804864,0.04896914186022769,0.016089357816862587]}
{"id": 16, "drone": 0, "position":(41.666666666666664,41.666666666666664,1.0), "time":913.9582930524629,"sensors":[35,31,2,0,13,12,33,36,5],"power":[0.30968262202019087,0.16506891219778896,0.15214828555953114,0.636265683142305,1.428540901070418,0.16255142435400868,0.12429319425069729,0.09757190760923397,0.15]}
{"id": 17, "drone": 0, "position":(33.333333333333336,41.666666666666664,1.0), "time":185.10153051216184,"sensors":[30,2,0,13,12,33,28,36],"power":[0.015158539566333947,0.19188658768060005,0.07405443578793747,0.023698979920382224,0.06042961249010138,0.02323233779281613,0.024929792683643537,0.052428092390766026]}
