LP RESULTS :
 Obj = 0.1*lambda1+0.9*lambda2 = 143.23075146709337 (lambda1 = 1414.3075146709334, lambda2 = 2.0) Resol time = 2483 ms

{"id": 0, "drone": 3, "position":(41.666666666666664,33.333333333333336,1.0), "time":564.3625694333637,"sensors":[32,30,9,14,29,13,26,28],"power":[0.050988820873502455,0.2823741480412235,0.5564558014692873,0.20463111358907746,0.10783892172652744,0.06434419980178539,0.06327078339798026,0.03960183103994613]}
{"id": 1, "drone": 4, "position":(16.666666666666668,41.666666666666664,1.0), "time":640.0435604416608,"sensors":[33,16,11,1,35,3,12,23],"power":[0.2732531787389458,0.0452273040674872,0.1315817003647278,0.25904921074181814,0.06054177389336585,0.49013784056134535,0.10397862719322241,0.29338848641828286]}
{"id": 2, "drone": 8, "position":(8.333333333333334,8.333333333333334,1.0), "time":1228.084209941226,"sensors":[31,4,2],"power":[0.15,0.4659486335945636,0.3422510799278598]}
{"id": 3, "drone": 5, "position":(41.666666666666664,41.666666666666664,1.0), "time":461.17605138492195,"sensors":[9,10,26,28],"power":[0.03830666194512033,0.11840898203284786,0.8212498316766782,0.052837139502563406]}
{"id": 4, "drone": 7, "position":(33.333333333333336,41.666666666666664,1.0), "time":388.7688938526478,"sensors":[10,26,28,23],"power":[0.031591017967152114,0.05839831307894759,0.6289735594299499,0.033788215380650743]}
{"id": 5, "drone": 7, "position":(33.333333333333336,8.333333333333334,1.0), "time":213.55817423923398,"sensors":[17,19,18,25,7,39,22,37],"power":[0.08032681391774674,0.15094881846760078,0.026566194868255812,0.046479994566023766,0.02359923569447165,0.08291600855134354,0.015150399069841164,0.379571035980766]}
{"id": 6, "drone": 0, "position":(8.333333333333334,25.0,1.0), "time":174.41599884718013,"sensors":[33,5,16,15,31,38,4,35,8,20,34],"power":[0.012909565682896198,0.013834959856248769,0.023727983485022763,0.011390546351813687,0.045090912921241844,0.2566428524114276,0.011714532885708616,0.02366395362380452,0.0926966293374415,0.04722652008642463,0.15]}
{"id": 7, "drone": 0, "position":(8.333333333333334,41.666666666666664,1.0), "time":599.8479553820924,"sensors":[33,11,1,3,12,8],"power":[0.13461690056416695,0.041452888779095635,0.05848434373421189,0.20885214848072486,1.7846952044063964,0.06413406755495397]}
{"id": 8, "drone": 1, "position":(41.666666666666664,16.666666666666668,5.0), "time":69.28259241712921,"sensors":[32,17,30,14,24,21,13,6,22],"power":[0.006313977918226468,0.016511786196213803,0.005833382744481788,0.006409272215557734,0.02644983086902319,0.03024666875643803,0.01822073042819974,0.008488897727138817,0.00846532531695078]}
{"id": 9, "drone": 1, "position":(25.0,25.0,1.0), "time":599.8479553820924,"sensors":[5,16,15,18,27,35,7,36,20],"power":[0.28051279710497523,0.14334792679617714,0.7504001302706881,0.12917536758672823,1.4725709297584026,0.1170843544336364,0.16778198470142452,0.23340556387529732,0.10277347991357536]}
{"id": 10, "drone": 6, "position":(41.666666666666664,25.0,1.0), "time":388.7688938526478,"sensors":[32,17,30,9,14,24,21,29,13],"power":[0.0926972012082711,0.030696639536960807,0.6081605542656838,0.30965572803352015,0.720660423380051,0.10893096767617343,0.1733567213585363,0.05761538954043615,0.7958744213314795]}
{"id": 11, "drone": 2, "position":(41.666666666666664,8.333333333333334,1.0), "time":742.6978541619224,"sensors":[17,19,24,21,0,25,6,39,22,37],"power":[0.1939617512655764,0.1673799071706611,0.09650514476844733,0.08282086802489794,0.15,0.49361666541421995,0.14151110227286118,0.06708399144865647,0.516639305740196,0.18538052155196746]}
