LP RESULTS :
 Obj = 0.1*lambda1+0.9*lambda2 = 127.53469358220168 (lambda1 = 1257.3469358220168, lambda2 = 2.0) Resol time = 3015 ms

{"id": 0, "drone": 4, "position":(8.333333333333334,8.333333333333334,1.0), "time":74.83934604111374,"sensors":[29,6,22,15,1],"power":[0.011635120443405185,0.009079121590399837,0.07474449238284282,0.04645520383223442,0.011931336459613143]}
{"id": 1, "drone": 4, "position":(33.333333333333336,8.333333333333334,1.0), "time":55.92552165011241,"sensors":[19,0,5,30,33,37],"power":[0.07790260456538113,0.017372148392340643,0.5592552165011241,0.015329771207274167,0.028453098821566856,0.004384380722053482]}
{"id": 2, "drone": 5, "position":(16.666666666666668,41.666666666666664,1.0), "time":358.47700709258083,"sensors":[28,12,18,9,32,16,39,4,10],"power":[0.1911544544496842,0.06149802032786457,0.10106687873779793,1.9505721862506598,0.02681948125981141,0.10207992105259336,0.02636275720634952,0.054198884889863796,0.04895089548127814]}
{"id": 3, "drone": 5, "position":(8.333333333333334,16.666666666666668,1.0), "time":810.0827479950646,"sensors":[34,29,3,6,22,15,1,25,36],"power":[0.06355786350919393,2.6832105163906195,0.09486264567402762,1.9473953324874194,0.07525550761715719,0.2804046630128847,0.17231489401698472,0.11902664783649888,0.15000000000000002]}
{"id": 4, "drone": 8, "position":(41.666666666666664,16.666666666666668,1.0), "time":357.682607994243,"sensors":[21,26,0,5,30,35,37],"power":[0.02987664042335085,0.048847566883104425,0.058201567867910184,0.03720469657524605,0.038320669394025106,0.03547180199560083,0.030115480459181023]}
{"id": 5, "drone": 8, "position":(8.333333333333334,41.666666666666664,1.0), "time":639.3207385076845,"sensors":[28,12,9,13,16,14,2],"power":[0.04375646468936175,0.09445337469453524,0.10327238936867376,0.18126767910540711,0.07600386176816833,0.15,0.23632207975121472]}
{"id": 6, "drone": 1, "position":(33.333333333333336,25.0,2.0), "time":201.6092648273508,"sensors":[21,26,8,7,30,35],"power":[0.015291234844962899,0.5645759443980336,0.018468901370376746,0.03292644744596459,0.027069833128530982,0.3290273803868225]}
{"id": 7, "drone": 1, "position":(41.666666666666664,33.333333333333336,1.0), "time":275.8532444423762,"sensors":[11,21,26,7,24,23,35],"power":[0.07574954100257401,0.10483212473168624,0.03249162741210247,0.032268588922351044,0.08102292166330656,0.9235447364875619,0.049704288385973086]}
{"id": 8, "drone": 2, "position":(41.666666666666664,41.666666666666664,2.0), "time":461.1584550491022,"sensors":[38,11,24,31,23,20],"power":[0.06960550982097874,0.03480380067533261,0.07225095584960457,0.03447457892887417,0.1526654013437742,0.06282075584349663]}
{"id": 9, "drone": 2, "position":(41.666666666666664,8.333333333333334,1.0), "time":604.6671582310023,"sensors":[19,0,27,5,30,33,37],"power":[0.11612848716636733,1.9919101383337976,0.11782985260894842,0.13719372379994704,0.04196429746614864,0.09509473330893958,0.3322303748446436]}
{"id": 10, "drone": 0, "position":(16.666666666666668,16.666666666666668,1.0), "time":142.12349035131592,"sensors":[34,29,8,3,6,32,17,15,39,25],"power":[0.07477002441739157,0.021496052373441793,0.04019489159248145,0.1359130477590398,0.0250948563665697,0.012510104840741939,0.01705001426242602,0.009869067834429372,0.012386322722858086,0.022060714872954745]}
{"id": 11, "drone": 0, "position":(25.0,33.333333333333336,1.0), "time":29.247838787229057,"sensors":[28,26,8,12,7,9,32,17,31,35,39,4],"power":[0.0029114371868473395,0.002138441965417633,0.002406174126013113,0.002860813900005853,0.012356659185438797,0.003323559590393069,0.004463840099745037,0.005790626449448403,0.00196639391318567,0.0023917716910148803,0.004930921106398736,0.0028375296954434863]}
{"id": 12, "drone": 7, "position":(41.666666666666664,41.666666666666664,1.0), "time":520.3352363305215,"sensors":[38,11,7,24,31,23,20],"power":[0.08039449017901862,0.03944665832209208,0.03336532222593853,0.0837660339708249,0.041820145395846955,0.18236892553888465,0.07554709327715695]}
{"id": 13, "drone": 7, "position":(16.666666666666668,25.0,1.0), "time":230.30135143452253,"sensors":[34,29,8,12,3,6,32,17,39,25],"power":[0.09803976934986504,0.02146641138033614,0.0756769408923309,0.04641073805474206,0.11367104643992319,0.02956454540814269,0.2544743901090734,0.38361981847687515,0.2619248847528789,0.24058958379265974]}
{"id": 14, "drone": 3, "position":(25.0,16.666666666666668,1.0), "time":26.439602263355056,"sensors":[34,26,8,3,5,30,17],"power":[0.010160107936416207,0.001998695945610081,0.01229794778102214,0.007574907867575724,0.0025866664679653384,0.011299377457129169,0.0022649747406963457]}
{"id": 15, "drone": 3, "position":(41.666666666666664,8.333333333333334,4.0), "time":201.60926482735158,"sensors":[19,0,27,5,33,37],"power":[0.032444699393471735,0.15840334934861497,0.03217014739105156,0.03800828096238353,0.02645216786949355,0.06822373796901449]}
{"id": 16, "drone": 6, "position":(25.0,41.666666666666664,1.0), "time":230.30135143452253,"sensors":[28,18,7,9,31,16,4,20,10],"power":[0.15603141651125857,0.0983886155248746,0.039082982220305894,0.0667994458192732,0.08642620481344113,0.02648227246989815,0.2971440572670913,0.03535699632601363,0.10104910451872184]}
{"id": 17, "drone": 6, "position":(33.333333333333336,16.666666666666668,1.0), "time":11.022780855952476,"sensors":[26,8,19,0,5,30,35],"power":[0.0024462216187637643,9.551442377752226E-4,0.0011147153002834477,0.001133778942982461,0.0026170639725868134,0.016016051346891935,0.0016028698820095826]}
