LP RESULTS :
 Obj = 0.1*lambda1+0.9*lambda2 = 135.41573263761586 (lambda1 = 1336.1573263761584, lambda2 = 2.0) Resol time = 7256 ms

{"id": 0, "drone": 3, "position":(25.0,41.666666666666664,1.0), "time":253.6807731777007,"sensors":[16,27,25,21,30,10,20,33],"power":[0.020493402050141524,0.05626629078873678,0.08047131139782181,0.024445176316672187,1.6612215697138928,0.14377442216824007,0.046125648915876304,0.0755465264777888]}
{"id": 1, "drone": 3, "position":(8.333333333333334,25.0,1.0), "time":459.0495480518608,"sensors":[4,26,32,18,13,23,0,12,14],"power":[0.1869327193389017,0.06870932204552385,0.14260862726441956,0.03904695968005692,0.05106099786361169,0.07121750697379897,0.20754321959957647,0.03777946061736707,0.06031281601643293]}
{"id": 2, "drone": 0, "position":(41.666666666666664,33.333333333333336,1.0), "time":777.1144168619765,"sensors":[1,15,16,5,7,27,9,3,35],"power":[0.3724874277404764,0.17221042173398418,0.20044804564197746,0.22501604195207028,0.2837898691836276,0.10603177936422625,0.16814922804541868,0.08302202079287202,1.2728359556247888]}
{"id": 3, "drone": 0, "position":(16.666666666666668,41.666666666666664,1.0), "time":559.0429095141819,"sensors":[4,26,34,18,25,30,10,20,12,29,33],"power":[0.043111044643403075,0.08261998683104146,0.08854428547599034,0.038606031873617386,0.09134655399381346,0.1004791179862341,0.14521082022119652,0.21781831536811191,0.0700720177621023,0.0870523558126362,0.0744534735222112]}
{"id": 4, "drone": 4, "position":(41.666666666666664,8.333333333333334,1.0), "time":564.6137379100876,"sensors":[31,38,6,2,8,28,11,36],"power":[0.04417481758063252,0.11257285519150817,0.7299184610609601,0.1468085127613237,0.151091660035355,0.07382329499809288,0.08575683949403613,0.09531414099181088]}
{"id": 5, "drone": 2, "position":(25.0,8.333333333333334,1.0), "time":771.5435884660708,"sensors":[31,37,39,24,22,19],"power":[0.10582518241936746,0.04957504597148407,0.06138551371557397,0.07238898037116881,1.1239232394638476,0.1910055016866634]}
{"id": 6, "drone": 5, "position":(41.666666666666664,8.333333333333334,5.0), "time":771.5435884660708,"sensors":[38,6,2,8,28,11,36],"power":[0.11565393369801359,0.2921900373721268,0.1435815352494556,0.14832925980429346,0.07617670500190708,0.08742871767922022,0.09731508562279548]}
{"id": 7, "drone": 5, "position":(16.666666666666668,8.333333333333334,1.0), "time":73.67123291445861,"sensors":[37,24,23,22,0,19],"power":[0.042300618710081554,0.05764006176999621,0.01099623164016839,0.018555573113825937,0.004852514107358871,0.027075883289827646]}
{"id": 8, "drone": 7, "position":(25.0,25.0,1.0), "time":228.5030487800361,"sensors":[39,9,18,25,21,17,20,19],"power":[0.12575531103480395,0.01898566609402557,0.07718467644039184,0.03210615059185197,0.12555482368332782,0.18627124854949287,0.01665138829855317,0.018413727525102345]}
{"id": 9, "drone": 1, "position":(41.666666666666664,41.666666666666664,1.0), "time":305.3621363364812,"sensors":[1,16,7,27,3,35],"power":[0.02258638895525471,0.21759172170444385,0.06881532515608826,0.04498428054468377,0.06697797920712796,0.05795803915171483]}
{"id": 10, "drone": 8, "position":(8.333333333333334,41.666666666666664,1.0), "time":294.93059490423957,"sensors":[4,26,34,20,12,29],"power":[0.030431642451529854,0.09230403371011746,1.0731090306353204,0.03253355675991961,0.2028711075856365,0.22825208222954305]}
{"id": 11, "drone": 8, "position":(8.333333333333334,16.666666666666668,1.0), "time":262.4394562155928,"sensors":[37,32,24,13,23,0,19,14],"power":[0.059908128731562725,0.026751439033967827,0.019970957858834962,0.10685650171476153,1.074199562169662,0.4348885879440022,0.027152547202177295,0.08968718398356708]}
