LP RESULTS :
 Obj = 0.1*lambda1+0.9*lambda2 = 124.26140124613799 (lambda1 = 1224.6140124613798, lambda2 = 2.0) Resol time = 2594 ms

{"id": 0, "drone": 2, "position":(8.333333333333334,25.0,1.0), "time":191.65998879137533,"sensors":[21,13,19,2,15,10,36,26,5,18],"power":[0.2593850056585525,0.08122872467674472,0.13509082949280024,0.030149591213394923,0.048027957525096164,0.05210151334648401,0.020491453520029977,0.02191167921628738,0.0719210643542343,0.04873209753911719]}
{"id": 1, "drone": 2, "position":(8.333333333333334,16.666666666666668,1.0), "time":368.60745209758386,"sensors":[21,13,19,2,15,1,26,5,18],"power":[0.0639559045615611,0.06599726364356504,0.09076735636992445,0.17228839221043407,0.10197204247490382,0.028719894363396645,0.45746236121431555,0.07824854618225832,1.9174527632249023]}
{"id": 2, "drone": 6, "position":(8.333333333333334,41.666666666666664,1.0), "time":898.6586068412176,"sensors":[39,10,31,36,17,28,3,8],"power":[0.08631800706760369,0.08222014043665574,0.15,0.4394510892319866,2.9608590680763043,0.2467672330151249,0.7739545086522117,0.7954634256929873]}
{"id": 3, "drone": 6, "position":(8.333333333333334,33.333333333333336,1.0), "time":24.145935185662665,"sensors":[21,13,19,10,36,17,5,3,8],"power":[0.004901729866008604,0.0027740116796902566,0.0027930734197834702,0.011443531902569021,0.04105331931970281,0.008651375456213134,0.002187871914390981,0.005108061787379649,0.007974068485254584]}
{"id": 4, "drone": 5, "position":(25.0,25.0,3.0), "time":477.39648323388406,"sensors":[19,35,9,32,5,34,20],"power":[0.03532995999728703,0.08851799544676686,0.05123138992141139,0.05659984137131353,0.04918047588932097,0.1361914071963828,0.13212097034302142]}
{"id": 5, "drone": 5, "position":(33.333333333333336,8.333333333333334,1.0), "time":117.73685832326572,"sensors":[7,9,24,12,6,23,22],"power":[0.09049776222065091,0.019629386350229223,0.052080720050428374,0.011026075814214026,0.013415330270719452,0.025067343683382683,0.1893031378824987]}
{"id": 6, "drone": 8, "position":(25.0,41.666666666666664,1.0), "time":191.65998879137499,"sensors":[14,39,38,32,28,3,8,29],"power":[0.06999454212237226,0.028809953537099506,0.020893513918951657,0.01286053869996757,0.012238144179873652,0.015430480864567636,0.012119866866027234,0.012679872617290599]}
{"id": 7, "drone": 8, "position":(41.666666666666664,8.333333333333334,1.0), "time":287.1564507131505,"sensors":[37,7,9,30,24,12,6,23,22],"power":[0.06661499612534218,0.2115011177853566,0.02215612774053481,0.029748667449027235,0.024490039068534523,0.10583346601944948,0.049712147851419856,0.03781939224702456,0.09929355378286289]}
{"id": 8, "drone": 3, "position":(16.666666666666668,41.666666666666664,1.0), "time":110.1494816431244,"sensors":[39,10,36,17,28,3,8],"power":[0.03217140825663241,0.011307120393834361,0.014773731403603538,0.02109283444631856,0.03299117960308813,0.09204744573581715,0.04574328483248681]}
{"id": 9, "drone": 3, "position":(8.333333333333334,8.333333333333334,1.0), "time":664.3465715724204,"sensors":[2,0,1,26,18],"power":[0.09624509516309555,0.15000000000000002,0.06557569538158216,0.21586338620711118,0.12002487900969351]}
{"id": 10, "drone": 1, "position":(25.0,8.333333333333334,1.0), "time":127.35985143830781,"sensors":[7,9,24,1,23,22,20],"power":[0.01004961813578631,0.009863289502248069,0.03617006715002967,0.048270759546655,0.008971197338344441,0.015248599455132447,0.014720757867602543]}
{"id": 11, "drone": 1, "position":(41.666666666666664,8.333333333333334,5.0), "time":477.3964832338841,"sensors":[37,7,30,24,12,6,23,22],"power":[0.08338500387465782,0.1528959988663888,0.03965445865649075,0.031134708617038254,0.11684523481000889,0.06283854920310715,0.04811828969115578,0.11214460015826921]}
{"id": 12, "drone": 4, "position":(25.0,41.666666666666664,5.0), "time":24.14593518566295,"sensors":[14,39,38],"power":[0.005872893890018982,0.0027006311386643823,0.0020434407256420583]}
{"id": 13, "drone": 4, "position":(41.666666666666664,25.0,1.0), "time":211.18780072974937,"sensors":[35,16,25,9,30,32,11,6,23,27,34],"power":[0.04002060169541381,0.14976016991486119,0.05996349169201326,0.02477671613138338,0.11608937913242055,0.027327188178285264,0.025570798330979003,0.0517100312257805,0.026764219283506,0.44076568766862484,0.02215987918624123]}
{"id": 14, "drone": 7, "position":(33.333333333333336,33.333333333333336,1.0), "time":177.7067100876908,"sensors":[14,35,38,25,32,11,27,4,34],"power":[0.056344407737298915,0.019619541106624318,0.015041388495510526,0.05166552873790469,0.6797101631214063,0.01192526594089968,0.020761065406781902,0.03255648031108665,0.016838748266755164]}
{"id": 15, "drone": 7, "position":(33.333333333333336,16.666666666666668,1.0), "time":3.7765680230223118,"sensors":[35,16,7,9,30,6,23,22,34,20],"power":[0.0018418617511950063,2.398300851388229E-4,4.709210256535343E-4,0.022343090354193136,7.777919944086623E-4,0.0012360669005857282,0.014431206989433683,4.7760677545568783E-4,0.001564298198429561,3.9207597542082243E-4]}
{"id": 16, "drone": 0, "position":(25.0,8.333333333333334,5.0), "time":30.576208723430405,"sensors":[7,24,1,22,20],"power":[0.0019640575058883273,0.006124465113969173,0.007433650708366229,0.0028449956261251295,0.0027661958139552382]}
{"id": 17, "drone": 0, "position":(41.666666666666664,41.666666666666664,3.0), "time":831.1013783966513,"sensors":[14,38,25,32,11,33,4,29],"power":[0.0884034752372637,0.2138743321573506,0.12196990093322888,0.05246883375323106,0.1588172184484721,0.17353456321275454,0.7920423561353543,0.23788667949482664]}
