LP RESULTS :
 Obj = 0.1*lambda1+0.9*lambda2 = 103.38327826231993 (lambda1 = 1015.8327826231993, lambda2 = 2.0) Resol time = 3767 ms

{"id": 0, "drone": 1, "position":(25.0,25.0,3.0), "time":388.76833734294866,"sensors":[1,8,14,3,18,12,36,31],"power":[0.4177947340346335,0.035949558107277124,0.03981790087153473,0.11821523593904708,0.09235515545234478,0.06852732863361861,0.06240239084297318,0.179211187360341]}
{"id": 1, "drone": 1, "position":(16.666666666666668,33.333333333333336,1.0), "time":0.17083180959758204,"sensors":[11,2,12,10,31],"power":[4.2204209524088215E-4,1.3178221037891461E-5,2.7552528024528866E-4,1.2969785073940135E-5,2.6578642659329916E-5]}
{"id": 2, "drone": 8, "position":(41.666666666666664,41.666666666666664,1.0), "time":666.078768619761,"sensors":[21,24,22,28,23,29,26,9,25,39,16],"power":[0.15,2.6649857685083354,0.21618521757015005,6.456183142311341,0.10776650277155683,0.05952687515228533,0.8080410372889368,0.09991831313535866,0.15636554240287986,3.329738499263542,0.21244593412361457]}
{"id": 3, "drone": 8, "position":(8.333333333333334,8.333333333333334,1.0), "time":119.26953573034552,"sensors":[0,17,19,27,13,20,32,35,38],"power":[0.00789581362938415,0.013121870314309138,0.03329606299327294,0.028382471883296994,0.05330893967622643,0.01459135749331756,0.035898850840698514,0.012539001128175999,0.027758698739241562]}
{"id": 4, "drone": 4, "position":(8.333333333333334,16.666666666666668,1.0), "time":388.20567575093435,"sensors":[0,17,34,7,27,2,37,13,20,36,10,35,38],"power":[0.22504878780877274,0.0399921665291459,0.046803044443303125,0.06632108767501936,0.1234343571350711,0.14002214620227543,0.09136448353260959,0.7138939577216402,0.026558256227607532,0.03812766552217948,0.02509308952681893,0.0911925742201338,0.02874235489920598]}
{"id": 5, "drone": 4, "position":(33.333333333333336,25.0,1.0), "time":22.46462412383991,"sensors":[1,8,14,3,18,33,25,31],"power":[0.004822322503299258,0.012593000298608341,0.03921568372804749,0.06723727479299652,0.0015131228488602633,0.005583921738238937,0.0028914698085658027,0.004293907098251504]}
{"id": 6, "drone": 7, "position":(8.333333333333334,8.333333333333334,2.0), "time":423.90464505873376,"sensors":[17,19,27,13,20,32,35,38],"power":[0.045605400301681864,0.11071090526996276,0.09902454669176285,0.17418254500220207,0.04941255693578674,0.12125909796680984,0.0438894355110148,0.09349894636155247]}
{"id": 7, "drone": 7, "position":(16.666666666666668,16.666666666666668,1.0), "time":0.5626615920141518,"sensors":[0,1,17,18,2,13,20,36],"power":[8.647121505605653E-5,7.524774066407656E-5,3.500876376473082E-4,2.6162072621637453E-4,1.99599670610387E-4,1.3031557312076936E-4,1.2451134796581816E-4,7.2363863279888E-4]}
{"id": 8, "drone": 0, "position":(8.333333333333334,33.333333333333336,1.0), "time":484.3834243185264,"sensors":[0,34,11,7,6,2,37,12,10],"power":[0.046914941868871816,0.13041273673095205,0.19442943608224236,0.08944272059967807,0.03613234927259449,0.03856498270936088,0.047865556863436916,0.05575300293311231,0.22124476934951295]}
{"id": 9, "drone": 0, "position":(25.0,16.666666666666668,1.0), "time":23.41148523137889,"sensors":[1,8,3,17,18,20,36,31],"power":[0.00981079563590202,0.002538561875690476,0.0029766844763189416,0.006301739522919017,0.0321161246004268,0.0036905928517842607,0.015086102934678451,0.0016177490240422193]}
{"id": 10, "drone": 3, "position":(8.333333333333334,41.666666666666664,4.0), "time":507.8670412636964,"sensors":[11,6],"power":[0.05992374807027012,0.19544752190742035]}
{"id": 11, "drone": 3, "position":(33.333333333333336,16.666666666666668,2.0), "time":35.307139525383604,"sensors":[4,1,8,14,3,18,33,5,36],"power":[0.00405456660229468,0.005186316878722243,0.023714163552735774,0.007897121072532856,0.006353133784552442,0.0034689129000261805,0.012919316854802338,0.0025359700295626403,0.0023668071813205344]}
{"id": 12, "drone": 2, "position":(33.333333333333336,16.666666666666668,3.0), "time":242.12197467966237,"sensors":[4,1,8,14,3,18,33,5],"power":[0.026027492923045518,0.03377110026546542,0.13131268779151756,0.05021713317458954,0.040813088242143546,0.02262179220495335,0.07983338656411403,0.01709689248741387]}
{"id": 13, "drone": 2, "position":(25.0,25.0,1.0), "time":119.09870392074777,"sensors":[1,8,14,3,18,2,12,36,31],"power":[0.2706694411767902,0.012333934463031677,0.012852161153295382,0.04312956791154955,0.03213707971525379,0.008157746467858416,0.023683904294592363,0.020904241735907242,0.07967350414455047]}
{"id": 14, "drone": 5, "position":(8.333333333333334,25.0,1.0), "time":23.411485231378844,"sensors":[0,34,11,7,27,2,37,12,13,10,35],"power":[0.03401176010894234,0.019093464737496485,0.003434026044491868,0.021425329610708792,0.001698914037461138,0.011092947185957087,0.010769959603953487,0.0017602388584314268,0.0026445093308462594,0.009348431150513306,0.0023789891406754333]}
{"id": 15, "drone": 5, "position":(41.666666666666664,8.333333333333334,1.0), "time":715.9390442943134,"sensors":[4,33,5,15,30],"power":[0.6833867116553962,0.07432764423355447,0.6040470794688585,0.15,0.36453304841940726]}
{"id": 16, "drone": 6, "position":(33.333333333333336,41.666666666666664,1.0), "time":82.35668146851123,"sensors":[24,22,28,23,29,26,9,25,39,16],"power":[0.021198687534094467,0.1875067549838521,0.017475121650432635,0.042233497228443155,0.09215828867225155,0.04504506457843134,0.21119113520925206,0.014903470652230964,0.01936797705435981,0.04168936525839278]}
{"id": 17, "drone": 6, "position":(16.666666666666668,8.333333333333334,1.0), "time":60.47877925979258,"sensors":[17,18,19,13,20,36,32],"power":[0.04462873569429676,0.006536076794284071,0.005993031736764339,0.010440379478263262,0.13767827207167113,0.010389153150142235,0.004143764270885576]}
