LP RESULTS :
 Obj = 0.1*lambda1+0.9*lambda2 = 110.22239223725204 (lambda1 = 1084.2239223725203, lambda2 = 2.0) Resol time = 11680 ms

{"id": 0, "drone": 7, "position":(41.666666666666664,16.666666666666668,1.0), "time":494.8386424501904,"sensors":[9,5,30,39,13,0,15,29,10,19,33],"power":[0.132552522093211,0.26429532949400814,0.06504927146688837,0.03219312084618353,0.041453607472110396,0.0543402054782222,0.136667283395051,0.03485005320541737,0.14548045081376534,0.0722520584911017,0.07311153171717895]}
{"id": 1, "drone": 7, "position":(8.333333333333334,41.666666666666664,1.0), "time":59.3616632523764,"sensors":[36,28,24,23,34,21],"power":[0.015706136002873478,0.07758103792907561,0.0038502964811947854,0.23768661041272596,0.01973156812980812,0.1354155299243243]}
{"id": 2, "drone": 4, "position":(16.666666666666668,8.333333333333334,1.0), "time":610.4959000571911,"sensors":[32,1,31,12,25],"power":[0.17730135072240455,0.19924832084324812,0.15,0.17372636203756767,0.2521989387446037]}
{"id": 3, "drone": 1, "position":(41.666666666666664,8.333333333333334,2.0), "time":589.3852799223299,"sensors":[8,9,0,29,19],"power":[0.15,0.0916362840671045,0.3956229304496096,0.325808314780611,0.8888381813856545]}
{"id": 4, "drone": 0, "position":(33.333333333333336,41.666666666666664,1.0), "time":855.8384183021459,"sensors":[11,26,14,4,27,17,3],"power":[0.10697685899283038,0.08228598429081817,0.1054310308687202,2.3105112661534744,0.06278621120682529,0.05782306810331523,0.15]}
{"id": 5, "drone": 2, "position":(8.333333333333334,33.333333333333336,1.0), "time":282.21023950470124,"sensors":[36,28,20,18,24,22,23,34,7,21],"power":[1.6311903653772564,0.031020851599746154,0.022483685235185194,0.018799002894674666,0.14495242197498936,0.041156738104571516,0.04684745644991158,0.08986455310900063,0.03215814531965084,0.035929469073455]}
{"id": 6, "drone": 2, "position":(8.333333333333334,16.666666666666668,1.0), "time":104.54509078481324,"sensors":[31,37,24,22,12,25],"power":[0.017277233230726215,0.15,0.00966258565552928,0.010734464627656178,0.0615191642338514,0.006844671008240549]}
{"id": 7, "drone": 3, "position":(41.666666666666664,41.666666666666664,1.0), "time":228.3855040703744,"sensors":[11,26,4,17],"power":[0.11129349351027547,0.06771401570918181,0.041311567282829906,0.10776908505590539]}
{"id": 8, "drone": 6, "position":(25.0,16.666666666666668,1.0), "time":271.846822280815,"sensors":[6,30,18,35,2,13,12,16,33],"power":[0.645893981204002,0.0956172673485246,0.028235400790105104,0.0807564586006851,0.03640962955564634,0.1785877667230853,0.02211843304906638,0.07893240160354052,0.06587504740647125]}
{"id": 9, "drone": 8, "position":(16.666666666666668,33.333333333333336,1.0), "time":530.1668605870041,"sensors":[36,28,38,20,18,24,35,22,23,34,7,16,21],"power":[0.13601781760304726,0.0413981104711782,0.23468898392946688,0.39147424250001567,0.1521713801999428,0.12141070611603522,0.052289183463278974,0.1357550220023467,0.05338344797546303,0.26744120487483425,0.8934288003451375,0.05326255045829387,0.03897713305415584]}
{"id": 10, "drone": 5, "position":(33.333333333333336,25.0,3.0), "time":228.3855040703744,"sensors":[14,5,6,30,38,39,35,2,13,27,15,16,10,33],"power":[0.07130345214201443,0.03306989180593121,0.03336439881867303,0.05610094192190114,0.015542860295464223,0.24072402001545515,0.01695435793603592,0.11359037044435365,0.025306118142172318,0.13283067703944662,0.014809840258605033,0.018464713793060694,0.03968791591067852,0.09396270910632196]}
