LP RESULTS :
 Obj = 0.1*lambda1+0.9*lambda2 = 205.56016318707876 (lambda1 = 2037.6016318707873, lambda2 = 2.0) Resol time = 603 ms

{"id": 0, "drone": 7, "position":(41.666666666666664,41.666666666666664,1.0), "time":965.7832836079311,"sensors":[29,9,27,3,31,30,10,7],"power":[0.14440664271463993,0.12340008892094387,0.06533433099619872,0.1175782753095985,0.10106630186462102,0.5687708610260497,0.914825636361069,0.11902404164525997]}
{"id": 1, "drone": 0, "position":(16.666666666666668,41.666666666666664,1.0), "time":1504.0085320260673,"sensors":[35,32,25,2,13,23,12,14],"power":[0.2892356314525793,0.7530736441242214,0.8714149981400031,0.35055727731153763,0.346972320945822,0.12787112147761168,0.11643963666911282,0.2580604736599113]}
{"id": 2, "drone": 4, "position":(41.666666666666664,33.333333333333336,1.0), "time":677.2583212458813,"sensors":[29,9,27,17,3,8,5,30,10,37],"power":[0.2041444407047988,0.07862203970719929,0.08449105064237218,0.0489891812423541,0.7868789488791731,0.06714146666188527,0.09096891109031972,0.09956847683392803,0.1546315959653299,0.14999999999999997]}
{"id": 3, "drone": 3, "position":(8.333333333333334,33.333333333333336,1.0), "time":438.6801291216959,"sensors":[35,32,19,15,2,13,12],"power":[0.10012257852190307,0.14431905359128586,0.15051737910939836,0.13288241990706093,0.04457469392234385,0.25390667556422397,0.05890366977897794]}
{"id": 4, "drone": 5, "position":(8.333333333333334,8.333333333333334,4.0), "time":504.79930438236846,"sensors":[24,36],"power":[0.1119887526939689,0.10881468114375624]}
{"id": 5, "drone": 8, "position":(41.666666666666664,8.333333333333334,1.0), "time":1061.0614131414545,"sensors":[16,21,0,33,22,6,4,38],"power":[0.14999999999999997,0.3464490163712817,0.639637903130116,0.20257997645813397,0.16499599273872323,1.7849262858633688,0.23608759150179373,0.31636848295611686]}
{"id": 6, "drone": 1, "position":(8.333333333333334,16.666666666666668,1.0), "time":344.7713501371693,"sensors":[19,24,28,20],"power":[0.033947690964810685,0.0380112473060311,0.11872513004333389,0.03846720753410941]}
{"id": 7, "drone": 1, "position":(25.0,41.666666666666664,1.0), "time":94.91297072302405,"sensors":[32,29,25,9,27,17,31,5,23,14],"power":[0.0069255985626510055,0.008332946435492143,0.02342825444515526,0.023715817364402987,0.014825022763490523,0.007545771001647293,0.051414364770334474,0.007322987195630789,0.022128878522388245,0.028920125905709086]}
{"id": 8, "drone": 6, "position":(25.0,8.333333333333334,1.0), "time":976.5402187293328,"sensors":[26,1,16,0,34,36,18,20],"power":[0.16962842559313587,0.43265935217873863,0.17007974294845318,0.07998090434857812,0.09471366092328211,0.08483265125585937,0.4543537287767723,0.08508121448703661]}
{"id": 9, "drone": 6, "position":(41.666666666666664,41.666666666666664,4.0), "time":299.64705629395075,"sensors":[29,9,3,31,30,10,7],"power":[0.03676051702724537,0.03290059270136093,0.03180345784229561,0.026712812643908235,0.1042265291643296,0.1383957779234327,0.03097595835474001]}
{"id": 10, "drone": 2, "position":(25.0,25.0,2.0), "time":299.6470562939508,"sensors":[26,27,17,8,34,39,5,20,11],"power":[0.07854659496946008,0.035272673166513904,0.09346504775599859,0.08397834229566412,0.11527358060742096,0.7277483265354309,0.05729411969920431,0.06306861015617786,0.20028396949023516]}
{"id": 11, "drone": 2, "position":(8.333333333333334,25.0,1.0), "time":94.91297072302405,"sensors":[19,15,13,28,20],"power":[0.06633373734618209,0.01711758009293906,0.0126440147771506,0.0312748699566661,0.007590559207880188]}
