LP RESULTS :
 Obj = 0.1*lambda1+0.9*lambda2 = 157.27526094138946 (lambda1 = 1554.7526094138943, lambda2 = 2.0) Resol time = 707 ms

{"id": 0, "drone": 1, "position":(33.333333333333336,33.333333333333336,1.0), "time":636.8822353967183,"sensors":[27,33,24,12,6,2,15,20,16],"power":[0.043918926660855104,0.9153470212562193,1.2028392159038814,0.04960097834285167,0.09677966657177275,0.06385315472962382,0.05836811869252686,0.16931659011306327,0.09464521757772425]}
{"id": 1, "drone": 1, "position":(33.333333333333336,25.0,1.0), "time":7.512216665894925,"sensors":[27,33,26,24,12,6,2,14,20,16],"power":[5.824935564663088E-4,0.00415143041182253,0.0023071009714893086,0.0021043483125769208,0.006098165744360567,0.001764444638662614,0.009788348501349211,0.001470045135118784,0.002499709245556486,0.003207432124379863]}
{"id": 2, "drone": 2, "position":(41.666666666666664,8.333333333333334,1.0), "time":763.5601050388537,"sensors":[26,17,1,4,9,31,25,18,7,14],"power":[0.05450775722982766,0.11809977276677251,0.05678775888225249,0.06116609031874496,0.06574492205725661,0.1727553177576427,0.15,0.17322104459736495,0.6488081558215473,0.08348082039825201]}
{"id": 3, "drone": 8, "position":(41.666666666666664,16.666666666666668,1.0), "time":416.56926948921995,"sensors":[26,17,1,12,4,2,18,7,14,20,16],"power":[0.08591556010950636,0.41642034186170573,0.0932122411177475,0.09223495966409641,0.12560394079828582,0.04880145066377318,0.04670951418946996,0.3875879225557839,0.09793697211081397,0.03875757171470291,0.07889517135756648]}
{"id": 4, "drone": 3, "position":(16.666666666666668,8.333333333333334,1.0), "time":644.3494498204958,"sensors":[23,21,38,13,32,29,5,37,35],"power":[0.08297472183720532,0.06483043541835333,0.3924260224334913,0.04700204351502706,1.694158541391494,0.3242262047121416,0.09940887678251513,0.1296960670233226,0.10929238710308253]}
{"id": 5, "drone": 6, "position":(41.666666666666664,33.333333333333336,1.0), "time":493.78888786206113,"sensors":[33,0,24,20,16],"power":[0.11296688196077082,0.15,0.05845721671495352,0.2177181606744942,0.10432457166581309]}
{"id": 6, "drone": 7, "position":(33.333333333333336,8.333333333333334,1.0), "time":367.11101821992577,"sensors":[23,38,13,26,12,9,31,18,7,35,14],"power":[0.07742784152318358,0.03383345466461269,0.11272108076913684,0.05513339709159015,0.030560943677428773,0.08425507794274338,0.037509033436936616,3.6711101821992576,0.061154732317203246,0.040707612896917454,0.08688397463977038]}
{"id": 7, "drone": 4, "position":(8.333333333333334,8.333333333333334,1.0), "time":543.2921413734728,"sensors":[21,38,32,30,29,5,37],"power":[0.16399757224144845,0.03770938268029997,0.09924737523921842,0.06204891488633473,0.14226164891778043,0.11142088870580702,2.1450888413892173]}
{"id": 8, "drone": 5, "position":(25.0,33.333333333333336,1.0), "time":416.5692694892201,"sensors":[27,33,24,28,22,6,2,15],"power":[0.15533586909415242,0.06611277148151437,0.1569840945618983,0.03342457633861707,0.05221673398213931,0.14110102973939817,0.027557046105253787,0.1071643053159657]}
{"id": 9, "drone": 0, "position":(8.333333333333334,25.0,1.0), "time":207.78668041097893,"sensors":[19,3,28,10,8,22,11,30,29,39,34],"power":[0.39721157932864015,0.05087038224580534,0.07419476279261475,0.021016059316025733,0.0252413527338293,0.0491595622500745,0.019557839355713418,0.09146106771572193,0.013640801563977392,0.11150304116882405,0.02601569319795765]}
{"id": 10, "drone": 0, "position":(8.333333333333334,33.333333333333336,2.0), "time":930.3966595136951,"sensors":[19,3,28,10,8,22,11,39,34,36],"power":[0.10527241728757551,0.09912961775419465,0.26091304876187205,0.985436198206678,1.5063985925512302,0.2028390866130121,0.28072583276621016,0.4372015932411188,1.4684841586077948,0.3260032726479764]}
