LP RESULTS :
 Obj = 0.1*lambda1+0.9*lambda2 = 123.10778586963707 (lambda1 = 1213.0778586963706, lambda2 = 2.0) Resol time = 1498 ms

{"id": 0, "drone": 0, "position":(25.0,8.333333333333334,1.0), "time":605.1828231360871,"sensors":[12,5,30,4,37,6,33,31,10,39,7,13],"power":[0.1956815476852478,0.1198693373028613,0.17050339540513473,0.06907481772093148,0.12638009259441443,0.046775684211670505,0.2245640881719318,0.14582561320048268,0.09839705254794866,0.047180548074918865,0.09487775812060396,0.4972286026660156]}
{"id": 1, "drone": 0, "position":(25.0,41.666666666666664,1.0), "time":146.77650071301906,"sensors":[35,26,29,38,16,21,24,32,25,17],"power":[0.3420813802482526,0.038360883265816346,0.02765312839416988,0.018681606824814557,0.7324033970627356,0.02440108596524572,0.13455205816557533,0.030239900725119374,0.01162557341747869,0.06865134483121083]}
{"id": 2, "drone": 2, "position":(8.333333333333334,8.333333333333334,1.0), "time":16.274846678256658,"sensors":[5,30,0,18,2,6,9,19],"power":[0.0037078938910131342,0.002284233492249163,0.004394068927139655,0.002586876588907754,0.026540127301954573,0.002158333048806658,0.034197632437016345,0.015915001723728544]}
{"id": 3, "drone": 2, "position":(16.666666666666668,25.0,1.0), "time":9.99412514136453,"sensors":[27,12,28,3,0,18,1,23,36,8],"power":[0.0011070533940046208,8.780373130068699E-4,0.005303169942786641,9.239344411447646E-4,9.036949643868637E-4,0.0013095536473196438,0.00833231195994792,8.08750848150454E-4,9.583750382518227E-4,8.183794031847568E-4]}
{"id": 4, "drone": 1, "position":(16.666666666666668,41.666666666666664,1.0), "time":607.8950355602835,"sensors":[35,26,16,36,24,32],"power":[0.23404543429078706,0.09406778527454043,0.18378091407901304,0.06409107910286503,0.0495342617743926,6.078950355602835]}
{"id": 5, "drone": 1, "position":(33.333333333333336,25.0,1.0), "time":117.9181579712751,"sensors":[3,34,37,38,23,10,20,39,8],"power":[0.05756373202594072,0.08494674036880533,0.01179783075664868,0.022349493941366042,0.09683868099492823,0.02134159159106507,0.02144590131561759,0.04519571793922638,0.10327183396985548]}
{"id": 6, "drone": 7, "position":(41.666666666666664,8.333333333333334,1.0), "time":469.2812176448488,"sensors":[4,37,14,22,7],"power":[0.16998022003966545,0.053085417362653424,0.15,0.1907390515046319,0.11316552469391312]}
{"id": 7, "drone": 7, "position":(33.333333333333336,16.666666666666668,1.0), "time":20.695659944159665,"sensors":[12,3,4,34,37,23,10,39,7,8,13],"power":[0.00223203598550435,0.001958856397514675,0.0024718340024575194,0.006102831370678736,0.02644691851813941,0.00457808940812974,0.012417315639181659,0.013145426793890766,0.002198733441490526,0.0034493779260412905,0.0017952849865181652]}
{"id": 8, "drone": 4, "position":(8.333333333333334,16.666666666666668,1.0), "time":117.0440560363152,"sensors":[27,5,28,30,0,18,2,1,9,15,19],"power":[0.050672819610505036,0.014615164420429642,0.02468459445831101,0.012812309246966294,0.6884216545589039,0.5858245914062674,0.06208345277800914,0.014154245734124597,0.04538402131668757,0.02779470825364985,0.0949252615898957]}
{"id": 9, "drone": 5, "position":(33.333333333333336,41.666666666666664,1.0), "time":220.6582318969797,"sensors":[35,26,29,38,16,21,24,20,25,17],"power":[0.02733686604256767,0.01757133145964322,0.12234687160583009,0.052557352783454477,0.03442988581167776,0.3481013429405564,0.17081400201882418,0.04188876961072047,0.1646600212451557,0.431925657264695]}
{"id": 10, "drone": 5, "position":(41.666666666666664,33.333333333333336,1.0), "time":421.9061618856542,"sensors":[11,34,38,20,25],"power":[0.10607220785848726,0.04138923174257868,0.07016283909591507,0.2763771463396421,0.09995571802250007]}
{"id": 11, "drone": 3, "position":(41.666666666666664,25.0,1.0), "time":203.1896886003947,"sensors":[11,3,34,38,23,20,39,8],"power":[0.021712255326409666,0.013243282977322638,0.11487027855343725,0.014727490407419854,0.015960914960427015,0.03362604863844714,0.015387328928078122,0.01585293692534791]}
{"id": 12, "drone": 3, "position":(25.0,25.0,2.0), "time":102.62911762902739,"sensors":[12,3,34,1,38,23,10,39,8],"power":[0.011108001933257049,0.07631019415806205,0.008474838600916287,0.024714835045903463,0.0107667358478106,0.07033296523301534,0.0209752148873083,0.02909097826388012,0.08269220175866428]}
{"id": 13, "drone": 6, "position":(41.666666666666664,25.0,5.0), "time":249.40561834206665,"sensors":[11,34,20,8],"power":[0.022215536815103038,0.07105504195452395,0.03019410106042715,0.015838547593411578]}
{"id": 14, "drone": 6, "position":(16.666666666666668,8.333333333333334,5.0), "time":86.35427095079109,"sensors":[12,5,30,0,2,6,9,33,31,19,13],"power":[0.014550860702642252,0.048902138415434386,0.0355755034780998,0.008564234922805298,0.013876041986886353,0.014212898969224487,0.01012972688348555,0.01262699257161874,0.011624654826953558,0.012676424880192416,0.006242045219274981]}
{"id": 15, "drone": 8, "position":(16.666666666666668,8.333333333333334,1.0), "time":388.2218618949206,"sensors":[12,5,30,0,18,2,1,6,9,33,31,19,13],"power":[0.0910144865693157,2.0427514278245926,0.595532305584013,0.04997254848045846,0.030597418533515653,0.08260690333191319,0.029298210509150657,0.08685308377029831,0.06028861936281052,0.07338209990664575,0.07121198242749965,0.07492939704547208,0.03754224657787723]}
{"id": 16, "drone": 8, "position":(8.333333333333334,25.0,1.0), "time":595.1886979947226,"sensors":[27,28,0,18,1,36,15,19],"power":[0.5582805755117447,0.9442392727689966,0.10413237729146403,0.17482071282881753,0.07350039675086846,0.12287531005991692,0.12220529174635014,0.04527539372928882]}
