LP RESULTS :
 Obj = 0.1*lambda1+0.9*lambda2 = 189.474577652325 (lambda1 = 1885.7457765232498, lambda2 = 1.0) Resol time = 161 ms

{"id": 0, "drone": 1, "position":(8.333333333333334,25.0,1.0), "time":730.6893062807894,"sensors":[27,15,36,34,8,3,1,6],"power":[0.07485751254316153,0.15417283246197896,0.16757911280197227,0.15,0.11385331623972281,0.5963325132993271,0.10197059475660115,0.6480076517132498]}
{"id": 1, "drone": 8, "position":(33.333333333333336,8.333333333333334,1.0), "time":663.493379992711,"sensors":[2,28,11,20,7,37,35],"power":[0.21720888163458202,0.07125267156684167,0.16520092019157243,0.08723147945284236,0.24955465652562103,0.12418391724938779,0.05112493773704048]}
{"id": 2, "drone": 7, "position":(41.666666666666664,41.666666666666664,1.0), "time":1215.4243423980386,"sensors":[26,24,31,9,18,29,13,19],"power":[0.390459491602643,0.4042751310489554,0.7364064708352206,0.33799884467521685,0.35381989827210936,0.1450453529452816,0.1150977119426896,0.21115889644376337]}
{"id": 3, "drone": 6, "position":(25.0,41.666666666666664,1.0), "time":651.8167267321494,"sensors":[5,14,26,13,19,4],"power":[0.8028270855221636,0.04889462137390554,0.0912817460921365,0.41687432845771816,0.17497424670607142,0.060398383902000946]}
{"id": 4, "drone": 5, "position":(8.333333333333334,41.666666666666664,3.0), "time":582.7074946542206,"sensors":[17,10,3,1,39,38],"power":[0.15,0.24769631759362254,0.040411066464931034,0.13044225132391207,0.39344221140175817,0.47270529641360837]}
{"id": 5, "drone": 4, "position":(25.0,25.0,1.0), "time":356.8519358300927,"sensors":[27,14,0,32,37,35,4],"power":[0.09988245373828826,0.07470915354336248,0.28941207019197696,0.808376754647645,0.04165117215891608,0.0481275194473704,0.05681997978696989]}
{"id": 6, "drone": 3, "position":(41.666666666666664,16.666666666666668,1.0), "time":846.8957533073841,"sensors":[2,28,20,21,30,22,35],"power":[0.23537510201903253,4.87346332313076,0.06276852054715765,0.15000000000000002,0.4792762016704441,0.4804042338965262,0.1839396760001159]}
{"id": 7, "drone": 0, "position":(33.333333333333336,33.333333333333336,1.0), "time":18.504707393061892,"sensors":[14,26,24,0,31,32,29,13,35,19,4],"power":[0.026396225082731994,0.0027413937676842564,0.007314451659161336,0.004613542053580706,0.0038239223076959707,0.002840398397500234,0.004954647054718396,0.0034364205617857043,0.0015711896952973795,0.0032016086796905685,0.056455195199643676]}
{"id": 8, "drone": 2, "position":(8.333333333333334,8.333333333333334,1.0), "time":1155.0564702424606,"sensors":[25,15,16,23,36,8,12,33],"power":[0.2515216185585527,0.2435173849901335,5.571516841863934,1.076901732908445,0.21761723719456408,0.33519738992442855,0.1914657243500466,0.15000000000000002]}
