LP RESULTS :
 Obj = 0.1*lambda1+0.9*lambda2 = 142.29625596962944 (lambda1 = 1404.9625596962942, lambda2 = 2.0) Resol time = 3996 ms

{"id": 0, "drone": 8, "position":(41.666666666666664,8.333333333333334,1.0), "time":525.4164938163996,"sensors":[18,4,38,9,39,22,14,10,27],"power":[0.059289612618427315,0.06883026775760089,0.09152363256541188,0.1255288044126679,0.06772294671455686,0.06449516221526277,0.18582981521317726,0.1766588527687896,0.1264549077732562]}
{"id": 1, "drone": 8, "position":(25.0,33.333333333333336,1.0), "time":37.285406687216664,"sensors":[37,26,30,3,2,28,5,1,8],"power":[0.0034403475922881073,0.0031087390585994015,0.00450307901893483,0.007560002615007785,0.005115153375480516,0.010321735464470178,0.0039741797774039385,0.06722602184994234,0.04979682729465652]}
{"id": 2, "drone": 0, "position":(16.666666666666668,8.333333333333334,1.0), "time":362.75306102940567,"sensors":[35,23,17,20,34,19,33,31,29],"power":[0.5843018452783707,0.04735048592687524,0.07566612943639764,0.045286379949853614,0.027892540228414805,0.046194377527050925,0.22131501879675067,0.07506388085507064,0.15212424344208753]}
{"id": 3, "drone": 0, "position":(41.666666666666664,16.666666666666668,1.0), "time":20.53294019861727,"sensors":[4,38,9,39,24,11,10,13],"power":[0.03604109999938343,0.08688142139296476,0.049619913294024674,0.0034023235416925455,0.0037857840478109097,0.005041035799121111,0.07685472069077086,0.004412599797974659]}
{"id": 4, "drone": 2, "position":(8.333333333333334,25.0,1.0), "time":776.8579555373736,"sensors":[25,26,32,20,34,5,29],"power":[0.38820558463060756,0.2601187153339903,0.15,0.17168915733264997,0.23843222702013653,0.12746216337844937,0.05548370157009625]}
{"id": 5, "drone": 4, "position":(25.0,41.666666666666664,1.0), "time":298.0131381489839,"sensors":[36,30,3,28,1,8],"power":[0.07812977971681806,0.05246842839543896,0.026554225621718015,0.5159206823065533,0.102178459457607,0.055963452524417534]}
{"id": 6, "drone": 6, "position":(8.333333333333334,41.666666666666664,1.0), "time":590.8191974717039,"sensors":[0,30,15,5,21],"power":[0.2968657869371916,0.13854150168140728,2.8618705126732356,0.0824326110630357,0.15]}
{"id": 7, "drone": 6, "position":(41.666666666666664,25.0,1.0), "time":38.43499608174591,"sensors":[4,38,37,9,24,3,11,2,10,13],"power":[0.011749096851519807,0.009910848798218224,0.006890508036980896,0.006523648322086425,0.010450543746752078,0.0041222190204920715,0.0798285758356251,0.008254910482293699,0.005552681473246297,0.3843499608174591]}
{"id": 8, "drone": 1, "position":(33.333333333333336,16.666666666666668,1.0), "time":276.2860885061636,"sensors":[4,38,9,23,39,22,17,24,11,2,10,31,13],"power":[0.03337953539149746,0.04325446048063126,0.10938787253675628,0.04837336112700649,0.5115910989104654,0.046349390060365696,0.03237700515395773,0.110602507959468,0.04960317691816763,0.02791437806501977,0.051365716457195905,0.023294748849718386,0.02633841588924309]}
{"id": 9, "drone": 5, "position":(25.0,8.333333333333334,1.0), "time":265.351543129515,"sensors":[18,35,23,39,22,17,19,33,31,29],"power":[0.021834901928311293,0.0345334934763049,0.06782441144916493,0.045319301848200405,0.1018433215685416,1.551449520362307,0.07234335329355404,0.06012064134225382,0.059592528550870764,0.02124045064365188]}
{"id": 10, "drone": 3, "position":(25.0,25.0,2.0), "time":183.19637298561116,"sensors":[23,26,24,20,3,2,31,1,8],"power":[0.03195266197120236,0.015699829795655536,0.025923717284677527,0.013029429986343448,0.01709686951818539,0.028382550825063683,0.025523169773450694,0.02249530194714634,0.031797109706235796]}
{"id": 11, "drone": 3, "position":(41.666666666666664,41.666666666666664,1.0), "time":715.9511065173646,"sensors":[36,37,6,16,7,3,12],"power":[0.08217251646504622,0.10404110413292202,0.9760062251094908,0.15,0.21860344651227362,0.06865280870551078,1.624157751472439]}
{"id": 12, "drone": 7, "position":(33.333333333333336,8.333333333333334,1.0), "time":317.37549404559866,"sensors":[18,38,9,23,39,22,17,14,10,19,27],"power":[0.06887548545326139,0.02017875808827867,0.05078214125355792,0.028440136007771077,0.1450548042846784,0.7545673728054288,0.07081120723281144,0.049102081684236236,0.03710267790618845,0.03146226917939503,0.02354509222674381]}
{"id": 13, "drone": 7, "position":(33.333333333333336,33.333333333333336,1.0), "time":132.08153927537037,"sensors":[36,37,24,3,11,2,28,13,1,8],"power":[0.01107920998103519,0.16483804791714546,0.015144267636817437,1.3208153927537039,0.015527211447086136,0.08033300725214237,0.025316977838193262,0.012859749018814376,0.01770340233744607,0.01244261047469015]}
