LP RESULTS :
 Obj = 0.1*lambda1+0.9*lambda2 = 135.41530910950786 (lambda1 = 1336.1530910950785, lambda2 = 2.0) Resol time = 5512 ms

{"id": 0, "drone": 5, "position":(8.333333333333334,8.333333333333334,1.0), "time":658.1545762773552,"sensors":[27,6,11,32,33,30],"power":[0.12173381306553643,0.46593990161154963,0.15,0.058699382390348546,0.1736883895071134,0.19090712601892332]}
{"id": 1, "drone": 5, "position":(16.666666666666668,8.333333333333334,1.0), "time":139.03054211673987,"sensors":[3,27,6,19,32,33,30],"power":[0.019714056686758942,0.033334968458776974,0.04426896594777593,0.03283944971245972,0.013164659256480473,0.036976262217745554,0.13655786634740047]}
{"id": 2, "drone": 2, "position":(33.333333333333336,41.666666666666664,3.0), "time":1030.0740608000779,"sensors":[10,37,0,38,5,31],"power":[0.0960657044489495,0.14459460909435817,0.12079898102390584,0.40067049751876077,0.4559950189350025,0.2281991074370416]}
{"id": 3, "drone": 7, "position":(41.666666666666664,8.333333333333334,1.0), "time":567.8516933490567,"sensors":[1,17,16,21,7,12,23,13,26,15,22],"power":[5.678516933490568,0.15,0.10383509788986367,0.1677070692473939,0.5426012944746065,3.4618202296165745,0.1537655223038372,0.3907746925618578,0.11562756346564654,0.5331030072978593,0.12274865434469906]}
{"id": 4, "drone": 6, "position":(41.666666666666664,25.0,1.0), "time":538.9679727009833,"sensors":[18,16,24,21,39,14,25],"power":[0.10054433352437271,0.13353474784533786,0.09469654009481406,0.05151784715978771,0.14337981534359828,0.12047210700270071,0.07476298433254919]}
{"id": 5, "drone": 6, "position":(16.666666666666668,41.666666666666664,2.0), "time":18.188495072732927,"sensors":[34,8,10,2,9,37,0,29,20],"power":[0.0015478930635625338,0.007888140393555426,0.008071718000188223,0.009796377423502459,0.0033648105100393677,0.0014008827908958447,0.003395929828361451,0.008110039325876093,0.0028699776079307896]}
{"id": 6, "drone": 4, "position":(8.333333333333334,33.333333333333336,1.0), "time":1030.0740608000779,"sensors":[4,34,28,36,9,35,20],"power":[0.19555229129804522,0.128928887729553,0.14939087929629927,0.3445149940004584,1.4932218428918687,0.1932608128718651,0.18676645226844973]}
{"id": 7, "drone": 8, "position":(41.666666666666664,33.333333333333336,1.0), "time":200.6744241628209,"sensors":[18,24,39,14,25,38,5],"power":[0.04945566647562728,0.497310243599806,0.04481045770337902,0.037445668031549584,0.09048712364611304,0.06603302737343768,0.05184926259960217]}
{"id": 8, "drone": 0, "position":(33.333333333333336,8.333333333333334,2.0), "time":229.33342504503838,"sensors":[1,16,3,7,12,23,13,26,15,22],"power":[0.049890668396022714,0.01538724709207641,0.015039549306861726,0.021147314464775878,0.057395560303644705,0.5676110764563546,0.015779166913048932,0.040464206731010345,0.10069049889076018,0.027251345655300935]}
{"id": 9, "drone": 0, "position":(8.333333333333334,16.666666666666668,3.0), "time":219.21194224193815,"sensors":[4,28,27,6,19,32,33],"power":[0.04568591853420377,0.028899214484167025,0.07954128263113219,0.016656341317480665,0.017550239206971532,0.07813595835317098,0.10013725386492794]}
{"id": 10, "drone": 1, "position":(16.666666666666668,41.666666666666664,1.0), "time":287.89053522226766,"sensors":[34,8,10,2,9,37,0,29,20],"power":[0.02550892955749675,0.14211185960644454,0.14488799761978527,0.17990842792658457,0.05495901906801335,0.023359849038888995,0.054212130136261374,0.1418899606741239,0.04864351259171343]}
{"id": 11, "drone": 1, "position":(25.0,8.333333333333334,1.0), "time":538.9679727009834,"sensors":[3,23,19,15,30],"power":[0.11524639400637934,0.09069781888846169,0.11834668036317576,0.03402588245026936,0.06231418195438805]}
