LP RESULTS :
 Obj = 0.1*lambda1+0.9*lambda2 = 117.00622664916379 (lambda1 = 1152.062266491638, lambda2 = 2.0) Resol time = 4165 ms

{"id": 0, "drone": 8, "position":(25.0,25.0,3.0), "time":587.3617537341994,"sensors":[31],"power":[0.12099374500776469]}
{"id": 1, "drone": 8, "position":(8.333333333333334,41.666666666666664,1.0), "time":564.7005127574386,"sensors":[1,33,30,29,21,10,20,15,27],"power":[0.12451201622093547,0.22943656652569158,0.9818647549614746,0.04818509130216724,0.08493432126686241,0.16114649580994156,0.15,0.0817632132678321,0.08876487446184027]}
{"id": 2, "drone": 6, "position":(41.666666666666664,16.666666666666668,1.0), "time":874.1961635565547,"sensors":[4,34,6,12,32,13,17,7,26],"power":[0.2611845601621068,0.11644032208875246,0.14717262816125826,0.08925069820921785,0.1875764200342842,1.136758044158012,0.06377849262141032,0.24555957807345657,0.8579695005470229]}
{"id": 3, "drone": 1, "position":(33.333333333333336,41.666666666666664,1.0), "time":271.4763652104922,"sensors":[8,22,39,3,18,24,19,16,28,25],"power":[0.27763328585627745,0.06935617143218838,0.029496126434880903,0.02254469226752716,0.06368024969421011,0.03708773482261384,0.08347102383958319,0.3242971867514852,0.017266809821816616,0.07905480103111717]}
{"id": 4, "drone": 0, "position":(25.0,8.333333333333334,1.0), "time":262.06887364113084,"sensors":[36,31,32,17,23],"power":[0.18942557813708036,0.044369044080757904,0.027973591439484854,0.049277024056152856,0.47891515651962996]}
{"id": 5, "drone": 0, "position":(8.333333333333334,25.0,1.0), "time":515.0919876575899,"sensors":[37,38,9,21,5,15,27,14],"power":[0.11134606960499874,0.09522015563152432,0.04324107610779075,0.0981188644849959,0.14904441064902046,0.07366657979896857,0.1309330194109595,0.11855845560925883]}
{"id": 6, "drone": 4, "position":(41.666666666666664,41.666666666666664,2.0), "time":425.190414218689,"sensors":[8,22,39,18,24,19,16,28,25],"power":[0.10536271203386915,0.040393398005384225,0.09855537736315285,1.679582647482904,0.13233943882569696,0.06415624452609689,0.08985690845984197,0.18529192627311802,0.8218461225482848]}
{"id": 7, "drone": 4, "position":(25.0,41.666666666666664,1.0), "time":340.3035232805887,"sensors":[1,8,22,3,19,29,16,10],"power":[0.05135455711728239,0.045373660975692134,0.040250430562427386,0.17126437910009062,0.032442667579384674,0.10181490869783275,0.05126025252303962,0.04360994588287986]}
{"id": 8, "drone": 2, "position":(33.333333333333336,8.333333333333334,2.0), "time":15.79722929395221,"sensors":[36,6,32,17,23,7],"power":[0.0031630904410614408,0.004729504349783691,0.017189163038850142,0.036944483322436814,0.0023669062246805665,0.0016419203130651457]}
{"id": 9, "drone": 7, "position":(41.666666666666664,25.0,1.0), "time":115.09196378186812,"sensors":[4,34,12,39,19,13,26],"power":[0.0089299981306119,0.033559677911247525,0.17715471463952906,0.02194849620196625,0.010049625002202446,0.03313260446396082,0.014014024026242402]}
{"id": 10, "drone": 7, "position":(8.333333333333334,8.333333333333334,1.0), "time":474.0454675427866,"sensors":[2,38,35,9,0,11,5],"power":[0.15,0.07527771132502238,0.5683512562289846,0.20191441780009584,0.7650139502993311,0.1617812267838196,0.07032598904175699]}
{"id": 11, "drone": 5, "position":(8.333333333333334,16.666666666666668,1.0), "time":162.92481129126142,"sensors":[37,38,35,9,0,11,5,14],"power":[0.03865393039500124,0.12197228903510085,0.04334978081650363,0.10501595122479744,0.023411308789425975,0.010697008599472651,0.39893786618564264,0.03144154439074115]}
