LP RESULTS :
 Obj = 0.1*lambda1+0.9*lambda2 = 115.11496201783443 (lambda1 = 1133.1496201783443, lambda2 = 2.0) Resol time = 4358 ms

{"id": 0, "drone": 0, "position":(41.666666666666664,41.666666666666664,1.0), "time":317.93882515293245,"sensors":[11,28,31,15],"power":[0.031652245285175386,0.06100848533397499,0.025034536934338568,0.06068719896882578]}
{"id": 1, "drone": 3, "position":(25.0,8.333333333333334,4.0), "time":171.6334626978366,"sensors":[26,17,14,10,12,6,36],"power":[0.011363168615452435,0.019551855318732818,0.13983149448028873,0.020532653414584056,0.09670488710156044,0.017415314284973605,0.019098054415742412]}
{"id": 2, "drone": 3, "position":(33.333333333333336,33.333333333333336,1.0), "time":191.5772558496282,"sensors":[20,2,3,11,31,35,9,32,39,5,1,24],"power":[0.05111337923463177,0.33008378891007856,0.02037453487140771,0.045917265857766475,0.02633873859685919,0.024329167136299606,0.023446414544531557,0.012756401914770284,0.04915110698005431,0.013047470372276548,0.6063244163274449,0.013551895540658672]}
{"id": 3, "drone": 2, "position":(41.666666666666664,16.666666666666668,2.0), "time":32.22148700703616,"sensors":[3,17,10,35],"power":[0.005175452309404117,0.002777201737690357,0.0029725645686074823,0.0072921355233092995]}
{"id": 4, "drone": 2, "position":(33.333333333333336,16.666666666666668,1.0), "time":591.4120521687474,"sensors":[20,26,3,17,14,10,35,32,12,24],"power":[0.09324761148902556,0.16698455707775778,0.3118571944347077,0.6431748755000856,0.05514818249115632,0.7401999702819255,0.11376319957983673,0.09749462374114894,0.05329511289843956,0.039159398193212874]}
{"id": 5, "drone": 1, "position":(8.333333333333334,41.666666666666664,1.0), "time":597.0250822494226,"sensors":[13,18,37,34,19,27,4,33],"power":[0.206171711442901,0.17238188514834488,0.1287054065527073,0.42092970992272877,0.14536392146577046,0.08165940893785915,0.21756980936420658,2.8405193180993047]}
{"id": 6, "drone": 1, "position":(25.0,41.666666666666664,1.0), "time":21.741153893927276,"sensors":[2,18,37,31,9,27,39,5,1],"power":[0.0015784609577225203,0.00198928383653642,0.0020972193719369066,0.017405153511272684,0.03339988389925563,0.006608950217873277,0.006635036235987076,0.001773631789959656,0.0017316479444638457]}
{"id": 7, "drone": 5, "position":(25.0,25.0,1.0), "time":317.9388251529325,"sensors":[20,2,26,3,17,8,10,32,39,7,5,21,1,24],"power":[0.10535199166081306,0.06114826263549202,0.19796900357004943,0.05910540107569654,0.06294179986245399,0.08964499513323283,0.059456922965075244,0.7306148600718434,0.04889058073887833,0.021815215773391673,0.10097886242430835,0.03101144626204593,0.050182928693828906,1.3143235215365032]}
{"id": 8, "drone": 5, "position":(33.333333333333336,41.666666666666664,1.0), "time":571.690556372173,"sensors":[2,31,9,39,1],"power":[0.0658274219358096,0.4889723379890797,0.08574982928656029,0.08795849279612276,0.07974091030485118]}
{"id": 9, "drone": 8, "position":(8.333333333333334,8.333333333333334,1.0), "time":555.6622335409088,"sensors":[38,30,22,23,25,0,6,36],"power":[0.10287753243430725,0.3286881350077646,0.47593391920371936,0.2596743446532714,0.15,0.18580867847618623,0.11664526106937038,0.19994572312597017]}
{"id": 10, "drone": 6, "position":(8.333333333333334,16.666666666666668,1.0), "time":93.3058315121259,"sensors":[38,8,30,22,23,16,29,0,6,7,36,21],"power":[0.037604716577084425,0.00964176331125922,0.05143388938407476,0.02803144581587062,0.11946443504978134,0.022264200600662084,0.016288990057223163,0.012316155514898341,0.023107406909031434,0.012089719157027884,0.011131520853765925,0.02678723123162297]}
{"id": 11, "drone": 6, "position":(16.666666666666668,41.666666666666664,1.0), "time":30.20182890968337,"sensors":[13,18,37,34,31,19,9,27,39,5,33],"power":[0.002488438465999996,0.01782424802112465,0.012133263334018787,0.003446839898304273,0.0024260469763602824,0.004636078534229556,0.007403872269652684,0.061731640844267584,0.0031110746934024497,0.0024971195615232145,0.004710558831991806]}
{"id": 12, "drone": 7, "position":(41.666666666666664,33.333333333333336,1.0), "time":30.2018289096834,"sensors":[20,2,11,28,35,15,1],"power":[0.002415277314302341,0.00414891489022796,0.04167168866974338,0.0050954229171915975,0.004615497760554372,0.005275465203539878,0.004943896121302406]}
{"id": 13, "drone": 7, "position":(41.666666666666664,41.666666666666664,5.0), "time":593.4317102661005,"sensors":[11,28,15],"power":[0.047229374872991225,0.08564759660777355,0.08403733582763435]}
{"id": 14, "drone": 4, "position":(8.333333333333334,25.0,1.0), "time":484.1815551253094,"sensors":[38,8,30,23,37,16,34,29,7,5,21],"power":[0.053461448921262394,0.06645440670572718,0.03523849684023566,0.05039552372369531,0.035951130376597244,0.1277357993993379,0.03799421240075562,3.3450628129069258,0.46738443792394724,0.031702915851931864,0.13360723542593528]}
