LP RESULTS :
 Obj = 0.1*lambda1+0.9*lambda2 = 105.24127152540291 (lambda1 = 1034.412715254029, lambda2 = 2.0) Resol time = 1970 ms

{"id": 0, "drone": 6, "position":(25.0,41.666666666666664,1.0), "time":169.42624482551656,"sensors":[22,24,25,20,8,32,4,38,35],"power":[0.03391452037631136,0.012066537842912034,0.02895877891115642,0.04667832060864975,0.09970079605774103,0.04458075440240455,0.011285806044845529,0.12275151054690071,0.053526627151976675]}
{"id": 1, "drone": 6, "position":(8.333333333333334,8.333333333333334,1.0), "time":740.3275608241134,"sensors":[30,10,15,3,28,11,21,16,0,17],"power":[0.6334302338667923,0.5003110997392313,0.08661819228960596,0.07137125667712746,0.17294384687593148,0.3498200945063951,0.1945337177372636,0.40115908788873667,0.077540564048809,0.19088045807440823]}
{"id": 2, "drone": 7, "position":(8.333333333333334,41.666666666666664,1.0), "time":454.44130682332724,"sensors":[22,33,27,13,24,25,2,32,1,35],"power":[0.029658687697416284,0.3765518961467617,0.15,0.3966927367512965,0.4317099173026493,0.05930308478068603,0.33353366851404875,0.0745850822458873,0.038069377745191445,0.06598157916901175]}
{"id": 3, "drone": 8, "position":(41.666666666666664,41.666666666666664,1.0), "time":849.6462384222715,"sensors":[39,26,14,20,31],"power":[0.29879485473311324,0.15,1.7880757404566021,0.09259433853180532,3.305767525577517]}
{"id": 4, "drone": 3, "position":(41.666666666666664,8.333333333333334,2.0), "time":758.3682283921731,"sensors":[37,6,7,12],"power":[0.14999999999999997,0.16060679282675677,0.5803273848375425,0.07301562164893236]}
{"id": 5, "drone": 3, "position":(16.666666666666668,8.333333333333334,1.0), "time":18.040667568059703,"sensors":[30,29,10,18,15,19,34,3,11,23,21,16,9,0,17],"power":[0.0014059748114285079,0.0019439697889960487,0.0012613100156397847,0.0011848939511834283,0.034307742065746195,0.0030647997534907143,0.0013887783429125144,0.01396116153170874,0.02405256760810699,0.0029947514415926274,0.0029307797074265914,0.0012472242268464471,0.001631353845304737,0.016150430071378168,0.002612854375452016]}
{"id": 6, "drone": 1, "position":(33.333333333333336,25.0,4.0), "time":740.3275608241136,"sensors":[18,34,36,4,5],"power":[0.05740153117481925,0.049635479708568436,0.0726294894187631,0.2121155895830157,0.15828365236691047]}
{"id": 7, "drone": 5, "position":(33.333333333333336,41.666666666666664,1.0), "time":15.340232006241038,"sensors":[39,14,20,8,4,38,31],"power":[0.0010822447403382861,0.002516010846588802,0.010727340859544921,0.0034872366768553915,0.0019453596093307929,0.0037094700128945295,0.0021903630796425277]}
{"id": 8, "drone": 5, "position":(8.333333333333334,25.0,1.0), "time":276.04448686185594,"sensors":[28,21,1],"power":[0.034178995999066465,0.04433516466240409,0.1856191313348821]}
{"id": 9, "drone": 4, "position":(16.666666666666668,41.666666666666664,1.0), "time":410.5451636051852,"sensors":[22,33,13,24,25,8,2,32,38,35],"power":[0.10586749476243296,0.03581211820626737,0.04623544029172183,0.27226478510753693,0.1896613119241233,0.04681196726540355,0.0361875557969847,1.2697032494360785,0.048473261658838245,1.3742881402652585]}
{"id": 10, "drone": 2, "position":(25.0,8.333333333333334,1.0), "time":165.77577971808233,"sensors":[29,18,15,19,6,34,3,11,23,7,9,0,5,12],"power":[0.2658517986448207,0.0515351126941284,0.06546300176092655,0.0549214574402277,0.034964928867477874,0.015540961718132023,0.05666106604978757,0.01656872701483241,0.0436216032326123,0.011912776648856597,0.14002940713295434,0.056125555828685905,0.0153807662729787,0.0701130816600316]}
{"id": 11, "drone": 0, "position":(25.0,16.666666666666668,1.0), "time":110.26870714377361,"sensors":[29,18,15,19,6,34,3,23,9,0,5,12],"power":[0.027876361776081222,0.07800308320931952,0.02086057514675349,0.2884756918715105,0.009091932587570012,0.08343478023038704,0.00800651574137625,0.3047723754378175,0.011220737098560727,0.02838363697976417,0.09024851290342963,0.009887613145835104]}
{"id": 12, "drone": 0, "position":(41.666666666666664,25.0,1.0), "time":45.75977233487715,"sensors":[39,36,4],"power":[0.004313917784619358,0.0773705105812369,0.005817224617700575]}
