LP RESULTS :
 Obj = 0.1*lambda1+0.9*lambda2 = 123.75870089447407 (lambda1 = 1219.5870089447408, lambda2 = 2.0) Resol time = 4380 ms

{"id": 0, "drone": 6, "position":(8.333333333333334,25.0,1.0), "time":317.5769696795182,"sensors":[23,10,25,15,2,32,24,18,4,22,12,13],"power":[0.5235038215836822,0.027387648613643994,0.06315387164082334,0.05137950243336978,0.10923664026865555,0.024044390258351107,0.09609285481490346,0.027540717396832726,0.027268280904979524,0.09435910490836841,0.10265034687909143,0.3965320998232746]}
{"id": 1, "drone": 6, "position":(25.0,41.666666666666664,1.0), "time":439.3099596526995,"sensors":[3,30,28,38,5,16],"power":[0.12970075637870984,1.5626262616113407,0.05118439238608315,0.09147968570527458,0.1320003725119923,2.3264636452839085]}
{"id": 2, "drone": 2, "position":(33.333333333333336,25.0,1.0), "time":175.12187679227281,"sensors":[39,10,37,6,19,29,32,38,35,4,34,8,36],"power":[0.32302718735861374,0.011347346280227228,0.032523509308742975,0.06620799603313708,0.19354608871279003,0.5750367330345605,0.013534530417957854,0.018736537830474628,0.05759290482618009,0.012673282338561097,0.019675907570518594,0.012381761235579873,0.313141472081313]}
{"id": 3, "drone": 2, "position":(41.666666666666664,8.333333333333334,3.0), "time":687.900007474897,"sensors":[0,14,1,17,21],"power":[0.48581879578229986,0.15,0.16328601144642305,0.15225980472291323,0.9775818706681466]}
{"id": 4, "drone": 8, "position":(41.666666666666664,41.666666666666664,5.0), "time":45.414049644887655,"sensors":[6,31,26,20],"power":[0.0029065356156701243,0.01872224119393494,0.006199983159037915,0.007215584365375026]}
{"id": 5, "drone": 8, "position":(25.0,25.0,1.0), "time":105.7458831366279,"sensors":[39,10,25,15,37,6,19,29,11,32,38,4,22,34,8,36,13],"power":[0.014379569124694503,0.05002888150928518,0.0246046303905179,0.009138036101413416,0.037343126682285906,0.009202960045464366,0.009956603302440421,0.0271888722538893,0.006977228134938149,0.0773949822004422,0.02380306433777634,0.06604055429102594,0.014847185704703126,0.06289071553712122,0.015815482659579896,0.0473086088644251,0.006975068216690893]}
{"id": 6, "drone": 5, "position":(25.0,16.666666666666668,1.0), "time":75.21649899297631,"sensors":[10,25,37,29,11,33,32,4,22,34,8,36],"power":[0.02007073086410815,0.006228716766020878,0.14453773097475542,0.011759288998925171,0.024718559217740185,0.01078016594820557,0.02023571901263251,0.019281531897612968,0.006942724991519647,0.05778178806548692,0.32469685390971853,0.013890951378286484]}
{"id": 7, "drone": 5, "position":(25.0,8.333333333333334,1.0), "time":136.61458754991395,"sensors":[37,9,11,33,34,8],"power":[0.01735834543856353,0.016830719409851282,0.04132723092020805,0.04332534184199316,0.011215585827410302,0.042713300795207375]}
{"id": 8, "drone": 3, "position":(8.333333333333334,33.333333333333336,2.0), "time":608.019507056707,"sensors":[23,25,15,2,28,24,18,22,13],"power":[0.2574214781623283,0.0639364176773492,0.18067695174560852,0.04076335973134446,0.14533373381697248,0.12422612559519074,0.5126975518029426,0.050418537563122034,0.08811155056370293]}
{"id": 9, "drone": 3, "position":(41.666666666666664,16.666666666666668,1.0), "time":182.5033337184035,"sensors":[39,0,14,19,29,21,35,36],"power":[0.014725164382438547,0.0766563751446754,0.4695422303032654,0.03932801143626395,0.02021427752731436,0.060449666274953046,0.09240709517381988,0.01290529680722098]}
{"id": 10, "drone": 4, "position":(41.666666666666664,41.666666666666664,1.0), "time":780.2770492920413,"sensors":[3,6,31,26,20],"power":[0.05824694433835943,0.06286872202709516,1.3069103450677,0.14380001684096208,0.166090897830921]}
{"id": 11, "drone": 4, "position":(16.666666666666668,41.666666666666664,1.0), "time":75.2164989929762,"sensors":[15,30,28,38,18,5,16],"power":[0.011485383983570343,0.011165497054792382,0.055137446142745676,0.006524226229271093,0.014829869901567566,0.017999627488007718,0.012297335195800056]}
{"id": 12, "drone": 7, "position":(25.0,25.0,3.0), "time":113.02815007891141,"sensors":[39,10,25,15,37,6,19,29,32,38,4,22,34,8,36],"power":[0.013697974583265564,0.04116539273273552,0.02304874411052801,0.009101122897168301,0.03368115066441804,0.008813786278633272,0.009753909461482888,0.02576982490853934,0.0550093672607413,0.02260805614416498,0.049119145547059026,0.014342760291632454,0.04990291298996175,0.015104801941479297,0.03813018309784403]}
{"id": 13, "drone": 7, "position":(8.333333333333334,8.333333333333334,1.0), "time":902.0100392652224,"sensors":[7,9,11,33,27,12],"power":[0.15,0.33720292124406726,0.0769769817271136,0.13623575022977258,1.7619920898673904,0.10695166755228978]}
