LP RESULTS :
 Obj = 0.1*lambda1+0.9*lambda2 = 131.3308071174311 (lambda1 = 1295.308071174311, lambda2 = 2.0) Resol time = 788 ms

{"id": 0, "drone": 6, "position":(8.333333333333334,41.666666666666664,1.0), "time":555.5242942430799,"sensors":[3,18,34,20,22,16,31],"power":[0.3352774712242796,0.15,0.2717722389231609,0.043304781740061096,0.1415657511359964,0.165910820498588,0.3808386414343227]}
{"id": 1, "drone": 6, "position":(41.666666666666664,8.333333333333334,1.0), "time":181.01886056943397,"sensors":[36,15,21,7,26,1,13,37,28,8,30,10],"power":[0.02587731368644501,0.03131656392604657,0.09857811077776372,0.18373017486921395,0.04336692406202616,0.05202882354412297,0.0213923476694927,0.03221998528115561,0.02676601840088554,0.0928815079528773,0.03350088811326811,0.04869010139240806]}
{"id": 2, "drone": 1, "position":(8.333333333333334,8.333333333333334,1.0), "time":627.2706929059352,"sensors":[2,11,24,4,25,32],"power":[0.049722395294750144,0.05748531962195923,0.15035561557658064,0.15,0.04186756789385066,0.9320879378580477]}
{"id": 3, "drone": 4, "position":(8.333333333333334,25.0,1.0), "time":668.0373782683757,"sensors":[2,27,11,24,25,22,5],"power":[0.14886331192520377,0.7415494417138669,0.36037709131448853,0.07576769522755356,0.1534229819819615,0.08511397220976488,0.25478565566843053]}
{"id": 4, "drone": 3, "position":(25.0,25.0,2.0), "time":361.90726931131525,"sensors":[39,20,12,5,38],"power":[0.10573134012689338,0.03004502462469883,0.0452897769481275,0.04083220275774096,0.1230444244651122]}
{"id": 5, "drone": 5, "position":(25.0,41.666666666666664,1.0), "time":377.8765076199158,"sensors":[3,20,9,12,16,38],"power":[0.03801972767568421,0.09808661233556135,0.9202836398256861,0.12672508678806996,0.042839449749297584,0.02429187674188497]}
{"id": 6, "drone": 0, "position":(25.0,8.333333333333334,1.0), "time":478.79837409282896,"sensors":[15,1,37,23,39,28,30],"power":[0.0897430224966132,0.05116395414503271,0.10138295071236154,0.0905549453152504,0.04426865987310661,0.06085838363818333,0.06447123563271934]}
{"id": 7, "drone": 7, "position":(41.666666666666664,41.666666666666664,1.0), "time":816.5096970814819,"sensors":[19,17,0,6,14,29],"power":[0.8014850424958533,0.059936899967906,0.1287765919057039,0.15,0.4301785637320416,0.21357399799490398]}
{"id": 8, "drone": 7, "position":(33.333333333333336,8.333333333333334,1.0), "time":285.75681194360243,"sensors":[15,21,7,26,1,13,37,23,28,8,30,10],"power":[0.28953342369159446,0.01952796199041305,0.02705250307207786,0.05853846710425182,0.21330458280844602,0.042635900541817214,0.4809778064066701,0.0594450546847496,0.10468337861381491,0.11585863114545455,0.16001795983079103,0.024914535045374785]}
{"id": 9, "drone": 2, "position":(41.666666666666664,16.666666666666668,3.0), "time":349.73402456844553,"sensors":[35,36,21,7,33,26,13,28,8,10],"power":[0.10380043387495233,0.3463365258937551,0.031893927231823105,0.038501105250533144,0.06245446823297238,0.24587294482932714,0.12606308676932543,0.07245669499821993,0.11343426143868374,0.5048563114108271]}
{"id": 10, "drone": 8, "position":(41.666666666666664,25.0,4.0), "time":478.798374092829,"sensors":[35,36,33,26,13,17,0,38,29,10],"power":[0.24189473308438636,0.10657195762308072,0.0875455317670276,0.05834793822689046,0.07626248178673423,0.14056275006557029,0.11102189640605606,0.030580180283828355,0.03236422561443946,0.06551759135056831]}
