LP RESULTS :
 Obj = 0.1*lambda1+0.9*lambda2 = 133.47899387839254 (lambda1 = 1316.7899387839252, lambda2 = 2.0) Resol time = 836 ms

{"id": 0, "drone": 6, "position":(33.333333333333336,8.333333333333334,1.0), "time":680.2943546654639,"sensors":[28,1,32,39,9,2,3,24,31,13,35],"power":[0.10534911760067926,0.05913067327687745,0.5581122510236176,0.06322405302989972,0.12068260246187945,0.14999999999999997,0.043210996487317174,0.05498309202162825,0.19964226529745266,0.16451320844972367,0.15250503860269313]}
{"id": 1, "drone": 6, "position":(25.0,25.0,5.0), "time":118.37138373300718,"sensors":[27,0,15,28,22,34,33,29],"power":[0.03207995520279676,0.015295643956728383,0.008696618237955063,0.015087485918925572,0.010502996436072503,0.012864498107669379,0.012316689675950029,0.007841014409034813]}
{"id": 2, "drone": 8, "position":(8.333333333333334,33.333333333333336,2.0), "time":239.44640391448306,"sensors":[7,0,37,4,6,14,10],"power":[0.024169736577624234,0.04020766620654359,0.021482723971503033,0.18724190986878017,0.08466853586023756,0.03028031557830979,0.18749821440829859]}
{"id": 3, "drone": 8, "position":(8.333333333333334,8.333333333333334,5.0), "time":428.9431851000102,"sensors":[30,15,5,38,23,11,16,25],"power":[0.1042186546761791,0.028161360756279334,0.0665911314405161,0.14068336615294436,0.17505848797457416,0.0745911362345682,0.036736729956576536,0.07027805055678214]}
{"id": 4, "drone": 1, "position":(41.666666666666664,41.666666666666664,1.0), "time":397.90797014946156,"sensors":[21,18],"power":[0.15000000000000005,0.20668872610511355]}
{"id": 5, "drone": 1, "position":(25.0,8.333333333333334,1.0), "time":139.41046456530736,"sensors":[28,32,9,16,24,13,29,35],"power":[0.014399898516029993,0.08024126267942412,0.029317397538120547,0.05548104901545934,0.12564832427596334,0.012335818460031343,0.034193804073576826,0.45663040970758567]}
{"id": 6, "drone": 0, "position":(41.666666666666664,33.333333333333336,1.0), "time":636.3101970016558,"sensors":[36,19,33,18],"power":[0.05107605464269124,0.08414088076328752,0.137265555675527,0.055566149541470725]}
{"id": 7, "drone": 0, "position":(16.666666666666668,25.0,1.0), "time":272.3902503977539,"sensors":[27,0,15,37,5,22,34,10,29],"power":[0.019381552189470446,0.1418868774326889,0.0918264902052293,0.16893352542381931,0.039435411194623404,0.02718294019142844,0.22550365415322027,0.05751099287693515,0.028302785730341153]}
{"id": 8, "drone": 4, "position":(8.333333333333334,41.666666666666664,1.0), "time":676.8117748455333,"sensors":[7,12,4,6,14,10],"power":[0.9826504774248425,0.15,0.3840063969663196,0.06533146413976244,1.7833283412017817,0.05901172304876054]}
{"id": 9, "drone": 4, "position":(8.333333333333334,8.333333333333334,1.0), "time":309.54951683565264,"sensors":[30,15,5,38,23,11,16,24,25,29],"power":[0.11890159363007141,0.02588128082612181,0.06326492052854692,0.2592594467667026,0.4686887744715999,0.07540886376543178,0.03452752133197075,0.025217843395219947,0.06840160803495211,0.025238541330729787]}
{"id": 10, "drone": 3, "position":(41.666666666666664,16.666666666666668,1.0), "time":294.75572761940754,"sensors":[27,36,19,28,1,8,39,20,3,31,13],"power":[0.01888739838248996,0.09126683963240957,0.03833221575709119,0.038504686460609436,2.441744094641322,0.12245799272324469,1.2104415155526882,0.3642949228499351,0.5205841757786157,0.018869052194040996,0.07870479558351165]}
{"id": 11, "drone": 3, "position":(41.666666666666664,25.0,5.0), "time":118.37138373300718,"sensors":[36,19,1,8,39,20,3,33,13],"power":[0.0314581493658458,0.02752690347962119,0.022217659256305086,0.027542007276755296,0.023138020252784077,0.022211634330949557,0.014093794448902531,0.015396399702145612,0.009284160381865424]}
{"id": 12, "drone": 5, "position":(25.0,33.333333333333336,1.0), "time":242.9247729964476,"sensors":[27,0,22,26,33],"power":[0.018478799622650442,0.05227615269407725,0.2308507829652967,0.03836477032871445,0.04080054121167751]}
{"id": 13, "drone": 5, "position":(16.666666666666668,16.666666666666668,1.0), "time":187.53560271750132,"sensors":[27,15,37,5,16,34,24,25,29,35],"power":[0.012246718812470397,0.34638191995253537,0.057717767658925584,0.1903981333931239,0.024308507012067212,0.17031227559064624,0.037416178876755954,0.02572729092952177,0.1792915090823972,0.022736525455406477]}
{"id": 14, "drone": 7, "position":(33.333333333333336,33.333333333333336,1.0), "time":116.85419311906844,"sensors":[27,22,33,18],"power":[0.009100309631580159,0.010832060382816993,0.19177287864612744,0.010882804538771948]}
{"id": 15, "drone": 7, "position":(25.0,41.666666666666664,1.0), "time":165.71757851373923,"sensors":[17,22,26,18],"power":[0.04247197573911048,0.04840983556598372,0.45277381738568684,0.01257376160688626]}
{"id": 16, "drone": 2, "position":(33.333333333333336,25.0,1.0), "time":83.95800820073921,"sensors":[27,36,28,1,39,33,13],"power":[0.039825266158541615,0.005381136106179024,0.022788989663121397,0.009726029915358089,0.012389087388652811,0.04219115670725845,0.0163726951615119]}
{"id": 17, "drone": 2, "position":(16.666666666666668,41.666666666666664,1.0), "time":400.5317600239089,"sensors":[7,0,17,22,26,4,14],"power":[0.10823683681455493,0.04172853962952074,0.10752802426088949,0.09622901964727777,0.1353284844405177,0.04269999586138482,0.10444024639222425]}
