LP RESULTS :
 Obj = 0.1*lambda1+0.9*lambda2 = 119.49523217346454 (lambda1 = 1176.9523217346455, lambda2 = 2.0) Resol time = 4675 ms

{"id": 0, "drone": 0, "position":(25.0,25.0,5.0), "time":384.57776421044497,"sensors":[4,36,21,14,20,38,33,26,7,22],"power":[0.03217647374876187,0.04318219224941366,0.08022254044279355,0.13199042552246554,0.14109676026041554,0.09032430801872451,0.040097605018405674,0.05346192490366953,0.10423014920888574,0.08632203356217724]}
{"id": 1, "drone": 0, "position":(33.333333333333336,8.333333333333334,1.0), "time":141.68248193774264,"sensors":[34,9,18,2,26,27,16,15,24,8],"power":[0.09061785308374944,0.013295177380161668,0.4754812710746338,1.4168248193774264,0.022890764791780243,0.09499913242256715,0.2477864309626333,0.014714315735398832,0.0637291844822487,0.03368384847309733]}
{"id": 2, "drone": 6, "position":(41.666666666666664,16.666666666666668,1.0), "time":457.610179604283,"sensors":[18,2,26,35,15,6,30,29,24,8],"power":[0.03549557489744035,0.044374304103133186,0.04584113223395381,0.1765211080081248,3.1202832579104234,0.10069825663219287,0.17781713339778374,0.08436077816294253,0.05864031958810909,0.11861068095305309]}
{"id": 3, "drone": 6, "position":(8.333333333333334,41.666666666666664,1.0), "time":447.0008958661763,"sensors":[12,25,13,10],"power":[0.04894377437590917,0.07614143001265986,0.1181656842312608,0.09309487405244624]}
{"id": 4, "drone": 8, "position":(41.666666666666664,8.333333333333334,1.0), "time":384.577764210445,"sensors":[34,18,2,27,16,35,15,24,8],"power":[0.05129938426975116,0.05440681576881388,0.0839273253122033,0.08326146747059524,0.04299689288519526,0.04057280385848223,0.07504018915286172,0.03945086612241239,2.960555078935429]}
{"id": 5, "drone": 8, "position":(16.666666666666668,8.333333333333334,1.0), "time":80.74635887791166,"sensors":[4,9,33,3,11,17],"power":[0.009964560611888761,0.03744778513196431,0.010015386820838194,0.008294607678361933,0.021475018051096154,0.010507420145309573]}
{"id": 6, "drone": 2, "position":(8.333333333333334,8.333333333333334,5.0), "time":810.9861599001481,"sensors":[3,11,17,37],"power":[0.32260415771434797,0.09685189003794467,0.3510103987289088,0.1257822381755228]}
{"id": 7, "drone": 2, "position":(33.333333333333336,41.666666666666664,1.0), "time":167.35724868985832,"sensors":[36,39,21,0,5,28,19,1,7],"power":[0.014249485161589694,0.07555286084672438,0.01162409821408869,0.06592305857997675,0.07684493237246981,0.07418006842670292,0.03908185605986883,0.11974040136833539,0.010685734246976502]}
{"id": 8, "drone": 7, "position":(8.333333333333334,25.0,1.0), "time":420.5671080947294,"sensors":[12,4,33,23,31,22,10],"power":[0.060018215530083484,0.07510120459069815,0.06265895758372714,0.1461064314727304,0.11294377945195457,0.05353165217663791,0.03094286742303284]}
{"id": 9, "drone": 7, "position":(8.333333333333334,8.333333333333334,1.0), "time":114.92745085263286,"sensors":[4,33,3,11,17,37],"power":[0.00872377206366375,0.007270043797617498,0.17005824535633957,0.01761714989195437,0.21583374986912476,0.024217761824477192]}
{"id": 10, "drone": 1, "position":(41.666666666666664,41.666666666666664,1.0), "time":669.6846208360871,"sensors":[39,32,0,5,28,19,1],"power":[0.16471493993159675,0.15,0.0840769414200228,0.13783116507646404,1.2844760979519492,0.09826140413666783,0.22029131867578192]}
{"id": 11, "drone": 1, "position":(16.666666666666668,25.0,1.0), "time":5.841287594973949,"sensors":[12,4,36,14,20,38,33,7,22,10],"power":[0.0014306651902964596,0.00215051633812222,5.506739288678167E-4,5.021812720296723E-4,0.0011903144661121507,0.0014514000997093658,0.0022741800881961064,7.490438474525213E-4,0.010146314261185176,6.385424358673775E-4]}
{"id": 12, "drone": 4, "position":(16.666666666666668,41.666666666666664,1.0), "time":303.5430301787654,"sensors":[12,36,25,13,38,10],"power":[0.053965420868708626,0.052417991333111626,0.07385856998733994,0.031834315768739185,0.025160614819206426,0.12259763439725581]}
{"id": 13, "drone": 4, "position":(25.0,8.333333333333334,1.0), "time":170.29235210395282,"sensors":[34,9,18,2,26,27,11,16,24],"power":[0.03325773494339703,0.13990375356233675,0.056726121140846755,0.037130431069660824,0.022715853014410863,0.021665583551201253,0.014055942019004876,0.07829281359911185,0.03630856340512955]}
{"id": 14, "drone": 5, "position":(8.333333333333334,16.666666666666668,1.0), "time":170.29235210395245,"sensors":[4,33,3,23,31,17],"power":[0.04667257561994532,0.036303997822997175,0.025614213080894985,0.03889550952424868,0.037056220548045436,0.05639012235984202]}
{"id": 15, "drone": 5, "position":(41.666666666666664,25.0,1.0), "time":1.4879172698751404,"sensors":[21,5,14,19,35,15,6,30,29],"power":[1.5401651291810985E-4,9.847442492419184E-5,1.0283924547994687E-4,1.757209704071345E-4,2.685059542400474E-4,3.4494776104654205E-4,0.014879172698751403,0.001842215877726321,0.001550859258384054]}
{"id": 16, "drone": 3, "position":(33.333333333333336,33.333333333333336,1.0), "time":315.63299106060015,"sensors":[36,21,5,14,20,38,28,19,1,6,7,30,29],"power":[0.042548029719775914,0.18097449014592223,0.436137776870166,0.07261659305519952,0.04565802000631363,0.03130060724854222,0.05456737391655555,1.1489532953395314,0.1434884091925343,0.029687928849215034,0.07425009233532386,0.024594773768846244,0.053889405880694345]}
{"id": 17, "drone": 3, "position":(33.333333333333336,25.0,1.0), "time":22.78954387822199,"sensors":[21,5,14,20,38,26,19,15,6,7,30,29,24],"power":[0.015825610969577353,0.0023235802971649138,0.013814002731310967,0.003670549485821159,0.0017630698138171993,0.0050903250561855455,0.00414722633565784,0.0027372627433123117,0.004734641819839434,0.0041335760487673946,0.007324351507290967,0.017719595332032514,0.002398626834858287]}
