LP RESULTS :
 Obj = 0.1*lambda1+0.9*lambda2 = 114.79990440986933 (lambda1 = 1129.9990440986933, lambda2 = 2.0) Resol time = 3778 ms

{"id": 0, "drone": 6, "position":(33.333333333333336,8.333333333333334,1.0), "time":178.17356895010334,"sensors":[5,3,7,27,35,11,22,29,2,1],"power":[0.041111378774731776,0.03703080171258882,0.028921614140270543,0.04386533444522414,0.16810630917654154,0.02784673605611592,0.028353736050509757,0.0456654388949186,0.015182687248742936,0.06724100789191476]}
{"id": 1, "drone": 6, "position":(8.333333333333334,25.0,1.0), "time":393.0456786437231,"sensors":[4,10,39,16,17,9,24,12,6,37,33],"power":[0.07082923364114042,0.13179760272059526,0.08913529917331348,0.17439878478374313,0.25171021499685703,0.039139821091022355,0.7820222741045604,0.058602739411084716,0.05888576702032475,0.05125991181651732,0.1468371193271682]}
{"id": 2, "drone": 1, "position":(25.0,8.333333333333334,4.0), "time":393.045678643723,"sensors":[3,7,27,28,35,29,2,32],"power":[0.1122636430994978,0.0903231013526818,0.08465945286517726,0.04039391962754817,0.08588818770871813,0.12291230187601025,0.035667886597538154,0.07751095631132568]}
{"id": 3, "drone": 5, "position":(16.666666666666668,8.333333333333334,1.0), "time":7.277664271039612,"sensors":[23,3,7,9,28,38,6,29,32],"power":[0.0043552680787454995,7.055551879133776E-4,6.588035461404929E-4,0.0022708357285653007,0.012142700535288943,0.0012805093980213448,9.16820987636365E-4,7.317294413295807E-4,0.004333394276981047]}
{"id": 4, "drone": 8, "position":(41.666666666666664,8.333333333333334,1.0), "time":167.33792861944866,"sensors":[5,35,11,22,1],"power":[0.044079724334932874,0.019950690935146547,0.12215326394388407,0.18901884824559353,0.10862261043182768]}
{"id": 5, "drone": 8, "position":(41.666666666666664,33.333333333333336,4.0), "time":723.2858775115868,"sensors":[13,0],"power":[0.2452137632305808,0.15]}
{"id": 6, "drone": 2, "position":(33.333333333333336,41.666666666666664,2.0), "time":406.71316658710646,"sensors":[14,36,13,30,15],"power":[0.4635329333140475,0.05140966845767487,0.0714585193187776,0.06218703786261914,0.20752943597555704]}
{"id": 7, "drone": 3, "position":(8.333333333333334,8.333333333333334,1.0), "time":631.7985702983261,"sensors":[23,4,9,28,31,38,6,19,32],"power":[0.5335329984405203,0.09330351622996816,0.1499230108154308,0.20964505661371868,0.12685317194835966,0.3226086709658206,0.20840325106300314,0.15,0.06815564941169329]}
{"id": 8, "drone": 0, "position":(8.333333333333334,16.666666666666668,1.0), "time":97.87713088560449,"sensors":[23,4,10,39,17,9,28,24,31,6],"power":[0.011376576949773181,0.06241330407997997,0.0071532800181695645,0.0077381341887334055,0.025163132673048812,0.042627918999436694,0.008421226183155031,0.015589080107611569,0.02314682805164034,0.3756388208990792]}
{"id": 9, "drone": 0, "position":(41.666666666666664,25.0,2.0), "time":144.33265753371538,"sensors":[5,0,8],"power":[0.017296585205163213,0.03627489260895736,0.05416593920958185]}
{"id": 10, "drone": 4, "position":(8.333333333333334,33.333333333333336,1.0), "time":393.7389952908728,"sensors":[20,10,39,16,34,17,24,12,18,37,33,21],"power":[0.030743562862309,0.10463304867439331,0.05312656663795312,0.7277540410297652,0.057887825755963886,0.04231991433368606,0.09730909765350741,1.171184313688329,0.09306216423332485,0.11597113378661163,0.3443098199289702,0.10128805244602654]}
{"id": 11, "drone": 4, "position":(8.333333333333334,41.666666666666664,1.0), "time":343.2143701640974,"sensors":[20,25,16,26,34,12,18,37,33,21],"power":[0.03065995579619963,0.15,0.03794020504097895,0.032807332984589495,0.05376279099744037,0.10353177950517302,1.617662635297049,0.03819737226772425,0.034995602453886734,0.07288096038458895]}
{"id": 12, "drone": 7, "position":(25.0,41.666666666666664,1.0), "time":360.55280656928244,"sensors":[14,20,36,26,34,21,30,15],"power":[0.10621157911112504,0.13230388902218249,0.9209469136872108,0.16990372373203308,0.07366325837533963,0.04215629978370791,0.08781296213738084,0.06081445568690109]}
{"id": 13, "drone": 7, "position":(33.333333333333336,16.666666666666668,1.0), "time":247.40427310142434,"sensors":[5,7,27,35,8,2,1],"power":[0.13783936196809388,0.07542720887223699,0.15427768356527405,0.022086379574516153,0.09583406079041816,0.09914942615371891,0.07310074319509174]}
