LP RESULTS :
 Obj = 0.1*lambda1+0.9*lambda2 = 144.99297041512352 (lambda1 = 1431.929704151235, lambda2 = 2.0) Resol time = 3014 ms

{"id": 0, "drone": 6, "position":(8.333333333333334,16.666666666666668,2.0), "time":913.6027616773582,"sensors":[35,8,24,18,9,23,2,10],"power":[0.20204997554232956,0.27912390599714915,0.23191416039460822,0.32856558997557755,0.2213207946845941,0.16973686036917235,0.15,0.2243527951344851]}
{"id": 1, "drone": 6, "position":(25.0,33.333333333333336,1.0), "time":26.260203405840016,"sensors":[37,0,33,5,29,4,27,22,14,6,31],"power":[0.009115153561032499,0.006998656916541609,0.006707856354385348,0.004331975847561316,0.008659522302979715,0.010927944770354284,0.00747619086004933,0.002829214089068567,0.002340942499907095,0.09918202016941091,0.008488338277885013]}
{"id": 2, "drone": 7, "position":(8.333333333333334,25.0,2.0), "time":66.49614257767195,"sensors":[20,35,8,33,9,22,23,25],"power":[0.017668898078231885,0.0898753178045787,0.009941792460807381,0.005887669836393896,0.014114494183500295,0.01409137968693906,0.004548664804781995,0.008937118118913933]}
{"id": 3, "drone": 7, "position":(8.333333333333334,41.666666666666664,1.0), "time":1216.03351243237,"sensors":[20,7,33,26,27,22,14,25],"power":[0.17438562104061034,0.9329191831935616,0.09563616094552417,0.14398767300950047,0.09128834587189251,0.1083548952864713,0.3666634049678998,0.12114756196573619]}
{"id": 4, "drone": 8, "position":(16.666666666666668,8.333333333333334,1.0), "time":423.65147951774276,"sensors":[21,8,16,24,18,9,23,2,10],"power":[0.14999999999999997,0.06911131697681178,0.6108257625168184,0.05791364712115567,0.07919343591840708,0.039009277190750945,0.11966250948705656,0.18481102759912116,0.1808358972556708]}
{"id": 5, "drone": 8, "position":(16.666666666666668,33.333333333333336,1.0), "time":2.9858305386008435,"sensors":[20,33,4,27,9,22,14,6],"power":[3.73338765101497E-4,0.025172460822052198,3.260181591942492E-4,8.437524915115421E-4,2.0446375820782454E-4,0.003732906296171623,0.0017603747697589908,9.939039059745796E-4]}
{"id": 6, "drone": 0, "position":(41.666666666666664,41.666666666666664,1.0), "time":1030.5117335031923,"sensors":[0,17,13,38,31],"power":[0.11043382027948505,0.4389964320368789,0.15,0.10571851175857883,0.09112013282204236]}
{"id": 7, "drone": 1, "position":(8.333333333333334,33.333333333333336,1.0), "time":53.65787261908045,"sensors":[20,35,7,33,22,14,25],"power":[0.11046422599885777,0.008738526269113705,0.0048457205365827405,0.009971518272914539,0.019499004279109482,0.01742679820900147,0.014926690472663607]}
{"id": 8, "drone": 1, "position":(41.666666666666664,8.333333333333334,1.0), "time":207.56195811031068,"sensors":[30,11,36,15,39,12,28,32,34,1],"power":[0.030902442430432765,0.03198176173134891,0.3973327467317798,0.10718748944860887,0.21931300135787216,0.10383184602212954,0.08008981458372341,0.1837507089119508,0.4009138993211601,0.07471183231210145]}
{"id": 9, "drone": 5, "position":(25.0,41.666666666666664,1.0), "time":66.49614257767195,"sensors":[37,0,33,29,4,27,14,6,31],"power":[0.007973967428874875,0.01081254740847759,0.006624333768729822,0.005130644644662086,0.11128444221895382,0.04145086958010216,0.0061227244202467805,0.014423182016827251,0.015930785269273856]}
{"id": 10, "drone": 5, "position":(33.333333333333336,16.666666666666668,5.0), "time":656.2769310692928,"sensors":[36,39,12,5,28,32,34,1],"power":[0.07713337591071452,0.11022794512811392,0.1480585102962418,0.06603792019229315,0.11416269697963316,0.04410931060459607,0.04875936094142955,0.1380505400099908]}
{"id": 11, "drone": 2, "position":(8.333333333333334,41.666666666666664,5.0), "time":66.49614257767189,"sensors":[20,7,26,22,14,25],"power":[0.007496638159719667,0.02129781164534066,0.006012326990499495,0.004467688586917982,0.014016842471656138,0.004988629442686249]}
{"id": 12, "drone": 2, "position":(41.666666666666664,16.666666666666668,1.0), "time":488.1408146559258,"sensors":[30,11,36,15,39,12,28,32,3,34,1,19],"power":[0.1462440437363561,0.27052876275007737,0.10046783446190241,0.04281251055139114,0.12874142685133735,0.24840080608367512,1.1700387960385648,0.05057911355876473,0.13859079623408185,0.06609420260068939,0.8655700715083776,0.052155253885104634]}
{"id": 13, "drone": 3, "position":(33.333333333333336,41.666666666666664,1.0), "time":120.15401519675243,"sensors":[37,0,17,29,4,27,6,31],"power":[0.022352253978098598,0.040979979543157366,0.013086417792184453,0.011997735546268366,0.03189205494852989,0.008940841196444445,0.008413074200090593,0.049553175658587155]}
{"id": 14, "drone": 4, "position":(33.333333333333336,33.333333333333336,1.0), "time":188.50760946777837,"sensors":[37,0,38,5,29,4,6,31,19],"power":[0.6271247396320742,0.5261573628482246,0.020663164850962066,0.06766949864488579,0.18179780340801005,0.03576620279762261,0.026987819707696665,0.18487175702513425,0.04549312787663205]}
{"id": 15, "drone": 4, "position":(41.666666666666664,25.0,3.0), "time":79.9500003157059,"sensors":[37,30,11,38,12,5,28,29,3,1,19],"power":[0.005407112677228763,0.007641610718374813,0.011997649012380632,0.026570815627118553,0.005281420031588982,0.011960605315259745,0.00912458463592351,0.006509827678353653,0.01807510244245948,0.008857534780172685,0.05235161823826332]}
