LP RESULTS :
 Obj = 0.1*lambda1+0.9*lambda2 = 150.7759611556836 (lambda1 = 1489.7596115568358, lambda2 = 2.0) Resol time = 8395 ms

{"id": 0, "drone": 0, "position":(33.333333333333336,8.333333333333334,1.0), "time":204.55811531470496,"sensors":[31,39,23,38,27,28,29,36,15,24],"power":[0.017306396278673374,0.01584244735669896,0.9636678682814778,0.020745391860142258,0.5064739316919903,0.37106090199553876,0.027640281730505464,0.023502109961706718,0.036093425960452306,0.5763655784765956]}
{"id": 1, "drone": 5, "position":(8.333333333333334,8.333333333333334,1.0), "time":88.23455488282819,"sensors":[26,39,21,5,17,8,18,34,2,19],"power":[0.011062970478272057,0.007355455071320832,0.03484479485183305,0.007103344836012115,0.007573647354014948,0.03402667640370059,0.024173767232028173,0.009392267589398323,0.044386314476426214,0.04863368642091829]}
{"id": 2, "drone": 5, "position":(8.333333333333334,16.666666666666668,1.0), "time":781.6762615301475,"sensors":[35,21,5,17,8,34,3,2,19,14],"power":[0.14084772860770775,0.14485137849053384,0.4210637999835452,0.05716681990025464,0.4834950870190473,0.363851270999644,0.26176623824147305,0.10561368552357377,0.3318617967787008,0.13190973900811412]}
{"id": 3, "drone": 3, "position":(25.0,33.333333333333336,4.0), "time":804.5838252051979,"sensors":[20,25,33],"power":[0.05483129534184233,0.07472634163504727,0.11645644009266266]}
{"id": 4, "drone": 3, "position":(16.666666666666668,41.666666666666664,1.0), "time":685.175786351638,"sensors":[25],"power":[0.15]}
{"id": 5, "drone": 4, "position":(33.333333333333336,25.0,2.0), "time":51.22163214199742,"sensors":[31,37,4,38,20,29,32,36,16,0,33,12],"power":[0.00668907077037765,0.008749585592074153,0.023519602150046993,0.006936504008155529,0.13881580472468885,0.015895782701372135,0.01905433368099456,0.014459343864511323,0.003943965979606302,0.031499193736668006,0.06963433241744495,0.006714589765554198]}
{"id": 6, "drone": 4, "position":(16.666666666666668,8.333333333333334,1.0), "time":364.09531154165416,"sensors":[26,31,39,21,17,8,18,3,15,19],"power":[0.29788271703707836,0.024126679420553323,0.33792420674677276,0.6816147810318697,0.2581475157549061,0.026906505187641212,0.11319589579416223,0.024456647924317454,0.03511522287885368,0.030263601890812453]}
{"id": 7, "drone": 7, "position":(41.666666666666664,8.333333333333334,1.0), "time":1029.4480126399249,"sensors":[13,23,10,38,27,28,30,29,36,24],"power":[0.4313896258748463,0.16226948872956598,0.24894757662379746,0.1828804732511624,0.21643853673218807,0.2202539831187828,0.12449519545110811,0.08864595037938355,0.10378002011622031,0.31605371608510674]}
{"id": 8, "drone": 2, "position":(25.0,16.666666666666668,1.0), "time":12.678972451821188,"sensors":[31,39,23,20,21,27,28,17,29,36,3,33],"power":[0.06198573868845518,0.0017644353351629243,0.001349950681549205,0.0017181335380817683,9.404813300145543E-4,0.00169391249213036,0.0017285945348451493,0.0035222930853695982,0.0018499791677138344,0.0012242247671939795,9.463596693437258E-4,0.0016166963710515187]}
{"id": 9, "drone": 1, "position":(41.666666666666664,33.333333333333336,5.0), "time":1246.685100406451,"sensors":[37,4,32,9,1,16,0,12],"power":[0.35935555301196465,0.16068405677392308,0.1482745903362016,0.23460240550164466,0.17915250810738886,0.5440018681492195,0.23293347923627405,0.2756402593319831]}
{"id": 10, "drone": 1, "position":(8.333333333333334,33.333333333333336,1.0), "time":243.07451115038467,"sensors":[35,11,5,3,7,14],"power":[0.04210194829711451,0.3392307263920733,0.015457089657376386,0.01675302907627847,0.06431602600273836,0.018090260991885876]}
{"id": 11, "drone": 6, "position":(8.333333333333334,41.666666666666664,1.0), "time":1246.685100406451,"sensors":[6,11,7,22],"power":[0.15,0.12643179168418936,0.08568397399726163,0.22566123505285435]}
{"id": 12, "drone": 6, "position":(25.0,8.333333333333334,1.0), "time":243.07451115038475,"sensors":[26,31,39,23,21,27,28,17,18,15,24],"power":[0.05827673266271671,0.03989211484194046,0.18716998184857686,0.07541363224635027,0.028326144365906865,0.04617899635166968,0.04150221118068503,0.1024207761413619,0.015838911360935164,0.07879135116069401,0.0346224068051303]}
{"id": 13, "drone": 8, "position":(41.666666666666664,25.0,1.0), "time":191.8528790083874,"sensors":[37,4,38,20,30,29,32,36,9,16,0,33,12],"power":[0.29142052082987546,0.3033905510440732,0.0496381986942985,0.035384121086518124,0.025504804548891875,0.03408733016453993,0.3848837012224532,0.04562741231093738,0.016329188454654527,0.057015285349727336,0.11923621741633388,0.02126243986591175,0.3785706319694991]}
