LP RESULTS :
 Obj = 0.1*lambda1+0.9*lambda2 = 120.26342760106036 (lambda1 = 1184.6342760106036, lambda2 = 2.0) Resol time = 4643 ms

{"id": 0, "drone": 1, "position":(41.666666666666664,41.666666666666664,1.0), "time":437.9435967917368,"sensors":[11,24,1,30,39,37],"power":[0.17116731218117304,0.11479515231429355,0.12771580133243338,0.15722767633819607,0.07581185885098574,0.07796835446247107]}
{"id": 1, "drone": 4, "position":(25.0,41.666666666666664,1.0), "time":746.6906792188668,"sensors":[33,24,16,8,32,23,15],"power":[0.12269968752510016,0.10988361090074622,0.14576583147298333,0.38617881640600327,0.3131063103031202,1.2508833140267819,0.09915638564239532]}
{"id": 2, "drone": 6, "position":(8.333333333333334,41.666666666666664,1.0), "time":53.8879557325464,"sensors":[33,0,6,12,36,2,15],"power":[0.008931205593088326,0.008168488907728642,0.10505650993756237,0.011096452585702596,0.0034780473815797294,0.020567300656886965,0.01975543701872811]}
{"id": 3, "drone": 6, "position":(41.666666666666664,33.333333333333336,4.0), "time":195.78329483045627,"sensors":[25,29,1,39,35,37],"power":[0.0404581532095826,0.013278124811000293,0.02228419866756661,0.1438021752507296,0.04449302250781339,0.08094256781388563]}
{"id": 4, "drone": 2, "position":(8.333333333333334,25.0,1.0), "time":746.6906792188668,"sensors":[26,21,22,0,12,36,20,2],"power":[0.1303494875056166,0.31896133888801453,1.083836547221614,0.05459546233386651,0.15292462742876012,0.8922659794292542,1.3380106702335703,0.08283329177600963]}
{"id": 5, "drone": 0, "position":(8.333333333333334,33.333333333333336,1.0), "time":357.7867552247708,"sensors":[22,0,6,12,36,20,2,15],"power":[0.10149563337692755,0.08723604875840485,0.039970747085605815,1.3502428886143076,0.17861535064454073,0.04936046337591184,0.5177147980364899,0.04998320958183967]}
{"id": 6, "drone": 0, "position":(25.0,25.0,4.0), "time":474.8834818242345,"sensors":[25,9,19,27,18,13,17],"power":[0.03022473873214964,0.07884991816510112,0.030773809463382318,0.07475521421550856,0.07891546016374398,0.2769625759775809,0.033809003806524233]}
{"id": 7, "drone": 3, "position":(41.666666666666664,25.0,1.0), "time":211.38560909921506,"sensors":[25,19,29,39,35,37],"power":[0.20381585582064157,0.030636613826985744,0.13551134570772289,0.05108223625435104,0.25265534594744554,0.035394901796510544]}
{"id": 8, "drone": 3, "position":(33.333333333333336,16.666666666666668,1.0), "time":13.542116441837898,"sensors":[25,9,14,19,3,28,29,38,27,18,35,13,17],"power":[0.0016099584117894002,0.0012195235521660936,0.002604514363823102,0.05306534113600307,0.001036558043704347,0.0037866997733260995,0.001210529481276777,9.301146748554191E-4,0.00176859321573073,0.012045435986940467,0.001378379523888567,0.0014909940194018313,0.005634508597913536]}
{"id": 9, "drone": 5, "position":(16.666666666666668,41.666666666666664,1.0), "time":26.26888583441966,"sensors":[33,6,16,12,8,32,23,2,15],"power":[0.018369106881811526,0.004972742976831815,0.00423416852701666,0.0018330366566550091,0.0023909031644828013,0.0033296180587893435,0.0030042419094591767,0.005399343475804475,0.08034087633236345]}
{"id": 10, "drone": 5, "position":(8.333333333333334,8.333333333333334,1.0), "time":80.5511964990443,"sensors":[26,21,4,7],"power":[0.01965051249438341,0.007214822850507877,0.012241421456975184,0.15989119431789905]}
{"id": 11, "drone": 8, "position":(41.666666666666664,8.333333333333334,5.0), "time":409.38371598872374,"sensors":[31,14,19,28],"power":[0.15,0.07218375046596988,0.03552423557362886,0.09364762688789026]}
{"id": 12, "drone": 8, "position":(25.0,8.333333333333334,3.0), "time":696.2086777445312,"sensors":[5,9,14,10,3,28,38,34,27,4,18,17],"power":[0.19615462612198725,0.1090099207933989,0.12665678767371205,0.15,0.23437601485487403,0.08690408211968438,0.43152042130615,0.20846091766579594,0.13577349623421223,0.1625159156897961,0.09446459005454401,0.22109723879516846]}
