LP RESULTS :
 Obj = 0.1*lambda1+0.9*lambda2 = 119.66975476119215 (lambda1 = 1178.6975476119214, lambda2 = 2.0) Resol time = 1090 ms

{"id": 0, "drone": 0, "position":(25.0,41.666666666666664,1.0), "time":517.702148155825,"sensors":[10,26,25,16,21,38,18,27,32,15,29],"power":[0.04298830949380245,0.11154603949009775,0.08735986930718907,0.04266824843195079,0.49126913590981075,0.4687971005635599,0.13870274581462652,0.08869148748255538,0.11713939169900839,0.8128422058693562,0.16681668904594515]}
{"id": 1, "drone": 0, "position":(8.333333333333334,41.666666666666664,2.0), "time":194.30977641442047,"sensors":[16,34,38,27,24,11],"power":[0.08364755967874273,0.10285839999231823,0.013434958394087058,0.03405019327167941,0.14928793731951898,0.15993949063746665]}
{"id": 2, "drone": 6, "position":(8.333333333333334,25.0,1.0), "time":733.6471495855412,"sensors":[4,36,9,37,35,19],"power":[0.15,6.9533655374022425,0.4631887959632177,7.336471495855412,0.21632669100178056,0.23883218499630174]}
{"id": 3, "drone": 6, "position":(33.333333333333336,16.666666666666668,1.0), "time":131.18683769290791,"sensors":[20,30,7,33,39,5,13,0],"power":[0.033667524054518456,0.04021344292235545,0.07057555841317363,0.02016278848874028,0.009600127567259586,1.0678114485448624,0.15985478878821918,0.01012893967742871]}
{"id": 4, "drone": 7, "position":(41.666666666666664,33.333333333333336,1.0), "time":312.14990850700957,"sensors":[10,25,2,18,39,28,22,1,6],"power":[0.042175640663502656,0.02883970518372563,0.6106643992804476,0.026795188973760656,0.13247379574615975,0.12118124426253664,0.0298916626523526,0.0837720603606991,0.0888332308199881]}
{"id": 5, "drone": 7, "position":(25.0,25.0,1.0), "time":101.35261015080744,"sensors":[10,26,25,7,33,5,13,0,29],"power":[0.01997005412595221,0.0185281165494982,0.01619534905689876,0.007132509631573272,0.11726034925685898,0.008810912338032292,0.013789373329387353,0.5205416323163966,0.008571341788930955]}
{"id": 6, "drone": 5, "position":(16.666666666666668,25.0,2.0), "time":105.31767287381615,"sensors":[26,33,36,9,37,0,35,29],"power":[0.013489092722392829,0.009892775157781976,0.018951602239460446,0.006972685089135419,0.020349476669836292,0.02092782953169545,0.00863767926104531,0.008624418419044837]}
{"id": 7, "drone": 5, "position":(16.666666666666668,41.666666666666664,1.0), "time":439.3716834769091,"sensors":[26,16,34,21,38,27,32,24,11,15,29],"power":[0.06895331231458952,0.2949992143226833,0.047141600007681764,0.17500907646466438,0.2551001819425718,0.4165606845203836,0.03286060830099161,0.055634134323247236,0.036626025796311606,0.14313685289236422,0.14300716373561298]}
{"id": 8, "drone": 8, "position":(33.333333333333336,33.333333333333336,1.0), "time":14.953432954563944,"sensors":[10,26,25,2,18,33,39,1,0,29],"power":[0.027097535946429586,0.0017793187412041588,0.017731350382473032,0.0016422271338539841,0.003676161290622452,0.002684087096618794,0.003114634555638858,0.002490714220745272,0.001833680835089025,0.0010774369346476464]}
{"id": 9, "drone": 8, "position":(41.666666666666664,8.333333333333334,1.0), "time":731.315679551082,"sensors":[20,30,7,23,31,12,5,8],"power":[0.309323623626298,0.39002503196047633,0.05533509109524172,0.16767460338742324,0.08615431642636502,0.14999999999999997,0.07637970510052948,0.048643898979959896]}
{"id": 10, "drone": 3, "position":(41.666666666666664,16.666666666666668,1.0), "time":214.84242021712404,"sensors":[20,30,7,39,31,5,8,13],"power":[0.03998740773133897,0.06205692191746487,0.016956840860011372,0.022698424756553814,0.04943486807208404,0.042507542650049496,0.06130018076935028,0.019962794291276856]}
{"id": 11, "drone": 4, "position":(41.666666666666664,41.666666666666664,1.0), "time":333.89205799452316,"sensors":[2,18,28,22,1,6],"power":[0.06252625641665475,0.05899660577768564,0.03323448728234037,0.4493467294027873,0.98422283136559,0.022940427735467808]}
{"id": 12, "drone": 4, "position":(41.666666666666664,25.0,5.0), "time":232.53944784371538,"sensors":[10,2,39,28,31,8,6],"power":[0.017768459770313067,0.034465351133242,0.08925700337845809,0.03420332216147715,0.015390386252740864,0.040055920250689825,0.038226341444544086]}
{"id": 13, "drone": 2, "position":(16.666666666666668,8.333333333333334,1.0), "time":656.9775653928555,"sensors":[14,3,17],"power":[0.17518395914763352,2.6607727721630186,0.15]}
