LP RESULTS :
 Obj = 0.1*lambda1+0.9*lambda2 = 158.69031855188166 (lambda1 = 1577.9031855188164, lambda2 = 1.0) Resol time = 1291 ms

{"id": 0, "drone": 2, "position":(8.333333333333334,8.333333333333334,1.0), "time":503.81324274946695,"sensors":[10,11,27,38,37],"power":[0.15000000000000002,0.16293131364713295,0.36321118546518927,0.4152942329360564,0.2249115364918225]}
{"id": 1, "drone": 7, "position":(41.666666666666664,8.333333333333334,1.0), "time":792.2138177221383,"sensors":[12,34,9,15,13,36,7,0],"power":[0.09353803478341681,0.21865139768470762,0.07498713828541777,0.2469952830960875,0.17782262441757998,0.07032048518017438,0.15,0.1143727593700409]}
{"id": 2, "drone": 8, "position":(41.666666666666664,25.0,1.0), "time":74.66631761988003,"sensors":[35,3,34,9,25,36,20,4,5],"power":[0.008002882883299381,0.005676095333698945,0.011261525259266708,0.010787049720530661,0.20236631438342956,0.020594603187679805,0.057981163103641126,0.016007321988814827,0.04481629141409396]}
{"id": 3, "drone": 3, "position":(33.333333333333336,25.0,1.0), "time":319.00763313176003,"sensors":[3,16,14,28,9,25,6,36,20,4,5,2],"power":[0.04576129008753237,0.07735334690757746,0.023899180343336043,0.025497204030790407,0.09132783665850872,0.04006760666699749,0.11507348513432482,0.10607190271801037,0.16955749950501567,3.1900763313176004,0.05290119727455518,0.0506428443018728]}
{"id": 4, "drone": 0, "position":(8.333333333333334,41.666666666666664,1.0), "time":874.4047818923831,"sensors":[31,8,32,1],"power":[0.1855467340520276,4.608724608930548,0.14999999999999997,0.08073030202385975]}
{"id": 5, "drone": 5, "position":(25.0,41.666666666666664,1.0), "time":515.290853011175,"sensors":[3,14,28,17,1,21],"power":[0.057299016084967236,0.15233382687201932,0.13421249195650925,0.14999999999999997,0.15054535140088254,1.5159188878187475]}
{"id": 6, "drone": 6, "position":(41.666666666666664,41.666666666666664,1.0), "time":668.9383817560013,"sensors":[35,3,22,29,14,30,24,5],"power":[0.24342092478119712,0.09712546873493866,0.15000000000000002,0.41931782159445696,0.06398658740715808,1.2149087015787219,2.900742448530787,0.06644168795447981]}
{"id": 7, "drone": 1, "position":(25.0,8.333333333333334,2.0), "time":785.689367796678,"sensors":[10,16,12,11,18,15,26,19,0,2],"power":[0.07346083036887033,0.054026575517821494,0.25368548060364454,0.05819991175418306,0.35838564480983276,0.07895542427658275,0.45953432051611376,0.15,0.07917322708921892,0.14008271398055533]}
{"id": 8, "drone": 4, "position":(16.666666666666668,25.0,5.0), "time":473.2061845903785,"sensors":[16,28,23,33,6,39],"power":[0.04781612987086787,0.032664704230778996,0.20741099681015307,0.15,0.049134998101060444,0.24194962238040632]}
