LP RESULTS :
 Obj = 0.1*lambda1+0.9*lambda2 = 133.72077276750187 (lambda1 = 1319.2077276750185, lambda2 = 2.0) Resol time = 1280 ms

{"id": 0, "drone": 2, "position":(25.0,8.333333333333334,1.0), "time":63.705885989727435,"sensors":[35,17,10,2,23,7,31,18],"power":[0.009185651297897507,0.005551637376573845,0.011329014224602973,0.013449472874130097,0.2856741720507807,0.00948863158039916,0.07428767867327875,0.01280509426932995]}
{"id": 1, "drone": 2, "position":(8.333333333333334,41.666666666666664,1.0), "time":428.0384845417634,"sensors":[12,36,39,19,13,20,25,16,4,22],"power":[0.1315985091512134,0.14208254542961601,0.09994588856323659,0.130076723810083,0.04062019788726664,0.039590400256965426,0.12976195724289522,0.039866678879939055,0.051009045335936684,2.447637280378549]}
{"id": 2, "drone": 8, "position":(8.333333333333334,8.333333333333334,1.0), "time":1121.3822927705546,"sensors":[9,5,31,29,32,15,18],"power":[0.7548953878331078,0.31985845333578067,0.07571232132672123,0.243262192966351,0.18246973575804282,0.18603882709252442,0.2568731762138879]}
{"id": 3, "drone": 8, "position":(16.666666666666668,41.666666666666664,1.0), "time":197.825434904464,"sensors":[12,36,39,19,27,13,3,1,20,26,25,16,14,22],"power":[0.2101054369607329,0.29799119285881265,0.013698155445496222,0.02561239290215484,0.013671856607696426,0.05285170954817728,0.02166469557914319,0.019490088349570864,0.013086922554475385,0.023030595477725856,0.013151949123750315,0.24349993256351216,0.0184821154657358,0.0549260346676307]}
{"id": 4, "drone": 3, "position":(8.333333333333334,33.333333333333336,1.0), "time":388.93268464791186,"sensors":[12,36,39,19,6,20,4,22],"power":[0.09048495404960112,0.0808851537245316,1.0368005229629285,1.845644868451097,0.032766641840239044,0.3399060410256944,0.08335257571981718,0.07221533745490953]}
{"id": 5, "drone": 3, "position":(16.666666666666668,41.666666666666664,1.0), "time":106.58568867641524,"sensors":[12,36,39,19,27,13,3,1,20,26,25,16,14,22],"power":[0.11320198893501095,0.16055365441608493,0.007380382267123005,0.01379961346954937,0.007366212806357586,0.0284757916121292,0.011672647146627144,0.010500997963716906,0.0070510581907594445,0.012408575675856902,0.007086093633354479,0.13119449487107868,0.009957915705145877,0.029593410140315437]}
{"id": 6, "drone": 7, "position":(25.0,25.0,1.0), "time":463.23564092332924,"sensors":[35,27,6,3,2,7,26,37],"power":[0.14981248518111986,0.0749869369009624,0.07371060429934276,0.11504145133910534,0.05769460851288543,0.033195932062955034,0.0343958614943091,0.7154760794817453]}
{"id": 7, "drone": 7, "position":(8.333333333333334,25.0,1.0), "time":197.82543490446392,"sensors":[39,19,6,20,5,32,15,4],"power":[0.035409087935169545,0.030867224470060097,0.05332688178139529,0.10272277168569358,0.029337077751416026,0.04896971331604771,0.013739978713776661,0.015638378944246127]}
{"id": 8, "drone": 4, "position":(41.666666666666664,41.666666666666664,1.0), "time":767.6467645042085,"sensors":[24,38,0,11,33,21],"power":[0.15000000000000002,0.12105334988298298,0.08498484324780403,0.4656811799550006,0.09768459314789164,0.20614534165914075]}
{"id": 9, "drone": 4, "position":(41.666666666666664,25.0,4.0), "time":91.95222433213598,"sensors":[34,38,28,21],"power":[0.09155081468917628,0.012015377262631933,0.03233508345896001,0.00959475118836327]}
{"id": 10, "drone": 0, "position":(33.333333333333336,16.666666666666668,1.0), "time":48.21773018184665,"sensors":[35,30,34,17,10,2,23,7,37],"power":[0.00999184507132621,0.007819821882483475,0.0060638417937996705,0.003479840194297908,0.07706431394099267,0.05169416206358901,0.006953661644163983,0.16204063670825722,0.009202815455042377]}
{"id": 11, "drone": 0, "position":(41.666666666666664,16.666666666666668,1.0), "time":306.7875227046037,"sensors":[30,34,10,8,2,7,28],"power":[0.19560484788574434,0.08216503579778989,0.04922137279410503,0.09603011376342048,0.027161756549395476,0.05662270692706964,0.07701991006508101]}
{"id": 12, "drone": 5, "position":(41.666666666666664,25.0,1.0), "time":105.87321057232793,"sensors":[30,34,38,28,21],"power":[0.007081152114546679,0.6885491147759932,0.01693127285438509,0.06297883914862025,0.012816450566875099]}
{"id": 13, "drone": 5, "position":(33.333333333333336,41.666666666666664,1.0), "time":353.73552826634614,"sensors":[27,3,1,0,11,26,16,14,33,21],"power":[0.06091860089755164,0.024639403854679637,0.14418775149163407,0.35920637673871825,0.023493791765614638,0.09107148984782422,0.024562495077913773,0.05979416115705778,0.7559011865933789,0.08457665969705011]}
{"id": 14, "drone": 1, "position":(41.666666666666664,8.333333333333334,1.0), "time":437.2609478755115,"sensors":[30,17,10,8,7],"power":[0.5712800239873979,0.14096852242912825,0.05609429406619749,0.15375199379584067,0.05236113449002283]}
{"id": 15, "drone": 1, "position":(25.0,41.666666666666664,1.0), "time":197.82543490446392,"sensors":[12,36,27,13,3,1,0,26,16,14,33],"power":[0.022831785584905666,0.02361952990620014,0.0494802703202683,0.02805230095242688,0.03619134516177506,0.19213235054780883,0.06188524866791552,0.1504731555811113,0.13216023754840764,0.06176580767206054,0.07301764327231595]}
