LP RESULTS :
 Obj = 0.1*lambda1+0.9*lambda2 = 161.644246227373 (lambda1 = 1598.44246227373, lambda2 = 2.0) Resol time = 1210 ms

{"id": 0, "drone": 0, "position":(25.0,25.0,3.0), "time":703.2645627001506,"sensors":[19,1,3,14,31,10,34,2],"power":[0.13040293021745786,0.08178374161044269,0.2185965495825398,0.04580002810191544,0.3000830360021793,0.4058229214280877,0.19644872565062765,0.11324853930557136]}
{"id": 1, "drone": 5, "position":(8.333333333333334,8.333333333333334,1.0), "time":861.3010798194948,"sensors":[13,26,33,16,6,28,22],"power":[0.07554241190083806,0.07011531734908506,0.07081667979445785,0.1160361078791077,0.15,0.08930353603271446,0.09850133390941535]}
{"id": 2, "drone": 5, "position":(8.333333333333334,25.0,2.0), "time":53.89338396034901,"sensors":[39,26,16,37,5],"power":[0.014216208552273997,0.028617681376951244,0.017446811715768715,0.0037290117759546256,0.014731317450357577]}
{"id": 3, "drone": 7, "position":(41.666666666666664,16.666666666666668,1.0), "time":480.3190211286896,"sensors":[24,14,32,12,7,23,36],"power":[0.062253419476621094,0.03662076584834357,0.2852610547401042,0.11131201087252357,0.11062780948050763,0.1779174998976424,0.12927874498784742]}
{"id": 4, "drone": 7, "position":(33.333333333333336,41.666666666666664,2.0), "time":455.31330490251014,"sensors":[19,1,9,4,34,8,17],"power":[0.03110273193371572,0.03937743273483776,0.20283973574144912,0.0877631538705576,0.02885494950703465,0.05066283375700688,0.041447056984968644]}
{"id": 5, "drone": 6, "position":(25.0,41.666666666666664,1.0), "time":53.89338396034913,"sensors":[19,38,1,9,35,17],"power":[0.01133115464741543,0.004263623003070204,0.017594161760601978,0.06516173216354448,0.004760412793597492,0.06450124224553097]}
{"id": 6, "drone": 6, "position":(33.333333333333336,8.333333333333334,5.0), "time":158.03651711934398,"sensors":[15,24,11,7,2,36],"power":[0.029237957011470812,0.021983206227968004,0.010576441177843295,0.02364657234112326,0.015147877170301112,0.03690722113561574]}
{"id": 7, "drone": 2, "position":(8.333333333333334,33.333333333333336,1.0), "time":364.8079883168629,"sensors":[25,38,39,26,29,35,18,37,5],"power":[0.11423611183538881,0.11942089554613959,0.23492243733713505,0.025572971234863635,0.1268673535164703,0.11642775092194647,0.026739298289613828,0.268407865185967,0.027700052919263366]}
{"id": 8, "drone": 2, "position":(41.666666666666664,8.333333333333334,1.0), "time":587.7535298883242,"sensors":[15,24,32,12,30,7,23,36],"power":[0.04451871698451435,1.6933731607829545,0.1757336887916258,0.038687989127476424,0.15,5.8775352988832426,0.0998934215857129,0.09921373808626922]}
{"id": 9, "drone": 8, "position":(25.0,8.333333333333334,1.0), "time":166.5547337976074,"sensors":[15,3,11,13,33,10,28,22,2,36],"power":[0.025192692136052523,0.014958620059974826,0.051822584351518604,0.0460274346979883,0.11132549501318618,0.013180594894923441,0.09891848440110336,0.02040500125001351,0.04326754759571675,0.018305262535535174]}
{"id": 10, "drone": 8, "position":(33.333333333333336,33.333333333333336,1.0), "time":188.88739656599049,"sensors":[19,1,14,31,9,4,34,8],"power":[0.028646718398395676,0.02511504930718965,0.06757920604974098,0.058198023900683876,0.04001958514296649,0.024329258669372227,0.09196543244294197,0.12168362350973858]}
{"id": 11, "drone": 4, "position":(8.333333333333334,33.333333333333336,4.0), "time":247.02451136213523,"sensors":[25,38,39,29,35,18,37,5],"power":[0.06282446978669567,0.06285497198000516,0.09107405146537467,0.06530009937836892,0.06376874615294867,0.015802963101557523,0.09520232987138282,0.016099373036213855]}
{"id": 12, "drone": 4, "position":(8.333333333333334,41.666666666666664,1.0), "time":614.2765684573595,"sensors":[25,38,39,29,35,20,18,17,37],"power":[2.5707333895992894,0.22665613321703307,0.06393785352726664,1.2782475304124126,0.17607891514601626,0.15,0.41916487908322325,0.044051700769500386,0.6832118260037318]}
{"id": 13, "drone": 3, "position":(16.666666666666668,8.333333333333334,1.0), "time":364.8079883168629,"sensors":[11,13,33,16,28,22,2],"power":[0.07042127505005694,0.1695851570399191,0.30061988164396586,0.02930234221647843,0.5239658400917128,0.1061966961535887,0.03692650242626665]}
{"id": 14, "drone": 3, "position":(8.333333333333334,25.0,1.0), "time":318.4400101771155,"sensors":[39,26,16,35,37,5],"power":[0.08939007902504444,0.20532496838509354,0.10565410814819655,0.02124389993496974,0.02329159689456242,0.09146925659419168]}
{"id": 15, "drone": 1, "position":(33.333333333333336,8.333333333333334,1.0), "time":205.77866033976488,"sensors":[15,24,3,11,33,28,7,2,36],"power":[0.051050633867962304,0.038699616847290216,0.016758310626439867,0.017179699420581146,0.015362786341636427,0.013550897166010581,0.0407671501876717,0.025636730630727526,0.07420024100743747]}
{"id": 16, "drone": 1, "position":(41.666666666666664,41.666666666666664,1.0), "time":954.2417608052293,"sensors":[21,4,0,27,8],"power":[0.15,3.1736949826689993,0.2348391947056711,0.20360338455397115,0.1162148881926507]}
