LP RESULTS :
 Obj = 0.1*lambda1+0.9*lambda2 = 111.94058837534946 (lambda1 = 1101.4058837534947, lambda2 = 2.0) Resol time = 1789 ms

{"id": 0, "drone": 2, "position":(41.666666666666664,33.333333333333336,4.0), "time":199.44617891972257,"sensors":[27,21,35,11,4,37,22,12,14,34],"power":[0.08789700910986933,0.07365433535859096,0.01769440046190797,0.12857443142692035,0.029669227096071955,0.015517802260521013,0.016421332616833022,0.10712328848466907,0.04860541689240073,0.06022738101811417]}
{"id": 1, "drone": 2, "position":(8.333333333333334,33.333333333333336,1.0), "time":375.67999697916366,"sensors":[13,0,2,38,39,8,28,9],"power":[3.7396495523670334,0.1429838827545676,0.08042651924765641,0.081456249578056,0.8432173315888059,0.045325294991278395,0.0792401398430566,0.029604951360122977]}
{"id": 2, "drone": 3, "position":(16.666666666666668,25.0,1.0), "time":180.0680262829045,"sensors":[13,2,33,16,39,6],"power":[0.017615118253324073,0.05352057362676802,0.022662170631988235,0.014031661628642672,0.012471753312541207,0.07159476308372846]}
{"id": 3, "drone": 3, "position":(8.333333333333334,16.666666666666668,1.0), "time":55.268010644682576,"sensors":[30,2,33,29,10],"power":[0.045627910921386905,0.011518361492929265,0.004519188409437649,0.16399490209837292,0.02041073276641204]}
{"id": 4, "drone": 1, "position":(33.333333333333336,8.333333333333334,1.0), "time":122.97071945121355,"sensors":[36,19,15,7,1,17,20],"power":[0.019634458517954832,0.008714463177283633,0.10529132764691689,0.10927273798185269,0.49115120024653797,0.019654696787189938,0.31620811570666335]}
{"id": 5, "drone": 1, "position":(8.333333333333334,41.666666666666664,1.0), "time":545.6578604914265,"sensors":[13,0,38,32,39,8,28,9],"power":[0.10815313025806095,0.6725705835495417,0.068543750421944,0.15000000000000002,0.22634049144826832,0.1692467211011431,0.13174808667012686,0.38101651113070184]}
{"id": 6, "drone": 4, "position":(16.666666666666668,8.333333333333334,3.0), "time":379.2837370769305,"sensors":[33,29,17,10],"power":[0.08460133741668356,0.028599040035499717,0.06437632055253427,0.036565448519818265]}
{"id": 7, "drone": 4, "position":(41.666666666666664,16.666666666666668,1.0), "time":686.4986357641409,"sensors":[36,19,23,7,35,25,37,22,1,20,14,34],"power":[0.11296966215572009,0.18214816983041082,0.10216921271387124,0.1386003182397629,0.12225727107178352,0.779809286047187,0.21659461248689688,0.08074009624922135,0.049543655202566386,0.10501799874264403,0.10361230836422738,0.0530617112904323]}
{"id": 8, "drone": 0, "position":(25.0,41.666666666666664,1.0), "time":701.6807636499075,"sensors":[24,3,18,16,26,5],"power":[0.24073081956802386,0.33125794763601984,3.2610398391095967,0.20580247020562464,0.15,1.443410329978794]}
{"id": 9, "drone": 5, "position":(41.666666666666664,25.0,1.0), "time":215.46106906963126,"sensors":[36,19,27,21,35,25,11,37,22,12,14,34],"power":[0.02082236316956039,0.05990610796408668,0.022829404460182535,0.01718720070647402,0.07606261247714363,0.15151099449829047,0.04750559828645972,0.12885510252883745,0.052838571133945605,0.09834541020603672,0.9252403475387537,0.11581625033898449]}
{"id": 10, "drone": 5, "position":(8.333333333333334,8.333333333333334,2.0), "time":327.7130865089695,"sensors":[30,29,10],"power":[0.07693432024293033,0.08613362055706895,0.2660223751837656]}
{"id": 11, "drone": 8, "position":(25.0,8.333333333333334,1.0), "time":76.47545946850886,"sensors":[36,15,33,7,1,17,20],"power":[0.007008124554412486,0.017228733122758022,0.01764584963447024,0.011223613086875046,0.024897993901552576,0.0659689826602758,0.013622171597190386]}
{"id": 12, "drone": 8, "position":(16.666666666666668,16.666666666666668,1.0), "time":339.1410495229121,"sensors":[30,2,33,29,6,10],"power":[0.027437768835682764,0.040616913417154114,0.2896788621894055,0.04820483638670765,0.07840523691627156,0.028197693341886043]}
{"id": 13, "drone": 7, "position":(41.666666666666664,8.333333333333334,1.0), "time":199.44617891972257,"sensors":[23,15,7,25,1,20],"power":[0.04783078728612876,0.027479939230325073,0.040396171810095166,0.017677478351880667,0.02899313570138139,0.045779580550976216]}
{"id": 14, "drone": 6, "position":(41.666666666666664,41.666666666666664,3.0), "time":686.4986357641409,"sensors":[27,21,11,4,31,12],"power":[0.19001985787460007,0.2641041871447254,0.11231248026041515,0.19870049706770634,0.15,0.06534392526099253]}
