LP RESULTS :
 Obj = 0.1*lambda1+0.9*lambda2 = 106.4687904825336 (lambda1 = 1046.687904825336, lambda2 = 2.0) Resol time = 1414 ms

{"id": 0, "drone": 5, "position":(8.333333333333334,8.333333333333334,1.0), "time":500.85266062993077,"sensors":[29,14,2,15,9,3,35,18,24,11],"power":[0.1028589011612511,0.10677273422118792,0.03254960373230656,0.0373354708643792,0.06829683952338483,0.04642507980119056,0.047579246142769316,0.0839762112904881,0.6579733838708139,1.2944333710062996]}
{"id": 1, "drone": 5, "position":(41.666666666666664,25.0,1.0), "time":309.9101046226211,"sensors":[13,30,38,32,20,19,33,28,39,7],"power":[0.03282019897788264,1.6359914075724349,0.14999999999999997,0.03165890805864416,0.23897354962683107,0.1590360885852281,0.05242399967799373,3.099101046226211,0.9214980995823546,0.28467370326085467]}
{"id": 2, "drone": 1, "position":(8.333333333333334,25.0,1.0), "time":545.8352441954053,"sensors":[25,14,31,26,2,15,22,0,18,34],"power":[0.12934509251112725,0.10363560681531138,0.10549072206371571,0.19663692376054007,0.11745039626769342,0.23140749117221096,0.17264979839988048,0.047538420327600646,0.09290902096660192,0.10540868836872258]}
{"id": 3, "drone": 6, "position":(25.0,41.666666666666664,4.0), "time":715.3927338524978,"sensors":[10],"power":[0.12601765969672626]}
{"id": 4, "drone": 4, "position":(8.333333333333334,33.333333333333336,3.0), "time":169.55748965709256,"sensors":[25,31,26,22,8,0,34],"power":[0.031163853808676853,0.10261477091077578,0.02306572547087718,0.03839155832235454,0.016485554683484935,0.08974404543933892,0.2412152936388482]}
{"id": 5, "drone": 7, "position":(33.333333333333336,8.333333333333334,1.0), "time":169.5574896570925,"sensors":[12,23,17,4,5,32,21,33],"power":[0.06429686010887212,0.17750631340439052,0.04505889927127408,0.0372312293461599,0.0459240535655588,0.016429475082366814,0.03247181518070544,0.029137769209229634]}
{"id": 6, "drone": 2, "position":(8.333333333333334,41.666666666666664,1.0), "time":183.87385152338493,"sensors":[31,8,0,34],"power":[0.030130421244034557,0.13351444531651505,0.09361049379455005,0.03975581453810888]}
{"id": 7, "drone": 3, "position":(16.666666666666668,8.333333333333334,4.0), "time":395.52850191016773,"sensors":[29,36,17,9,3,35,21,24,11],"power":[0.04714109883874888,0.028612781627278674,0.03077051952564762,0.24178830103903964,0.1414909062467942,0.1256282826491588,0.04231714000419071,0.033683912744224026,0.06443570766241458]}
{"id": 8, "drone": 3, "position":(41.666666666666664,8.333333333333334,1.0), "time":517.071975455043,"sensors":[12,16,23,4,5,32,33,7],"power":[0.6186629357812183,0.15,0.050750290545693647,0.9717390846481275,2.1082277884657246,0.22145349968834885,0.12123872280673581,0.04049111417526447]}
{"id": 9, "drone": 8, "position":(41.666666666666664,41.666666666666664,2.0), "time":736.7778002027151,"sensors":[6,13,20,27,1],"power":[0.15319524816846253,0.2485229569388275,0.059242934642679414,0.5566226265241072,0.25729627139057687]}
{"id": 10, "drone": 0, "position":(25.0,25.0,2.0), "time":331.29517097283826,"sensors":[26,36,22,17,37,19,10],"power":[0.04352614385628884,0.10649284082194208,0.03329823521829562,0.027752320837820383,0.3081461969868362,0.022490963533344,0.03586364857452814]}
{"id": 11, "drone": 0, "position":(25.0,8.333333333333334,1.0), "time":150.30674228523753,"sensors":[36,23,17,9,3,35,21],"power":[0.014894377550779204,0.07787676937827666,0.07281008188853233,0.0438306659695752,0.04808573381796262,0.04035327259844863,0.07521104481510384]}
