LP RESULTS :
 Obj = 0.1*lambda1+0.9*lambda2 = 117.72904963928947 (lambda1 = 1159.2904963928947, lambda2 = 2.0) Resol time = 3249 ms

{"id": 0, "drone": 6, "position":(41.666666666666664,41.666666666666664,1.0), "time":151.13777133340213,"sensors":[0,26,19,28,37,5,39],"power":[0.020794815890604782,0.13679926610450593,0.013969771849919882,0.018445941689264292,0.03296952278718562,0.01728555620304133,0.06082868431208477]}
{"id": 1, "drone": 6, "position":(16.666666666666668,25.0,1.0), "time":73.746029244576,"sensors":[32,34,25,14,24,6,10,21,33,36,31,27],"power":[0.006550002023590133,0.005377370561475549,0.015111161014437347,0.004956254513450724,0.019272621299373217,0.02430727612276623,0.013437591805702413,0.004722908934700979,0.01401904462457621,0.008765414037720269,0.01590837611723516,0.0540665610586048]}
{"id": 2, "drone": 4, "position":(8.333333333333334,41.666666666666664,1.0), "time":532.318107754726,"sensors":[11,25,1,33,31,16],"power":[0.04037712707478633,0.06949255937753034,0.06636910274522086,0.06383807707244017,0.07384538984629561,0.34414071136376045]}
{"id": 3, "drone": 4, "position":(33.333333333333336,16.666666666666668,1.0), "time":210.4206922316962,"sensors":[17,32,29,14,13,21,7,4,12,3,35,9],"power":[0.170255229640568,0.023217266245102848,1.2008568929238834,0.03317097517169769,0.034314992441727574,0.03383539341965661,0.05437656012590148,0.016555470096783147,0.046014991923505874,0.028115478882954525,0.0191027256009026,0.05519567894298619]}
{"id": 4, "drone": 0, "position":(16.666666666666668,8.333333333333334,1.0), "time":307.0611366169778,"sensors":[32,15,14,6,13,18,7,4,35],"power":[0.0665131958980682,0.15439779374051207,0.05428252917145456,0.03163327404489385,0.040333297687151146,0.021983898039544925,0.03534602203020118,0.02086411652112685,0.09407506843248235]}
{"id": 5, "drone": 0, "position":(33.333333333333336,33.333333333333336,1.0), "time":824.8402154962891,"sensors":[0,24,19,10,20,28,21,37,5,39,9],"power":[0.13800101050104818,0.08356674133859687,0.1290564530708201,0.13722697983381418,0.0857043626406534,0.13233663140303573,0.17839731392863317,0.17083322887907704,2.6916118853937423,0.24035883335705513,0.07504233387737687]}
{"id": 6, "drone": 5, "position":(16.666666666666668,41.666666666666664,1.0), "time":80.100598030162,"sensors":[25,24,1,19,20,33,31,16],"power":[0.017034894348177232,0.0054336185112205445,0.08363089725477912,0.00566052839293283,0.021514061140174193,0.01931488245322636,0.012993812517581242,0.10168720896855482]}
{"id": 7, "drone": 5, "position":(33.333333333333336,41.666666666666664,1.0), "time":52.9283521127079,"sensors":[0,26,19,20,28,37,5,39],"power":[0.16708987776963521,0.005496589057973264,0.06625746695868726,0.005218809872107922,0.11440103567852349,0.004982909432435467,0.009461541638785152,0.010979083174786528]}
{"id": 8, "drone": 7, "position":(41.666666666666664,33.333333333333336,1.0), "time":80.10059803016225,"sensors":[26,37,5,39,9],"power":[0.007704144837520823,0.8010059803016225,0.027482486237806844,0.1140110363966151,0.008289900642428263]}
{"id": 9, "drone": 7, "position":(41.666666666666664,8.333333333333334,1.0), "time":391.70088074362616,"sensors":[17,2,29,38,22,4,8,12,3],"power":[0.03648769359034019,0.31401742025333834,0.05107792152301616,0.13957996238715323,0.11049302492160827,0.029484060067349476,1.265299397014512,0.2722871478383123,1.0531329157243319]}
{"id": 10, "drone": 2, "position":(16.666666666666668,16.666666666666668,1.0), "time":115.78106532612014,"sensors":[32,14,6,13,7,27,35],"power":[0.04176568031783823,0.027480587316669188,0.08752796443729445,0.00854533551205833,0.014844883887815633,0.042154668251917875,0.020133404263983894]}
{"id": 11, "drone": 2, "position":(25.0,33.333333333333336,1.0), "time":50.28355942033349,"sensors":[0,25,24,19,10,20,28,21,33,5,31,27],"power":[0.0053915796381754765,0.007094183573242907,0.041727018850809296,0.007092654944632787,0.03823022309560423,0.03756276634706446,0.005570921725696401,0.009212764432176494,0.009451523573373782,0.0069563276373204525,0.005007718338816232,0.0041167789619103575]}
{"id": 12, "drone": 8, "position":(8.333333333333334,16.666666666666668,1.0), "time":662.7022652052215,"sensors":[34,6,23,30,36,27],"power":[0.05158323268564483,0.05740837943699466,0.15,0.1919854307326226,0.12224805061264181,0.04966199172756631]}
{"id": 13, "drone": 8, "position":(33.333333333333336,8.333333333333334,1.0), "time":250.10778680059457,"sensors":[17,32,2,29,14,13,7,4,8,12,3,35],"power":[0.11449401202411806,0.020223710046545076,0.04113847956638132,0.0661442332283936,0.030109653826727832,0.08775956466593535,0.056346552142519775,0.11586052994024175,0.044113612658217095,0.25247397394464244,0.09579303811436377,0.03483082619214165]}
{"id": 14, "drone": 1, "position":(41.666666666666664,16.666666666666668,1.0), "time":43.92899063474715,"sensors":[17,2,29,38,8,12,3,9],"power":[0.0046963170036284614,0.0032792192029178907,0.011451090488534722,0.009791520045683684,0.005957849784206616,0.008970747278190213,0.008306037758641995,0.013651069084313025]}
{"id": 15, "drone": 1, "position":(8.333333333333334,8.333333333333334,1.0), "time":496.58823118767316,"sensors":[15,23,18,30],"power":[0.08066629298573949,0.03136599524446803,0.12801610196045507,0.05946217747603238]}
{"id": 16, "drone": 3, "position":(41.666666666666664,8.333333333333334,5.0), "time":197.26006493821262,"sensors":[17,2,29,38,22,8,12,3],"power":[0.013876878147943701,0.06329002814542403,0.019916093799544766,0.047844359466222904,0.03950697507839174,0.1027211158380796,0.062329994702297435,0.09707780618897172]}
{"id": 17, "drone": 3, "position":(8.333333333333334,33.333333333333336,1.0), "time":422.8422019430973,"sensors":[11,34,25,33,36,31,16],"power":[0.10962287292521368,0.15619720687648625,0.14172010575235386,0.10654865012088954,0.08699876882768409,0.24761916836930312,0.06725343366495308]}
