LP RESULTS :
 Obj = 0.1*lambda1+0.9*lambda2 = 107.07188919751775 (lambda1 = 1052.7188919751775, lambda2 = 2.0) Resol time = 2434 ms

{"id": 0, "drone": 6, "position":(25.0,25.0,1.0), "time":243.48064762929448,"sensors":[6,24,1,25,3,28,2,27,39,23],"power":[0.4706914329951958,0.026958903222900184,0.09394304688481532,0.05723308906987218,0.12299120617291279,0.03045035200958817,0.026039049146554413,0.1815653340569356,0.04479152850779011,0.027053579453322155]}
{"id": 1, "drone": 6, "position":(25.0,8.333333333333334,1.0), "time":7.8481861323354085,"sensors":[4,22,17,3,28,2,39,23],"power":[0.07448504891577287,0.003867047423292411,0.0038101470260713415,7.720475561622453E-4,0.00123041474158724,0.002293092238238196,0.0011078914774922516,7.364917871561746E-4]}
{"id": 2, "drone": 4, "position":(33.333333333333336,8.333333333333334,4.0), "time":317.65350335031144,"sensors":[4,9,22,17,2,39],"power":[0.050439548824588246,0.032471762356607536,0.1440593887572765,0.14205593736155372,0.07060485968448921,0.04338669040427646]}
{"id": 3, "drone": 1, "position":(8.333333333333334,41.666666666666664,1.0), "time":859.8836803808888,"sensors":[34,16,0,35,31,29,11],"power":[0.1452676046377441,0.2079551564328513,0.7081883636943748,0.14803228072035285,0.15,0.1340143338864636,0.23608198735269612]}
{"id": 4, "drone": 1, "position":(8.333333333333334,33.333333333333336,1.0), "time":10.091849030177286,"sensors":[0,35,29,11],"power":[9.915112719854767E-4,0.0019677192796471272,0.01740626510714894,7.964536333020531E-4]}
{"id": 5, "drone": 2, "position":(25.0,41.666666666666664,1.0), "time":192.8352115942887,"sensors":[24,34,38,1,8,30,25],"power":[0.07379676816368698,0.021753580260440167,0.11733657321732074,0.0222171222513292,0.042758025320551535,0.02885130883358848,0.022318017108903188]}
{"id": 6, "drone": 2, "position":(16.666666666666668,33.333333333333336,2.0), "time":143.1181577447777,"sensors":[24,1,25,27,29],"power":[0.040896298043638014,0.01752014622228227,0.010327014797581326,0.037026337090910286,0.014920633564028543]}
{"id": 7, "drone": 0, "position":(8.333333333333334,8.333333333333334,1.0), "time":690.5892956488896,"sensors":[14,37,26,28,32,33,23],"power":[0.15,6.905892956488896,0.1680644448098177,0.04635586667177631,0.26604129243897967,0.15244953042087273,0.06002246901790189]}
{"id": 8, "drone": 0, "position":(25.0,16.666666666666668,1.0), "time":97.9549587938119,"sensors":[4,6,22,17,3,28,2,27,39,23],"power":[0.023623446127627977,0.02985526121453096,0.010215039928781209,0.023713372713794353,0.10610431171515475,0.0385819644074328,0.07018961191832239,0.010073410320275079,0.059864767779435446,0.022452217344681513]}
{"id": 9, "drone": 8, "position":(41.666666666666664,25.0,1.0), "time":423.45664827645874,"sensors":[21,12,19,36],"power":[1.600291188677079,0.130642734452556,0.12106951044695417,0.5251452688716337]}
{"id": 10, "drone": 8, "position":(25.0,33.333333333333336,1.0), "time":14.862437032608455,"sensors":[6,24,38,1,30,25,3,27],"power":[0.0020158255576695383,0.02248876119586592,0.0010476675533353092,0.021896821457052802,0.002673137518382273,0.009716371761469677,9.391314488722933E-4,0.004706054489001849]}
{"id": 11, "drone": 3, "position":(41.666666666666664,8.333333333333334,1.0), "time":629.2622436987187,"sensors":[9,12,20,10,22,17],"power":[0.3658224285135711,0.09686422377936313,0.1673080328548432,0.15,0.0586086084621901,0.05733099171125834]}
{"id": 12, "drone": 3, "position":(33.333333333333336,41.666666666666664,1.0), "time":281.9502265551987,"sensors":[24,7,18,38,1,5,8,30,25,15,13],"power":[0.027447376140945952,0.09897337233653002,0.019152856131706284,0.03161575922934373,0.021740882573681546,0.05824254948216775,0.5559772722160762,0.17418177045366082,0.03524212163060917,0.05786578339483892,0.0779485668448219]}
{"id": 13, "drone": 5, "position":(16.666666666666668,16.666666666666668,1.0), "time":12.845803770846222,"sensors":[4,6,37,3,28,2,27,39,23],"power":[0.001451956132010954,0.0010735087608360503,0.0011702338089084143,0.0034982484317953103,0.03338140216961545,0.0010297807733993625,0.0011851401339959878,8.491218310057151E-4,0.12845803770846223]}
{"id": 14, "drone": 5, "position":(41.666666666666664,41.666666666666664,1.0), "time":386.598805374072,"sensors":[7,18,5,8,30,36,15,13],"power":[0.46707996175927263,0.1308471438682937,0.10333822841702107,0.06681885842565372,0.06487264862520546,0.026939774484164163,0.6218604670942175,0.33622226537939187]}
{"id": 15, "drone": 7, "position":(41.666666666666664,33.333333333333336,1.0), "time":176.47221141900945,"sensors":[21,7,19,30,25,36,15,13],"power":[0.02566787835595422,0.06223649794407715,0.02893048955304582,0.03593926020924519,0.015163385631564559,0.11888644286231848,0.09325061954295552,0.015888115647083596]}
