LP RESULTS :
 Obj = 0.1*lambda1+0.9*lambda2 = 104.6696356506131 (lambda1 = 1028.696356506131, lambda2 = 2.0) Resol time = 469 ms

{"id": 0, "drone": 1, "position":(8.333333333333334,8.333333333333334,1.0), "time":499.4207754968767,"sensors":[33,32,6,19,31,4],"power":[0.24119854425192752,3.326710732420245,0.35085193452967295,0.13584872887147334,0.10616945913131423,0.4299770607214585]}
{"id": 1, "drone": 1, "position":(41.666666666666664,16.666666666666668,1.0), "time":502.19526614675215,"sensors":[39,37,24,14,30,9,26,34,22,21,13],"power":[0.031890146959075764,0.14767122061613336,0.037333358147360204,0.05302077842366315,0.13644625617022238,0.2564016632463946,0.1428606971173169,0.10856828591905356,0.037832850670199106,0.04915449003758396,0.14915049837877215]}
{"id": 2, "drone": 3, "position":(8.333333333333334,16.666666666666668,1.0), "time":41.74611748037981,"sensors":[33,32,6,31,4,17],"power":[0.015981796317441052,0.007335122908011925,0.005234879246072044,0.03277093939712757,0.008229327154358307,0.002765363775224624]}
{"id": 3, "drone": 3, "position":(8.333333333333334,41.666666666666664,1.0), "time":633.7527670964264,"sensors":[7,15,11,8,35,3,18,10,29,17,38,2],"power":[0.06842299476598307,0.15,0.057655444329755216,0.12752391049149872,0.10127572798922341,0.32878662257350577,0.11793005514084279,3.292044393893523,0.3222132692391423,0.05661765289898375,0.15282553763948656,0.8606585042485864]}
{"id": 4, "drone": 7, "position":(8.333333333333334,8.333333333333334,1.0), "time":52.024327794497594,"sensors":[33,32,6,19,31,4],"power":[0.0251254908593533,0.34654122958484407,0.03654801110575639,0.014151271128526684,0.011059601471558225,0.04479042252263622]}
{"id": 5, "drone": 7, "position":(25.0,8.333333333333334,5.0), "time":976.6720287116334,"sensors":[1,16,28],"power":[0.24025064814248284,0.15,0.17138353040128823]}
{"id": 6, "drone": 4, "position":(41.666666666666664,25.0,1.0), "time":230.64489512782782,"sensors":[25,24,20,9,26,23,34,22,36,13],"power":[0.05422178042212221,0.054535205500287134,0.04460714891363473,0.015075263148243617,0.02865710910746926,0.02883747668684485,1.192583129606923,0.08968776522550588,0.03422125686170411,0.23161074173135496]}
{"id": 7, "drone": 2, "position":(16.666666666666668,41.666666666666664,1.0), "time":117.13705660222526,"sensors":[7,12,11,8,5,35,3,10,29,38,2],"power":[0.008301190709459241,0.00970375577978734,0.03640443645441726,0.17726764494053282,0.032603285977602106,0.04872427201077657,0.017866200368823137,0.018745510499398255,0.009516965570113826,0.009285568138018226,0.011891734715288376]}
{"id": 8, "drone": 2, "position":(41.666666666666664,41.666666666666664,1.0), "time":629.1067469650422,"sensors":[12,20,27,0],"power":[0.04767562478576936,0.07899476626381367,0.5247043821971675,0.13424127351795784]}
{"id": 9, "drone": 5, "position":(41.666666666666664,33.333333333333336,1.0), "time":68.94259699084841,"sensors":[25,24,20,23,27,34,22,36,13],"power":[0.015680159415018144,0.009793996549494723,0.03528668220188156,0.011717536903236852,0.00872338956682334,0.014042016032980923,0.022479384104294956,0.0060485713090807,0.007834476100875867]}
{"id": 10, "drone": 5, "position":(8.333333333333334,33.333333333333336,1.0), "time":130.7490155073723,"sensors":[7,11,5,18,10,29,17,2],"power":[0.19220102840925307,0.01834986572232161,0.009788130986197869,0.03206994485915721,0.026984009706410232,0.06390728239342108,0.1096175743252574,0.034262908862601436]}
{"id": 11, "drone": 6, "position":(33.333333333333336,41.666666666666664,1.0), "time":70.83536861489945,"sensors":[25,12,23,27],"power":[0.00551329546933799,0.056755106104536705,0.00876205602541937,0.006016089542108572]}
{"id": 12, "drone": 6, "position":(41.666666666666664,8.333333333333334,1.0), "time":280.55978131481265,"sensors":[39,37,14,30,9,26,21],"power":[0.15420087565482327,0.7176708563825294,0.45046932308272797,1.6122046494488689,0.23537134799367238,0.031374069695504075,0.10084550996241602]}
{"id": 13, "drone": 8, "position":(33.333333333333336,33.333333333333336,1.0), "time":211.61718432396424,"sensors":[25,24,12,5,23,34,36,13],"power":[0.15670584911232258,0.06824713127077764,0.03586551332990656,0.0161979003185013,0.484189573684995,0.02526471489285612,0.0579116225484031,0.02034401367518185]}
{"id": 14, "drone": 8, "position":(33.333333333333336,25.0,1.0), "time":15.296413916738377,"sensors":[25,24,26,23,34,36,13],"power":[0.012529312152283605,0.06009187187658178,0.003444514866601312,0.006100061154010045,0.00456493549302505,0.05181854928081208,0.007132504159147205]}
{"id": 15, "drone": 0, "position":(16.666666666666668,33.333333333333336,1.0), "time":147.05751730010707,"sensors":[7,11,8,5,10,29,17,2],"power":[0.040335424616321724,0.3598240368416909,0.015523657813571172,0.09141068271769866,0.01102911134180967,0.011973184435177166,0.016153683460250857,0.0094879876712317]}
{"id": 16, "drone": 0, "position":(41.666666666666664,41.666666666666664,5.0), "time":100.00211742241243,"sensors":[20,27,0],"power":[0.009269947345061312,0.032635616225709894,0.01575872648204216]}
