LP RESULTS :
 Obj = 0.1*lambda1+0.9*lambda2 = 123.43410602246566 (lambda1 = 1216.3410602246565, lambda2 = 2.0) Resol time = 3424 ms

{"id": 0, "drone": 1, "position":(25.0,41.666666666666664,2.0), "time":46.21307316430526,"sensors":[31,36,4,16,30,11,20,10,38,28],"power":[0.004151046717436642,0.007427123143061569,0.002993578687909976,0.012482201250458456,0.003224672043633461,0.004931496880573444,0.14893699782790623,0.01233815051499788,0.017458937865337816,0.008490614400602994]}
{"id": 1, "drone": 1, "position":(8.333333333333334,16.666666666666668,1.0), "time":313.32442891838963,"sensors":[34,14,19,32,3,29,0,17,5,9,21,6,18],"power":[0.09007540822561688,0.04953229829326495,0.12462474479861022,0.025667987733837615,0.03333897520285785,1.3574038316296355,0.031710147661517384,0.0875650623161405,0.07007254372135872,0.049111926034726874,0.08949638782706552,0.03319236398265046,0.04950980575165476]}
{"id": 2, "drone": 2, "position":(16.666666666666668,41.666666666666664,1.0), "time":387.1605803277507,"sensors":[36,4,16,30,11,20,10,38],"power":[0.08756713762475533,0.14507021845588536,0.37893795639558653,0.09341031434031728,0.06496104303334209,0.08599062181209878,0.4671628025690043,0.039686065335705845]}
{"id": 3, "drone": 3, "position":(41.666666666666664,25.0,1.0), "time":46.21307316430557,"sensors":[13,15,1,35,22,33,7],"power":[0.0034436873396416403,0.004168001800110225,0.00930594661209872,0.0064606927633290845,0.004519753691236519,0.0030101171949080117,0.004271431763759135]}
{"id": 4, "drone": 3, "position":(41.666666666666664,33.333333333333336,1.0), "time":764.8787135555476,"sensors":[31,25,23,13,15,1,22,7,28],"power":[0.1175314891167488,0.09582348123206896,0.14574682517470874,0.05346386529414119,0.06621647682189803,0.14069405338790125,0.44907513727947973,0.3958563551195713,0.09442595549957855]}
{"id": 5, "drone": 5, "position":(8.333333333333334,8.333333333333334,1.0), "time":182.76527070836323,"sensors":[34,19,32,29,0,17,9,21,12,18],"power":[0.2651377154249484,0.012468809115206292,0.04101555526749,0.027768441349686385,0.1118093440300846,0.026253816954502088,0.021596701825445628,0.011882537897368232,0.01663931797473004,0.021816826376397983]}
{"id": 6, "drone": 5, "position":(33.333333333333336,25.0,1.0), "time":166.39895359649125,"sensors":[13,15,24,35,7,28],"power":[0.07582359098039952,0.10060769687898345,0.04094418344468654,0.019910722431214774,0.01699451708192417,0.02263845619674193]}
{"id": 7, "drone": 7, "position":(25.0,16.666666666666668,4.0), "time":288.22576422496945,"sensors":[14,32,3,24,9,12,18],"power":[0.05250774577241239,0.018956664317176474,0.08454419836225889,0.10706445425582366,0.05913237770944252,0.052295788758948,0.05568648671521482]}
{"id": 8, "drone": 7, "position":(16.666666666666668,8.333333333333334,1.0), "time":82.16847334613425,"sensors":[34,14,32,3,29,0,9,12,18],"power":[0.03391216008262736,0.008037432251729633,0.5106094789798854,0.010171268270747059,0.005732341186834648,0.006480508308397994,0.03562251422275959,0.08106489326632196,0.036752266346538776]}
{"id": 9, "drone": 8, "position":(8.333333333333334,41.666666666666664,1.0), "time":564.6026580920409,"sensors":[4,16,30,26,10,2],"power":[0.2403555425959281,0.06785825796512353,0.08850715560063985,0.11492329728487695,0.07008345706625042,0.15]}
{"id": 10, "drone": 8, "position":(16.666666666666668,25.0,2.0), "time":110.16267484553362,"sensors":[14,36,3,29,24,5,9,11,6,18],"power":[0.0561659341622977,0.018287120095540038,0.03123744738514795,0.013115052496452671,0.01375238331614615,0.010352011512927898,0.011896829444666619,0.02629721730862041,0.16316406819558463,0.01218950669494008]}
{"id": 11, "drone": 6, "position":(33.333333333333336,16.666666666666668,1.0), "time":238.85031990831203,"sensors":[13,39,15,24,35,27],"power":[0.017268856385817665,0.059589098095648836,0.018969178290295912,0.05331489226267998,0.14055447020344278,0.03431448163436792]}
{"id": 12, "drone": 6, "position":(41.666666666666664,41.666666666666664,1.0), "time":20.48557126775237,"sensors":[31,25,23,22,7,28],"power":[0.013621405046004878,0.05417651876793104,0.004253174825291264,0.005510289141094137,0.005710001019770399,0.0016568861420005515]}
{"id": 13, "drone": 0, "position":(8.333333333333334,25.0,3.0), "time":422.4597188896292,"sensors":[14,19,3,29,17,26,5,11,21,6],"power":[0.052347927548025946,0.13041975938377243,0.02811283750210476,0.11721278322069513,0.03618112072935739,0.06685345311616928,0.3323280584355842,0.029286701714742666,0.0888101816084725,0.13613529370675842]}
{"id": 14, "drone": 0, "position":(25.0,41.666666666666664,1.0), "time":218.3647486405597,"sensors":[31,36,4,16,30,11,20,10,38,7,28],"power":[0.02004910766089362,0.036718619136643045,0.01437920166210166,0.06174932177238753,0.016338135485432184,0.024523541062721366,1.2783088685785042,0.06254224316171829,0.09285499679895633,0.014222973452446037,0.04127672664884118]}
{"id": 15, "drone": 4, "position":(41.666666666666664,8.333333333333334,1.0), "time":500.8491961101843,"sensors":[8,39,35,37,27,33],"power":[0.15,0.3528376307025564,0.12202373849533012,0.267197288380183,0.2191883340013386,0.1552489569247396]}
