LP RESULTS :
 Obj = 0.1*lambda1+0.9*lambda2 = 123.70985993621524 (lambda1 = 1219.0985993621523, lambda2 = 2.0) Resol time = 5308 ms

{"id": 0, "drone": 5, "position":(41.666666666666664,16.666666666666668,1.0), "time":770.5663028017304,"sensors":[25,10,23,30,18,39,14,3,27,37],"power":[1.585408267779643,0.08783585366430577,0.2166596229011875,0.15835343594179882,0.13941772343559647,0.133839932635969,0.17583719133839942,0.13383908938700317,0.053927317651711326,0.16489777628006522]}
{"id": 1, "drone": 0, "position":(8.333333333333334,41.666666666666664,1.0), "time":680.2141856940896,"sensors":[32,29,5,0,26,12,16,1,19],"power":[0.2081712479392954,0.1728162976021072,0.3726560089106562,0.2751011841720982,0.37229883155616356,0.12686724523921222,0.08200691591036978,0.07418320115388866,0.22625735014691797]}
{"id": 2, "drone": 0, "position":(41.666666666666664,16.666666666666668,5.0), "time":122.61175332060645,"sensors":[25,10,23,30,18,39,14,3,37],"power":[0.05389337637393137,0.010871356725556468,0.024434362209531855,0.01843599096554879,0.01638437334263581,0.016160067364030997,0.020623388047225643,0.01599245173416981,0.020355299516213114]}
{"id": 3, "drone": 1, "position":(41.666666666666664,41.666666666666664,1.0), "time":1183.3183282275409,"sensors":[20,2,17,28,22],"power":[0.2217090794011001,1.1352562231417371,0.13331211321418537,0.17988978140007095,0.15]}
{"id": 4, "drone": 1, "position":(33.333333333333336,41.666666666666664,1.0), "time":0.398527732004311,"sensors":[20,2,17],"power":[6.856708049229567E-5,4.323412845059878E-5,8.01283207188959E-4]}
{"id": 5, "drone": 6, "position":(33.333333333333336,25.0,1.0), "time":35.3817434026071,"sensors":[20,36,25,24,30,14],"power":[0.005619997524177773,0.017276461363609812,0.002366959552920738,0.07243053676062026,0.003586702426721777,0.025285960039291244]}
{"id": 6, "drone": 6, "position":(8.333333333333334,8.333333333333334,1.0), "time":802.6217355918099,"sensors":[11,21,38,6,7,4],"power":[0.3200626949108165,0.1267489222565138,0.0882960835240474,0.17482961613947623,3.5443216213659197,0.17785331960546577]}
{"id": 7, "drone": 7, "position":(25.0,41.666666666666664,1.0), "time":35.38174340260708,"sensors":[29,5,0,17,12,1],"power":[0.006183809926974822,0.0026496901505077114,0.002357408886776349,0.015886603578625633,0.005399540883352975,0.008103265959875816]}
{"id": 8, "drone": 7, "position":(25.0,8.333333333333334,1.0), "time":416.47686377034245,"sensors":[21,38,8,31,27,35],"power":[0.09053259151855053,0.06756941602885658,1.1000698478487805,0.14645741424441783,0.10467374503388452,0.15565330394816118]}
{"id": 9, "drone": 2, "position":(16.666666666666668,41.666666666666664,1.0), "time":96.95718053870678,"sensors":[32,29,5,0,26,15,12,16,1],"power":[0.0069658321580317924,0.3906986404336829,0.05796115570298826,0.03709639251213734,0.0071681454211830024,0.007606247783542604,0.0748832776462628,0.006898440769399543,0.04916175319237879]}
{"id": 10, "drone": 4, "position":(8.333333333333334,25.0,1.0), "time":441.92723312935607,"sensors":[32,13,9,15,34,16,33],"power":[0.05000026880119155,0.05219892497640874,0.20199909896305368,0.10526137415318325,0.5309627894507435,0.18010646176097084,0.05840978743081724]}
{"id": 11, "drone": 3, "position":(41.666666666666664,8.333333333333334,1.0), "time":32.055432790079465,"sensors":[25,10,23,31,3,27,37],"power":[0.0051217221627304545,0.051292789610137744,0.06075681060196098,0.0035425857555821685,0.007164298347965422,0.0058801842811241675,0.018569766680906933]}
{"id": 12, "drone": 3, "position":(25.0,25.0,1.0), "time":290.5387998372083,"sensors":[13,36,9,15,24,14,1,33],"power":[0.12247516031531938,0.31579361236125153,0.029235448917741724,0.03713237806327414,0.07756946323937974,0.03902123366816829,0.01855177969385673,0.11207571085830337]}
