LP RESULTS :
 Obj = 0.1*lambda1+0.9*lambda2 = 91.22132772364644 (lambda1 = 894.2132772364644, lambda2 = 2.0) Resol time = 701 ms

{"id": 0, "drone": 7, "position":(25.0,25.0,1.0), "time":36.56207959572571,"sensors":[25,5,38,0,31,18],"power":[0.06934234241789183,0.002658477915312423,0.006639872253496055,0.04643038689876342,0.006296271734053443,0.004104023971730617]}
{"id": 1, "drone": 7, "position":(16.666666666666668,8.333333333333334,1.0), "time":389.92413454712755,"sensors":[4,29,21,38,17,3,8,11],"power":[0.033698592553088005,0.03177807216983378,0.07866855450320463,0.06480968958075434,0.059099735972515756,0.21836808098541519,0.03292199737584783,0.328754003135766]}
{"id": 2, "drone": 3, "position":(41.666666666666664,33.333333333333336,1.0), "time":546.7917024724449,"sensors":[5,36,30,13,31,19,2,6,24],"power":[0.23254854538604045,0.12354442481864636,0.16762557663349756,0.04434572407830802,0.04807685770330805,0.07987555564772511,0.08777513352060591,0.6357155291999055,0.8209087300183894]}
{"id": 3, "drone": 3, "position":(41.666666666666664,8.333333333333334,1.0), "time":101.02061364643751,"sensors":[4,27,33,26,16,12,39,22,37,7,20],"power":[0.0075535446549999455,0.051689237517479246,0.19794703661393304,0.02502230240100185,0.03212148399778511,0.02937571012374917,0.027568206048095827,0.02456537098049158,0.032084893212002176,0.06464854155648313,0.1481667365117633]}
{"id": 4, "drone": 0, "position":(25.0,16.666666666666668,4.0), "time":93.67854735122111,"sensors":[4,25,21,38,17,0,31],"power":[0.015241602317986136,0.022635291616299368,0.0120474681685387,0.04543718937347327,0.024937090691969838,0.031881590451340924,0.008430321519534807]}
{"id": 5, "drone": 0, "position":(33.333333333333336,8.333333333333334,1.0), "time":120.56309018010342,"sensors":[4,21,27,33,26,17,16,12,39,22,37,7,20],"power":[0.09504765575045378,0.026546302974657265,0.038231312512835465,0.022550167424503654,0.01919868541674617,0.03232606667735253,0.027959530217988512,0.04373696386960116,0.015474633243081376,0.010372310960661551,0.017920373219497215,0.02277710916255678,0.061728510482388976]}
{"id": 6, "drone": 4, "position":(8.333333333333334,33.333333333333336,1.0), "time":79.00672997685194,"sensors":[23,10,32,9,35,18],"power":[0.005349160238996022,0.021320933279632782,0.07846414853450111,0.022170105765497206,0.038126923700916346,0.008144026088888048]}
{"id": 7, "drone": 4, "position":(41.666666666666664,8.333333333333334,5.0), "time":643.8152520944519,"sensors":[27,33,26,16,12,39,22,37,7,20],"power":[0.18003882088637568,0.2794324615833729,0.11391481499766366,0.14033285149164465,0.13113424164678786,0.12297331496948011,0.11506231805884687,0.13939223551786317,0.19278297086794755,0.2617044240228992]}
{"id": 8, "drone": 2, "position":(16.666666666666668,41.666666666666664,1.0), "time":615.5131056544142,"sensors":[23,28,14,34,35,15],"power":[0.5039962682251038,0.24667826252440045,0.10304954330552513,0.149162594245213,0.09724163054313884,0.08134078390622479]}
{"id": 9, "drone": 2, "position":(41.666666666666664,25.0,1.0), "time":14.169067536992987,"sensors":[5,27,31,39,2,6,7,24],"power":[0.003538606061612248,0.0010442411733653958,0.0036794121224995474,0.0024611670948400566,0.05815516514454466,0.004602236011391199,0.0012978158957896292,0.0029665908995507996]}
{"id": 10, "drone": 8, "position":(41.666666666666664,41.666666666666664,1.0), "time":147.72813315882124,"sensors":[5,36,30,13,19,6,24],"power":[0.013687039854816296,0.026455575181353618,0.08637079571948117,0.10565427592169198,0.04357936446167071,0.01710679510422137,0.025629853602364198]}
{"id": 11, "drone": 8, "position":(8.333333333333334,33.333333333333336,4.0), "time":199.6934416051979,"sensors":[10,32,9,35,18],"power":[0.04317510298776228,0.09143302978598997,0.044345867746913965,0.06300515019596309,0.017979726758092653]}
{"id": 12, "drone": 1, "position":(25.0,8.333333333333334,1.0), "time":0.6602650099596303,"sensors":[4,21,38,17,0,12,3,11],"power":[6.781504130502355E-4,0.00322570426696818,1.1771404089838664E-4,0.0016137699913579915,4.227938301401739E-5,4.9025185353342605E-5,6.020942954092198E-5,5.1145180799195865E-5]}
{"id": 13, "drone": 1, "position":(25.0,16.666666666666668,1.0), "time":188.366626501601,"sensors":[4,25,21,38,17,0,31,18],"power":[0.035871792486419675,0.05620471443850683,0.029511970086631218,0.2117641409368852,0.067420739925938,0.10423205824480479,0.019000305655127638,0.012997684177296036]}
{"id": 14, "drone": 6, "position":(8.333333333333334,8.333333333333334,1.0), "time":503.6288776793772,"sensors":[29,1,3,8,11],"power":[0.11822192783016623,0.06406949915831187,0.1553715277447119,0.32274880629908015,0.4837151561917784]}
{"id": 15, "drone": 6, "position":(33.333333333333336,25.0,1.0), "time":14.645253778478676,"sensors":[25,5,27,0,31,39,2,6],"power":[0.0018176515273019415,0.004771652208714922,9.528769539972253E-4,0.0035300951898128803,0.06451683126547651,0.0012964116821060172,0.004069701334849422,0.0011559048319533419]}
{"id": 16, "drone": 5, "position":(8.333333333333334,25.0,1.0), "time":390.58439955708724,"sensors":[10,1,32,9,18],"power":[0.08550396373260494,0.09295530274319204,0.1289514774186264,1.0087375597887385,0.16932501762624724]}
{"id": 17, "drone": 5, "position":(25.0,41.666666666666664,1.0), "time":199.69344160519813,"sensors":[23,28,14,30,34,19,15],"power":[0.09798110188388535,0.31711122623198107,0.046950456694474854,0.014342707566763715,0.5966470500010423,0.03189281577478991,0.53840562847866]}
