LP RESULTS :
 Obj = 0.1*lambda1+0.9*lambda2 = 119.11928114386875 (lambda1 = 1173.1928114386874, lambda2 = 2.0) Resol time = 6360 ms

{"id": 0, "drone": 1, "position":(25.0,8.333333333333334,1.0), "time":273.6952849535269,"sensors":[1,24,5,20,21,32],"power":[0.08478709982089823,1.009632884479771,0.07368220061889379,0.20645507863171414,0.07586327087061882,0.018781637343054346]}
{"id": 1, "drone": 7, "position":(25.0,33.333333333333336,3.0), "time":278.12110708095554,"sensors":[30,16,34,0,19,37,11,12,3,27,32],"power":[0.020608067930624682,0.020860044856081884,0.12180107089348015,0.032729057408144,0.19743537003986933,0.15455367645606802,0.07216515687448151,0.02800303863832734,0.22200235293542794,0.20909196648441164,0.024502561483218617]}
{"id": 2, "drone": 7, "position":(33.333333333333336,25.0,1.0), "time":22.866517491280547,"sensors":[30,25,29,2,19,31,12,14,32],"power":[0.004044799810944371,0.003057351028957825,0.04328724447991298,0.00648531758124149,0.004035348280016643,0.0036615504203325157,0.008331405431886815,0.004808743342241944,0.004136736806817085]}
{"id": 3, "drone": 8, "position":(8.333333333333334,41.666666666666664,2.0), "time":1083.9868423458004,"sensors":[35,8,33,38],"power":[0.6040978088847961,0.11347287791267027,0.15,0.09315779284778189]}
{"id": 4, "drone": 2, "position":(33.333333333333336,41.666666666666664,1.0), "time":308.22120762136933,"sensors":[30,36,39,16,34,0,18,19,11,3],"power":[0.052782821410749345,0.1779030728214458,0.136671839236456,0.27649873838087363,0.020020008791728834,0.15780117344891073,0.022976029211348198,0.04715533403708618,0.14459279332627498,0.021299164194925172]}
{"id": 5, "drone": 0, "position":(41.666666666666664,33.333333333333336,2.0), "time":48.85304983497587,"sensors":[30,36,4,39,2,18,19,23,14],"power":[0.038711826931780546,0.0031168639379933814,0.003552197003281509,0.013328160763543971,0.020998775964543,0.05882765630923127,0.0033337512083783803,0.010643877779140217,0.008785808510600146]}
{"id": 6, "drone": 0, "position":(41.666666666666664,25.0,1.0), "time":515.1309294101062,"sensors":[30,25,4,9,29,2,18,31,23,14],"power":[0.091540759671639,0.07048341844698712,0.14644780299671853,0.038188265128637114,0.08206495867697573,0.5997843775965946,0.06819631447942054,0.10393631945196846,0.24402156667159303,4.987187624065015]}
{"id": 7, "drone": 4, "position":(33.333333333333336,8.333333333333334,1.0), "time":36.31184444372329,"sensors":[22,1,17,15,25,24,5,31,20],"power":[0.0024033757332102856,0.12499245899029952,0.003679706668097277,0.013431369245809486,0.0077148366970043744,0.011475199095342658,0.018232180321672953,0.005295486218699519,0.0033490540273801686]}
{"id": 8, "drone": 4, "position":(8.333333333333334,33.333333333333336,1.0), "time":89.20596909288702,"sensors":[6,10,35,8,34,37,27,38],"power":[0.015983942680537315,0.007942301910715682,0.015329081058495642,0.0800987615652852,0.006318596431503789,0.007089462625524425,0.006245419476610584,0.0568422071522181]}
{"id": 9, "drone": 3, "position":(41.666666666666664,8.333333333333334,1.0), "time":598.8835200935779,"sensors":[22,1,17,15,25,9,5,7,31],"power":[0.24115313844347244,0.0916278538355873,0.7681289046485641,1.2536180349485373,0.13248016022567594,0.14024068140624915,0.058085619059433255,0.15791702325834678,0.11016513471566063]}
{"id": 10, "drone": 3, "position":(8.333333333333334,8.333333333333334,1.0), "time":214.0201094252172,"sensors":[10,28,13,26,21],"power":[0.014688700473271315,0.04174430600182867,0.06750515604229561,0.04493525270848799,0.0366468095370242]}
{"id": 11, "drone": 5, "position":(16.666666666666668,8.333333333333334,1.0), "time":685.4774170599434,"sensors":[13,24,20,21],"power":[0.08249484395770437,0.0980233415836498,0.2526222727270872,4.2294411816728585]}
{"id": 12, "drone": 5, "position":(25.0,25.0,1.0), "time":99.67666771681874,"sensors":[29,34,19,37,12,3,27,32],"power":[0.024647796843111743,0.009098309762507879,0.019852512806105442,0.01902997436175231,0.11366555592978583,0.013906673784680844,0.017009582155588773,0.1344059962366195]}
{"id": 13, "drone": 6, "position":(8.333333333333334,16.666666666666668,5.0), "time":869.9667329205829,"sensors":[6,10,28,26],"power":[0.13401605731946267,0.2585900358060499,0.28531189029310644,0.2481290173123943]}
