LP RESULTS :
 Obj = 0.1*lambda1+0.9*lambda2 = 97.29511160672836 (lambda1 = 954.9511160672836, lambda2 = 2.0) Resol time = 1505 ms

{"id": 0, "drone": 7, "position":(41.666666666666664,25.0,1.0), "time":197.84102439235903,"sensors":[17,5,1,37,0],"power":[0.09996977480880159,0.09777744387396219,0.018377112723489637,0.07034733930202974,0.05286809544875537]}
{"id": 1, "drone": 7, "position":(25.0,8.333333333333334,1.0), "time":176.89745651299256,"sensors":[4,27,32,31,36,13,3,33],"power":[0.024004779434901497,0.017705562468782906,0.01648901827435779,0.015864016041816243,0.03258558531091023,0.05779425986909791,0.1973711086150007,0.039711723694454144]}
{"id": 2, "drone": 0, "position":(8.333333333333334,33.333333333333336,1.0), "time":32.773555821932256,"sensors":[7,12,6,30,38,29,2,19,35,15,18],"power":[0.004210922978037028,0.003770944307018113,0.10110070607018129,0.00285709750300516,0.011470898988606077,0.04540839866823647,0.08196320120196274,0.011525136714476815,0.09022745146915363,0.002312173987421555,0.009244706588459465]}
{"id": 3, "drone": 0, "position":(8.333333333333334,41.666666666666664,1.0), "time":220.15035541902336,"sensors":[8,12,6,30,38,29,2,19,35],"power":[0.0625491344613655,0.05456649755544189,0.07738624044501956,0.027684424931560175,0.231931448726974,0.029513925513789774,0.05830188320004092,0.7156199048539013,0.0742991501934039]}
{"id": 4, "drone": 3, "position":(25.0,16.666666666666668,1.0), "time":25.552844032813482,"sensors":[4,27,16,32,13,3,33,23],"power":[0.004341131254140784,0.018866260456956222,0.0018284656724870175,0.0037628786535722604,0.0030298783451994608,0.002981777365096347,0.006507047568360427,0.00611434099441601]}
{"id": 5, "drone": 3, "position":(41.666666666666664,33.333333333333336,1.0), "time":429.8354819400716,"sensors":[17,9,25,5,11,1,37,39,0],"power":[0.06144719937337957,0.04297332205604497,0.06477816003192714,0.0426159025096599,0.034542900351990063,0.13200624564724303,1.4198760940189143,0.12396616551075708,0.09713190455124464]}
{"id": 6, "drone": 6, "position":(25.0,41.666666666666664,1.0), "time":174.96565861216396,"sensors":[10,20,28,12,21,9,34,25,30,1,22,26],"power":[0.1831968335926658,0.7489118865362011,0.043011721671826285,0.032945455223200054,0.01794709655554116,0.023755207738495637,0.06100812054065089,0.028860173449570446,0.05683346230773231,0.015475624550212574,0.049722030907442205,0.06526669709941826]}
{"id": 7, "drone": 6, "position":(8.333333333333334,16.666666666666668,1.0), "time":407.268527529052,"sensors":[7,27,16,32,36,13,24,15,33,18,23],"power":[0.1325244729057324,0.027173677633055643,0.34349697682510055,0.11930237568217128,0.029607534723581644,0.026817543038229485,0.2598601496011571,0.10966804416714138,0.05441565082972238,0.03224857198017608,0.040143003873804275]}
{"id": 8, "drone": 5, "position":(8.333333333333334,25.0,1.0), "time":264.1388981725073,"sensors":[7,16,32,6,24,29,2,35,15,18,23],"power":[0.44027300285205506,0.06789261361685099,0.022826907437049116,0.03606382658764755,0.023931934484355863,0.07507767581797375,0.04055029066208261,0.03570933750576848,0.08462405516843577,0.10850672143136436,0.02927737616154524]}
{"id": 9, "drone": 5, "position":(41.666666666666664,16.666666666666668,1.0), "time":38.61791145619134,"sensors":[4,17,5],"power":[0.008299057321637462,0.006282006588856192,0.00960665361637793]}
{"id": 10, "drone": 2, "position":(16.666666666666668,8.333333333333334,1.0), "time":81.09338981991823,"sensors":[27,16,32,36,13,24,3,33],"power":[0.007794714744991173,0.009248973323538722,0.025244710552591202,0.2685412115617946,0.33245142745439116,0.00548935395462541,0.008252441665111762,0.04936557790746606]}
{"id": 11, "drone": 2, "position":(41.666666666666664,41.666666666666664,1.0), "time":123.357196374629,"sensors":[25,11,1,37,39],"power":[0.032901549268646725,0.11455179841927184,0.021756527678646193,0.016585320234857932,0.057493940819865974]}
{"id": 12, "drone": 8, "position":(25.0,25.0,1.0), "time":257.9908463329108,"sensors":[27,17,21,9,34,22,23],"power":[0.07792153644394559,0.027723001545196517,0.09427687221702626,0.04738154929305233,0.03582781286618592,0.042046754209534076,0.07749375178531008]}
{"id": 13, "drone": 8, "position":(33.333333333333336,8.333333333333334,1.0), "time":474.8201463591095,"sensors":[4,14,31,3],"power":[0.2550205986254357,0.15000000000000002,0.19179701978721214,0.19212234435136297]}
{"id": 14, "drone": 1, "position":(33.333333333333336,16.666666666666668,1.0), "time":6.1480518395974855,"sensors":[4,27,17,3],"power":[0.009294243482264071,5.382482522685264E-4,0.001288088739394847,5.77980683712949E-4]}
{"id": 15, "drone": 1, "position":(33.333333333333336,33.333333333333336,1.0), "time":24.517800106155946,"sensors":[20,17,21,9,34,25,1,37,22],"power":[0.0016194043303643963,0.004316181973246028,0.002573164659137092,0.035176003381826054,0.004384417815334317,0.007478079902717865,0.060153999661203064,0.005466345936097324,0.0051366984704921265]}
{"id": 16, "drone": 4, "position":(33.333333333333336,41.666666666666664,1.0), "time":4.433954641905373,"sensors":[10,20,9,34,25,11,1,37,39,22,26],"power":[7.931752590274172E-4,6.669955421534366E-4,7.139175305809952E-4,5.321577739649015E-4,0.01598203734713781,9.053012287380727E-4,0.001333660450136509,3.195625605355785E-4,2.926936396929815E-4,5.175525271134418E-4,3.089916979124042E-4]}
{"id": 17, "drone": 4, "position":(16.666666666666668,41.666666666666664,1.0), "time":437.8883066538208,"sensors":[10,8,20,28,12,6,21,34,30,38,2,19,35,22,26],"power":[0.0785928877571768,0.0874508655386345,0.14280410659691595,0.10698827832817372,4.210038233091326,0.05213164768614263,0.03520286656829549,0.06588081464474446,0.7749383350137964,0.045006459650518964,0.07404303187886782,0.08979218920449616,0.044293138116292236,0.052736518784702986,0.1466440853369451]}
