LP RESULTS :
 Obj = 0.1*lambda1+0.9*lambda2 = 92.293510231071 (lambda1 = 904.9351023107099, lambda2 = 2.0) Resol time = 11389 ms

{"id": 0, "drone": 4, "position":(33.333333333333336,8.333333333333334,1.0), "time":172.43093462258742,"sensors":[14,26,30,29,13,0],"power":[0.47886513056083374,0.013404620798740207,0.011151852630991187,0.044773493916931445,0.10192846264349989,0.05841096676034081]}
{"id": 1, "drone": 4, "position":(41.666666666666664,33.333333333333336,1.0), "time":542.1691292263392,"sensors":[17,19,27,36,10,25],"power":[0.16407235586415173,0.3188968696327985,0.15,0.15686614667777873,0.2602726730672365,0.3089817794045136]}
{"id": 2, "drone": 7, "position":(41.666666666666664,25.0,1.0), "time":187.6337457081836,"sensors":[15,19,27,10,39,25],"power":[0.02599797224946843,0.2524253680970469,0.07296732592508356,0.014824152549038403,0.04461545045931797,0.27382425237012237]}
{"id": 3, "drone": 7, "position":(25.0,41.666666666666664,1.0), "time":414.9269036026524,"sensors":[3,2,21,23],"power":[0.43731582081028136,0.22044461720043407,0.4139426097015525,0.15]}
{"id": 4, "drone": 5, "position":(16.666666666666668,8.333333333333334,1.0), "time":717.3013566025263,"sensors":[24,11,5,31,28,7,12,8,0,1,38],"power":[0.440102418361269,0.06765617204323468,0.07694890809367544,0.31357020699100147,0.3955464968001908,0.10409447079559789,0.1212539413111281,0.15174175102477813,0.076198875342691,0.7177267952873424,0.25192772601701063]}
{"id": 5, "drone": 5, "position":(8.333333333333334,25.0,1.0), "time":8.540423633920923,"sensors":[4,9,37,18,11,5,32,28,7,6,8,20],"power":[0.0023947865626413583,0.0020022780774486097,0.052731882878508544,0.0013664989147603535,0.002507675377848223,0.0020896831962670484,0.0011383772784488038,5.409888741331281E-4,0.0013973093453331223,6.541352849524175E-4,0.0012301485783117357,0.00213996342884131]}
{"id": 6, "drone": 1, "position":(8.333333333333334,41.666666666666664,1.0), "time":490.00819870805753,"sensors":[34,21,18,32,23,16],"power":[0.3697880230958647,0.034073520437377464,0.05936584167506022,0.08117413517735624,0.043890389788549054,0.19149231632911853]}
{"id": 7, "drone": 0, "position":(41.666666666666664,41.666666666666664,3.0), "time":175.13222737618707,"sensors":[17,2,36,10],"power":[0.14295168374253636,0.01434197009601295,0.04527390890091845,0.05191539937949156]}
{"id": 8, "drone": 0, "position":(16.666666666666668,25.0,1.0), "time":17.061338346463305,"sensors":[4,9,37,24,11,5,28,7,6,8,20,1],"power":[0.001376122536295169,0.07641313597139811,0.0030701006456611574,0.0016083973398306741,0.005036461576504589,0.0024125467294886732,0.0013463336744477079,0.001669256579952857,0.013649993619968413,0.0028513776713870492,0.02934498357099304,0.0013158674436024192]}
{"id": 9, "drone": 2, "position":(8.333333333333334,16.666666666666668,1.0), "time":128.86055512317571,"sensors":[4,9,37,24,11,5,31,28,7,12,8,20,1,38],"power":[0.28980640046035977,0.01026618864469744,0.022593784837413557,0.026250605630661786,0.0747996910024125,0.5565095610158981,0.028899758122918666,0.038595401060439294,0.5267955103714618,0.05414706439724026,0.07236387400833062,0.008410092883449015,0.019057179290237158,0.04431223508402587]}
{"id": 10, "drone": 2, "position":(8.333333333333334,33.333333333333336,5.0), "time":385.7681208497678,"sensors":[9,34,37,18,32,20],"power":[0.03954286865260944,0.0463147129664843,0.0716042316384167,0.09626817789620869,0.10317915553244275,0.05337280942342493]}
{"id": 11, "drone": 6, "position":(25.0,8.333333333333334,1.0), "time":15.202811085596238,"sensors":[14,24,28,29,13,0,1],"power":[0.004589343648548561,0.0022652963583026935,0.0014265356766056316,0.0013941277181484285,0.0016728160997695894,0.015390157896968187,0.0030718985455445965]}
{"id": 12, "drone": 6, "position":(25.0,25.0,1.0), "time":364.7046643573822,"sensors":[15,9,6,20],"power":[0.12400202775053155,0.07035421019930162,0.3369742143230738,0.05673215069329171]}
{"id": 13, "drone": 8, "position":(41.666666666666664,8.333333333333334,1.0), "time":717.3013566025263,"sensors":[14,26,30,35,29,22,39,13,33],"power":[0.10246289888231819,0.4924415617994279,0.402702094128739,0.14999999999999997,0.10383237836492012,0.15441224228720699,0.12509287165076322,0.1637959856856699,0.34164109070998866]}
