LP RESULTS :
 Obj = 0.1*lambda1+0.9*lambda2 = 103.56492544127708 (lambda1 = 1017.6492544127708, lambda2 = 2.0) Resol time = 9047 ms

{"id": 0, "drone": 2, "position":(25.0,25.0,1.0), "time":95.17718707617318,"sensors":[8,2,18,17,34,24],"power":[0.010514454998697544,0.11862856351702272,0.01840842776896592,0.02216794776869488,0.014456704710069362,0.022753182757337783]}
{"id": 1, "drone": 2, "position":(8.333333333333334,41.666666666666664,1.0), "time":62.13630357195183,"sensors":[36,0,3,38,6],"power":[0.07653320067955965,0.00459085725916304,0.03797729447708571,0.011348415443485171,0.010513766628196359]}
{"id": 2, "drone": 0, "position":(25.0,16.666666666666668,1.0), "time":22.20765975561113,"sensors":[8,2,18,4,26,17,24,22,21],"power":[0.002792938856020528,0.012679936981279418,0.010292440970711083,0.0019639687990109104,0.0017523448795324014,0.0016949299254302144,0.08664667962406841,0.002890582761520424,0.0071003572182416945]}
{"id": 3, "drone": 0, "position":(41.666666666666664,33.333333333333336,1.0), "time":289.91735154553817,"sensors":[7,15,33,10,35],"power":[0.08133854425894961,0.08236290137566467,0.5914654829616387,0.06402936198282357,0.34943387181572283]}
{"id": 4, "drone": 5, "position":(8.333333333333334,8.333333333333334,1.0), "time":0.6388006119810825,"sensors":[8,19,25,12,1,16,14],"power":[4.06599112953913E-5,5.230764874990236E-5,1.5561135805863106E-4,0.0036047665264126835,5.140978293373395E-5,5.308208599395674E-4,2.107847410709156E-4]}
{"id": 5, "drone": 5, "position":(16.666666666666668,41.666666666666664,1.0), "time":785.7041692036261,"sensors":[36,30,5,34,3,38,6],"power":[0.0726224270454803,0.17379143804280306,0.15,0.13815110660297486,0.13359586063011133,0.14828678178070184,0.10496713351615354]}
{"id": 6, "drone": 1, "position":(8.333333333333334,25.0,1.0), "time":71.66970922422887,"sensors":[8,19,18,0,17,20,1,34,32,14,3,6],"power":[0.01596677267505806,0.011940857747441223,0.004824351720093818,0.08266147773954463,0.01428360778030848,0.15849436668200673,0.06645220833546908,0.005631528272984831,0.3236473978434706,0.009320637897223056,0.007102446152258966,0.01568700844721414]}
{"id": 7, "drone": 1, "position":(41.666666666666664,41.666666666666664,1.0), "time":658.3471432374735,"sensors":[15,33,10,27,11,29,35],"power":[0.11310358623259226,0.11530519895256222,1.8755246525512848,0.14999999999999997,0.16890925689330272,0.21810365054596875,0.07834249604569381]}
{"id": 8, "drone": 3, "position":(41.666666666666664,8.333333333333334,1.0), "time":289.91735154553817,"sensors":[31,28,13,37,4,26,23,9,39],"power":[0.050945352632002665,0.07698286810850849,0.10865915671278925,0.18044365789535846,0.08964329390054802,0.08671311096379375,0.10857255371645273,0.20852106644535345,0.04669011007937768]}
{"id": 9, "drone": 3, "position":(41.666666666666664,25.0,1.0), "time":69.38475962975917,"sensors":[7,31,15,33,23,35,39],"power":[0.022618280278394604,0.0047475622277584895,0.005617108768071506,0.015868810641503465,0.00633965339609007,0.02158401155804104,0.017059809936407766]}
{"id": 10, "drone": 8, "position":(41.666666666666664,16.666666666666668,1.0), "time":658.3471432374735,"sensors":[7,31,28,13,37,4,26,23,9,39],"power":[0.046043175462655746,0.1636291508504005,0.07301713189149149,0.04902950159104076,0.04404307440345523,0.20173530631195305,0.08504321382141909,0.4716618205926238,0.2375015492560056,1.2867106155465595]}
{"id": 11, "drone": 8, "position":(8.333333333333334,33.333333333333336,1.0), "time":4.785290684148585,"sensors":[36,0,17,20,1,34,32,3,6],"power":[8.44372274960036E-4,0.0033028736273978143,5.512700087846694E-4,6.163991486642834E-4,3.888132745026764E-4,6.909675670479455E-4,0.001043533004350956,0.006717729381389001,0.008373359989761546]}
{"id": 12, "drone": 7, "position":(25.0,8.333333333333334,1.0), "time":47.17709987414804,"sensors":[2,25,13,18,4,26,24,22,21],"power":[0.0030297305063072045,0.005868749441807441,0.00412136917620053,0.005562049542446163,0.004220715825860585,0.007476873053773425,0.008634870482715344,0.06946767997698557,0.09903787959153924]}
{"id": 13, "drone": 7, "position":(8.333333333333334,16.666666666666668,1.0), "time":526.3991085583558,"sensors":[8,19,12,18,0,17,20,1,32,16,14],"power":[0.1414933829442044,0.14003801872559277,0.11480080242281751,0.05712791277511201,0.04801618293744217,0.03624961805238279,0.1888451248239329,0.46451256557921206,0.10772622164264782,0.17116965172655493,1.0886146318609267]}
{"id": 14, "drone": 4, "position":(16.666666666666668,16.666666666666668,1.0), "time":6.1370958327703935,"sensors":[8,2,25,12,18,17,20,1,32,16,24,14,22,21],"power":[0.006795284615120242,0.0011870993459884586,4.7883936946248323E-4,4.7078869974892697E-4,0.00963276483189815,9.495354943821401E-4,0.0010965825948861137,0.0010427242330528289,7.751922758534462E-4,4.443707531611149E-4,0.0019543987105120017,8.55007227610908E-4,6.299233785394924E-4,0.0011484306898274803]}
{"id": 15, "drone": 4, "position":(16.666666666666668,25.0,1.0), "time":60.312898224594186,"sensors":[8,2,18,0,17,20,1,34,32,24,6],"power":[0.030289897744347923,0.014474669649402184,0.015640445200086853,0.01142860843645235,0.28728702504460224,0.016328381360196,0.010635583456721012,0.01509912295384525,0.018706597609243047,0.008584801992022847,0.01045873141867441]}
{"id": 16, "drone": 6, "position":(16.666666666666668,8.333333333333334,1.0), "time":188.5684958668893,"sensors":[8,25,12,18,16,24,14,22,21],"power":[0.01889863192297823,0.14544658476301758,0.031123642351020858,0.02851160719068602,0.017367100073457584,0.021426066433343615,0.019249831905808153,0.07701181388295451,0.058613585462435565]}
