LP RESULTS :
 Obj = 0.1*lambda1+0.9*lambda2 = 122.30216340735251 (lambda1 = 1205.021634073525, lambda2 = 2.0) Resol time = 2214 ms

{"id": 0, "drone": 1, "position":(41.666666666666664,33.333333333333336,1.0), "time":234.7462750014413,"sensors":[26,33,17,12,37,24,34,16,13,2],"power":[0.017057517163900828,0.04265130288348783,0.09170289755125789,0.21783261255937147,0.35554539812342245,0.13529623950977696,0.08113101871252924,0.04791524730355436,0.035094044400693525,0.0746691283599813]}
{"id": 1, "drone": 1, "position":(8.333333333333334,8.333333333333334,1.0), "time":761.4504786937581,"sensors":[14,32,38,18,27,4],"power":[0.8630523385686634,0.19445234706627548,0.05927103364529265,0.08559512535452234,0.15,0.265240815165083]}
{"id": 2, "drone": 0, "position":(25.0,8.333333333333334,1.0), "time":300.68011841037435,"sensors":[22,25,39,36,23,1,38,3,18,35,4,20],"power":[0.023707110936225885,0.35118762810118936,0.07107634295625366,0.5867605473441956,0.03818241437326858,0.08869138758836016,0.04378121066866474,0.1892700105094126,0.030842136077215712,0.2521171065232888,0.03753879402807909,0.05416193910022065]}
{"id": 3, "drone": 0, "position":(16.666666666666668,41.666666666666664,1.0), "time":314.2186207516864,"sensors":[5,8,19,30],"power":[0.053282891035242676,0.19346001712658956,0.07127752049766461,0.08952184639425527]}
{"id": 4, "drone": 3, "position":(25.0,41.666666666666664,1.0), "time":134.2181336823725,"sensors":[33,8,19,30,16],"power":[0.010635553840359753,0.13353766924181257,0.06821678885698677,0.12558091813087136,0.019303327954937784]}
{"id": 5, "drone": 3, "position":(33.333333333333336,8.333333333333334,1.0), "time":398.8081178283328,"sensors":[22,25,39,0,36,23,21,1,11,10,3,35,28,20],"power":[0.07563305719460285,0.04584076775858676,0.032107510112367746,0.12641955524761886,0.07663226961133701,0.7310264778950334,0.03124293270109169,0.04277857182762611,0.044535870888609656,0.07711964866716849,0.075392890763596,0.11013676012523262,0.0769386950098194,0.10430529367937573]}
{"id": 6, "drone": 5, "position":(33.333333333333336,33.333333333333336,1.0), "time":614.4588977828589,"sensors":[7,26,33,17,12,21,37,24,34,9,16,13,31,2],"power":[0.08069232503688625,0.2596886360675519,0.11137794419240037,0.04414878021168215,0.05279612099444439,0.046988795118903665,0.21397869282395984,0.04782421224945111,0.04189243998899394,0.04869416242412468,0.3192982556266558,0.055314613155076554,0.07218689894450848,0.046758156014119714]}
{"id": 7, "drone": 5, "position":(41.666666666666664,33.333333333333336,5.0), "time":57.536484779960745,"sensors":[33,17,12,37,24,34,16,13,2],"power":[0.007849707107935902,0.014148322237059963,0.01946350259107469,0.022967508678578226,0.016493778853524852,0.013196709059000725,0.008719142831648468,0.006748131059287112,0.01294215057081276]}
{"id": 8, "drone": 6, "position":(8.333333333333334,25.0,1.0), "time":95.09137571959347,"sensors":[5,6],"power":[0.010725458665942841,0.14961759774825167]}
{"id": 9, "drone": 6, "position":(8.333333333333334,41.666666666666664,1.0), "time":592.5230368125749,"sensors":[29,5,8],"power":[0.11610269454886993,0.27311771737934887,0.04143659927936962]}
{"id": 10, "drone": 8, "position":(16.666666666666668,16.666666666666668,1.0), "time":3.4051666232470454,"sensors":[7,25,39,38,6,9,31,4],"power":[2.3218436866705107E-4,7.62131813341952E-4,0.0010138813095612513,0.012515162189232884,3.824022517483132E-4,2.254592795575591E-4,2.438663939257629E-4,0.0010038478589279901]}
{"id": 11, "drone": 8, "position":(41.666666666666664,8.333333333333334,1.0), "time":313.77877937248434,"sensors":[22,0,23,11,10,28,15,20],"power":[0.029525435632539655,0.09314822411300587,0.10142011298351895,0.12675201609836803,0.0825756173796913,0.44963610879366506,0.14999999999999997,0.023242064427733643]}
{"id": 12, "drone": 4, "position":(33.333333333333336,25.0,1.0), "time":188.1538953669365,"sensors":[7,22,26,39,21,37,10,34,9,13,31,2],"power":[0.0629773255645993,0.04622524737529776,0.08878917646295716,0.012677867435194763,0.14030902758309102,0.03932068582092514,0.020941327090347104,0.01569635466192297,0.08676303564716266,0.051117661682704305,0.03208275662383102,0.018205403285148906]}
{"id": 13, "drone": 4, "position":(25.0,33.333333333333336,1.0), "time":164.0618428268914,"sensors":[7,26,8,19,30,9,16,31],"power":[0.0345811260912819,0.057270154152208985,0.040187753117299385,0.010505690645348583,0.015232206231455981,0.013198612695639619,0.019318249611981912,0.05913429410822863]}
{"id": 14, "drone": 2, "position":(41.666666666666664,25.0,1.0), "time":0.487832573632204,"sensors":[22,26,12,21,37,11,24,10,34,9,13,28,2],"power":[5.5542744059616394E-5,3.7212605583468634E-5,1.0778145455399262E-4,6.291157957909501E-5,1.6338982897871288E-4,5.527330496842162E-5,1.5886397478833298E-4,6.83953826298486E-5,3.261552509826067E-4,3.396729942582309E-5,0.0017255497022387785,3.30341104607416E-5,5.03725223564099E-4]}
{"id": 15, "drone": 2, "position":(16.666666666666668,8.333333333333334,1.0), "time":136.37297982438074,"sensors":[14,25,39,36,1,32,38,3,18,35,4],"power":[0.01268444136009171,0.04227842644250348,0.017776108558584143,0.026339919801439803,0.01853004058401372,0.013882795562800728,0.03342890206307548,0.018832140378513364,0.03356273856826195,0.015544363732484955,0.2768229068293719]}
{"id": 16, "drone": 7, "position":(8.333333333333334,41.666666666666664,4.0), "time":203.1886007896702,"sensors":[29,5],"power":[0.03389730545113007,0.06261372998113704]}
{"id": 17, "drone": 7, "position":(25.0,16.666666666666668,1.0), "time":3.1128905217647795,"sensors":[7,22,26,25,39,36,23,21,38,3,9,35,31,4],"power":[6.312875677778209E-4,6.110993365978709E-4,2.1943227919728916E-4,0.0012505916167976471,0.01534828962803842,3.5773604417771313E-4,2.8020989321869835E-4,7.2905525240784E-4,0.0010036914337342383,2.0623997837733205E-4,0.0010847626540896286,2.6120118384815753E-4,4.043054602300527E-4,2.549287949805326E-4]}
