LP RESULTS :
 Obj = 0.1*lambda1+0.9*lambda2 = 131.9838058752872 (lambda1 = 1301.8380587528718, lambda2 = 2.0) Resol time = 6313 ms

{"id": 0, "drone": 5, "position":(8.333333333333334,33.333333333333336,1.0), "time":605.4789489294678,"sensors":[0,4,5,20,29,34,8,1,39],"power":[0.16044584118785743,0.06543581403999776,0.07393922418622363,0.13715310772676761,0.038771953176827335,0.04108596845085596,0.5599729793907543,0.04457053804683932,0.10426996001926325]}
{"id": 1, "drone": 5, "position":(33.333333333333336,25.0,1.0), "time":128.336159079561,"sensors":[22,32,36,23,9],"power":[0.01417389380137682,0.11137008722733423,0.1939148868009142,0.009908918878439291,0.023837367331487738]}
{"id": 2, "drone": 1, "position":(33.333333333333336,41.666666666666664,4.0), "time":749.648021931848,"sensors":[33,26,17,37,23,9,2],"power":[0.06728494100325504,0.4873514845386908,0.3739451655574559,0.08162558488875109,0.17910329490219165,0.059676700575445815,0.13905546589364864]}
{"id": 3, "drone": 1, "position":(25.0,25.0,1.0), "time":264.9941250931567,"sensors":[13,32,1,36,39,23,9],"power":[0.10821394316666423,0.038629912772665774,0.09640289659932114,0.05040514517274592,0.03324871934077356,0.02233011668655923,0.08152874468772403]}
{"id": 4, "drone": 4, "position":(8.333333333333334,25.0,1.0), "time":431.3649847302472,"sensors":[0,20,13,14,30,34,8,1,12,39,15],"power":[0.17930760825118774,0.09740992108836032,0.04178605683333576,0.06781441688959439,0.13128938872914983,0.10891403154914404,0.042104381361857283,0.05351397737556049,0.06637881347869835,0.1598962214756184,0.05980395693976213]}
{"id": 5, "drone": 4, "position":(16.666666666666668,41.666666666666664,1.0), "time":149.89709461417678,"sensors":[4,5,33,17,29,8,23],"power":[0.011082061911136951,0.9421298976445291,0.07868784836767331,0.010274570594174632,0.09757098463749596,0.0370341014926932,0.011246516437830657]}
{"id": 6, "drone": 2, "position":(25.0,41.666666666666664,1.0), "time":8.962658034129447,"sensors":[5,33,26,17,29,23,9,2],"power":[0.0017995207107184294,0.01438128781176685,0.0011009357062224691,0.005965850989416405,0.004631674141042508,0.00341894800526074,0.0011750642152009042,0.0010922720146935739]}
{"id": 7, "drone": 8, "position":(8.333333333333334,8.333333333333334,1.0), "time":870.4730740226245,"sensors":[6,10,14,30,31,11,19,12,25,15],"power":[0.08777438339473298,0.18450138960295354,0.17497112606693524,0.07848760286511959,0.20208322330045267,0.15,0.20294287178877815,0.27063533817697155,0.0632549978791085,0.1577375352685871]}
{"id": 8, "drone": 0, "position":(8.333333333333334,41.666666666666664,1.0), "time":115.09703047897997,"sensors":[4,5,29,8],"power":[0.07348212404886527,0.026373638741675993,0.009025388044634184,0.0465654819173833]}
{"id": 9, "drone": 0, "position":(25.0,8.333333333333334,1.0), "time":431.36498473024733,"sensors":[22,21,35,27,7,18,6,38,25],"power":[0.040972355274703255,0.7509474346857943,0.044128581161245864,1.8007296772696393,0.18985331252346727,1.1226373719015392,0.13367219424079146,0.6100382036011573,0.08714331713195787]}
{"id": 10, "drone": 7, "position":(41.666666666666664,41.666666666666664,5.0), "time":393.3302841727177,"sensors":[26,17,37,2],"power":[0.09517367639516773,0.02814772897493049,0.1158708921478409,0.02562276579371505]}
{"id": 11, "drone": 3, "position":(41.666666666666664,8.333333333333334,1.0), "time":742.1369149430635,"sensors":[22,35,3,24,28,16],"power":[0.15463293170275433,0.10847625111043817,0.21860768064836947,0.2313024533980297,3.061095788727909,0.15272881872396316]}
