LP RESULTS :
 Obj = 0.1*lambda1+0.9*lambda2 = 115.91760200498406 (lambda1 = 1141.1760200498406, lambda2 = 2.0) Resol time = 1413 ms

{"id": 0, "drone": 7, "position":(16.666666666666668,8.333333333333334,1.0), "time":508.11893878201573,"sensors":[14,33,38,39,10,28,23,1,34,8,9,13,20,7,6],"power":[0.29200097842606737,0.060012605448466816,0.04173850008043748,0.17265167773488832,0.04891355474558777,0.06150692971032023,0.0472373048063635,0.1332932630028206,1.4598431254351738,0.8065111465799332,0.14994712001328478,0.03310630071827246,0.904251594661101,0.03376684140124063,0.13059527022075992]}
{"id": 1, "drone": 7, "position":(8.333333333333334,16.666666666666668,4.0), "time":201.28646070394421,"sensors":[14,21,25,23,34,8,9,13,4,6],"power":[0.018538527715790284,0.04214238015254667,0.09791734157684769,0.20002015692160297,0.01635363575807838,0.03006324585215583,0.05041514323815842,0.03452065802343377,0.04950870932193343,0.07175448052270499]}
{"id": 2, "drone": 3, "position":(25.0,8.333333333333334,1.0), "time":91.34543664080928,"sensors":[14,33,38,39,10,28,0,1,34,8,9,19,20,7],"power":[0.006393203562028568,0.06912845653029968,0.027640488239777536,0.017967837621936184,0.009197632527206435,0.03766478459160301,0.031210474056659568,0.014149195509298764,0.027210913228989234,0.009873912216871337,0.0079982631528714,0.013013782154811688,0.029645357294088487,0.057479824146334]}
{"id": 3, "drone": 3, "position":(33.333333333333336,8.333333333333334,1.0), "time":305.93060833207153,"sensors":[33,38,28,0,19,7,27],"power":[0.07674110363861857,0.057853125020529604,0.05082828569807679,0.6753661479403279,0.11792382436364442,0.3635347714677075,0.07631718795783851]}
{"id": 4, "drone": 5, "position":(41.666666666666664,16.666666666666668,1.0), "time":508.11893878201556,"sensors":[5,0,2,19,27],"power":[0.1747573378169936,0.041334656553939135,0.057002960248092614,0.10324631107258507,0.03425325491324752]}
{"id": 5, "drone": 5, "position":(8.333333333333334,8.333333333333334,1.0), "time":33.18340301938924,"sensors":[14,39,25,23,1,34,8,9,13,20,4,6],"power":[0.024588296653840273,0.0030591339634623224,0.0077357262846227065,0.00785905877478251,0.0025575414878806118,0.0049608478706969555,0.0170357014426434,0.005673255476952178,0.018820036180189247,0.004208634498383087,0.005060998973107783,0.007690629282822574]}
{"id": 6, "drone": 8, "position":(16.666666666666668,33.333333333333336,1.0), "time":4.244634865126194,"sensors":[17,26,21,37,18,16,32,30],"power":[4.7657943715613457E-4,0.0031973475373548877,3.235723129899708E-4,3.637803905368792E-4,7.097174341464152E-4,3.589788498850893E-4,0.018719755770405837,0.006170662168271024]}
{"id": 7, "drone": 8, "position":(8.333333333333334,33.333333333333336,1.0), "time":629.7143161486989,"sensors":[26,22,21,37,31,29,32,30],"power":[0.07783561817047027,0.041729214678080634,0.11240619242371186,0.06817286277080542,0.06442240685420526,0.1988239211876505,0.10763256302334209,0.07365442208118224]}
{"id": 8, "drone": 0, "position":(8.333333333333334,41.666666666666664,3.0), "time":325.59676099424934,"sensors":[22,37,31,18,16,29],"power":[0.1232188934858035,0.20613515162311166,0.08557759314579473,0.042548101159129686,0.07171576408011368,0.02294775573264146]}
{"id": 9, "drone": 4, "position":(25.0,25.0,1.0), "time":234.46986372333348,"sensors":[33,38,10,17,26,32,30],"power":[0.01799033953905407,0.031331014745333924,0.06986945715263511,0.5351113570764424,0.054630061838075145,0.03353497262973794,0.0492929446250387]}
{"id": 10, "drone": 1, "position":(41.666666666666664,41.666666666666664,1.0), "time":631.4788003253232,"sensors":[24,36,35,11,3,12,15],"power":[0.43718994700772906,0.16409947913112413,0.16653644440170076,0.1556506958422825,0.19297589947226876,0.7748521190889323,0.15]}
{"id": 11, "drone": 2, "position":(8.333333333333334,16.666666666666668,1.0), "time":305.9306083320715,"sensors":[14,10,21,25,23,34,8,9,13,4,6],"power":[0.03142771514065111,0.021078990413599938,0.08128312748454336,0.3306776634499421,2.5656104915794185,0.02840917243800901,0.05385912928888018,0.09654709778827203,0.06355300507810453,0.09543029170495877,0.19180669288112814]}
{"id": 12, "drone": 2, "position":(16.666666666666668,41.666666666666664,1.0), "time":181.62030804176624,"sensors":[26,22,37,18,16,32,30],"power":[0.014336972454099692,0.047080777449652056,0.07226805245973453,0.6030468427646642,0.16313983789056957,0.028684450289693873,0.02214020072166645]}
{"id": 13, "drone": 6, "position":(25.0,16.666666666666668,1.0), "time":1.3111725716106761,"sensors":[33,38,10,17,0,34,9,19,20,7,6],"power":[9.33809478035854E-4,0.002413364455373733,9.403651609707553E-4,1.633529281956593E-4,2.3587567166495632E-4,2.256617694884375E-4,1.8931668505251447E-4,2.706682889452732E-4,1.1759242670641992E-4,1.7748500420587313E-4,1.2074852709703899E-4]}
{"id": 14, "drone": 6, "position":(41.666666666666664,8.333333333333334,1.0), "time":234.46986372333356,"sensors":[0,2,19,7,27],"power":[0.029903823519464388,0.09299703975190739,0.03340930403125091,0.02178602603265684,0.1346387845200127]}
