LP RESULTS :
 Obj = 0.1*lambda1+0.9*lambda2 = 138.77060764642758 (lambda1 = 1369.7060764642756, lambda2 = 2.0) Resol time = 735 ms

{"id": 0, "drone": 3, "position":(25.0,25.0,1.0), "time":10.143036785637996,"sensors":[10,32,38,39,18,8,25,16,11,35,26],"power":[0.001130200662912265,0.020065935494007068,0.0015621805233428138,0.0018176502918624223,0.034180150195375,0.0022193069953306568,0.0016264800982900268,0.001769276814014547,0.0011138311181169206,6.767205013928485E-4,0.01670658326310284]}
{"id": 1, "drone": 3, "position":(25.0,33.333333333333336,1.0), "time":738.1500881274699,"sensors":[10,32,38,18,8,16,30,35,26],"power":[0.10544502370555638,0.2558970761948815,3.498460237754695,0.115819849804625,0.09651122444457419,0.353680417164525,0.26812434427982934,0.4006679224166487,0.22796173368428224]}
{"id": 2, "drone": 7, "position":(16.666666666666668,8.333333333333334,1.0), "time":887.5949339167131,"sensors":[39,31,25,3,14,2,28],"power":[0.15026120097998766,0.08496926921088722,0.15161819831651055,0.1303118266480552,0.10154019549917112,0.10041248899679416,0.5212897306554477]}
{"id": 3, "drone": 7, "position":(41.666666666666664,25.0,1.0), "time":67.73941710133126,"sensors":[10,8,23,6,21,36,17],"power":[0.014031092765759279,0.013560010857349565,0.0416688944559519,0.01225193393121757,0.0072645435227428595,0.0718304866184315,0.014234475738617787]}
{"id": 4, "drone": 0, "position":(8.333333333333334,41.666666666666664,1.0), "time":748.2931249131077,"sensors":[34,20,5,4,7,37,0,13,29],"power":[0.07739423843362855,0.25005214449724406,0.19437330437683034,0.22330820600472504,0.15374786557540615,2.3981403134562824,0.6766326630663586,0.15,3.1316915384903194]}
{"id": 5, "drone": 2, "position":(25.0,41.666666666666664,1.0), "time":615.7968742396173,"sensors":[34,38,16,30,35,9],"power":[0.07114940286506599,0.18329354006314005,0.08424822025088287,0.6368064173780593,0.5439659246649812,0.19459441498297525]}
{"id": 6, "drone": 1, "position":(41.666666666666664,8.333333333333334,1.0), "time":1151.560464685187,"sensors":[27,23,22,6,21,33,17,12,15],"power":[0.30196485146380725,0.10833110554404811,0.1995530842380217,0.2878874828520561,0.4115957596982398,1.7007325942166145,0.22618785701363567,0.2860943336930454,0.15]}
{"id": 7, "drone": 4, "position":(41.666666666666664,33.333333333333336,4.0), "time":553.6735344498363,"sensors":[10,8,36],"power":[0.11770743244136365,0.055343590138660276,0.14396388946166477]}
{"id": 8, "drone": 5, "position":(8.333333333333334,8.333333333333334,1.0), "time":30.44997943635633,"sensors":[19,31,1,3,2,28],"power":[0.002127082390854129,0.037729908977308796,0.0028912661061507336,0.03197578231051426,0.028220736195866552,0.0029091480228026073]}
{"id": 9, "drone": 5, "position":(25.0,8.333333333333334,1.0), "time":218.14561177908854,"sensors":[39,27,25,22,14,28],"power":[0.03345688251197536,0.022772717753526357,0.05533279934283071,0.031444983487088886,0.04845980450082888,0.062369838134754954]}
{"id": 10, "drone": 6, "position":(8.333333333333334,25.0,4.0), "time":397.651262460529,"sensors":[5,24,4,7,19,11,1],"power":[0.02739345270520266,0.0649036524799737,0.051641315593023325,0.07270688040084683,0.16400249440707243,0.11021768474373174,0.1447449577190595]}
{"id": 11, "drone": 6, "position":(16.666666666666668,41.666666666666664,1.0), "time":5.616077311550498,"sensors":[34,20,38,4,7,16,30,35,37,0,29,9],"power":[0.0014563587013054385,4.628927501184551E-4,7.397583590057751E-4,6.155598541562663E-4,3.9873830768166757E-4,9.616887898502556E-4,6.310646198426234E-4,0.0015888414795532308,7.683672791669284E-4,0.0012855632343524127,0.0011501686197226853,6.699616391655348E-4]}
{"id": 12, "drone": 8, "position":(8.333333333333334,25.0,1.0), "time":218.14561177908865,"sensors":[5,24,4,7,19,11,1,3],"power":[0.017467849937010105,0.04344766225345056,0.033674026519130665,0.04695274933239346,0.177604779882117,0.0814311359358302,0.13497025047680453,0.015248099009989994]}
{"id": 13, "drone": 8, "position":(8.333333333333334,16.666666666666668,1.0), "time":233.51555133211764,"sensors":[39,24,19,31,11,1,3,2,28],"power":[0.021627316290899982,0.041648685266575676,0.14313734453347016,0.057088532903858014,0.05030524717376391,0.316161860166015,0.15008423849955,0.02136677480733951,0.02283841396030123]}
