LP RESULTS :
 Obj = 0.1*lambda1+0.9*lambda2 = 108.0736938484536 (lambda1 = 1062.736938484536, lambda2 = 2.0) Resol time = 1004 ms

{"id": 0, "drone": 4, "position":(16.666666666666668,41.666666666666664,1.0), "time":417.8320437638272,"sensors":[14,15,29,25,36,18,16,33,37,9,4],"power":[0.11112751806185972,0.02675661010044541,0.11317486830915102,0.46018472342124905,0.06361485450806507,0.06506637320712017,0.0933629215346204,0.061362229517875545,0.07426859858196506,0.09205981894483815,0.041800886501543115]}
{"id": 1, "drone": 4, "position":(41.666666666666664,25.0,1.0), "time":417.8320437638281,"sensors":[22,23,17,3,19,11,12,1],"power":[0.10292551473940947,0.040767643282156034,0.11439969504656824,0.11527494636758698,0.04878620230231243,0.20351528770885413,0.3113085807659103,0.03053970261243091]}
{"id": 2, "drone": 6, "position":(33.333333333333336,33.333333333333336,1.0), "time":52.38211088241667,"sensors":[14,22,23,15,36,3,11,2,5,38,30],"power":[0.005683190774143432,0.00942693007228151,0.03192049403555641,0.005594860599952956,0.010228470502122727,0.023888614971506114,0.01595653615626532,0.00467889459417483,0.021619580286707647,0.005142708984979019,0.013152383579121123]}
{"id": 3, "drone": 6, "position":(33.333333333333336,41.666666666666664,5.0), "time":592.5227838382922,"sensors":[14,36,2,5,30],"power":[0.05738649786259606,0.09505758788920902,0.07741455080029928,0.18529442069593496,0.13340200357534296]}
{"id": 4, "drone": 1, "position":(25.0,25.0,5.0), "time":320.5152706270938,"sensors":[39,23,15,7,13,3,16,38],"power":[0.02558561901075048,0.064603959896999,0.09103645342137764,0.12084753029407691,0.12656503668930152,0.03222378036875499,0.02023838877411657,0.18995021559611855]}
{"id": 5, "drone": 1, "position":(33.333333333333336,8.333333333333334,1.0), "time":451.06100700783816,"sensors":[35,10,21,34,19,26,28,8,1],"power":[0.04788266304187465,0.09124281945664914,0.043650819962036194,0.19827453113420068,0.058903748700857315,0.09183983480099342,0.12164975471191952,0.16839858808300776,0.08513961082464858]}
{"id": 6, "drone": 8, "position":(16.666666666666668,16.666666666666668,1.0), "time":17.10135796563459,"sensors":[39,32,21,7,31,13,26,28,24,38],"power":[0.01678110476649546,0.002408897231932731,0.001154721081902854,0.0027747695864251127,0.007441916463544003,0.0034513801174812387,0.0020075346800908023,0.0011617238936008382,0.0022209240091878575,0.001665699984026501]}
{"id": 7, "drone": 8, "position":(25.0,8.333333333333334,1.0), "time":296.3499941947959,"sensors":[39,35,10,21,26,28,8],"power":[0.06852269537559526,0.10211733695812536,0.0679127583848514,0.20479372211000768,2.625307026083894,1.4468040430712905,0.13629413811284477]}
{"id": 8, "drone": 7, "position":(8.333333333333334,25.0,1.0), "time":30.215711349360845,"sensors":[32,7,31,6,18,16,24,37,9],"power":[0.008998485718683865,0.0021007562688659573,0.006370439970843925,0.004730508779185705,0.0055749150358791405,0.003164739859074531,0.057970817901544666,0.004385793936737672,0.004195765907411029]}
{"id": 9, "drone": 7, "position":(8.333333333333334,41.666666666666664,1.0), "time":539.0266554875009,"sensors":[27,29,6,25,18,16,33,37,9,4],"power":[0.13020692278978344,0.03682513169084898,0.09359487924743326,0.2876600176442259,0.11569431589954947,0.06384768426345346,1.9509241702697835,0.15057460044761914,0.08862775266912024,0.5073841655508556]}
{"id": 10, "drone": 2, "position":(8.333333333333334,33.333333333333336,1.0), "time":75.6625278838469,"sensors":[27,6,25,18,16,24,33,37,9,4],"power":[0.01979307721021657,0.05167461197338109,0.016720270025267076,0.1786129910069939,0.019804720206841785,0.01675112697678583,0.02030253359032156,0.163145299139846,0.03440722931905015,0.02762967933605864]}
{"id": 11, "drone": 2, "position":(8.333333333333334,8.333333333333334,3.0), "time":237.60806147908002,"sensors":[32,31,0,20],"power":[0.031235846466517597,0.03944540050250803,0.11428734022773254,0.20442079207870834]}
{"id": 12, "drone": 0, "position":(8.333333333333334,16.666666666666668,1.0), "time":428.7703156970117,"sensors":[39,32,31,0,24,20],"power":[0.039110580847158787,1.117304159563238,0.9452096396450052,0.035712659772267466,0.07305713111248059,0.048551025686736755]}
{"id": 13, "drone": 3, "position":(41.666666666666664,16.666666666666668,4.0), "time":193.84388771287217,"sensors":[17,34,19,12,1],"power":[0.03560030495343227,0.030535401876511076,0.12904881476483576,0.07864420400755875,0.07663284536112959]}
{"id": 14, "drone": 5, "position":(33.333333333333336,25.0,2.0), "time":272.00751321119844,"sensors":[22,23,15,7,13,3,11,38,12],"power":[0.024106977943859298,0.15070985668573994,0.026612075878223947,0.02427694385063202,0.028619335366648832,0.28221665729684575,0.06816312477819746,0.050115477627323365,0.06104760870996381]}
{"id": 15, "drone": 5, "position":(41.666666666666664,41.666666666666664,1.0), "time":320.5152706270951,"sensors":[22,11,2,5,30],"power":[0.05911517716885302,0.027119980394478157,2.034345654048897,0.11659944216271359,0.29251282011634394]}
