LP RESULTS :
 Obj = 0.1*lambda1+0.9*lambda2 = 106.03135077936302 (lambda1 = 1042.3135077936302, lambda2 = 2.0) Resol time = 3423 ms

{"id": 0, "drone": 3, "position":(33.333333333333336,16.666666666666668,1.0), "time":497.8125294519308,"sensors":[15,4,5,17,24,25,6,1],"power":[0.07632967908210994,0.05405835876781413,0.05626070876031343,0.054090591062703405,0.06397197159894534,0.16004157241038053,0.5656802583341641,0.10149221941733501]}
{"id": 1, "drone": 3, "position":(25.0,8.333333333333334,1.0), "time":41.67019091304468,"sensors":[15,4,5,17,22,6,3],"power":[0.0036037406355415853,0.018301438100390716,0.013703137988432316,0.007247188717428427,0.005746172747455382,0.0044729778669492974,0.01809939974575784]}
{"id": 2, "drone": 6, "position":(8.333333333333334,25.0,1.0), "time":796.8494482112284,"sensors":[12,9,23,8,29,14,22,26,27],"power":[0.1024071491108695,0.11808928165291935,0.21254774175405244,0.18992701480095447,0.08646553215909468,1.6846181790144523,0.053692064611217165,0.14713600621212536,0.15206294316188348]}
{"id": 3, "drone": 6, "position":(8.333333333333334,16.666666666666668,1.0), "time":27.749997362166997,"sensors":[29,14,22,26,27],"power":[0.03435031279394251,0.003698588008572041,0.004560533314355678,0.009104245458109377,0.04334425655492193]}
{"id": 4, "drone": 5, "position":(16.666666666666668,8.333333333333334,1.0), "time":96.30141859020293,"sensors":[29,4,5,17,22,26,27,3],"power":[0.021919376261593477,0.023988427083703363,0.021071928328841947,0.012987235204671845,0.02516815027579743,0.012982482015334591,0.015210034822491511,0.12539878930689835]}
{"id": 5, "drone": 5, "position":(41.666666666666664,16.666666666666668,1.0), "time":75.87101226195179,"sensors":[0,28,24,25,6,13,20],"power":[0.03448159223435169,0.005241975268979072,0.01733149187055304,0.1258393677304132,0.020436766996108472,0.005251728650369419,0.010921217665986273]}
{"id": 6, "drone": 1, "position":(41.666666666666664,41.666666666666664,1.0), "time":17.908498858610827,"sensors":[16,19],"power":[0.0016739931104678115,0.04948855772379072]}
{"id": 7, "drone": 1, "position":(41.666666666666664,8.333333333333334,1.0), "time":374.539284782913,"sensors":[0,28,25,6,13,20],"power":[0.10728712576234037,0.2450036490522519,0.12651390171458807,0.08253252821992917,0.23832856287898593,0.13907878233401375]}
{"id": 8, "drone": 8, "position":(41.666666666666664,33.333333333333336,1.0), "time":301.74721789020475,"sensors":[24,19],"power":[0.059259864020940516,0.09348963110466509]}
{"id": 9, "drone": 8, "position":(25.0,16.666666666666668,1.0), "time":52.420490383790465,"sensors":[15,4,5,17,22,26,6,1,3],"power":[0.055754009591867416,0.04906097910652568,0.07197443686566084,0.09659195330335428,0.01456538111353159,0.006907865159807111,0.006720952091006808,0.014466110499821175,0.005298182632922819]}
{"id": 10, "drone": 9, "position":(8.333333333333334,33.333333333333336,1.0), "time":91.93417433262782,"sensors":[12,9,23,8,14,11],"power":[0.04274978450436008,0.039658857446787175,0.023913400435881783,0.31269755174508207,0.02800024087223884,0.014162641679684673]}
{"id": 11, "drone": 9, "position":(25.0,33.333333333333336,1.0), "time":17.61144000495188,"sensors":[18,15,2,9,23,16,7,21,1,11],"power":[0.07232472156044305,0.0012831304674007702,0.04106700176609982,0.0021122007370246386,0.0019382292139065527,0.002933953107713981,0.004187210973917487,0.027189142099234877,0.0024266141561948857,0.004346158141064689]}
{"id": 12, "drone": 0, "position":(25.0,41.666666666666664,1.0), "time":865.8416014574686,"sensors":[18,2,10,16,7,21,11],"power":[0.2784217941965576,0.28209446120825044,0.13658643557321953,0.5830230300047121,8.658416014574687,0.09702020547559444,0.1594445405390466]}
{"id": 13, "drone": 4, "position":(16.666666666666668,41.666666666666664,1.0), "time":66.92629199858186,"sensors":[18,2,9,23,10,16,7,11],"power":[0.008575126247203779,0.006412629920226035,0.013314877634772808,0.005295396482496275,0.013413564426780475,0.00464355586840074,0.014973491705054248,0.03219183416224795]}
{"id": 14, "drone": 4, "position":(41.666666666666664,25.0,1.0), "time":92.85707271552565,"sensors":[0,24,25],"power":[0.008231282003307942,0.45522451068594344,0.011331333192517182]}
{"id": 15, "drone": 7, "position":(33.333333333333336,33.333333333333336,1.0), "time":74.02567547401696,"sensors":[18,2,16,7,24,19,21,1],"power":[0.015566920109011322,0.022025229192215168,0.013490965897915666,0.007549809805698167,0.008569397451786922,0.007021811171544195,0.018293342056441852,0.007970657349037688]}
{"id": 16, "drone": 7, "position":(16.666666666666668,16.666666666666668,1.0), "time":9.413463474585813,"sensors":[15,23,29,4,5,17,22,26,1,27,3],"power":[0.002038820103827541,7.292361582104183E-4,0.0030218083270056022,0.002947357828930577,0.003314918630364915,0.004546745181583709,0.04449899248602814,0.01940015421104577,6.914927518560059E-4,0.005235093355587903,0.0012036283144209882]}
{"id": 17, "drone": 2, "position":(25.0,25.0,2.0), "time":17.90849885861091,"sensors":[18,15,2,23,4,5,17,22,26,21,1],"power":[0.002505259907190994,0.010990620119252751,0.0023155647426809597,0.001964564561508002,0.0016434391126355279,0.002072993083677826,0.003811388667180951,0.0017687054516146565,0.0015449343046119424,0.0074973103687288175,0.022952905825755373]}
{"id": 18, "drone": 2, "position":(8.333333333333334,25.0,3.0), "time":41.670190913043484,"sensors":[12,9,23,8,29,14,26,27],"power":[0.004843066384770402,0.00565515719994444,0.00990769871548626,0.008694211586479214,0.004242970458363733,0.042460045356315396,0.006950149047326835,0.007219161544715006]}
