LP RESULTS :
 Obj = 0.1*lambda1+0.9*lambda2 = 105.33944954872463 (lambda1 = 1035.3944954872463, lambda2 = 2.0) Resol time = 2214 ms

{"id": 0, "drone": 0, "position":(16.666666666666668,25.0,1.0), "time":100.25515460008761,"sensors":[2,25,18,6,10,5,12,17,11,4,27,3],"power":[0.013129720932031127,0.053293939419145654,0.007922815652992483,0.0888595969377634,0.030342034197510904,0.012604049688180855,0.04147684827236068,0.014254226606245424,0.010735324485441419,0.023284105355248823,0.01692967252551497,0.026146923812769278]}
{"id": 1, "drone": 0, "position":(41.666666666666664,16.666666666666668,1.0), "time":362.45506441831714,"sensors":[20,7,8,21,26,9,16,29],"power":[0.0385022759424125,0.025890937733756527,0.5924930027356443,0.16083607110690604,0.04067215009304315,0.11334001070813399,0.08232775646081603,0.02728700918019676]}
{"id": 2, "drone": 7, "position":(8.333333333333334,8.333333333333334,5.0), "time":374.82761434260476,"sensors":[0,23,19,27],"power":[0.07979574135338931,0.1135200618077562,0.06362850439631423,0.04382589392366646]}
{"id": 3, "drone": 7, "position":(8.333333333333334,25.0,1.0), "time":104.36211082131506,"sensors":[2,25,6,12,11,4,27,3],"power":[0.1158335038401731,0.006887015864509919,0.015804151464662814,0.006699166156581113,0.06533193705586238,0.010911091100160157,0.011303892116719862,0.011166121265601325]}
{"id": 4, "drone": 5, "position":(41.666666666666664,41.666666666666664,1.0), "time":59.81740363234224,"sensors":[7,14,29],"power":[0.005099614922431888,0.1345604495063755,0.00447596312045344]}
{"id": 5, "drone": 5, "position":(33.333333333333336,33.333333333333336,1.0), "time":371.75542173383997,"sensors":[20,7,26,10,12,9,29],"power":[0.092292628912636,0.04530127194405557,0.07482676160916286,0.030063071224540404,0.02716526866569069,0.027480827889749142,0.037865779482252504]}
{"id": 6, "drone": 2, "position":(16.666666666666668,41.666666666666664,1.0), "time":183.97339553507516,"sensors":[1,18,4,24],"power":[0.03543377018033022,0.11086070803705977,0.03659941770406377,0.0925511549665218]}
{"id": 7, "drone": 2, "position":(16.666666666666668,16.666666666666668,1.0), "time":12.897663002392562,"sensors":[2,23,25,6,10,5,12,17,19,27,3],"power":[0.001513054480541492,0.0036535134391033042,0.0028838161435144312,0.011145457641698912,0.0014095210896083218,0.0029663352876428796,9.292371209063874E-4,0.0020569318152336685,9.019165958525698E-4,0.04271906788108851,0.1049118560171197]}
{"id": 8, "drone": 6, "position":(8.333333333333334,41.666666666666664,1.0), "time":436.6702965002213,"sensors":[1,18,11,4,24],"power":[0.11456622981966977,0.04369379747893283,0.037193910630384075,0.03928138255274572,0.05744884503347818]}
{"id": 9, "drone": 6, "position":(25.0,16.666666666666668,1.0), "time":4.4445838897365775,"sensors":[20,28,15,21,25,26,6,10,5,12,9,17,27,3],"power":[2.9639669991821777E-4,3.490700524461038E-4,3.660241633305067E-4,5.000769900944967E-4,0.0011931933872157171,3.923927513265311E-4,8.791867739078112E-4,7.829051218651856E-4,0.026761534591415222,3.59905388317167E-4,4.348424556938539E-4,0.005139462196142574,6.220600185640774E-4,9.951841182830956E-4]}
{"id": 10, "drone": 4, "position":(16.666666666666668,33.333333333333336,1.0), "time":1.405948591336597,"sensors":[25,18,6,10,12,11,4],"power":[1.5564631512964905E-4,0.001019180130269345,1.1530823126121005E-4,2.0363245265714403E-4,4.589221838997408E-4,1.621956083637738E-4,0.01405948591336597]}
{"id": 11, "drone": 4, "position":(41.666666666666664,8.333333333333334,2.0), "time":668.4948471791927,"sensors":[8,21,16,22],"power":[0.18932030582435364,0.08838797135575685,0.06767224353918397,0.15000000000000002]}
{"id": 12, "drone": 8, "position":(25.0,8.333333333333334,1.0), "time":205.7996572284843,"sensors":[28,15,23,5,13,17,19,27,3],"power":[0.15520690966611073,0.160825691483787,0.015897196291932893,0.03422939933619623,0.09455945191341425,0.019233207678998204,0.024022752818739848,0.016287073756049333,0.0180948124682749]}
{"id": 13, "drone": 3, "position":(8.333333333333334,8.333333333333334,1.0), "time":232.80771160262563,"sensors":[0,2,23,19,27,3],"power":[0.07020425864661066,0.015472794564805454,0.14955646297144992,0.054576701946501056,0.035189520977534514,0.01891493554058897]}
{"id": 14, "drone": 3, "position":(25.0,8.333333333333334,5.0), "time":209.06184931113887,"sensors":[28,15,5,13,17,19,3],"power":[0.06736850329258552,0.06802021701408813,0.027082109555662398,0.05544054808658573,0.014963895726299465,0.019493492892268583,0.013899401484392875]}
{"id": 15, "drone": 1, "position":(25.0,25.0,1.0), "time":165.76576503146578,"sensors":[20,25,26,6,10,5,12,9,17,4,3],"power":[0.02682236565689755,0.17709718994019552,0.03127123497801469,0.0331962989507058,0.6860555246209968,0.0463565715409021,0.08763822621971819,0.014765817670594844,0.11140948995803157,0.01650568253701113,0.019745188354580813]}
{"id": 16, "drone": 9, "position":(8.333333333333334,33.333333333333336,1.0), "time":42.961824407744814,"sensors":[2,18,11,4],"power":[0.004050926182448833,0.004501188561063692,0.036576632219948266,0.00935883483740443]}
{"id": 17, "drone": 9, "position":(41.666666666666664,33.333333333333336,1.0), "time":130.97366041388693,"sensors":[20,7,14,26,29],"power":[0.017798925679266362,0.11662112773182154,0.015439550493624502,0.013418654704585456,0.08037124821709729]}
