LP RESULTS :
 Obj = 0.1*lambda1+0.9*lambda2 = 81.86298369274857 (lambda1 = 800.6298369274857, lambda2 = 2.0) Resol time = 5513 ms

{"id": 0, "drone": 6, "position":(8.333333333333334,41.666666666666664,1.0), "time":505.2018816355052,"sensors":[8,24,26,15,9,23,29,7],"power":[0.05135541874439152,1.1040832812418455,0.15627500069548494,0.03900332004093985,0.14794051009598266,0.1423445634976931,0.14749768064582838,0.09258158238170253]}
{"id": 1, "drone": 6, "position":(8.333333333333334,16.666666666666668,5.0), "time":154.36482729714015,"sensors":[6,22,21,4,25,18,19],"power":[0.02344728543862107,0.03222614248034129,0.04808207963979685,0.016573689474812758,0.021366647878836968,0.012940953689799882,0.01284505258816925]}
{"id": 2, "drone": 2, "position":(16.666666666666668,41.666666666666664,2.0), "time":32.481105957789,"sensors":[8,24,26,9,13,12,20,7],"power":[0.02323375400253107,0.008859224865962823,0.002328983596084841,0.002059489904017339,0.005863679934658139,0.0032832363856442805,0.009521074655680339,0.009810047048469928]}
{"id": 3, "drone": 2, "position":(8.333333333333334,25.0,1.0), "time":243.9057359157183,"sensors":[16,22,26,15,21,4,0,23,25,18,19],"power":[0.026925361175606417,0.19019626002366202,0.028761416406337597,0.1685929509685302,0.028757266343107924,0.28975621494278875,0.016009869122773163,0.026158938496188288,1.6733365419202173,0.13056749971396708,0.02757888722229574]}
{"id": 4, "drone": 3, "position":(16.666666666666668,41.666666666666664,4.0), "time":148.2955361609238,"sensors":[8,24,13,12,20,7],"power":[0.061334341424835646,0.033489974334306394,0.023510962950723673,0.012956259907107602,0.03646151398275375,0.03737707972419291]}
{"id": 5, "drone": 3, "position":(25.0,25.0,4.0), "time":347.12653196201927,"sensors":[16,27,10,13,0,17,20,19],"power":[0.1029548557580467,0.02193249984756346,0.15770665154761065,0.029417440529891176,0.12425901468285597,0.05491213774819888,0.026992631488098398,0.07506899272897061]}
{"id": 6, "drone": 4, "position":(33.333333333333336,8.333333333333334,1.0), "time":16.35660224504973,"sensors":[1,3,11,14],"power":[0.0043209301254270365,0.019783704246289897,0.0026983564164606154,0.007839259835348798]}
{"id": 7, "drone": 4, "position":(16.666666666666668,25.0,1.0), "time":32.48110595778899,"sensors":[16,22,10,15,21,4,0,25,18,20,19],"power":[0.051436987740577415,0.01762232673675863,0.004685771330780866,0.0036531455087701462,0.0039548124749460446,0.01681319227983981,0.015429902167249047,0.008292509252366066,0.0021018294115626437,0.0027964565650149455,0.02479292250184067]}
{"id": 8, "drone": 1, "position":(8.333333333333334,33.333333333333336,1.0), "time":19.04111341847317,"sensors":[24,16,22,26,15,4,23,25,29,18,20],"power":[0.002420458238165369,0.0013099847584792455,0.0020648971654701398,0.02227445874436171,0.013424247283877339,0.004951720703833232,0.014350376301834927,0.0048021140320622085,0.0025023193541716133,0.004389717184670139,0.0013787066037551084]}
{"id": 9, "drone": 1, "position":(16.666666666666668,8.333333333333334,4.0), "time":347.1265319620193,"sensors":[1,6,21,28,14],"power":[0.03745612148974344,0.1259717690531538,0.0685204356227365,0.1199678100115991,0.029415034107123043]}
{"id": 10, "drone": 5, "position":(41.666666666666664,33.333333333333336,3.0), "time":298.4670893956561,"sensors":[5,27],"power":[0.024280689861080024,0.10683864894915929]}
{"id": 11, "drone": 5, "position":(16.666666666666668,16.666666666666668,1.0), "time":14.13619674565281,"sensors":[1,16,6,22,21,4,0,14,25,19],"power":[0.0015776686520129432,0.001972854558440484,0.002594569076481145,0.0036234522869567727,0.010948212715753261,0.0015614919630580826,0.0012469781054074704,9.356608434880567E-4,0.0013366063486086493,0.009083235837285888]}
{"id": 12, "drone": 7, "position":(41.666666666666664,33.333333333333336,1.0), "time":232.2988614949802,"sensors":[5,27,17],"power":[0.02101604643637881,0.10835492439984687,0.01606788599515601]}
{"id": 13, "drone": 7, "position":(16.666666666666668,8.333333333333334,1.0), "time":8.615439049166099,"sensors":[1,6,21,28,14,19],"power":[0.0011056889298103893,0.005495349351511863,0.0021176345103789203,0.004905380317601781,8.443191748078283E-4,6.309091214379935E-4]}
{"id": 14, "drone": 0, "position":(25.0,41.666666666666664,1.0), "time":114.65131317326768,"sensors":[8,10,13,12,17,20,7],"power":[0.0384982910787999,0.00850350611064996,0.06680064183472367,0.18180227057404577,0.020750876228094486,0.036708600835190036,0.01023129084563464]}
{"id": 15, "drone": 0, "position":(41.666666666666664,25.0,1.0), "time":163.31075573962488,"sensors":[11,5,27],"power":[0.013592440416805048,0.10470326370254116,0.04534212718083135]}
{"id": 16, "drone": 9, "position":(25.0,8.333333333333334,1.0), "time":163.31075573962494,"sensors":[1,3,6,28,14],"power":[0.17495818862247114,0.06396427733703773,0.011118941562517966,0.025126809670799125,0.18949893143213709]}
{"id": 17, "drone": 8, "position":(25.0,33.333333333333336,4.0), "time":106.55313029722365,"sensors":[16,27,10,13,0,12,17,20],"power":[0.017835434907500388,0.00771707888675,0.0446815642158699,0.05607305074914988,0.027361296863692045,0.01638661573886484,0.05889713907327893,0.03614101586950753]}
{"id": 18, "drone": 8, "position":(41.666666666666664,8.333333333333334,1.0), "time":620.9624789428111,"sensors":[2,3,11],"power":[0.15,0.06625201841667237,0.5075210064244409]}
