LP RESULTS :
 Obj = 0.1*lambda1+0.9*lambda2 = 110.25859154708735 (lambda1 = 1084.5859154708735, lambda2 = 2.0) Resol time = 6475 ms

{"id": 0, "drone": 0, "position":(41.666666666666664,25.0,1.0), "time":134.19420697599014,"sensors":[21,2,18,24,10,7],"power":[0.01142541864935512,0.08150339220779208,0.03721642373226143,0.026683899526104428,0.01287667133801553,0.009140353071004198]}
{"id": 1, "drone": 0, "position":(33.333333333333336,41.666666666666664,1.0), "time":450.6999381724937,"sensors":[28,8,22,3,25,24,10,7],"power":[0.15,0.198412793113234,0.3088309121642325,0.115655445763393,0.05445255948412198,0.06633372551699525,0.1280904381369411,0.11178726000503081]}
{"id": 2, "drone": 2, "position":(33.333333333333336,8.333333333333334,1.0), "time":707.1181978669372,"sensors":[4,21,29,26,19,14,11,20,9],"power":[0.15000000000000002,0.2525401342632367,0.08973922700164094,0.9777603296194793,0.07265705365351978,0.12810415310510698,0.07892199975357891,0.120771855422732,0.1782940283345573]}
{"id": 3, "drone": 8, "position":(8.333333333333334,33.333333333333336,3.0), "time":291.7686835930921,"sensors":[27,12,23,17,15,5],"power":[0.16632161065800966,0.02481390886134317,0.06995186979813312,0.32761285409768826,0.05601783662539578,0.06141169292500534]}
{"id": 4, "drone": 8, "position":(41.666666666666664,16.666666666666668,1.0), "time":32.44428659433631,"sensors":[21,2,14,18,20],"power":[0.011543114273222532,0.004899503854631814,0.003027279485317929,0.11278357626773858,0.0023495259461021253]}
{"id": 5, "drone": 9, "position":(8.333333333333334,16.666666666666668,1.0), "time":49.74058871106963,"sensors":[12,1,13,16,0],"power":[0.014396011515483195,0.007232427611193366,0.0685712063605141,0.013454230528570508,0.007370625337470827]}
{"id": 6, "drone": 9, "position":(8.333333333333334,33.333333333333336,1.0), "time":376.73000010768806,"sensors":[27,12,23,13,17,15,5],"power":[0.31159625659741025,0.036229935566913445,0.10340270292013594,0.024281912185014413,0.9296686188981871,0.07917592392899078,0.08858830707499464]}
{"id": 7, "drone": 5, "position":(16.666666666666668,41.666666666666664,5.0), "time":286.94739188972494,"sensors":[23,8,3],"power":[0.02482722636378499,0.02587932419230437,0.02961684304818682]}
{"id": 8, "drone": 5, "position":(16.666666666666668,16.666666666666668,1.0), "time":0.7377174962481727,"sensors":[29,12,1,13,6,16,19,14,0,20,9,15],"power":[1.5361922820139714E-4,2.227884578830589E-4,1.1472283628994741E-4,1.656269247966344E-4,1.0580519863018493E-4,2.1430572854776484E-4,1.1637685746234172E-4,4.900046888842014E-5,0.0018562197556033983,6.839534162546626E-5,5.1171534402084056E-5,6.069949570827119E-5]}
{"id": 9, "drone": 7, "position":(8.333333333333334,8.333333333333334,1.0), "time":358.18344181343275,"sensors":[1,13,16,0],"power":[0.23960235186492373,0.03548512148998478,0.19915028058943146,0.03282011097894574]}
{"id": 10, "drone": 1, "position":(25.0,25.0,1.0), "time":66.41475822034084,"sensors":[29,12,6,14,0,20,25,15,7],"power":[0.010462413684065206,0.0052235427005021574,0.10084654220057156,0.011177226860432597,0.006018883457975251,0.012183467095755716,0.016173475403984554,0.009527106287053035,0.006745576299053211]}
{"id": 11, "drone": 1, "position":(41.666666666666664,33.333333333333336,1.0), "time":383.53642339097905,"sensors":[2,25,24,10,7],"power":[0.06359710393757609,0.026970223791177993,0.28030719838011736,0.27161436135838696,0.06366148381820622]}
{"id": 12, "drone": 3, "position":(25.0,33.333333333333336,1.0), "time":49.74058871106965,"sensors":[8,6,3,25,24,15,10,7],"power":[0.010995183894480098,0.004956148296391469,0.004727711188420215,0.052403741320715506,0.0043200263315304474,0.006649654556493967,0.003178120114626207,0.013819391978068528]}
{"id": 13, "drone": 3, "position":(16.666666666666668,25.0,4.0), "time":299.19416734243475,"sensors":[12,13,6,17,0,15],"power":[0.10935507486988684,0.04602304406634785,0.0440915043044068,0.023165770578545734,0.035187206867591726,0.1297986969860563]}
{"id": 14, "drone": 4, "position":(25.0,8.333333333333334,1.0), "time":210.82922403360976,"sensors":[21,29,1,26,16,19,14,0,11,20,9],"power":[0.01729015094953697,0.06218087134783929,0.018876287528742267,0.03374948751044772,0.017099958662235654,0.3291119836456832,0.03232255743574765,0.036281461047358236,0.05940793849557021,0.039989903594279376,1.1648243873758315]}
{"id": 15, "drone": 6, "position":(16.666666666666668,8.333333333333334,1.0), "time":99.48601785373756,"sensors":[29,1,16,19,0,11,9],"power":[0.01160805040894161,0.11216123812527876,0.07328152128977868,0.05502358127618989,0.03046549255505504,0.011670061750850867,0.01784361582100693]}
