LP RESULTS :
 Obj = 0.1*lambda1+0.9*lambda2 = 133.63731116439794 (lambda1 = 1318.3731116439792, lambda2 = 2.0) Resol time = 10566 ms

{"id": 0, "drone": 6, "position":(41.666666666666664,41.666666666666664,1.0), "time":371.6364243967326,"sensors":[9,17,7,13,0],"power":[0.13728274204139218,0.09163394420919585,0.22404835606022624,0.8050955732016345,0.15]}
{"id": 1, "drone": 4, "position":(33.333333333333336,41.666666666666664,1.0), "time":946.7366872472467,"sensors":[9,17,7,13,23],"power":[0.22235537183358708,0.26226609012704444,0.26708615907094363,0.15635228755198768,0.11201853399400152]}
{"id": 2, "drone": 7, "position":(8.333333333333334,41.666666666666664,1.0), "time":997.1497172556482,"sensors":[5,6,26,2,21,10,1,3,20],"power":[0.5291531013457657,0.15,0.14622057466313615,0.08995538002402778,0.3059772503409979,0.8771553185540681,0.10223035802280603,0.09987938166649053,0.2494792502074014]}
{"id": 3, "drone": 9, "position":(16.666666666666668,8.333333333333334,1.0), "time":595.4148509491424,"sensors":[18,22,14,29,28],"power":[0.2721886363865612,0.15049016777044474,1.4101100811281586,0.08285540735419566,0.07866182647186785]}
{"id": 4, "drone": 1, "position":(41.666666666666664,8.333333333333334,2.0), "time":138.30501289595645,"sensors":[25,19],"power":[0.015278903978456087,0.05019859993891329]}
{"id": 5, "drone": 3, "position":(16.666666666666668,16.666666666666668,2.0), "time":584.6532477988803,"sensors":[4,18,22,12,14,15,16,29,11,28,8],"power":[0.08078132680846525,0.1625625404686472,0.05804348697297927,0.0966985350718951,0.1941228501023016,0.1307851354535069,0.05099082398421701,0.038213007945111434,0.07035159529682351,0.24573433633073233,0.10554786221207717]}
{"id": 6, "drone": 0, "position":(16.666666666666668,33.333333333333336,1.0), "time":76.89174629071688,"sensors":[4,5,26,2,21,12,10,16,24,3,8],"power":[0.014369835418256406,0.005215663833633245,0.011807039395877347,0.2822688160483106,0.010279370157078731,0.014542569129914586,0.007765081711704582,0.022128121673850115,0.1060473691351617,0.009466769244306887,0.01412972128859263]}
{"id": 7, "drone": 0, "position":(8.333333333333334,25.0,1.0), "time":86.23930870335676,"sensors":[4,12,10,16,24,28,8],"power":[0.10303513440218755,0.00785941556864384,0.005576553512670186,0.05335132642886747,0.006787465896943482,0.019662349826946708,0.05459118609490764]}
{"id": 8, "drone": 5, "position":(16.666666666666668,25.0,1.0), "time":43.7426059371517,"sensors":[4,2,12,15,16,11,24,28,8],"power":[0.028315677401956965,0.007042635019958958,0.048629125960528145,0.01018760483168009,0.023529727913064947,0.0031427517299089346,0.01385229835629932,0.007644659788157836,0.059393907907925356]}
{"id": 9, "drone": 5, "position":(16.666666666666668,41.666666666666664,1.0), "time":158.0923393942574,"sensors":[5,26,2,21,10,1,24,3,23],"power":[0.05700584277367496,0.4978402514733537,0.044756230098493464,0.3445580398679624,0.017562775986487138,0.07169448574421251,0.019584542382762197,0.18531386462912414,0.02409484582944533]}
{"id": 10, "drone": 2, "position":(41.666666666666664,8.333333333333334,1.0), "time":1180.0680987480227,"sensors":[25,19,27],"power":[0.1347210960215439,0.4736392814767563,0.07587203144532803]}
{"id": 11, "drone": 8, "position":(25.0,41.666666666666664,2.0), "time":42.49670276620502,"sensors":[26,2,21,1,24,3,23],"power":[0.0120956496082784,0.0063006869817852995,0.00562010402494903,0.00882841655376253,0.003728324228833304,0.017083413961512747,0.013886620176553168]}
{"id": 12, "drone": 8, "position":(25.0,16.666666666666668,1.0), "time":138.3050128959585,"sensors":[18,12,14,15,27,29,11],"power":[0.04585965922131086,0.021750970292795043,0.014469931925112988,0.10317045141279955,0.07412796855467767,0.028931584700695998,0.3200003904639155]}
