LP RESULTS :
 Obj = 0.1*lambda1+0.9*lambda2 = 123.90178992041315 (lambda1 = 1194.0178992041315, lambda2 = 5.0) Resol time = 19890 ms

{"id": 0, "drone": 1, "position":(33.333333333333336,25.0,1.0), "time":33.15815597282757,"sensors":[13,21,11,20,2,19,5,26,6,15,23],"power":[0.008743976923242604,0.003141167683030495,0.007092062321099463,0.00232145744899724,0.010249027710794108,0.0033150341742636596,0.04973873105581748,0.003409207444421404,0.026500345560245435,0.005922112971967131,0.002266535031964091]}
{"id": 1, "drone": 1, "position":(25.0,16.666666666666668,1.0), "time":45.82353689204411,"sensors":[13,21,16,12,2,19,5,17,26,18,6,15,23],"power":[0.011310271265106666,0.003807357438183515,0.003747027049666515,0.003820161928706492,0.019542885224657,0.38861296425000647,0.009602611152431276,0.00559647944540121,0.05460586649223415,0.003843075616002383,0.003030026956151006,0.004082187173565138,0.011068897857992904]}
{"id": 2, "drone": 1, "position":(33.333333333333336,41.666666666666664,1.0), "time":318.70194751237784,"sensors":[8,11,20,28],"power":[0.15,0.06576072007592344,0.09956993566104846,0.022535135313137798]}
{"id": 3, "drone": 1, "position":(33.333333333333336,16.666666666666668,1.0), "time":172.42998203788898,"sensors":[13,21,12,2,19,5,26,18,6],"power":[1.11462932533698,0.11607676566892386,0.02035034376136279,0.1736205555202144,0.04406161934932113,0.05497392667691813,0.02142684952283262,0.02097192237646711,0.052743270872900726]}
{"id": 4, "drone": 1, "position":(8.333333333333334,41.666666666666664,1.0), "time":623.9042767848742,"sensors":[10,27,7,3,28],"power":[0.18810907007637834,0.1501426444612424,0.05552269725805438,0.0690541608794594,0.04872116764957817]}
{"id": 5, "drone": 0, "position":(8.333333333333334,33.333333333333336,1.0), "time":285.76339004107297,"sensors":[29,7,3,22],"power":[0.019164914582139703,0.10569704046838126,0.0809458391199148,0.08160225366628471]}
{"id": 6, "drone": 0, "position":(33.333333333333336,8.333333333333334,1.0), "time":82.70800111623021,"sensors":[13,21,12,2,19,18],"power":[0.014739763092612063,0.026973973249286708,0.12582606125913076,0.009581505819627694,0.009718472549112546,0.14042008477168325]}
{"id": 7, "drone": 0, "position":(25.0,33.333333333333336,1.0), "time":63.79619157237717,"sensors":[11,29,5,15,28,23],"power":[0.018098600571140287,0.08452734039755821,0.0056970624127673656,0.050167262841571775,0.00601407548148075,0.0069776077645204125]}
{"id": 8, "drone": 0, "position":(16.666666666666668,25.0,1.0), "time":89.01436243665412,"sensors":[29,19,22,0,26,15,23],"power":[0.01244576252965771,0.007006189331777541,0.053708225542295526,0.008031433344649635,0.01928719281320012,0.015922919940519115,0.08346568094755571]}
{"id": 9, "drone": 0, "position":(41.666666666666664,33.333333333333336,1.0), "time":672.735954037797,"sensors":[11,9,20,6,14],"power":[0.11071239394813097,0.15,0.38099441506981596,0.06445161408225027,0.22123909268554615]}
{"id": 10, "drone": 2, "position":(25.0,25.0,1.0), "time":86.07244385219796,"sensors":[13,11,29,2,19,22,5,26,6,15,23],"power":[0.010673929500358371,0.010173525121284095,0.013964746921880702,0.020415653419611376,0.01653853347298234,0.006277411615818873,0.02998766870206576,0.040100663238717076,0.007450667650112091,0.08890874614339932,0.0462212783975171]}
{"id": 11, "drone": 2, "position":(33.333333333333336,8.333333333333334,1.0), "time":0.002256613348549763,"sensors":[13,21,12,2,19,18],"power":[4.0216116579224594E-7,7.359605754735115E-7,3.4330508004149496E-6,2.614227600712278E-7,2.6515977397425237E-7,3.831235592974425E-6]}
{"id": 12, "drone": 2, "position":(8.333333333333334,8.333333333333334,1.0), "time":111.95101944919178,"sensors":[16,4,1,25,0,17],"power":[0.03978401752103194,0.09268529713379271,0.023133311462250703,0.02596496702180666,0.035824332050772144,0.025245559579278536]}
{"id": 13, "drone": 2, "position":(16.666666666666668,8.333333333333334,1.0), "time":164.49132924401965,"sensors":[16,4,19,25,0,17,26],"power":[0.23073357310254516,0.038046553893388145,0.014922564016784398,0.12403503297725606,0.041280328639650254,0.5610916855999383,0.011170220488594604]}
{"id": 14, "drone": 2, "position":(16.666666666666668,41.666666666666664,1.0), "time":110.91271376709778,"sensors":[29,28],"power":[0.019897235568763612,0.07272962155580387]}
{"id": 15, "drone": 2, "position":(8.333333333333334,16.666666666666668,1.0), "time":720.5881362732887,"sensors":[16,4,24,22,1,0,17],"power":[0.154345874738084,0.5339023376008076,0.15000005424809484,0.07333333813780163,0.126866688536906,0.6977771885111662,0.10488509171470757]}
