LP RESULTS :
 Obj = 0.1*lambda1+0.9*lambda2 = 144.20073311943034 (lambda1 = 1406.0073311943033, lambda2 = 4.0) Resol time = 551 ms

{"id": 0, "drone": 1, "position":(41.666666666666664,25.0,1.0), "time":159.70594877056072,"sensors":[16,9,20,11,22,1,24,7,23,25,4],"power":[0.01557374014132666,0.0474760563333859,0.024528664126615425,0.455572139998892,0.02012029999429975,0.023387167473176936,0.013761873828524077,0.02982184013824292,0.055054952548586535,0.05763959910794908,0.018149678972645817]}
{"id": 1, "drone": 1, "position":(41.666666666666664,33.333333333333336,1.0), "time":402.7479712425578,"sensors":[16,9,20,8,11,22,24,7,23],"power":[0.12337931664697024,0.028750391524903676,0.09485886426547528,0.07767907452330071,0.1514730455736318,0.6821357644624212,0.11789322053653897,0.06084661736861182,0.058417136157426976]}
{"id": 2, "drone": 1, "position":(25.0,41.666666666666664,1.0), "time":372.36032040995445,"sensors":[16,8,19,27,13,3,18],"power":[0.03152966213761769,0.05977776783845483,0.5379234826380117,0.20564895599448638,0.02962031584147963,0.10601722191835372,0.051506093163802176]}
{"id": 3, "drone": 1, "position":(8.333333333333334,8.333333333333334,1.0), "time":423.4983904169365,"sensors":[10,15,26],"power":[0.18325286848793268,0.031957534578189215,0.15]}
{"id": 4, "drone": 0, "position":(33.333333333333336,25.0,1.0), "time":43.983937428434324,"sensors":[16,9,8,2,11,7,23,25,4],"power":[0.0067921378432548064,0.046165567696092785,0.004165071842292968,0.005994413862351471,0.008584254297901776,0.07397724433779754,0.15059144199611157,0.0037831020049383522,0.0059596928151088744]}
{"id": 5, "drone": 0, "position":(33.333333333333336,8.333333333333334,1.0), "time":420.61903799584957,"sensors":[14,15,5,2,6,28,4],"power":[0.11298709110839067,0.034909726485404656,0.09405257256403969,0.12666600859804172,0.11457931011609836,0.299961924988091,0.110166928926878]}
{"id": 6, "drone": 0, "position":(25.0,8.333333333333334,2.0), "time":159.70594877056078,"sensors":[14,15,2,28],"power":[0.03701290889160937,0.12385192251907552,0.030408465784739973,0.026583883381398526]}
{"id": 7, "drone": 0, "position":(41.666666666666664,8.333333333333334,1.0), "time":720.6700293172534,"sensors":[5,2,6,28,29,1,25,4],"power":[7.206700293172534,0.05963768917899106,1.1579237176194046,0.11856238323412169,0.15,0.16526631568983827,0.08156150435196569,0.1486830000974692]}
{"id": 8, "drone": 2, "position":(33.333333333333336,16.666666666666668,1.0), "time":61.02837768220534,"sensors":[9,5,2,6,28,11,1,7,23,25,4],"power":[0.027607984445617642,0.0065019551107642695,0.10686232073112473,0.004154080127013048,0.00430161023876958,0.0038900579240613146,0.005533417161779932,0.00645042524823032,0.011322230599728932,0.007015794535146889,0.0800640154548407]}
{"id": 9, "drone": 2, "position":(16.666666666666668,41.666666666666664,1.0), "time":606.4378574415534,"sensors":[19,27,13,3,18],"power":[0.21894729572297084,0.04365418605588751,0.4708901724616752,0.04398277808164626,0.1698419077192135]}
{"id": 10, "drone": 2, "position":(8.333333333333334,25.0,1.0), "time":269.5136839249057,"sensors":[12,17,0],"power":[2.151609723760798,0.19934925660884456,0.15]}
{"id": 11, "drone": 2, "position":(41.666666666666664,41.666666666666664,1.0), "time":427.2091533427958,"sensors":[21,16,20,8,27,22,24],"power":[0.15,0.06822823543502257,0.030612471607909288,0.06913557012398698,0.03405788207227008,0.1414592033157289,0.0765081191455862]}
