LP RESULTS :
 Obj = 0.1*lambda1+0.9*lambda2 = 101.04847663693332 (lambda1 = 974.4847663693332, lambda2 = 4.0) Resol time = 3838 ms

{"id": 0, "drone": 1, "position":(8.333333333333334,25.0,1.0), "time":96.8358774110925,"sensors":[12,8,29,27,24,25,26,14,22,10,6],"power":[0.006591431802954104,0.008777619993275438,0.020587885442829603,0.02128078137541691,0.011456105500935662,0.0798615243083876,0.021277068979873862,0.23523999180030514,0.35167961968870776,0.025279054012650654,0.021587488465733176]}
{"id": 1, "drone": 1, "position":(33.333333333333336,8.333333333333334,1.0), "time":591.5271504141716,"sensors":[3,28,9,4,7,15,0,17],"power":[0.10265988586147445,0.06762494746471577,1.2358259139847982,0.0843447475091321,0.16932045629229273,0.08151260402930484,0.1333001988776245,0.14946804870806527]}
{"id": 2, "drone": 1, "position":(8.333333333333334,16.666666666666668,1.0), "time":47.89262009054632,"sensors":[8,24,25,26,14,22,10,6,19],"power":[0.023046987481672682,0.005317333683213258,0.00847259416222325,0.005200272813180634,0.005928133255411007,0.014725295718128062,0.004532376269557026,0.1193450480216583,0.012393599899711276]}
{"id": 3, "drone": 1, "position":(41.666666666666664,8.333333333333334,1.0), "time":238.2291184535229,"sensors":[3,28,9,4,7,15,0,17],"power":[1.6056837473644823,0.34576509805503025,0.034514721866807506,0.11894556063567986,0.9399452772974196,0.06848739597069513,0.016699801122375475,1.7321738685090962]}
{"id": 4, "drone": 0, "position":(16.666666666666668,25.0,1.0), "time":7.875950224109403,"sensors":[29,24,25,26,14,22,10,6],"power":[0.002666853241398412,0.006392529140276211,0.00786698263802241,0.07875950224109403,0.0017048835638808176,0.0020980661927839815,0.039982065695991706,5.048413624768887E-4]}
{"id": 5, "drone": 0, "position":(8.333333333333334,33.333333333333336,1.0), "time":465.20631700898525,"sensors":[12,29,27,25,26,14,22,2,10,23],"power":[0.2007049187582283,0.1570944604229652,0.1287192186245831,0.07918421235613492,0.04077243897436508,0.18396981049853148,0.07015511662756586,0.11964677801980643,0.06408030582174269,0.08765967509752828]}
{"id": 6, "drone": 0, "position":(8.333333333333334,41.666666666666664,1.0), "time":5.790519892631498,"sensors":[12,20,29,2,23],"power":[0.0026332404556075758,9.933552517908998E-4,4.868778830435659E-4,0.044442813089002234,0.019105193708041465]}
{"id": 7, "drone": 0, "position":(33.333333333333336,41.666666666666664,1.0), "time":495.6119792436055,"sensors":[1,13,11,18,5,16],"power":[0.3548639194976921,0.15,0.07910324155099684,0.08562129306152162,0.21975160991890555,0.06467446143366905]}
{"id": 8, "drone": 2, "position":(16.666666666666668,41.666666666666664,1.0), "time":319.54717026587457,"sensors":[12,20,29,18,2,23],"power":[0.024222894053489822,0.1490066447482091,0.03696885186641944,0.08969787895073203,0.07802155377350659,0.043235131194430176]}
{"id": 9, "drone": 2, "position":(8.333333333333334,8.333333333333334,1.0), "time":379.8579518275377,"sensors":[8,21,6,19],"power":[0.10528698062591879,0.15000000000000002,0.06798089152304977,0.4535187648380608]}
{"id": 10, "drone": 2, "position":(25.0,33.333333333333336,1.0), "time":78.48075921392963,"sensors":[11,29,18,5,26,10,16],"power":[0.17630070219214417,0.009058109239046645,0.015936998742390796,0.028111234760306615,0.006936117345400048,0.007439872344325923,0.08532553856633095]}
{"id": 11, "drone": 2, "position":(16.666666666666668,16.666666666666668,1.0), "time":196.5988850619915,"sensors":[8,24,25,26,14,22,10,6,19],"power":[0.012888411899132462,0.12683403167557478,0.03542908380681609,0.04729223825934668,0.0125537880771364,0.029500983879679154,0.03365958651107132,0.023996135933870528,0.04146081034623556]}
