LP RESULTS :
 Obj = 0.1*lambda1+0.9*lambda2 = 91.58894892933915 (lambda1 = 870.8894892933915, lambda2 = 5.0) Resol time = 46995 ms

{"id": 0, "drone": 0, "position":(33.333333333333336,25.0,1.0), "time":47.60337439903776,"sensors":[28,13,21,4,23,6,17,5,8,16],"power":[0.005760786101162002,0.006340558863154032,0.004337144905400912,0.004286969441851918,0.06644588184385372,0.020716485377386844,0.027030061230761234,0.007253418699815183,0.006237325324799657,0.0038851153247000604]}
{"id": 1, "drone": 0, "position":(8.333333333333334,41.666666666666664,1.0), "time":654.3336421811565,"sensors":[27,19,22,18,29,1],"power":[0.15,0.15626326244958968,6.543336421811565,0.29937501931127364,0.6115079625787442,1.8718765531716828]}
{"id": 2, "drone": 0, "position":(8.333333333333334,16.666666666666668,1.0), "time":28.834261244342883,"sensors":[26,10,11],"power":[0.03415060999965829,0.0030296925946611225,0.0021339417076683053]}
{"id": 3, "drone": 0, "position":(33.333333333333336,16.666666666666668,1.0), "time":0.004176184123397381,"sensors":[28,21,4,23,6,17,5,0],"power":[2.6326237536107638E-6,4.011177467246325E-6,3.966125248639998E-7,4.1646388581227434E-7,7.859061041701156E-6,2.6921613250051433E-7,3.234210285748143E-7,1.0375461680520474E-6]}
{"id": 4, "drone": 0, "position":(16.666666666666668,25.0,1.0), "time":112.13710624603026,"sensors":[12,4,11,3,2],"power":[0.13098205354721967,0.032604098955803774,0.5675215466166844,0.30495359245912473,0.024369207607600286]}
{"id": 5, "drone": 0, "position":(41.666666666666664,25.0,1.0), "time":27.97692903870076,"sensors":[24,9,23,6,17,5,0,25,8],"power":[0.002408998644929141,0.0019246894162053838,0.005594827678412254,0.0050370739848462805,0.005883155667177869,0.12298658925974452,0.0018777452040937858,0.0022995098617107396,0.01580565419254323]}
{"id": 6, "drone": 2, "position":(8.333333333333334,8.333333333333334,1.0), "time":363.2249795233089,"sensors":[26,10],"power":[0.11584937558780517,0.14697049196175724]}
{"id": 7, "drone": 2, "position":(33.333333333333336,41.666666666666664,1.0), "time":311.2551099769314,"sensors":[13,24,9,7,14,23,17,20,25,16],"power":[0.10820153334111085,0.024141192784815094,0.055698647265814895,0.13267954055379197,0.022027636700731337,0.020395337727485138,0.02986893058962665,0.3882867081266529,0.0721612373463393,0.09125194106130752]}
{"id": 8, "drone": 2, "position":(8.333333333333334,16.666666666666668,2.0), "time":1.5557465438575946E-5,"sensors":[26,10,11],"power":[1.4328482088038372E-8,1.607597946743758E-9,1.0850082319810253E-9]}
{"id": 9, "drone": 2, "position":(33.333333333333336,16.666666666666668,1.0), "time":26.23619693111538,"sensors":[28,21,4,23,6,17,5,0],"power":[0.016539030177882764,0.025199569474612785,0.002491653624508705,0.0026163665681434526,0.0493732716497156,0.0016913065278287426,0.0020318399636196564,0.006518214902841206]}
{"id": 10, "drone": 2, "position":(25.0,33.333333333333336,1.0), "time":128.47733838439538,"sensors":[12,13,4,23,17,11,3,2,20,16],"power":[0.01901794645278036,0.03138057683905858,0.008574119486391103,0.01944196761415023,0.017705152205361306,0.016519679934391948,0.02161011799646552,0.12205331720742776,0.013522696444208414,0.08489280636469984]}
{"id": 11, "drone": 2, "position":(33.333333333333336,33.333333333333336,1.0), "time":41.69584884920596,"sensors":[13,24,9,14,23,17,2,20,5,25,8,16],"power":[0.1267222052568159,0.003618699463868,0.0067037911444393986,0.002682849758620667,0.02474568694835869,0.04941291489669636,0.0035774751849719545,0.005194242638326504,0.002850804357241205,0.010457112395643819,0.0065744336557918654,0.017729007148431567]}
{"id": 12, "drone": 1, "position":(25.0,16.666666666666668,1.0), "time":164.28655441013802,"sensors":[28,21,4,6,11,3],"power":[0.16135983517309374,0.04546451065110028,0.10204276187892118,0.026684999744622732,0.018521082457411207,0.0153374989655483]}
{"id": 13, "drone": 1, "position":(41.666666666666664,8.333333333333334,1.0), "time":29.703900289976787,"sensors":[15,21,6,0],"power":[0.002440546520187968,0.0032221839086648,0.001969704491043554,0.02644880649690727]}
{"id": 14, "drone": 1, "position":(41.666666666666664,33.333333333333336,1.0), "time":74.5896442080159,"sensors":[13,24,9,14,23,17,5,25,8],"power":[0.013270575340525462,0.049096133363017824,0.050026343072683783,0.026284941321424036,0.012658851712784316,0.01840820966641479,0.014877022271974316,0.06416887223473168,0.10177554504987123]}
{"id": 15, "drone": 1, "position":(41.666666666666664,41.666666666666664,1.0), "time":205.2469414626462,"sensors":[13,24,9,7,14,20,25,8],"power":[0.023391363096431018,0.08208862656685033,0.2468116288456256,0.017320459446208036,0.09900457221922393,0.020684396493774255,0.13562116318301484,0.020077700784204986]}
{"id": 16, "drone": 1, "position":(33.333333333333336,8.333333333333334,1.0), "time":397.06244892261526,"sensors":[28,15,21,6,0],"power":[0.08645825372106909,0.14755945347981825,0.20992125416673632,0.04621060569134385,0.11515419584998837]}
