LP RESULTS :
 Obj = 0.1*lambda1+0.9*lambda2 = 112.1377212962089 (lambda1 = 1067.3772129620888, lambda2 = 6.0) Resol time = 42151 ms

{"id": 0, "drone": 1, "position":(33.333333333333336,25.0,1.0), "time":76.87503131386383,"sensors":[4,24,28,18,25,14,5],"power":[0.7687503131386383,0.00596265196820522,0.017540891327893104,0.07141988511621229,0.01393653167270078,0.012613432260160776,0.005637028002932814]}
{"id": 1, "drone": 1, "position":(25.0,25.0,1.0), "time":35.52795302131706,"sensors":[4,3,24,10,13,28,18,25,14,5],"power":[0.007809598697658107,0.007025043870471145,0.004525985672008265,0.0037816821574080694,0.003655427637661649,0.006660353469703792,0.0028530895884238375,0.002423716358126616,0.18919350146592473,0.006438581721798063]}
{"id": 2, "drone": 1, "position":(8.333333333333334,41.666666666666664,1.0), "time":76.14049632001809,"sensors":[15,22,26,21,7],"power":[0.011276185351456892,0.02265689622850196,0.10843038261591371,0.030623383582112702,0.026881421168321575]}
{"id": 3, "drone": 1, "position":(41.666666666666664,8.333333333333334,1.0), "time":419.98254977308943,"sensors":[2,23,8,9,20],"power":[0.0807864042192727,0.10547008363771636,0.39239063622414194,0.041503805443678904,0.06737622034845119]}
{"id": 4, "drone": 1, "position":(8.333333333333334,25.0,1.0), "time":446.3541566834371,"sensors":[27,3,10,16,29,6],"power":[0.05778721034145501,0.08719305564286443,0.12284188234823112,0.03672049567890728,0.08624065531764465,0.14915073147256178]}
{"id": 5, "drone": 1, "position":(8.333333333333334,16.666666666666668,1.0), "time":12.497025850563379,"sensors":[27,3,10,16,13,29,19,11,0,6],"power":[0.012954368144520296,0.0018133944800471297,0.003500938909552276,0.004049732375708694,0.0012793342015289663,0.021902707536866288,0.0010650464625412553,0.002452014280296425,0.003667271541068777,8.492685274382329E-4]}
{"id": 6, "drone": 0, "position":(16.666666666666668,25.0,1.0), "time":4.326068896319304,"sensors":[3,15,10,16,13,29,14,5],"power":[0.009070669581136472,5.144018396228873E-4,0.0029295205546201303,5.023361756850647E-4,5.575247287859166E-4,6.69446421946237E-4,0.0012629494595848012,3.978054234417719E-4]}
{"id": 7, "drone": 0, "position":(41.666666666666664,33.333333333333336,1.0), "time":336.8496879763786,"sensors":[1,4,12,18,25,17],"power":[0.03491945900965624,0.03363989234023134,0.1246671633566679,0.06321112487363462,0.09238496386985548,0.07216383628680584]}
{"id": 8, "drone": 0, "position":(25.0,16.666666666666668,1.0), "time":14.615602175507274,"sensors":[4,3,10,16,13,28,14,9,5],"power":[0.0013863954530635501,0.002197610166095559,0.0015867706493470448,0.001795691053336581,0.006777120199207276,0.007814801665968272,0.003365065853595965,0.0016177000939378234,0.09314984761400527]}
{"id": 9, "drone": 0, "position":(25.0,33.333333333333336,1.0), "time":39.86369364149509,"sensors":[4,24,15,21,25,14,7],"power":[0.004106078959535865,0.09720453367860339,0.007604143137133411,0.002698096348573954,0.006878601894377028,0.008095789997247105,0.003077229126925827]}
{"id": 10, "drone": 0, "position":(8.333333333333334,8.333333333333334,1.0), "time":274.8302563309416,"sensors":[27,16,13,29,19,11,0],"power":[0.07069605466591097,0.05741851613251519,0.019538295208951142,0.052673938859814605,0.07928843521871563,0.1462911197796143,0.24800534079055792]}
{"id": 11, "drone": 0, "position":(16.666666666666668,41.666666666666664,1.0), "time":396.8919039414469,"sensors":[24,15,22,26,21,7],"power":[0.042306828681183115,0.17497092770532063,0.12734310377149805,0.04161646228143918,0.8761590366181644,0.9557176618395474]}
{"id": 12, "drone": 2, "position":(16.666666666666668,8.333333333333334,1.0), "time":19.803396670410798,"sensors":[10,16,13,29,19,5,11,0],"power":[0.0014338820218035004,0.00737838449332568,0.00565230446614346,0.0029831435148156603,0.05611287793721236,0.0025091301173588284,0.001256865940089294,0.0106269120105839]}
{"id": 13, "drone": 2, "position":(41.666666666666664,8.333333333333334,1.0), "time":515.0265994513456,"sensors":[2,23,8,9,20],"power":[0.09906875195036939,0.129338465488936,0.48119050455847995,0.0508963141289968,0.08262377965154881]}
{"id": 14, "drone": 2, "position":(41.666666666666664,41.666666666666664,1.0), "time":321.0343870312764,"sensors":[1,12,25,17],"power":[0.11750462485677354,0.025332836643332086,0.04301634696729412,0.07783616371319413]}
{"id": 15, "drone": 2, "position":(16.666666666666668,16.666666666666668,1.0), "time":93.76036824690969,"sensors":[27,3,10,16,13,29,19,14,5,0],"power":[0.008562366848132056,0.04270022625947658,0.05814484611812285,0.13552569628523659,0.11253999355796226,0.047304495727417684,0.013533640381559726,0.012002827030506001,0.02369334499069784,0.02290793830896805]}
{"id": 16, "drone": 2, "position":(33.333333333333336,8.333333333333334,1.0), "time":39.66778207376312,"sensors":[2,28,8,9,5],"power":[0.008469793090724714,0.0061563312321682466,0.022626824241943084,0.046031049257040615,0.003903292158012653]}
{"id": 17, "drone": 2, "position":(33.333333333333336,16.666666666666668,1.0), "time":78.0846794883825,"sensors":[4,28,18,14,8,9,5],"power":[0.015825506606589376,0.11182762230426627,0.012515900421729263,0.006337450844569175,0.008653071691436415,0.009951131076345782,0.014270969971799462]}
