LP RESULTS :
 Obj = 0.1*lambda1+0.9*lambda2 = 103.58038915642184 (lambda1 = 981.8038915642184, lambda2 = 6.0) Resol time = 647423 ms

{"id": 0, "drone": 1, "position":(8.333333333333334,16.666666666666668,1.0), "time":162.6264387654819,"sensors":[5,6,0,28,20,23],"power":[0.016023700645438243,0.01088848127788079,0.07500691009447973,0.022476743147864683,0.06697085357536822,0.021300192186341722]}
{"id": 1, "drone": 1, "position":(16.666666666666668,33.333333333333336,1.0), "time":71.4596874585615,"sensors":[13,11,2,28,22,16,9],"power":[0.021267256555851693,0.0199336073058703,0.03619781372432414,0.014566692310843479,0.005277437319523067,0.057187147937404516,0.48797133783842106]}
{"id": 2, "drone": 1, "position":(25.0,33.333333333333336,1.0), "time":140.3172563284999,"sensors":[13,26,11,8,2,3,22,16,9],"power":[0.5124187099309582,0.02061625183921006,0.03080671274368108,0.050380013534733474,0.24653662816696417,0.04083482670173554,0.08054989470190417,0.022195902788657514,0.03555231249539006]}
{"id": 3, "drone": 1, "position":(41.666666666666664,33.333333333333336,1.0), "time":58.51899436916858,"sensors":[17,12,27,14,4,8,3,1,25,22],"power":[0.15735198120088947,0.010561604876943523,0.008728125776805495,0.2407699749776567,0.00822486372783753,0.006934758255520475,0.007915004678785455,0.0062913642638172925,0.017954667138631225,0.004145067487284994]}
{"id": 4, "drone": 1, "position":(41.666666666666664,25.0,1.0), "time":312.13403080338503,"sensors":[17,12,14,3,25],"power":[0.04928193140952638,0.11190185825500498,0.059631381739237536,0.030264273474951375,0.038197978725379556]}
{"id": 5, "drone": 1, "position":(8.333333333333334,41.666666666666664,1.0), "time":236.74748383912143,"sensors":[24,16,9],"power":[0.15,0.04519963467258739,0.01780708949242323]}
{"id": 6, "drone": 0, "position":(8.333333333333334,8.333333333333334,1.0), "time":547.5373952241579,"sensors":[5,21,6,0,20,23],"power":[0.15816010330932984,0.13865537572578157,0.05288297480712941,0.046702508201825754,0.07477968860438806,0.1676908829025266]}
{"id": 7, "drone": 0, "position":(41.666666666666664,41.666666666666664,1.0), "time":215.293045017745,"sensors":[17,27,26,14,4,8,1,25],"power":[0.05660953791635143,0.855173023578727,0.017659754382819467,0.04794226489309867,0.22728552639488112,0.018306240279516824,0.07240380650265482,0.026750921168367962]}
{"id": 8, "drone": 0, "position":(25.0,16.666666666666668,1.0), "time":33.17392302835084,"sensors":[19,10,11,6,0],"power":[0.0023172177272100833,0.13089622232997644,0.00339717891797813,0.00789875717866759,0.0025205891206254607]}
{"id": 9, "drone": 0, "position":(16.666666666666668,25.0,1.0), "time":73.23108920231581,"sensors":[13,10,11,0,2,28,16,9],"power":[0.011010358934760534,0.01122333554136147,0.09023840297331445,0.025651718875380602,0.01130595051724227,0.0351047496409986,0.005554717427211507,0.018533923395465498]}
{"id": 10, "drone": 0, "position":(33.333333333333336,8.333333333333334,1.0), "time":89.83903650716047,"sensors":[19,7,18,29],"power":[0.0986040294787666,0.052873990406980625,0.012711931154986297,0.006051072567858643]}
{"id": 11, "drone": 0, "position":(33.333333333333336,33.333333333333336,1.0), "time":22.729402584488156,"sensors":[17,13,27,26,14,4,8,2,3,22],"power":[0.003108624546572673,0.0035444593956807926,0.0018036918359300806,0.0034102548172085683,0.007464664818603194,0.002940205188915187,0.03783942879887373,0.002423770241762146,0.04117724744020836,0.012266928635235473]}
{"id": 12, "drone": 2, "position":(41.666666666666664,8.333333333333334,1.0), "time":411.6101213415987,"sensors":[19,7,18,15,29],"power":[0.049078752794023316,0.25709171144406257,0.13728806884501368,0.1626342247112638,0.2507507573204645]}
{"id": 13, "drone": 2, "position":(25.0,41.666666666666664,1.0), "time":117.08397981179729,"sensors":[13,26,4,8,2,3,22,16,9],"power":[0.0195262005770081,0.09492283823043556,0.008378050669640282,0.023494216338253104,0.023210713067172217,0.009172407219317355,0.036953526065798464,0.01986259717413906,0.011028542212836402]}
{"id": 14, "drone": 2, "position":(41.666666666666664,41.666666666666664,1.0), "time":163.25072995165996,"sensors":[17,27,26,14,4,8,1,25],"power":[0.04292543861000633,0.6484539262412703,0.013390900730326347,0.03635328646445179,0.17234429513667462,0.013881113010665446,0.05490179332947292,0.02028447972973504]}
{"id": 15, "drone": 2, "position":(41.666666666666664,33.333333333333336,1.0), "time":152.5724986593365,"sensors":[17,12,27,14,4,8,3,1,25,22],"power":[0.41025286233328245,0.02753653686805148,0.022756234496773643,0.627742788140618,0.02144411440449957,0.018080512251602673,0.02063624048500192,0.016403035904054945,0.0468119532378862,0.010807145790253853]}
{"id": 16, "drone": 2, "position":(8.333333333333334,25.0,1.0), "time":55.54050005547742,"sensors":[11,0,28,20,9],"power":[0.005624098059156091,0.017619900320885673,0.0778518149002929,0.008249457820243746,0.005250028334628898]}
{"id": 17, "drone": 2, "position":(16.666666666666668,8.333333333333334,1.0), "time":81.74606174434878,"sensors":[10,5,21,6,0],"power":[0.00788044212866206,0.34801962135526693,0.011344624274218416,0.07832978673632221,0.007034761542776583]}
