LP RESULTS :
 Obj = 0.1*lambda1+0.9*lambda2 = 107.64319103973781 (lambda1 = 1031.431910397378, lambda2 = 5.0) Resol time = 171400 ms

{"id": 0, "drone": 2, "position":(33.333333333333336,16.666666666666668,1.0), "time":47.88299130577644,"sensors":[1,5,29,23,16,17,4,26,9,12,15],"power":[0.022520562221474794,0.025294950156413438,0.008150970557609724,0.012421120176867447,0.013004031210312806,0.003966365065191888,0.007076634533248091,0.028047756033907478,0.004943017854223316,0.03682675039915056,0.004328080668582054]}
{"id": 1, "drone": 2, "position":(41.666666666666664,25.0,1.0), "time":174.87495338307173,"sensors":[1,20,22,23,17,4,6,19,26,14,3],"power":[0.013810903745032233,0.056467004789946346,0.03202759613967369,0.024940044894110065,0.04173494836904718,0.04182959062037717,0.03333716882335039,0.03332157974101903,0.029268124864280872,0.01123696889917055,0.02501379916743061]}
{"id": 2, "drone": 2, "position":(41.666666666666664,16.666666666666668,5.0), "time":629.3279743337504,"sensors":[1,11,22,23,26,3,12],"power":[0.17362315042249546,0.10538694220847387,0.09250437940424436,0.3255662688345822,0.06769964937234338,0.14291041980056712,0.04954058813439593]}
{"id": 3, "drone": 2, "position":(41.666666666666664,8.333333333333334,1.0), "time":53.22027270722941,"sensors":[1,11,23,3,12],"power":[0.018571533811586893,0.015411907686473264,0.017217111005860958,0.006442155935181621,0.004687953546045079]}
{"id": 4, "drone": 2, "position":(41.666666666666664,16.666666666666668,1.0), "time":126.12571866755006,"sensors":[1,11,22,23,4,26,3,12],"power":[0.061270662082080554,0.029201150105052854,0.025468024456081963,0.4124928216912608,0.009772683329383677,0.018125781641509454,0.0419980065825214,0.012540615769110973]}
{"id": 5, "drone": 0, "position":(25.0,41.666666666666664,1.0), "time":81.50952558177562,"sensors":[8,0,7,25,24,27],"power":[0.03296735400721414,0.027868672146639392,0.045769307614146014,0.1415395833824339,0.02667336922967358,0.011977593175592547]}
{"id": 6, "drone": 0, "position":(41.666666666666664,33.333333333333336,1.0), "time":682.5482470409797,"sensors":[20,17,4,6,19,14],"power":[2.6794741091590613,0.1575637178421213,0.09499459705469245,0.1166628311766496,0.7049641692002381,0.2208542943479998]}
{"id": 7, "drone": 0, "position":(16.666666666666668,33.333333333333336,1.0), "time":197.599307381173,"sensors":[8,13,0,10,7,24,21,27],"power":[0.02282332827375783,0.019477243705794522,0.050270758525360344,0.013918381612160852,0.03445836035482725,0.05138983134724243,0.019362814340960703,0.12788011188193357]}
{"id": 8, "drone": 0, "position":(25.0,16.666666666666668,4.0), "time":53.15349050945254,"sensors":[13,5,29,10,2,16,26,9,12,15],"power":[0.004357342090543835,0.03099356909429313,0.047008017185010326,0.011314900868013652,0.004671665744035406,0.04774237332289728,0.007871246499938181,0.010422141723203647,0.01337324951873719,0.009792293819280672]}
{"id": 9, "drone": 0, "position":(8.333333333333334,8.333333333333334,1.0), "time":16.621339883997194,"sensors":[18,2,28],"power":[0.005586326994512066,0.004692708707094106,0.08503993943789427]}
{"id": 10, "drone": 1, "position":(16.666666666666668,8.333333333333334,1.0), "time":27.56032528280987,"sensors":[18,29,10,2,16,28,9,15],"power":[0.04292282462078,0.0025748566917182863,0.00228375897224009,0.02791116007667836,0.001763111310064618,0.004381575002570446,0.005770488424040671,0.006787288566586421]}
{"id": 11, "drone": 1, "position":(8.333333333333334,41.666666666666664,1.0), "time":82.96404490217876,"sensors":[8,0,7,24,21],"power":[0.00862801519907134,0.011720288208738869,0.008376061260489662,0.01178155055461056,0.12030161610583742]}
{"id": 12, "drone": 1, "position":(25.0,8.333333333333334,1.0), "time":121.72146287362125,"sensors":[1,18,5,29,2,16,9,12,15],"power":[0.007683397525305349,0.014659723502992394,0.019801752528611435,0.020138391314450416,0.014470352904541309,0.020287637498172327,1.2172146287362124,0.0330308426325608,1.2172146287362124]}
{"id": 13, "drone": 1, "position":(16.666666666666668,16.666666666666668,1.0), "time":719.4866367421298,"sensors":[13,18,5,29,10,2,16,28,9,15],"power":[0.31301352420608547,0.08683112488171293,0.0739097282206824,0.19287746382747553,0.5940611023726523,0.362635541830103,0.12008918850652153,0.06057848555951896,0.07191850497799758,0.07902697816895572]}
{"id": 14, "drone": 1, "position":(16.666666666666668,41.666666666666664,1.0), "time":79.6994405966411,"sensors":[8,0,7,25,24,21,27],"power":[0.08558130251995721,0.2446470923040853,0.1241024051581723,0.008460416617566123,0.25155457957950217,0.010335569553202447,0.01014229494247577]}
