LP RESULTS :
 Obj = 0.1*lambda1+0.9*lambda2 = 120.53530142354343 (lambda1 = 1187.3530142354343, lambda2 = 2.0) Resol time = 484 ms

{"id": 0, "drone": 5, "position":(8.333333333333334,16.666666666666668,1.0), "time":665.1525735280984,"sensors":[16,11,18,13,19,30,37],"power":[0.8982691494069296,0.1273178072992743,0.08823867260523306,0.22363279502159675,0.04432712165172147,0.44666971524486804,1.1817245774048766]}
{"id": 1, "drone": 5, "position":(33.333333333333336,41.666666666666664,1.0), "time":369.52137715023713,"sensors":[27,33,21,26,28,5],"power":[0.027804769910502555,2.204420836870002,0.07499062602279684,0.08120328179940697,0.04625745583470925,0.023990668204242924]}
{"id": 2, "drone": 2, "position":(25.0,25.0,5.0), "time":140.33421833077372,"sensors":[31,9,19,34,25,14,5,32],"power":[0.04326631120923846,0.04649823244547785,0.010874518556284473,0.01002816977224758,0.01006864752463028,0.05723506092889707,0.030141132953968044,0.016275878216224057]}
{"id": 3, "drone": 2, "position":(41.666666666666664,25.0,1.0), "time":525.4658458278925,"sensors":[6,8,39,4,20,23,1,35,22,36,25,38,0,5,29,32],"power":[0.41860075828873367,0.1685543809786236,0.34843916620941123,0.07588447694921363,0.1499999999997145,0.35443421543839293,0.5831678427624727,0.08155931790000374,0.5178194381358698,0.5386989265616248,0.3662532128716521,0.8641243711907575,0.5607901671503788,0.05211477679328551,0.07254919327304046,0.12356810112111849]}
{"id": 4, "drone": 4, "position":(16.666666666666668,33.333333333333336,1.0), "time":699.6928994803337,"sensors":[31,9,27,3,15,14],"power":[0.07715225747078511,0.07373327425272964,0.2708756146458472,0.0882604562438163,0.1172330205371987,0.1122912984283179]}
{"id": 5, "drone": 4, "position":(8.333333333333334,16.666666666666668,3.0), "time":487.6601147551006,"sensors":[16,11,18,13,30,37],"power":[0.37080156910178225,0.08562344724598234,0.061761327394766946,0.1395687265938503,0.2311130466420661,0.4433739144104978]}
{"id": 6, "drone": 1, "position":(33.333333333333336,41.666666666666664,5.0), "time":217.92822915910654,"sensors":[33,21,26,28],"power":[0.1256662529422092,0.03338435941593945,0.03584855191373793,0.020890629040012317]}
{"id": 7, "drone": 1, "position":(41.666666666666664,41.666666666666664,1.0), "time":481.76467032122724,"sensors":[8,33,21,23,26,28,29],"power":[0.04604536733508814,0.08242584014439051,0.08951474732690476,0.04367201127514594,0.03294816628685508,0.7625943741433452,0.07745080672695953]}
{"id": 8, "drone": 3, "position":(8.333333333333334,33.333333333333336,1.0), "time":487.6601147551006,"sensors":[3,15,24,10],"power":[1.0957601513264672,0.05593477577015853,0.17121202111495612,0.15]}
{"id": 9, "drone": 3, "position":(25.0,8.333333333333334,2.0), "time":381.8662223765622,"sensors":[2,19,34,17],"power":[0.032780538062458106,0.11204749013655886,0.09935228551832467,0.059199889754531415]}
{"id": 10, "drone": 0, "position":(41.666666666666664,8.333333333333334,1.0), "time":661.8871684075419,"sensors":[6,12,2,4,7,1,35,22,34,17],"power":[0.05313057980288116,5.985489240164618,0.41266646097868004,0.08850028680927044,0.15,0.047401119782861004,0.14162057670628017,0.04694875659762664,0.04471761993594922,0.09727362251246963]}
{"id": 11, "drone": 0, "position":(33.333333333333336,33.333333333333336,1.0), "time":118.13873760486348,"sensors":[31,8,9,27,33,23,36,25,38,0,14,5,32],"power":[0.03142481888715022,0.009583444983447336,0.029768493301792497,0.009280905819286296,0.022518624404369077,0.019352247852933938,0.028438061507727957,0.024072393009023346,0.018732258720348727,0.017693530620928485,0.017590637764010236,0.06006944668227769,0.011790898032607855]}
