LP RESULTS :
 Obj = 0.1*lambda1+0.9*lambda2 = 146.72283054295227 (lambda1 = 1440.2283054295226, lambda2 = 3.0) Resol time = 510433 ms

{"id": 0, "drone": 5, "position":(25.0,41.666666666666664,1.0), "time":308.66588386155695,"sensors":[26,32,10,21,6,34,28,3,7,9],"power":[0.022621780378866453,0.05945137402371351,0.056385810094590046,0.026190719864109237,0.0859228677493311,0.05620976958166031,0.023623239958081157,0.567671408117687,0.06062948478480967,0.03156969465421167]}
{"id": 1, "drone": 5, "position":(33.333333333333336,8.333333333333334,1.0), "time":76.0536894591196,"sensors":[13,1,39,24,11,14,31,5],"power":[0.0436966505217417,0.00956622020632256,0.028499104579448504,0.018315821718764884,0.016025663345683918,0.022444355112737197,0.010567742907332962,0.10147267368865193]}
{"id": 2, "drone": 5, "position":(41.666666666666664,33.333333333333336,1.0), "time":201.72465253508312,"sensors":[19,17,33,34,28,4,7,9],"power":[0.02273712404326771,0.19708721952011712,0.06312117107720039,0.014974196181144895,0.026142526595271998,0.031006542959629166,0.013239439860339625,0.021533151964836333]}
{"id": 3, "drone": 2, "position":(25.0,8.333333333333334,1.0), "time":474.90903646350677,"sensors":[12,13,11,14,31,5],"power":[0.053887554830757516,0.03025660813751894,0.1149533600920831,0.060992596504067076,0.10186735077622723,0.0780225973840622]}
{"id": 4, "drone": 2, "position":(41.666666666666664,16.666666666666668,1.0), "time":62.791105416911705,"sensors":[19,13,39,24,25,11,30,14,4],"power":[0.004035695969397397,0.011829597039032984,0.009005752181731375,0.022703795725767393,0.014257563799254474,0.0041611753211385745,0.010523038910229605,0.012710988364910997,0.016076448291455884]}
{"id": 5, "drone": 2, "position":(33.333333333333336,41.666666666666664,1.0), "time":62.791105416905715,"sensors":[26,17,32,27,6,34,28,3,7,9],"power":[0.019638124680451435,0.008215100910380729,0.009764780840914644,0.019831528258791014,0.0055970894283739634,0.010490948293559642,0.05024522434666084,0.026608775814282525,0.1635995751690477,0.07619015084672291]}
{"id": 6, "drone": 4, "position":(8.333333333333334,25.0,1.0), "time":474.9090364635068,"sensors":[15,2,20,38,16,22],"power":[0.07567545454354384,0.06571863427061678,0.08963802700630617,0.11323134668596015,0.10424166814510802,0.2479748981599745]}
{"id": 7, "drone": 4, "position":(8.333333333333334,33.333333333333336,1.0), "time":298.16184813413815,"sensors":[0,2,10,38,16,22],"power":[0.09541060215909423,0.14590309505549245,0.04636106921372588,0.03676865331403985,0.4792986712095916,0.018982207768108515]}
{"id": 8, "drone": 4, "position":(33.333333333333336,33.333333333333336,1.0), "time":418.5274612890587,"sensors":[19,17,32,21,29,34,28,4,18,3,36,7,9],"power":[0.13099313331591153,0.05853172991565082,0.21509864951347504,0.05458833376261546,0.04987302632632879,0.30861813284591444,0.05798814139639729,0.047293328509316154,0.034002159770300217,0.07635326906423232,0.029659991750909616,0.052892370566849554,0.05330321812030252]}
{"id": 9, "drone": 1, "position":(25.0,25.0,1.0), "time":183.1567185718268,"sensors":[23,19,32,10,21,29,11,34,14,18,36],"power":[0.25079639816198457,0.04445192140316363,0.03634816301563053,0.011988531583342168,0.12368431445826078,0.1470990261098101,0.025693108812085415,0.03370004429600058,0.014924986218345166,0.09407871063673658,0.8792712664313251]}
{"id": 10, "drone": 1, "position":(16.666666666666668,41.666666666666664,1.0), "time":384.8813711069097,"sensors":[0,2,10,6,3],"power":[0.05458939784090576,0.08456179908564755,0.16709099951454462,0.05848004282229491,0.04611221047948853]}
{"id": 11, "drone": 1, "position":(41.666666666666664,41.666666666666664,1.0), "time":448.519202326918,"sensors":[26,17,27,33,28,7,9],"power":[0.10774009494068211,0.3055235159262295,0.16567314703468747,0.04049965940510461,0.37300561834420465,0.09346838477616941,0.20387921114205645]}
{"id": 12, "drone": 0, "position":(8.333333333333334,8.333333333333334,1.0), "time":396.75375723043436,"sensors":[15,12,20,22,35,37,8],"power":[0.11314672930686549,0.061511254160493994,0.08760954378102956,0.03703861853031923,0.40236746157348263,0.46211614287224656,0.10137389280031543]}
{"id": 13, "drone": 0, "position":(41.666666666666664,8.333333333333334,1.0), "time":643.3177555181576,"sensors":[13,1,39,24,25,30,14,5],"power":[0.9354560308799047,0.19241290476424358,1.26867932463567,1.75123959784439,0.1357424362007455,0.1869919317837365,0.07061748022876893,0.13492334621884006]}
{"id": 14, "drone": 3, "position":(16.666666666666668,8.333333333333334,1.0), "time":568.5655117355815,"sensors":[15,12,20,31,35,37,8],"power":[0.05133430043593823,0.19657948871070133,0.0800886599771635,0.037564906316439814,0.05871664915356543,0.15356091592492432,0.04862610719968458]}
{"id": 15, "drone": 3, "position":(41.666666666666664,25.0,4.0), "time":308.6658838615572,"sensors":[19,17,29,33,4],"power":[0.04699556938334817,0.022636642576529455,0.02012383255289121,0.046379169517695,0.19774746765180237]}
{"id": 16, "drone": 3, "position":(25.0,33.333333333333336,1.0), "time":265.3624837550915,"sensors":[23,2,19,32,10,21,29,34,18,3,36],"power":[0.03211796501016627,0.028777066854440814,0.03722434030893373,0.47647296559086416,0.06574224741819717,0.23234365919308056,0.032567303663266274,0.30600942094447087,0.021919129592963257,0.06801869078213048,0.054352956191136996]}
