LP RESULTS :
 Obj = 0.1*lambda1+0.9*lambda2 = 124.50365979109195 (lambda1 = 1218.0365979109195, lambda2 = 3.0) Resol time = 69079 ms

{"id": 0, "drone": 1, "position":(16.666666666666668,16.666666666666668,1.0), "time":68.05876108908973,"sensors":[13,19,18,31,1,9,6,27,25,39,28,16],"power":[0.005285336862137343,0.011081050445839008,0.013769067047882595,0.04128555405845843,0.004895082987101061,0.010872424139934929,0.018222476940407687,0.0169139187995855,0.01263888062411366,0.01072176712780771,0.009560329309819229,0.011169416107112558]}
{"id": 1, "drone": 1, "position":(25.0,33.333333333333336,1.0), "time":9.511385727079187,"sensors":[35,36,1,34,4,39,20],"power":[0.0012324896582107715,0.0012498026114070922,0.0010776714276211506,0.029326217211823834,6.644407302097774E-4,6.740834814325923E-4,0.007875403299949306]}
{"id": 2, "drone": 1, "position":(16.666666666666668,41.666666666666664,1.0), "time":526.7785198473146,"sensors":[3,36,21,34,17],"power":[0.12381727836155278,0.07847464918535217,0.16074653919345408,0.06081633143468484,0.04313325148806396]}
{"id": 3, "drone": 4, "position":(25.0,8.333333333333334,1.0), "time":78.11365506338552,"sensors":[13,0,31,10,27,25,26,39,16],"power":[0.010718997801878648,0.006080196533481855,0.021838017095038156,0.060679101398360795,0.008241489480047288,0.005333578173299918,0.014665763440308916,0.0069318424839502285,0.027869068534698737]}
{"id": 4, "drone": 4, "position":(8.333333333333334,16.666666666666668,1.0), "time":429.40456763420616,"sensors":[11,19,18,31,9,5,6,27,33,25,28],"power":[0.050004633261249966,0.280435398420709,0.1747958731420881,0.0324433471147988,0.111087948032364,0.04057191566437994,0.48113914859398793,0.08215580937533512,0.032450099032723397,0.08999761986099587,0.7284775922634469]}
{"id": 5, "drone": 4, "position":(8.333333333333334,8.333333333333334,1.0), "time":642.459614124238,"sensors":[13,30,24,19,0,18,9,15,5,6,27,25,28],"power":[0.14202083992820852,0.18744092067512577,0.29158710518368364,0.8196477706290315,0.14391980346651811,0.994788067644886,1.9744290975525698,0.29172541346369213,0.4585731497827211,0.3310033602890198,0.29870787768028295,0.7852705399478355,0.07122005084458619]}
{"id": 6, "drone": 2, "position":(8.333333333333334,41.666666666666664,1.0), "time":53.93058177365134,"sensors":[36,21,29,23,17,37,33],"power":[0.0053139098290863815,0.0037608772422742594,0.009212370380411328,0.006691059707733552,0.049027789161948776,0.014092821457136674,0.004707977198466311]}
{"id": 7, "drone": 2, "position":(41.666666666666664,8.333333333333334,2.0), "time":1089.3515811113573,"sensors":[12,7,10,38,22,26],"power":[0.6318325249616402,0.5269054905487907,0.08311515814571228,0.14999999999999997,0.09705714322684798,0.187330053718623]}
{"id": 8, "drone": 2, "position":(8.333333333333334,25.0,1.0), "time":24.794523025179473,"sensors":[11,36,19,29,23,37,6,33,28],"power":[0.01572364615893223,0.004360607128415268,0.001743644158712807,0.003375005368701998,0.005268560397511235,0.0019254213952566474,0.002361142326095104,0.01832979829309859,0.010250309264705479]}
{"id": 9, "drone": 3, "position":(41.666666666666664,33.333333333333336,4.0), "time":883.8078696699904,"sensors":[8,14,32,20],"power":[0.22954259808047345,0.12783055353952222,0.07381103250667322,0.06235524631176413]}
{"id": 10, "drone": 3, "position":(41.666666666666664,25.0,1.0), "time":128.68501679956194,"sensors":[35,7,8,14,32,22],"power":[0.013911866405939676,0.012544193463097321,0.042817649867909716,0.036966141837847105,0.07618896749332676,0.08721920434309303]}
{"id": 11, "drone": 3, "position":(25.0,41.666666666666664,1.0), "time":60.57732322971128,"sensors":[3,21,34,4,20],"power":[0.026182721638447218,0.014479624507755862,0.02045707121955732,0.014839006364667683,0.009812108853740332]}
{"id": 12, "drone": 5, "position":(8.333333333333334,33.333333333333336,1.0), "time":365.9438784055741,"sensors":[11,36,29,23,17,37,33],"power":[0.0842717205798178,0.12012423488195696,0.16969995547834904,0.2285990523127803,0.05783895934998724,0.13398175714760666,0.38069986976322806]}
{"id": 13, "drone": 5, "position":(33.333333333333336,33.333333333333336,1.0), "time":27.062310152017474,"sensors":[35,1,34,4,20],"power":[0.004384140296753772,0.0026305052494085815,0.007017522054817436,0.003496960084261428,0.025484748627712057]}
{"id": 14, "drone": 5, "position":(25.0,16.666666666666668,2.0), "time":50.571361736176414,"sensors":[35,31,1,10,26,39,16],"power":[0.008770812318523648,0.029857906949323148,0.015119796267040131,0.006205740455926956,0.008318032152318813,0.04526417224267368,0.08856281514311201]}
{"id": 15, "drone": 0, "position":(25.0,25.0,1.0), "time":237.0777091321206,"sensors":[35,36,31,1,34,39,20,16],"power":[0.12170069132057228,0.019530167836292293,0.024575174782381505,0.2598666600507835,0.032382858079116596,0.16894510273825158,0.04447249290683405,0.030745927998797336]}
{"id": 16, "drone": 0, "position":(41.666666666666664,41.666666666666664,1.0), "time":942.5592228598151,"sensors":[4,2],"power":[0.16104616615246312,0.15]}
