LP RESULTS :
 Obj = 0.1*lambda1+0.9*lambda2 = 103.04396581006323 (lambda1 = 1012.4396581006322, lambda2 = 2.0) Resol time = 204 ms

{"id": 0, "drone": 1, "position":(8.333333333333334,8.333333333333334,1.0), "time":630.4524466259257,"sensors":[22,20,0,24,14,10,2,1],"power":[0.11837455228610348,0.18752628715428676,0.14772305030546984,0.3762598498705028,0.15,0.06567251181172651,0.0705713031420865,0.07623031206714484]}
{"id": 1, "drone": 1, "position":(41.666666666666664,25.0,1.0), "time":261.94862695254824,"sensors":[33,21,18,7,17,29,35,9,30],"power":[0.016682321477608043,0.17884998924500248,0.03713635613839988,0.05744498154874809,0.04610875300809248,0.05034634171820326,0.038648985811275606,0.09133519237503503,0.0549964074828214]}
{"id": 2, "drone": 3, "position":(25.0,41.666666666666664,1.0), "time":261.94862695254824,"sensors":[34,36,31,8,12,4,32],"power":[0.019653807981674685,0.01808043549953352,0.12778640272028158,0.0326438446728344,0.19085810619888544,0.07645608495439891,0.054520779173913334]}
{"id": 3, "drone": 3, "position":(41.666666666666664,16.666666666666668,5.0), "time":443.8661826507013,"sensors":[17,29,35,30,25],"power":[0.031066771130757617,0.16617984613885634,0.12076681931180591,0.15906102365768374,0.03292690261307411]}
{"id": 4, "drone": 2, "position":(41.666666666666664,41.666666666666664,1.0), "time":507.4364364386381,"sensors":[6,21,18,7,23,38,9,32],"power":[0.6252665759138717,0.042497664393070254,0.16740696488513984,0.1119350685150201,0.3435064984886301,0.15,0.05866480762496497,0.10095194843458682]}
{"id": 5, "drone": 2, "position":(25.0,25.0,1.0), "time":306.62484849738263,"sensors":[5,33,36,17,3,12,10,37],"power":[0.3506973876702947,0.11491283168314838,0.1514444668693518,0.08559582366575157,0.21668604693208743,0.027616812201082135,0.022316661908724642,0.06203063501541038]}
{"id": 6, "drone": 4, "position":(8.333333333333334,41.666666666666664,1.0), "time":645.1350266003499,"sensors":[34,26,13,16,27,8,39,15,28],"power":[0.2702934648042787,0.36447991819589104,0.09542937392829631,0.8666627852169217,0.07673867262835704,0.1489502430572447,0.08497369180699257,0.15638861797978207,0.17880233131933845]}
{"id": 7, "drone": 4, "position":(33.333333333333336,8.333333333333334,1.0), "time":181.16544498392068,"sensors":[33,29,25],"power":[0.013080577121347137,0.027968621146935695,1.0548348475032383]}
{"id": 8, "drone": 5, "position":(8.333333333333334,25.0,1.0), "time":306.62484849738263,"sensors":[22,13,0,3,27,11,19,24,39,2,37],"power":[0.0220665283478179,0.056350218587044566,0.02392538089202822,0.026189382295210655,0.11231664495936457,1.8368718673817046,0.1440284503358534,0.021467513533943355,0.11089817312203624,0.09282111260019414,0.04608933686432655]}
{"id": 9, "drone": 5, "position":(16.666666666666668,16.666666666666668,1.0), "time":75.36236297732381,"sensors":[33,22,36,0,3,11,24,10,2,1,37],"power":[0.005324269717896424,0.1349076476274852,0.004820282120781723,0.0807762610605126,0.010767889144279423,0.007849923734905529,0.022227759826612993,0.12882310100007432,0.03655910024643665,0.07376968793285515,0.059795049641299725]}
{"id": 10, "drone": 0, "position":(33.333333333333336,41.666666666666664,1.0), "time":243.0545947094458,"sensors":[6,18,7,23,31,12,4,32],"power":[0.02441240205108656,0.028126658779560294,0.021128703259131687,0.04238758651666399,0.02731038732240438,0.05213769688841986,0.07354391504560108,0.875697188336527]}
{"id": 11, "drone": 0, "position":(8.333333333333334,33.333333333333336,1.0), "time":60.67978300289974,"sensors":[34,26,13,16,27,11,19,8,39],"power":[0.020305088822786987,0.009626219125275384,0.04159319017025964,0.005793941800635429,0.0964447974260892,0.01033597610848731,0.00597154966414658,0.01421624098203783,0.16611245840699274]}
