LP RESULTS :
 Obj = 0.1*lambda1+0.9*lambda2 = 118.97218480125417 (lambda1 = 1162.7218480125416, lambda2 = 3.0) Resol time = 25699 ms

{"id": 0, "drone": 4, "position":(8.333333333333334,8.333333333333334,1.0), "time":132.8596045900211,"sensors":[36,27,26,31,32],"power":[0.01394683254963033,0.011383887101969413,0.009722634707244172,0.02856510618441735,0.12076883370669238]}
{"id": 1, "drone": 4, "position":(8.333333333333334,16.666666666666668,1.0), "time":359.74845697265766,"sensors":[37,36,16,27,26,31,38,32,10],"power":[0.040532401841364626,0.40166458502415464,0.042345981594193866,0.12147266828114782,0.09767087142690811,0.0447452307555849,0.025400765031843592,0.029231166293307607,0.07443773627104622]}
{"id": 2, "drone": 4, "position":(33.333333333333336,33.333333333333336,1.0), "time":10.995722365513778,"sensors":[21,17,35,33,7,2,28,19],"power":[0.0031768218472097882,0.002268273192409886,0.0014222830616559096,0.030459917710272677,0.004067716345926275,9.34468743927439E-4,0.004053069743978426,7.816874352753773E-4]}
{"id": 3, "drone": 3, "position":(41.666666666666664,25.0,1.0), "time":72.15879300624943,"sensors":[21,17,35,13,14,33,28],"power":[0.013254036750168478,0.10195888049482464,0.06174660689899056,0.0049186823209643755,0.006603206985411863,0.009699650216241596,0.03211544462520319]}
{"id": 4, "drone": 3, "position":(8.333333333333334,41.666666666666664,1.0), "time":646.8753569606075,"sensors":[39,30,23,25,11,18,29,22,3],"power":[0.3619403556915172,0.23939012421760414,0.5581498885950016,0.08129852645358723,1.1016714565104482,0.09960854890686306,0.15,1.6505089819209622,0.18395305013215285]}
{"id": 5, "drone": 3, "position":(8.333333333333334,25.0,1.0), "time":423.50078418897533,"sensors":[37,39,36,25,16,27,26,38,10,0,1],"power":[0.4484384838824817,0.030279680767588232,0.15458948532478534,0.05552834921785385,0.4988465394686394,0.08433516263285022,0.0778090742872733,0.10476634773765453,0.0755622637289537,0.03128439787986634,0.03330092089879843]}
{"id": 6, "drone": 1, "position":(41.666666666666664,41.666666666666664,1.0), "time":712.6913373858695,"sensors":[5,21,35,8,7,12,6,28],"power":[0.16238909781413655,0.1754002296066877,0.05514966968159539,0.21644881319904816,0.1932563782015284,0.05765668868135107,0.1478441377644475,0.05272747026746612]}
{"id": 7, "drone": 1, "position":(16.666666666666668,33.333333333333336,1.0), "time":92.34570686295899,"sensors":[37,39,30,23,25,11,16,18,38,2,3,0,1,19],"power":[0.0224043500107715,0.008088611475891294,0.0071559605968551454,0.005859663190070367,0.3618235607134424,0.007759278797048428,0.020619392922447622,0.009590908638265267,0.0339549360820132,0.07426652637326711,0.02450797954224094,0.009494777261803086,0.12116153619641645,0.06524666331790499]}
{"id": 8, "drone": 1, "position":(25.0,25.0,4.0), "time":246.61300226088747,"sensors":[13,14,26,33,38,2,4,0,1,19],"power":[0.025876695146088608,0.02951668676974859,0.022173228120800623,0.029361261253273336,0.03366505098422936,0.03249145974452146,0.06602129303215706,0.0956309470810341,0.04478717431484101,0.05381637567329317]}
{"id": 9, "drone": 0, "position":(25.0,8.333333333333334,1.0), "time":670.1137864498628,"sensors":[9,15,13,20,14,31,4],"power":[0.19969221417207444,0.15,0.08710334313523073,1.7413821674823744,0.06215937056013207,0.14320575075731157,0.09113239422164626]}
{"id": 10, "drone": 0, "position":(33.333333333333336,25.0,1.0), "time":173.02486058726709,"sensors":[21,17,35,13,14,33,4,0,28],"power":[0.018236070233760095,0.0698303150472701,0.02308372489335192,0.03473577054474853,0.048243298570651245,0.06901936022946331,0.025155054932929334,0.013589877777296484,0.05842852802910103]}
{"id": 11, "drone": 2, "position":(33.333333333333336,41.666666666666664,1.0), "time":73.98278130873761,"sensors":[21,8,33,7,12,28],"power":[0.009692397730303486,0.006334818337190575,0.009269675259157537,0.15095209081012043,0.02568616607563543,0.004998559692033431]}
{"id": 12, "drone": 2, "position":(25.0,41.666666666666664,4.0), "time":353.72913678808914,"sensors":[30,18,7,12,2,3,1,19],"power":[0.025348767267354192,0.06738721270595965,0.04480175652273477,0.0666571452430135,0.060826270387142625,0.04648178147294023,0.027974784041765687,0.03015527357352644]}
{"id": 13, "drone": 5, "position":(33.333333333333336,16.666666666666668,1.0), "time":0.8114057082747841,"sensors":[17,13,14,4,34],"power":[8.073660338171474E-5,0.003356678876215997,0.003477437114056262,1.7400874657926962E-4,8.784970276243855E-5]}
{"id": 14, "drone": 5, "position":(41.666666666666664,33.333333333333336,1.0), "time":11.32287016433169,"sensors":[5,21,17,35,33,7,6,28],"power":[0.00211554568648844,0.05722345131691342,0.003341563012496863,0.008597715464406255,0.0021901353315915135,0.002054253412797889,0.0021558622355525,0.005527973094890956]}
{"id": 15, "drone": 5, "position":(41.666666666666664,8.333333333333334,4.0), "time":912.3204281286387,"sensors":[24,34],"power":[0.15,0.8298496163005075]}
