LP RESULTS :
 Obj = 0.1*lambda1+0.9*lambda2 = 135.32541742357827 (lambda1 = 1335.2541742357826, lambda2 = 2.0) Resol time = 331 ms

{"id": 0, "drone": 1, "position":(25.0,33.333333333333336,1.0), "time":451.18636843167707,"sensors":[28,22,13,2,25,24,19,29,16,37,0,14],"power":[0.03434726722251535,0.53312518533415,1.7957884441720753,0.04729293393370561,0.13374803035504013,0.33652922512709865,0.036685177570659186,0.06228191385130674,0.02905310915411646,0.10154420484274024,0.07541238777017562,0.19920235610392023]}
{"id": 1, "drone": 1, "position":(41.666666666666664,25.0,1.0), "time":540.5429490086054,"sensors":[33,39,38,0,34],"power":[0.14999999999999997,0.1360934983403856,0.11723180736228536,0.10009025839901592,0.0485075326982899]}
{"id": 2, "drone": 3, "position":(8.333333333333334,25.0,1.0), "time":160.7984539305985,"sensors":[6,30,19,11,14,32],"power":[0.08513537508072556,0.0209705974818302,0.013900161775039242,0.020740741250830967,0.011041663471799561,0.3956794960606659]}
{"id": 3, "drone": 3, "position":(41.666666666666664,41.666666666666664,1.0), "time":794.7112252271771,"sensors":[28,26,25,36,8,38,31,16],"power":[0.10273864989635206,1.5693848813306617,0.0818367937504605,0.2717184178634986,2.857736832030981,0.16107087392075672,0.15,0.1039766725555035]}
{"id": 4, "drone": 4, "position":(41.666666666666664,8.333333333333334,1.0), "time":14.641864198704639,"sensors":[17,3,35,9,7,34],"power":[0.0018900489667427669,0.0010347252615493443,0.0020586683552247164,0.025168732820353226,0.002027929364059999,0.0034660182485578583]}
{"id": 5, "drone": 4, "position":(8.333333333333334,41.666666666666664,1.0), "time":794.7112252271772,"sensors":[6,2,23,21,29,12],"power":[0.06486462491927442,0.12711821977146465,0.16982366243185035,0.2274174816320058,0.06707466464517477,0.293216390514149]}
{"id": 6, "drone": 5, "position":(25.0,16.666666666666668,1.0), "time":79.65937923554608,"sensors":[17,35,24,18,27,19,37,4,34],"power":[0.017931708874052123,0.00591418818479851,0.005052914421406317,0.024347148924246578,0.24260991836829782,0.023729393617956743,0.01695093992853593,0.04106409391816054,0.007958847238824892]}
{"id": 7, "drone": 5, "position":(33.333333333333336,8.333333333333334,1.0), "time":606.5637289681656,"sensors":[17,3,35,27,9,7,34],"power":[0.335804990417585,0.15385204216792903,0.9474423927986991,0.042523536348163846,0.11495057077870696,0.15160030924388568,0.19354448859022183]}
{"id": 8, "drone": 0, "position":(41.666666666666664,16.666666666666668,1.0), "time":93.8462528247609,"sensors":[17,39,9,34],"power":[0.014322850743447324,0.013906501659614405,0.009880696400939798,0.03776441710108701]}
{"id": 9, "drone": 0, "position":(25.0,41.666666666666664,5.0), "time":89.35658057692835,"sensors":[28,22,13,2,25,24,29,16,14],"power":[0.01863041482310848,0.009201273966810863,0.010833997111849202,0.018636578598502544,0.015567367530936934,0.006038437794268311,0.028764889388740746,0.016970218290380052,0.0060752329612183175]}
{"id": 10, "drone": 2, "position":(8.333333333333334,8.333333333333334,1.0), "time":795.8355791552386,"sensors":[10,15,20,30,18,11,5,1],"power":[0.7980398525826863,3.037977907460443,0.15,0.2922432724526617,0.07375946596773922,0.29763904345604336,0.2476197300450782,0.17005282879009181]}
{"id": 11, "drone": 2, "position":(16.666666666666668,16.666666666666668,4.0), "time":378.6201411499454,"sensors":[10,15,30,18,27,19,11,37,4,32],"power":[0.025863715077384358,0.028346158601699388,0.06764060042834466,0.13762113711454285,0.10213016097666457,0.10537428696169407,0.06354639510318637,0.03150485522872382,0.11477654349704208,0.02399927138631602]}
