LP RESULTS :
 Obj = 0.1*lambda1+0.9*lambda2 = 129.73003860045156 (lambda1 = 1270.3003860045155, lambda2 = 3.0) Resol time = 26453 ms

{"id": 0, "drone": 5, "position":(8.333333333333334,8.333333333333334,1.0), "time":499.56424909631494,"sensors":[19,31,10,8],"power":[0.2763914590644015,0.06213954608588019,0.21978896958939048,0.08430523400246011]}
{"id": 1, "drone": 5, "position":(41.666666666666664,41.666666666666664,1.0), "time":490.91927411784957,"sensors":[28,7,17,30,26],"power":[0.2975918301238162,0.462170380769287,0.11170404208200256,2.319527535954937,0.135183487373895]}
{"id": 2, "drone": 4, "position":(25.0,8.333333333333334,1.0), "time":588.5023793792482,"sensors":[4,1,24,18,6,33,34,32,8],"power":[0.1878402964005886,0.04042392678718713,0.11534905203618939,0.0961807525115082,0.0565798857306229,0.06308719393899997,0.08359739210577317,0.0639851698420835,0.1628861158740311]}
{"id": 3, "drone": 4, "position":(25.0,16.666666666666668,1.0), "time":25.077492365817296,"sensors":[25,24,11,6,33,0,13,8],"power":[0.0023313471523778197,0.0076982767443217895,0.0017850011437838121,0.02813637569063199,0.010562095467827992,0.0017302735457216864,0.0018867275890973056,0.003424317418600712]}
{"id": 4, "drone": 3, "position":(25.0,41.666666666666664,4.0), "time":406.1218759488187,"sensors":[28,7,17,15,22,38],"power":[0.032919354237953155,0.028493629444816284,0.06712062010866991,0.025824244697362064,0.14071561547965744,0.15543522481702082]}
{"id": 5, "drone": 3, "position":(33.333333333333336,8.333333333333334,1.0), "time":17.51188431828399,"sensors":[4,1,24,20,11,18,9,0,34,32,3,29,13],"power":[0.001236882427254478,0.01093907959325041,0.0060083815696616895,0.0014961485129288163,0.0015863542606962477,0.004521889382218467,0.0013506328226114976,0.003728242457406727,0.006892499205860687,0.0075131839662780885,0.002210618892120907,0.0018773305278726074,0.003990734353543512]}
{"id": 6, "drone": 3, "position":(25.0,33.333333333333336,1.0), "time":157.15626516313523,"sensors":[5,25,21,6,17,22,38],"power":[0.032988060436610886,0.0172551500591448,0.0107292997406463,0.01004399404822677,0.010689757293211347,0.012374208488654342,0.03074306207085373]}
{"id": 7, "drone": 0, "position":(8.333333333333334,41.666666666666664,1.0), "time":656.7205142594502,"sensors":[2,23,14,39,37,15,38],"power":[0.5666964217564107,0.4978761564178089,0.28567214377218303,0.07479816288860505,0.35353591597190204,0.20929838791240318,0.058893101634075316]}
{"id": 8, "drone": 0, "position":(41.666666666666664,25.0,1.0), "time":588.5023793792483,"sensors":[5,25,21,11,16,9,12,0,36,13],"power":[0.08157330536775541,0.11875185418214115,0.25753823924158087,0.18646639700984385,0.15000000000000002,0.09738006796599687,0.13145903001458506,0.07800066066473069,0.4563485335993707,0.07738962892937883]}
{"id": 9, "drone": 1, "position":(16.666666666666668,25.0,1.0), "time":499.5642490963148,"sensors":[27,6,33,35],"power":[0.07688577203716891,0.05523974453051833,0.1371991629675625,0.6512380801743608]}
{"id": 10, "drone": 1, "position":(41.666666666666664,8.333333333333334,1.0), "time":639.2086299411577,"sensors":[1,24,20,11,18,9,0,34,32,3,29,13],"power":[0.704858366374279,0.05939862965548874,0.14850385148707046,0.05714381613068045,0.049297358106271144,0.16059391520515948,0.16089280173898235,0.08979988220615755,0.12549478819134177,1.4800864861714162,0.15479622540153906,0.15669798465914292]}
{"id": 11, "drone": 2, "position":(8.333333333333334,16.666666666666668,1.0), "time":157.15626516313523,"sensors":[19,31,27,10,33,35,8],"power":[0.21874848289367937,0.03990039551025811,0.06021947843591508,0.02023863720076728,0.018135449846931963,0.030766780713192953,0.0139404659665782]}
{"id": 12, "drone": 2, "position":(41.666666666666664,33.333333333333336,1.0), "time":216.10297077471202,"sensors":[5,25,28,7,21,17,30,12,26,36],"power":[0.04225850844988602,0.021880820942085346,0.03970398582426595,0.037231464926511734,0.045119200328920674,0.016193098074134386,0.05400062441851836,0.01854096998541496,0.014816512626105012,0.04758698685910845]}
{"id": 13, "drone": 2, "position":(8.333333333333334,25.0,4.0), "time":613.5798717450654,"sensors":[19,31,39,27,35],"power":[0.0524530530426456,0.047960058403861694,0.10670228740373126,0.4045397723930164,0.2170458865068965]}
