LP RESULTS :
 Obj = 0.1*lambda1+0.9*lambda2 = 186.25132632733363 (lambda1 = 1844.5132632733362, lambda2 = 2.0) Resol time = 140 ms

{"id": 0, "drone": 1, "position":(41.666666666666664,25.0,1.0), "time":236.80382131879708,"sensors":[28,21,3,19,17],"power":[0.3783261377122481,0.49572439125135037,0.06597575767646735,0.07645449214361381,0.017829758349392627]}
{"id": 1, "drone": 1, "position":(8.333333333333334,33.333333333333336,1.0), "time":498.0725954274717,"sensors":[32,2,27,23,36,31,12,26,22,18,6],"power":[0.4470353681834169,1.1560694973961148,0.03590622852930012,0.03612720895804881,0.058103607202908095,0.06390814970431788,0.03924937042194226,0.1412905839181059,0.18475316469615152,0.16875716812302805,0.20915118436430696]}
{"id": 2, "drone": 4, "position":(8.333333333333334,25.0,1.0), "time":444.7013201485578,"sensors":[32,5,2,27,23,36,31,12,22,18,6],"power":[0.09980718897942531,0.09220803271405323,0.05401026775030417,0.11409377147069988,0.13438000884564966,0.13840270523544843,0.02932414645772371,0.3342006625478735,0.04677325211511178,0.1349247958063361,0.037151290888161985]}
{"id": 3, "drone": 4, "position":(8.333333333333334,8.333333333333334,5.0), "time":498.0725954274717,"sensors":[5,11,4,10,24,20,29],"power":[0.08507367815479601,0.14844707772428908,0.06352048270362332,0.04615980200235714,0.04721843366492753,0.04437898906245788,0.04459424706103221]}
{"id": 4, "drone": 5, "position":(8.333333333333334,8.333333333333334,2.0), "time":901.7393476973066,"sensors":[5,11,4,12,10,24,20,29],"power":[0.19413203953206742,0.49070098370481763,0.14619352951791492,0.06572571653018243,0.10384019799764287,0.10784252292001363,0.10383784201453065,0.10277170612632379]}
{"id": 5, "drone": 5, "position":(41.666666666666664,8.333333333333334,2.0), "time":892.3431806641861,"sensors":[15,38,13,25,14,17],"power":[0.20964435588847646,0.7480670924950119,0.3607252816631308,0.08029179335868858,0.44226863785782294,0.21288219219983218]}
{"id": 6, "drone": 0, "position":(25.0,8.333333333333334,2.0), "time":12.44165880698506,"sensors":[11,4,25,24,20,29],"power":[0.0011781615203633167,0.002847251783587124,0.001900727333088016,0.004495935108746469,0.0023830593538242658,0.0026340468126439956]}
{"id": 7, "drone": 2, "position":(8.333333333333334,41.666666666666664,1.0), "time":901.7393476973066,"sensors":[32,2,37,30,33,26,22,18,6],"power":[0.12484433236122836,0.3673954187569471,0.15,0.19803061617640105,0.23767827469541686,1.364519249713394,0.17212487658837483,0.05889143158775723,0.24705499192395977]}
{"id": 8, "drone": 2, "position":(33.333333333333336,25.0,1.0), "time":939.728423802165,"sensors":[28,25,0,21,3,19,39],"power":[0.0968811226010209,0.1404986756856895,0.15,0.1926144211859491,1.6525228246745287,0.1987580242920227,0.15111534687684397]}
{"id": 9, "drone": 3, "position":(41.666666666666664,41.666666666666664,1.0), "time":667.9810181523741,"sensors":[35,9,1,7,8,19],"power":[0.15,0.22311060622781312,0.1884016572315761,0.3286451370276684,0.07171571979917155,0.07894731360428663]}
{"id": 10, "drone": 3, "position":(25.0,41.666666666666664,3.0), "time":901.739347697305,"sensors":[34,8,31,16,39],"power":[0.3142062936946442,0.3240877167039035,0.10571027150776156,1.4782200834529606,0.11272109988257473]}
