LP RESULTS :
 Obj = 0.1*lambda1+0.9*lambda2 = 136.62667121204908 (lambda1 = 1348.2667121204906, lambda2 = 2.0) Resol time = 108 ms

{"id": 0, "drone": 1, "position":(8.333333333333334,8.333333333333334,1.0), "time":768.365682278387,"sensors":[21,15,10,9,2,23,25],"power":[4.053280979344599,1.0438079476526558,0.05641170009259659,0.27179365277463347,0.11702109362460107,0.1632176699355015,0.15556012324660975]}
{"id": 1, "drone": 1, "position":(8.333333333333334,25.0,1.0), "time":170.73040290921057,"sensors":[14,10,11,9,23,25,17],"power":[0.027269318344861595,0.09358829990740342,0.5023845218970895,0.013664052235716125,0.03375439517425168,0.02138844448937772,0.017250435519687118]}
{"id": 2, "drone": 2, "position":(41.666666666666664,8.333333333333334,1.0), "time":768.365682278387,"sensors":[16,27,38,29,22,5,39,34,13,6,20],"power":[0.18321724796086858,6.051917001773471,0.06948511926897752,0.09745608340914255,0.3682569760191529,0.34658975018356253,2.2846335093000296,0.13349681857312878,0.9111665345561037,0.4078993824926693,0.15386489789645658]}
{"id": 3, "drone": 0, "position":(25.0,8.333333333333334,4.0), "time":579.9010298421036,"sensors":[29,0,2,32],"power":[0.05510606828017862,0.04323582122081771,0.12621362548077011,0.15]}
{"id": 4, "drone": 5, "position":(16.666666666666668,41.666666666666664,1.0), "time":717.440277428974,"sensors":[12,19,35,8,1,17],"power":[0.20916183736411592,0.20764513936800186,0.16321920098736226,0.1597343605208219,0.16983792465460418,0.08272958934075564]}
{"id": 5, "drone": 5, "position":(41.666666666666664,25.0,1.0), "time":549.5759821273185,"sensors":[28,38,18,37,22,34,3,7,13,33,20],"power":[0.11894563019766712,0.3122420410633628,0.15116212905630366,0.14823339431174454,0.050272948308873855,0.10401185351662713,0.15,0.3332877119897961,0.036384624860297976,0.05994655922629292,0.08739778984913726]}
{"id": 6, "drone": 3, "position":(41.666666666666664,41.666666666666664,1.0), "time":798.6907299931721,"sensors":[4,24,30,33,26,36],"power":[0.18101871626956606,0.42885443645292487,0.28022398107008084,0.16656266232729453,0.2810650957674718,0.15]}
{"id": 7, "drone": 4, "position":(25.0,25.0,1.0), "time":460.096031782306,"sensors":[28,18,14,37,31,0,7,1,17],"power":[0.09253835102254196,0.07428704720979552,0.1227306816551384,0.060727614993665587,0.3028061343034561,0.3273896449987885,0.04339871347047311,0.05736819022350242,0.08972907273994499]}
