LP RESULTS :
 Obj = 0.1*lambda1+0.9*lambda2 = 101.358588096964 (lambda1 = 995.58588096964, lambda2 = 2.0) Resol time = 109 ms

{"id": 0, "drone": 1, "position":(25.0,8.333333333333334,1.0), "time":435.4176462643604,"sensors":[13,1,39,5,0,35,6,26],"power":[0.028116832947383274,0.03140904294863961,0.22667979200342225,0.1291986017230978,0.09034447428800096,0.2135590600306786,1.255537301661918,0.03492972895742887]}
{"id": 1, "drone": 1, "position":(8.333333333333334,41.666666666666664,1.0), "time":332.1975840596937,"sensors":[21,33,2,12,38,15,31,22,20,3],"power":[0.050380535289907206,0.3431998680510945,0.043037049656664314,0.11619387652550259,0.09697491582941681,0.06314230765909279,0.025790195428181447,0.10123717761015243,0.027183190976477666,0.1948697694310657]}
{"id": 2, "drone": 5, "position":(41.666666666666664,8.333333333333334,1.0), "time":454.3637496189933,"sensors":[28,36,1,4,30,10,39,5,24,26,17],"power":[0.06842269548653815,0.1255730959081383,0.2073540921413013,0.20213289056156117,0.17856936669364332,0.10364145631107044,0.04355855655750303,0.03390824187627864,0.03934474879826982,0.14484750981086347,0.06117604061687165]}
{"id": 3, "drone": 5, "position":(25.0,41.666666666666664,1.0), "time":256.9740088815969,"sensors":[21,2,14,38,27,29],"power":[0.07029623759319943,0.06858024993574073,0.04559258872750148,0.01626042747278464,0.019262074204041475,0.12442889507776188]}
{"id": 4, "drone": 2, "position":(41.666666666666664,25.0,1.0), "time":435.41764626436066,"sensors":[28,36,9,10,7,24,18,32,17],"power":[0.07965705046066811,0.06758698590002656,0.10059545358351439,0.07146540048147554,0.15137338865562852,0.07903216311067456,0.35921957552924183,0.15512617470329174,0.0996686956012543]}
{"id": 5, "drone": 2, "position":(8.333333333333334,33.333333333333336,1.0), "time":264.66733476126785,"sensors":[21,33,2,12,38,15,31,22,20,3],"power":[0.026840561494110068,0.023548919559327336,0.02864540285641492,0.13749722081263094,0.14529112095588162,0.5796799870920192,0.12086273549061254,0.04876282238984756,0.12281680902352234,0.01746250655386822]}
{"id": 6, "drone": 0, "position":(16.666666666666668,41.666666666666664,1.0), "time":141.7469532670816,"sensors":[21,33,2,12,38,15,31,29,3],"power":[0.34633872400205906,0.03255220901058932,0.1745747634251602,0.009543160188998097,0.04279460394519695,0.020513274686148743,0.011435615002208762,0.02557110492223807,0.015022302160404299]}
{"id": 7, "drone": 0, "position":(25.0,25.0,5.0), "time":454.36374961899304,"sensors":[13,9,7,0,23],"power":[0.13895818718385725,0.07032489645283693,0.05029089178462503,0.05123271778840084,0.1787415927155246]}
{"id": 8, "drone": 3, "position":(41.666666666666664,41.666666666666664,1.0), "time":738.6118720880431,"sensors":[14,25,19,34,27],"power":[0.1311700925384243,1.3773454815686725,0.15,0.2494184685816136,0.7941759061934097]}
{"id": 9, "drone": 3, "position":(8.333333333333334,8.333333333333334,5.0), "time":218.8771961629663,"sensors":[11,8,37],"power":[0.0799673946058392,0.025193330776747035,0.08127101583968599]}
{"id": 10, "drone": 4, "position":(41.666666666666664,16.666666666666668,1.0), "time":105.80448508628626,"sensors":[28,36,1,9,4,30,10,39,7,5,0,24,18,32,17],"power":[0.07059598306614841,0.33479869597880596,0.008400204748428931,0.009985620126868232,0.013487761943475883,0.014829726107036291,0.17942570105756886,0.006754713668104739,0.014746499307365133,0.00898655129399177,0.00842280792359818,0.03162308809105563,0.01184825542242287,0.008624003357004448,0.0833626337311146]}
{"id": 11, "drone": 4, "position":(8.333333333333334,16.666666666666668,1.0), "time":776.7086848066739,"sensors":[11,16,8,37],"power":[0.07003260539416081,0.16532009799745018,1.011926209691759,0.14837647483259847]}
