LP RESULTS :
 Obj = 0.1*lambda1+0.9*lambda2 = 113.52688847220669 (lambda1 = 1108.2688847220668, lambda2 = 3.0) Resol time = 11268 ms

{"id": 0, "drone": 1, "position":(41.666666666666664,8.333333333333334,3.0), "time":313.0952141576197,"sensors":[24,2,9,20,29,15,35],"power":[0.06990025864381169,0.06444900278800306,0.17478929064262763,0.07241346178505138,0.09987390058334014,0.0657456797075097,0.3377169168535601]}
{"id": 1, "drone": 1, "position":(33.333333333333336,41.666666666666664,5.0), "time":335.02716633914434,"sensors":[14,22,3,27,34,38,23,1],"power":[0.02164741832755306,0.09728404933017548,0.055003485323289025,0.13089502320008348,0.03699835596968639,0.04940565116041697,0.05092678868891064,0.045978079338849696]}
{"id": 2, "drone": 1, "position":(33.333333333333336,41.666666666666664,1.0), "time":221.0871945348713,"sensors":[14,22,21,3,27,34,38,23,1],"power":[0.018704910817340867,0.1271209953378198,0.016647546642227853,0.048914122758991894,0.319948712795286,0.03244476168651662,0.043837118332203454,0.04513951835614156,0.039664534461978956]}
{"id": 3, "drone": 3, "position":(8.333333333333334,8.333333333333334,1.0), "time":731.5800271699945,"sensors":[32,10,16,0,28,37,19],"power":[0.18422957622647276,0.07182621941810782,0.14016952321253912,0.23281764126632462,0.2128951392982341,0.16472143113692658,0.14699371760887991]}
{"id": 4, "drone": 3, "position":(8.333333333333334,25.0,1.0), "time":313.0952141576188,"sensors":[6,7,10,12,18,19],"power":[0.02260578731658559,0.5163608943448064,0.05708339143798972,0.07661824597033459,0.07808123640550235,0.03689881295885086]}
{"id": 5, "drone": 3, "position":(33.333333333333336,25.0,1.0), "time":48.166946702475514,"sensors":[6,14,8,21,11,39],"power":[0.004153020538392515,0.03931834339798775,0.01096667175907529,0.012857432303475866,0.013154425612980334,0.03805365017719299]}
{"id": 6, "drone": 5, "position":(25.0,16.666666666666668,1.0), "time":1.6088203196275117,"sensors":[6,32,8,11,39,31,5,19],"power":[4.3368839539612226E-4,1.7069103340724786E-4,1.230313790685717E-4,5.490171979646444E-4,4.244652022037359E-4,1.0990866227409873E-4,0.0027053272658533172,1.6319740512366586E-4]}
{"id": 7, "drone": 5, "position":(41.666666666666664,8.333333333333334,1.0), "time":378.8942841622969,"sensors":[24,2,9,20,29,33,15,35],"power":[0.09191930724597379,0.08555099721199694,0.3395777599755452,0.09911987535805765,0.1433251601564654,0.026321373998796256,0.08575536838083711,0.8418348112885047]}
{"id": 8, "drone": 5, "position":(16.666666666666668,41.666666666666664,1.0), "time":96.55311950779492,"sensors":[4,13,12,25,36,26,34,18,17],"power":[0.09180870679019766,0.008096837507476333,0.011085996223189851,0.25460262016257873,0.015702944569302612,0.024242512148475538,0.024766349472524034,0.007258730554843535,0.019417325427600565]}
{"id": 9, "drone": 2, "position":(41.666666666666664,41.666666666666664,1.0), "time":217.12735750890675,"sensors":[22,3,27,1],"power":[0.018168429260246532,0.04608239191771907,0.022293419691497396,0.38380855643571027]}
{"id": 10, "drone": 2, "position":(25.0,25.0,1.0), "time":49.942496718162225,"sensors":[6,14,8,12,21,11,39,36,26,5],"power":[0.036530473612852145,0.0072261921449357,0.037048076899997555,0.00318342267734207,0.0195426382067247,0.129343973838545,0.022269530448103734,0.009160102038993406,0.005926387642611428,0.007829030413367506]}
{"id": 11, "drone": 2, "position":(25.0,41.666666666666664,1.0), "time":335.0271663391444,"sensors":[8,22,4,21,25,36,26,27,34,38,23],"power":[0.027541949589038564,0.1446176307393866,0.09476550241372644,0.031393775942922406,0.10012803780574447,0.04683937870000604,0.07126065725367679,0.17040540599408374,0.5608711334136759,0.07275026884506268,0.05393369295494777]}
{"id": 12, "drone": 0, "position":(25.0,8.333333333333334,2.0), "time":313.0952141576191,"sensors":[32,31,33,30,37,5],"power":[0.05207694376261821,0.14327712466665007,0.04567734011645541,0.09045725293204449,0.030298684046006986,0.07074873040797236]}
{"id": 13, "drone": 0, "position":(25.0,25.0,2.0), "time":454.0450804274133,"sensors":[6,14,8,21,11,39,36,26,5],"power":[0.28295609579729525,0.06310313531218265,0.27684469588285815,0.1641547728471489,0.8187480881727898,0.18085900174837188,0.07829757469169793,0.05235214685268409,0.06871691191280652]}
{"id": 14, "drone": 0, "position":(33.333333333333336,8.333333333333334,1.0), "time":18.67337909339983,"sensors":[9,20,31,29,33,30,35],"power":[0.0014848494201030492,0.0013325072442765308,0.004749374699666061,0.0023385833143624627,0.004149657662048697,0.0026709568731520814,0.007505793483830653]}
{"id": 15, "drone": 4, "position":(8.333333333333334,41.666666666666664,1.0), "time":648.6780543384906,"sensors":[4,13,12,25,18,17],"power":[0.07449307979211932,0.6246689170829921,0.06556899531776082,0.09501235875150435,0.12013481780077644,0.13058267457239944]}
{"id": 16, "drone": 4, "position":(8.333333333333334,16.666666666666668,1.0), "time":61.98482307482587,"sensors":[32,7,10,16,0,28,19],"power":[0.009366030246298552,0.006908269383318981,0.02109038914390245,0.00983047678746091,0.009712384581544001,0.004102212258392878,0.02995650841515388]}
{"id": 17, "drone": 4, "position":(33.333333333333336,8.333333333333334,1.0), "time":397.60600730875035,"sensors":[9,20,31,29,33,30,35],"power":[0.03161640142520109,0.028372630494822505,0.10112684491126045,0.04979467131962079,0.08835727087490658,0.05687179019480341,0.1598183469560027]}
