LP RESULTS :
 Obj = 0.1*lambda1+0.9*lambda2 = 128.97505671869453 (lambda1 = 1262.7505671869453, lambda2 = 3.0) Resol time = 2240 ms

{"id": 0, "drone": 4, "position":(33.333333333333336,25.0,1.0), "time":0.17141160701653746,"sensors":[26,6,27,36,20,7],"power":[3.84844554970925E-5,3.4724657531783356E-5,0.0015508971765266174,2.0778384916798884E-5,7.840717053305972E-5,1.0219350182258608E-4]}
{"id": 1, "drone": 4, "position":(41.666666666666664,33.333333333333336,1.0), "time":547.5229072317121,"sensors":[9,3,27,13,36,2,21,7],"power":[0.5197951761068439,0.2969673804478418,0.05846798868917639,0.10335679126918797,0.08661032614476064,0.1585031892257446,0.23008577313710454,0.04309848059293573]}
{"id": 2, "drone": 4, "position":(25.0,8.333333333333334,4.0), "time":308.5587979813855,"sensors":[19,35,15,8,24,4],"power":[0.2510513463601379,0.04089297860937413,0.02567877847932679,0.042583857345677954,0.05302777539820501,0.02460927223183882]}
{"id": 3, "drone": 1, "position":(16.666666666666668,41.666666666666664,1.0), "time":326.9142158958664,"sensors":[22,34,12,38,33,5,23],"power":[0.4596752887909491,0.03860650493507962,0.18542950265256863,0.026695389561411077,0.04543805755894309,0.11331909041853273,0.02316479635036676]}
{"id": 4, "drone": 1, "position":(41.666666666666664,8.333333333333334,1.0), "time":877.4724695760125,"sensors":[39,30,10,28,1,29,4,17,11],"power":[0.30587909230029814,0.24094306551503886,0.13685412779452016,0.1326513261125582,0.16817446096526742,0.15,0.17731903875145325,1.0399267966571637,0.101289905354256]}
{"id": 5, "drone": 1, "position":(41.666666666666664,16.666666666666668,1.0), "time":40.12534137482143,"sensors":[10,27,1,20,7,17,11],"power":[0.02261169910017324,0.0033468673163561257,0.009403489540692537,0.008010361328661914,0.012264244521745378,0.02171827436513149,0.027822477803959154]}
{"id": 6, "drone": 3, "position":(8.333333333333334,25.0,1.0), "time":308.55879798138557,"sensors":[37,16,18,0,14,25,31],"power":[0.10066835483337551,0.12885287126475184,0.09872496892455382,0.25010266621663324,0.07445480321521665,0.046685446792211246,0.03531536653395815]}
{"id": 7, "drone": 3, "position":(25.0,33.333333333333336,1.0), "time":406.49745036683134,"sensors":[26,6,38,27,33,36],"power":[0.13048906103355237,0.5723842476611325,0.08360296445918038,0.04761822039423202,0.04471284263739143,0.10485148216009127]}
{"id": 8, "drone": 2, "position":(33.333333333333336,16.666666666666668,1.0), "time":268.43345660656405,"sensors":[26,10,27,20,7,17,11],"power":[0.019472454510950518,0.01761935042329446,0.049662103062680416,0.5330913600455415,0.0945350813834963,0.030407954685755623,0.020887616841784848]}
{"id": 9, "drone": 2, "position":(8.333333333333334,16.666666666666668,1.0), "time":48.572828446347074,"sensors":[35,32,8,37,16,0,14,31],"power":[0.006706183633845104,0.0046162547053500425,0.005935622905423702,0.013012670546103115,0.0072635394459980305,0.004989538384741427,0.11206901096453195,0.019792186533878656]}
{"id": 10, "drone": 2, "position":(8.333333333333334,8.333333333333334,1.0), "time":409.2581817392493,"sensors":[35,15,32,8,14,31],"power":[0.033885670941054866,0.08579709719090661,0.14538374529464992,0.11460798925436802,0.06745523558711382,0.07394048227295105]}
{"id": 11, "drone": 0, "position":(16.666666666666668,8.333333333333334,1.0), "time":496.3607590199634,"sensors":[19,35,15,8,24,31],"power":[0.11475198506883243,0.12653465212091708,0.18683208268820004,2.8841021952200605,0.09697222460179496,0.12792535287990286]}
{"id": 12, "drone": 0, "position":(33.333333333333336,8.333333333333334,1.0), "time":76.71929962954731,"sensors":[19,39,28,4,20,17],"power":[0.013935850455989128,0.008071117295514171,0.017348673887441796,0.02758138772942118,0.00849040620537811,0.010023921195105825]}
{"id": 13, "drone": 0, "position":(8.333333333333334,41.666666666666664,1.0), "time":427.05353663615523,"sensors":[22,34,12,18,5,23,25],"power":[0.12915753682433906,0.8080939522787086,0.06081397150439854,0.06312805749376098,0.036680909581467254,0.12683520364963322,0.046094060712636366]}
{"id": 14, "drone": 5, "position":(8.333333333333334,33.333333333333336,1.0), "time":508.78281465492364,"sensors":[22,34,37,16,18,0,25],"power":[0.03831424296022181,0.1405765949363853,0.03631897462052136,0.07383529226367536,1.9355549483730061,0.16191013491027972,0.16206788330563734]}
{"id": 15, "drone": 5, "position":(33.333333333333336,41.666666666666664,1.0), "time":308.5587979813853,"sensors":[9,6,38,3,33,13,36,21],"power":[0.021126195184345373,0.020695685347690455,0.27272882248314206,0.05865710427590658,0.08407120965967468,0.05033617484515323,0.12188770165176818,0.09192653418602179]}
