LP RESULTS :
 Obj = 0.1*lambda1+0.9*lambda2 = 168.02183342247696 (lambda1 = 1662.2183342247695, lambda2 = 2.0) Resol time = 102039 ms

{"id": 0, "drone": 5, "position":(25.0,8.333333333333334,1.0), "time":427.09195521422,"sensors":[7,27,16,15,21,37,31,33,38],"power":[0.31556411246317145,0.05483737106992928,0.15711663543467858,0.04208561694328311,0.03038718054296978,0.1499999999999998,0.19651554805830046,0.16395835410001822,0.12511498553736033]}
{"id": 1, "drone": 5, "position":(41.666666666666664,8.333333333333334,1.0), "time":512.8246143815213,"sensors":[7,13,30,12,1,16,39,20,6],"power":[0.036243772452899205,4.774119714533001,0.4063558227795935,0.15045455714291908,0.5320498329850653,0.05049663615635294,0.14999999999999994,0.06983172908903126,1.4233699527915389]}
{"id": 2, "drone": 3, "position":(25.0,41.666666666666664,1.0), "time":721.5979796607743,"sensors":[17,24,32,26,28,29,23,36,8,18],"power":[0.18270226724404626,0.07910917891872155,0.4880952692989098,0.39557944190401395,0.15,0.059225978947343196,1.0875378408835754,0.2463645007418923,0.06615379192902872,1.1729619012415413]}
{"id": 3, "drone": 3, "position":(41.666666666666664,16.666666666666668,5.0), "time":314.4911571573153,"sensors":[13,30,12,1,20,5,35,6],"power":[0.055115454057124535,0.02249251757581618,0.10624945251310704,0.08301992321275724,0.16296353825936324,0.020777849584703353,0.023874668745835957,0.03537949722330561]}
{"id": 4, "drone": 2, "position":(41.666666666666664,33.333333333333336,1.0), "time":17.705329042003743,"sensors":[10,11,29,5,35,4,8],"power":[0.02405631531551568,0.023819564886591843,0.004834583072100705,0.005753691720283524,0.010453696452467713,0.0011708937002288728,0.0036411721754829704]}
{"id": 5, "drone": 2, "position":(8.333333333333334,8.333333333333334,1.0), "time":1232.722756946498,"sensors":[19,0,3,27,31,33,38,2],"power":[2.342059612206065,0.1508518754061786,0.21241403734815484,0.11354444419374095,0.09661659501004306,0.09845774210392302,0.18492281812535985,0.1876021852094889]}
{"id": 6, "drone": 0, "position":(41.666666666666664,25.0,1.0), "time":32.89463629940969,"sensors":[10,12,11,20,5,35,8],"power":[0.010130446710013787,0.003696376669795716,0.005087695565837939,0.011283625907701161,0.0146961179398949,0.04631659846760904,0.003229681099206287]}
{"id": 7, "drone": 0, "position":(41.666666666666664,41.666666666666664,1.0), "time":807.9106054010363,"sensors":[10,11,29,34,35,22,4,8],"power":[0.09863639498882476,0.1928303613297184,0.4819970909205457,0.15,0.05450199340155703,0.2251615364209929,0.4679697219074542,0.06918665760687749]}
{"id": 8, "drone": 1, "position":(33.333333333333336,16.666666666666668,1.0), "time":722.301764629028,"sensors":[7,13,25,12,1,16,15,20,21,5],"power":[0.07340103408993971,0.08237604836127674,0.11834340553349397,0.3791106915750721,0.17211513845965987,0.2723546251198907,0.1433228226011038,0.1412927354768887,0.2086728273939185,0.06325072312858133]}
{"id": 9, "drone": 1, "position":(33.333333333333336,25.0,1.0), "time":79.7061617574949,"sensors":[10,25,12,15,20,21,5,35,8],"power":[0.01717684298564576,0.0246079191567083,0.008200456345799564,0.013096899070372996,0.01011626983797795,0.0242770042013832,0.04532662905387019,0.014853042932530248,0.01904656751645627]}
{"id": 10, "drone": 4, "position":(25.0,25.0,1.0), "time":2.4036220640503316,"sensors":[25,27,15,32,21,14,26,5,8],"power":[0.007048675309797767,2.3010491366701725E-4,0.0013792493071157063,1.884150696898928E-4,0.001487359857771767,1.7688437500510272E-4,2.3651543754594722E-4,1.9498857266671854E-4,2.5401390863372814E-4]}
{"id": 11, "drone": 4, "position":(8.333333333333334,33.333333333333336,1.0), "time":940.6203545639952,"sensors":[17,24,9,14],"power":[0.10965738538767945,0.14662551537077714,0.37208648166391656,0.24273252057260672]}
