LP RESULTS :
 Obj = 0.1*lambda1+0.9*lambda2 = 174.042989760082 (lambda1 = 1713.4298976008201, lambda2 = 3.0) Resol time = 3111 ms

{"id": 0, "drone": 5, "position":(41.666666666666664,25.0,1.0), "time":486.27488498365625,"sensors":[28,13,25,5],"power":[0.037695123752795566,0.14999999999999997,0.16214962307231245,0.09585381362599255]}
{"id": 1, "drone": 5, "position":(25.0,8.333333333333334,1.0), "time":365.0088094036745,"sensors":[11,24,29,22,37,4,21,26,33,31],"power":[0.1599893726614387,0.07307753283333479,0.5121913066326329,0.03261819358604024,0.05673163366383561,0.03481529410629624,0.030273377323395308,0.08578934570113352,0.31811839541718545,0.038227439518814556]}
{"id": 2, "drone": 5, "position":(25.0,33.333333333333336,1.0), "time":140.36241346372526,"sensors":[28,34,32,0,36,12],"power":[0.01998050459456077,0.046076596589419476,0.07286476853841369,0.009927699634071733,0.014129192654639107,0.038839670370369804]}
{"id": 3, "drone": 1, "position":(8.333333333333334,41.666666666666664,1.0), "time":867.3753501582298,"sensors":[19,35,8,23,14,9,15,7,6,12],"power":[0.29583487184332136,0.2554548876182496,0.31948259781749966,0.15824171464910555,0.24529817410105237,0.2037350760028063,0.06842266643240696,0.12667745799694757,0.8483663226217183,0.08652153560184274]}
{"id": 4, "drone": 1, "position":(8.333333333333334,25.0,1.0), "time":518.9788209988537,"sensors":[17,22,27,18,21,15,20],"power":[0.1189067968930975,0.05054978307015767,0.043896376344448707,0.2696656426712309,0.03868647925126239,0.3146903704339526,0.7818150021456127]}
{"id": 5, "drone": 1, "position":(25.0,25.0,1.0), "time":82.80991648393977,"sensors":[28,32,36,5,37,18,12],"power":[0.0765012432213555,0.006150444490434204,0.0748735210256709,0.01471274630110738,0.016467735300283694,0.008453515218659599,0.007435990665766749]}
{"id": 6, "drone": 4, "position":(25.0,41.666666666666664,1.0), "time":81.24969058187872,"sensors":[19,35,34,32,0,23,12],"power":[0.009702861138016735,0.011055050171726397,0.06771661526312739,0.03934544487154448,0.013870163868528882,0.016512784488850508,0.01266345175501088]}
{"id": 7, "drone": 4, "position":(33.333333333333336,25.0,5.0), "time":777.770527985079,"sensors":[28,36,5,37],"power":[0.2514146724532859,0.06099728631969,0.29007078073040976,0.11990690746245412]}
{"id": 8, "drone": 4, "position":(33.333333333333336,41.666666666666664,1.0), "time":388.86944528647376,"sensors":[34,32,0,2],"power":[0.036206788147453234,0.03163934209960766,2.0219185640757535,0.033180338082155876]}
{"id": 9, "drone": 3, "position":(8.333333333333334,8.333333333333334,1.0), "time":587.1127356577017,"sensors":[38,24,22,3,27,21,31],"power":[0.1082107342117422,0.12108534397830462,0.09328069597828094,0.15000000000000002,0.47586959090393804,0.15009539434833635,0.1714998924411171]}
{"id": 10, "drone": 3, "position":(8.333333333333334,41.666666666666664,5.0), "time":214.55680046931025,"sensors":[19,35,8,23,14,9,7,6,12],"power":[0.05045002406177821,0.04394015040000835,0.051587172043742115,0.02943612198062834,0.04216799059298118,0.03644926731034771,0.023322542003052407,0.07530679747760122,0.01644258120527685]}
{"id": 11, "drone": 3, "position":(16.666666666666668,8.333333333333334,1.0), "time":242.32953154058984,"sensors":[11,38,24,29,22,27,21,26,33,31],"power":[0.025328137796213793,0.0417892657882578,0.7324945264001875,0.049145562935474875,0.06890474413520972,0.04665086850964682,0.09743088848095591,0.021231263267372128,0.03375409907525938,0.17855491214569988]}
{"id": 12, "drone": 0, "position":(41.666666666666664,41.666666666666664,1.0), "time":1102.9483482687424,"sensors":[10,0,2,39],"power":[0.15,0.2958922615913207,0.25037299644919425,0.18388367417489035]}
{"id": 13, "drone": 0, "position":(8.333333333333334,33.333333333333336,1.0), "time":327.0757264437363,"sensors":[19,35,17,14,9,18,15,20,6,12],"power":[0.027396549897367978,0.025356453519774592,0.03109320310690263,0.03795859199221238,0.06654557302795408,0.04333803323020546,0.21327579496185547,0.13798800686833737,0.034245675887545575,0.052468613321110226]}
{"id": 14, "drone": 2, "position":(33.333333333333336,8.333333333333334,1.0), "time":366.5745681481453,"sensors":[11,29,5,37,4,26,33,30],"power":[0.07546486965702388,0.06198306773958257,0.02691798689411503,0.056595496894552594,0.21542125751063118,0.042979391031494354,0.07993629590094473,0.04220404728527187]}
{"id": 15, "drone": 2, "position":(41.666666666666664,8.333333333333334,1.0), "time":981.8465200490002,"sensors":[25,1,4,16,30],"power":[0.11313923131732476,0.15,0.29673763704388745,0.1810806003082184,1.2103460274824993]}
