LP RESULTS :
 Obj = 0.1*lambda1+0.9*lambda2 = 122.50333147622023 (lambda1 = 1207.0333147622023, lambda2 = 2.0) Resol time = 201 ms

{"id": 0, "drone": 2, "position":(41.666666666666664,25.0,1.0), "time":506.03832023655923,"sensors":[7,1,6,2,33,37,9,26,24],"power":[0.06143337994292954,0.06977308324172234,0.10995551822158971,0.08509062670607369,0.10046395290390668,0.11488741438099574,0.17841519724538088,0.07004080460596636,0.11730126571584482]}
{"id": 1, "drone": 2, "position":(41.666666666666664,8.333333333333334,1.0), "time":572.5289652327575,"sensors":[15,11,1,36,27,6,20,9,21,24],"power":[0.16708561015132806,0.2622859725349459,0.18520733934523095,0.0780315264260697,0.14587929212151973,0.04004448177841028,0.15,0.0426777090419383,0.3242834729736347,0.06546126287658052]}
{"id": 2, "drone": 3, "position":(33.333333333333336,8.333333333333334,1.0), "time":128.46602929288576,"sensors":[11,1,36,16,28,27,18,2,32,9,34,35,21],"power":[0.00840744389029196,0.012988642156005781,0.07376005209933481,0.012985853621104656,0.02864335492380262,0.011492289663691325,0.03219219606238884,0.008533358242356901,0.008675421183585044,0.009621453183069766,0.03226429173029588,0.03461564750301352,0.008460853307090531]}
{"id": 3, "drone": 3, "position":(25.0,8.333333333333334,1.0), "time":506.038320236559,"sensors":[36,16,28,18,32,34,35,31],"power":[0.09430468930661351,0.48550829616868285,1.6196276232117983,0.17681033581556907,0.3093030335205102,0.6825855243801341,0.11538435249698642,0.12025860708180969]}
{"id": 4, "drone": 1, "position":(25.0,25.0,3.0), "time":572.5289652327574,"sensors":[14,2,33,8,31],"power":[0.34303178029245784,0.10409284969967038,0.11825961545410131,0.14927165810775095,0.0738044536997912]}
{"id": 5, "drone": 1, "position":(25.0,41.666666666666664,1.0), "time":358.1599010393328,"sensors":[14,17,5,25,4,8,30],"power":[0.027622570271528615,0.03456274967235506,0.38150624147717854,0.08450340152124729,0.14179546573409182,0.0428526719677313,0.07609593315175782]}
{"id": 6, "drone": 0, "position":(41.666666666666664,41.666666666666664,1.0), "time":700.994994525643,"sensors":[7,29,10,38,17,37,4,26],"power":[0.2897861358738101,0.3272667434091481,0.7985901548269331,0.9654521819353842,0.24452236888580184,0.06456535384237415,0.06372664667441875,0.16018175704108248]}
{"id": 7, "drone": 0, "position":(8.333333333333334,25.0,1.0), "time":272.3344684579023,"sensors":[39,12,23,19,13,3],"power":[0.055377899543208854,0.22262116495413867,0.029410206796007286,0.11719803499752769,0.3843208147056397,0.0612836738099238]}
{"id": 8, "drone": 5, "position":(8.333333333333334,8.333333333333334,5.0), "time":572.5289652327576,"sensors":[39,32],"power":[0.05315463033958432,0.04146301988176776]}
{"id": 9, "drone": 4, "position":(8.333333333333334,16.666666666666668,1.0), "time":85.8254325814305,"sensors":[39,12,13,31],"power":[0.04146747011720682,0.007041864692092405,0.008373786197414197,0.005715447569219954]}
{"id": 10, "drone": 4, "position":(8.333333333333334,41.666666666666664,1.0), "time":848.8734137228695,"sensors":[22,0,12,23,19,25,13,30,3],"power":[0.15,0.2620252352450612,0.06204660305274376,0.18796081379251775,0.08201753616042902,0.10295701853510957,0.05483998530337734,0.13964521898937146,0.16208479733368097]}
