LP RESULTS :
 Obj = 0.1*lambda1+0.9*lambda2 = 120.71702843982906 (lambda1 = 1180.1702843982905, lambda2 = 3.0) Resol time = 41187 ms

{"id": 0, "drone": 1, "position":(8.333333333333334,33.333333333333336,1.0), "time":411.9187100320347,"sensors":[37,34,28,36,16],"power":[0.14138611450324734,0.1778621281017123,0.14936834333979698,0.29314730343769085,0.15649022896444784]}
{"id": 1, "drone": 1, "position":(41.666666666666664,25.0,1.0), "time":167.28803975908852,"sensors":[31,10,21,6,29,25,19],"power":[0.2518199952064673,0.5682225046329392,0.01676321994997994,0.04943536753900145,0.08553646349377743,0.03180470616459947,0.03349710517425128]}
{"id": 2, "drone": 1, "position":(41.666666666666664,41.666666666666664,1.0), "time":600.9635346071673,"sensors":[14,9,3,23,7,30,4,6,11,33,29,22,24],"power":[0.13936542662612536,0.4820490769206439,0.7379393082947245,0.06553648548647395,0.10036335822112367,0.049827622465221856,0.0844775478988554,0.05827544229402079,0.20816975627955145,0.06148803247875285,0.056781585782961864,0.14659749090139895,0.8825387049236254]}
{"id": 3, "drone": 5, "position":(41.666666666666664,33.333333333333336,1.0), "time":70.62769000715859,"sensors":[14,31,10,9,3,7,4,6,33,29,24],"power":[0.004800991803330709,0.010421981114233118,0.00973183171405334,0.016829542860865913,0.006533352942305805,0.007777948147119215,0.007113049018900931,0.042289190166977735,0.005586091982172317,0.07903656028247684,0.012528542535519285]}
{"id": 4, "drone": 5, "position":(16.666666666666668,41.666666666666664,5.0), "time":548.402529805582,"sensors":[8,34,28,16,32,20],"power":[0.14395848194731958,0.10292668943672248,0.10295352920929879,0.08220711715701887,0.10890993008079314,0.13491942338462923]}
{"id": 5, "drone": 5, "position":(25.0,33.333333333333336,1.0), "time":219.8490445606738,"sensors":[23,34,7,30,4,33,28,15,16],"power":[0.015073474240100262,0.024343387401996673,0.03664378321169264,0.02622841202993249,0.040975684724253524,0.053219016457490685,0.02748000273921785,0.13389774644552727,0.027871621263858077]}
{"id": 6, "drone": 4, "position":(41.666666666666664,16.666666666666668,1.0), "time":114.71653206744844,"sensors":[26,31,18,1,13,10,21,0,38,29,25,19],"power":[0.02394285646538635,0.029002265111591014,0.019016775833131435,0.01822234158087518,0.007574803451808362,0.03923887600140437,0.022086612395493938,0.021690958838499967,0.025312799379870857,0.0075131725535266146,0.4555678028030169,0.040275066114629124]}
{"id": 7, "drone": 4, "position":(33.333333333333336,8.333333333333334,1.0), "time":27.56400246223994,"sensors":[26,35,18,1,13,21,2,0,39,38,17,27,25],"power":[0.037970747043661095,0.03508827817432854,0.012194176759371627,0.0020476698618309354,0.002601510604319405,0.005073141750240943,0.0031638810250268156,0.0274055522535914,0.0068212427887894824,0.028888395958646645,0.004117854374820716,0.005174087925954996,0.0038377081192874567]}
{"id": 8, "drone": 4, "position":(41.666666666666664,8.333333333333334,5.0), "time":167.2880397590885,"sensors":[26,35,18,1,0,38,27,25,19],"power":[0.03351495877024933,0.011926680201065893,0.016244913763989285,0.053639125413026095,0.05537332108454992,0.03129288505109604,0.022371979959623308,0.028487738235273376,0.01215542911801945]}
{"id": 9, "drone": 3, "position":(33.333333333333336,16.666666666666668,1.0), "time":1.2675813107086156,"sensors":[26,35,18,13,10,21,0,39,38,17,25],"power":[5.413199675039286E-4,2.390563598000893E-4,0.0024674456887374616,6.193464652300008E-4,1.84902968926595E-4,0.011213869085141452,2.490830612942661E-4,5.038656137260434E-4,7.061640237826996E-4,2.5311408172456036E-4,4.122537145880931E-4]}
{"id": 10, "drone": 3, "position":(16.666666666666668,8.333333333333334,4.0), "time":774.7683845651,"sensors":[2,39,17,12],"power":[0.1243899329859615,0.05205608196321892,0.09388935619534887,0.07127568942403803]}
{"id": 11, "drone": 3, "position":(8.333333333333334,16.666666666666668,1.0), "time":74.53053774652402,"sensors":[37,5,12],"power":[0.009783699376303022,0.13929275112060832,0.02737054084041164]}
{"id": 12, "drone": 0, "position":(16.666666666666668,8.333333333333334,1.0), "time":114.7165320674485,"sensors":[35,2,39,17,12],"power":[0.0077943832294960075,0.02244618598901169,0.009151871694235108,0.01669824498670379,0.012488180570467803]}
{"id": 13, "drone": 0, "position":(33.333333333333336,41.666666666666664,4.0), "time":27.1767749945964,"sensors":[14,9,3,23,7,30,4,11,33,22,24],"power":[0.01993380114999018,0.010505959173296052,0.005163255771913467,0.012153320417346318,0.02105971208568427,0.011236267566961609,0.017482065690078062,0.006299273901616526,0.012537570363745813,0.003402509098601041,0.0022600297054308927]}
{"id": 14, "drone": 0, "position":(25.0,16.666666666666668,1.0), "time":167.2880397590885,"sensors":[26,35,18,13,21,39,38,17,15,12],"power":[0.01681704200256836,0.028246088436482606,0.038322672085824454,0.13497189484774533,0.039966432795474065,0.16780636793005252,0.019047909033207258,0.3591388963614061,0.01610225355447272,0.01822590187588781]}
{"id": 15, "drone": 2, "position":(41.666666666666664,8.333333333333334,1.0), "time":702.0460890397165,"sensors":[26,35,18,1,21,0,38,27,25,19],"power":[0.20116362002146865,0.06670551359882687,0.08842049455402919,0.5311857513593503,0.054896724023669664,0.5496816072456889,0.18441907935558133,0.1224539321144217,0.15899346531184122,0.06407239959310014]}
{"id": 16, "drone": 2, "position":(25.0,41.666666666666664,5.0), "time":261.5532402286945,"sensors":[14,8,23,7,30,4,33,32,20],"power":[0.03391321417118118,0.03447055832087177,0.05723671985607947,0.04779124969038646,0.08170052677635546,0.05351860813972589,0.06371091514925557,0.04224175718374695,0.019634806619194246]}
{"id": 17, "drone": 2, "position":(16.666666666666668,16.666666666666668,1.0), "time":48.86679026012959,"sensors":[37,5,13,39,17,12],"power":[0.003891289613424332,0.010707248879391684,0.004232444630896901,0.004887074954070937,0.009713240565258288,0.05331451800045849]}
