LP RESULTS :
 Obj = 0.1*lambda1+0.9*lambda2 = 152.08444697080716 (lambda1 = 1493.8444697080718, lambda2 = 3.0) Resol time = 61023 ms

{"id": 0, "drone": 3, "position":(33.333333333333336,33.333333333333336,1.0), "time":502.0524103577807,"sensors":[36,18,15,29,12,11,16,17,24,31],"power":[0.034629758891666,0.09416501343364254,0.1324574818153402,0.0722406986973592,0.08557588792891498,0.03408068503626592,0.04887049193179677,0.3325000982595067,0.31705360573566344,0.05093924780140961]}
{"id": 1, "drone": 3, "position":(16.666666666666668,25.0,1.0), "time":852.6112033813831,"sensors":[3,36,6,20,39,4,10,23],"power":[0.963464380705684,0.1220875241882906,0.615057832956716,0.2263602866239286,0.3877706311222033,0.19896991303562098,0.3136838871912832,0.6030764555774414]}
{"id": 2, "drone": 3, "position":(41.666666666666664,8.333333333333334,3.0), "time":75.74706714353715,"sensors":[37,32,21,8,2,0,38],"power":[0.008776039771259158,0.01736397139768501,0.004924736608991917,0.007948230855729719,0.014428817035963845,0.007561634929733687,0.005361716842747438]}
{"id": 3, "drone": 0, "position":(41.666666666666664,41.666666666666664,1.0), "time":764.0468824107862,"sensors":[15,29,34,22,12,26,16,17,1],"power":[0.07534797501941806,0.09387883757925242,0.24147071060529435,0.2027226340074362,1.2569522226544194,0.15,1.4837583195227233,0.16525783500896504,0.4006339817283262]}
{"id": 4, "drone": 0, "position":(41.666666666666664,33.333333333333336,1.0), "time":151.99810979596782,"sensors":[18,15,29,12,11,21,16,17,24],"power":[0.012552036293256245,0.009727689258033365,0.3164579438321551,0.07902492839313571,0.026149449906051506,0.01223312562947541,0.021339980097876576,0.029336603878500723,0.01057261167099489]}
{"id": 5, "drone": 1, "position":(33.333333333333336,16.666666666666668,1.0), "time":63.433788825370925,"sensors":[27,36,18,37,32,11,13,20,21,9,35,0,38],"power":[0.11737793669364412,0.012275012649335792,0.016108089194307187,0.26057381586159567,0.016073560542027656,0.005952218396076786,0.005143909310828257,0.004040614254528226,0.005998283483623796,0.2929962517635758,0.004548962759285577,0.005494607999613614,0.007011851641739058]}
{"id": 6, "drone": 1, "position":(8.333333333333334,8.333333333333334,1.0), "time":289.52846792420496,"sensors":[7,19,25,30,28],"power":[0.07806245050486496,0.06615731956068088,0.08067383586348031,0.27292220922432614,0.06145629065276214]}
{"id": 7, "drone": 1, "position":(16.666666666666668,41.666666666666664,2.0), "time":566.1002269689384,"sensors":[33,14,39,5,4,31,23],"power":[0.18394270732983647,0.18154793674806943,0.058228547338861916,0.8604078371440412,0.06413806942468196,0.10786273767331263,0.048514990338427655]}
{"id": 8, "drone": 2, "position":(25.0,33.333333333333336,1.0), "time":75.13303935775025,"sensors":[36,18,15,39,17,24,4,31,23],"power":[0.008197802576494138,0.006639505248758927,0.015696880304698242,0.021178065863641172,0.010490933494022527,0.07035492300063693,0.005356771637028402,0.015925577878636073,0.014848350764799548]}
{"id": 9, "drone": 2, "position":(25.0,8.333333333333334,4.0), "time":227.74517693950474,"sensors":[27,13,20,9,35,38],"power":[0.03251583497271134,0.11075401217382554,0.021727663133604525,0.015488886686278451,0.07068937234183913,0.08431328114810897]}
{"id": 10, "drone": 2, "position":(41.666666666666664,8.333333333333334,5.0), "time":151.99810979596737,"sensors":[37,32,8,2,0],"power":[0.014951034475206395,0.028283036986147873,0.013802063304025485,0.023654583405283595,0.012291304225671483]}
{"id": 11, "drone": 5, "position":(41.666666666666664,25.0,1.0), "time":75.13303935775025,"sensors":[18,29,37,32,11,21,9,0],"power":[0.015061431363549867,0.026967510604170894,0.00987762871790609,0.01359730907001932,0.3957278895112896,0.0505707997228232,0.00816864820426007,0.022661198530580958]}
{"id": 12, "drone": 5, "position":(33.333333333333336,25.0,1.0), "time":0.6140277857867344,"sensors":[27,36,18,29,37,32,11,21,9,17,24,0],"power":[1.0622833364449525E-4,1.6090123274981353E-4,0.005473924466485335,6.291882619555699E-5,1.280750201113493E-4,5.737379527328501E-5,1.073236222735501E-4,5.979479707278043E-5,1.8375179422426143E-4,4.3400864249183664E-5,7.344398313683755E-5,3.952155662105062E-5]}
{"id": 13, "drone": 5, "position":(16.666666666666668,8.333333333333334,5.0), "time":350.0543005618131,"sensors":[7,13,20,30,28],"power":[0.03552016576535906,0.08558157318006931,0.036254438471661266,0.0960288819390424,0.040861615003934794]}
{"id": 14, "drone": 4, "position":(41.666666666666664,8.333333333333334,1.0), "time":1126.918436799659,"sensors":[37,32,21,9,8,35,2,0,38],"power":[0.1472363320512073,0.29920270727706383,0.07621325975801271,0.07447570840061703,0.1282497058402448,0.07476166489887519,0.23468369558997318,0.11459127501381207,0.08837824125153573]}
{"id": 15, "drone": 4, "position":(8.333333333333334,8.333333333333334,1.0), "time":366.9260329084127,"sensors":[7,19,25,30,28],"power":[0.09893032449699504,0.08384268043931911,0.10223979273996826,0.34588054239107785,0.07788495925170187]}
