LP RESULTS :
 Obj = 0.1*lambda1+0.9*lambda2 = 121.66221314598184 (lambda1 = 1189.6221314598183, lambda2 = 3.0) Resol time = 275415 ms

{"id": 0, "drone": 0, "position":(25.0,41.666666666666664,1.0), "time":177.67810924780724,"sensors":[19,23,36,10,5,13,3,18,0,39,7],"power":[0.013465103213407313,0.05175676725799733,0.15014447131710235,0.04728389942410134,1.7767810924780725,0.048298291945525214,0.07383792367195109,0.042378535625043144,0.15507049679556634,0.02059179811005332,0.01857815251860239]}
{"id": 1, "drone": 0, "position":(8.333333333333334,33.333333333333336,1.0), "time":12.691882354397421,"sensors":[23,8,35,1,12],"power":[0.0012003434338549222,0.0022142206195511923,0.0021446574288738795,8.039876274664874E-4,0.051714063429101634]}
{"id": 2, "drone": 0, "position":(41.666666666666664,16.666666666666668,1.0), "time":357.10293420430656,"sensors":[6,34,22,28,25,24,27,31,17],"power":[0.05028930658005644,0.17768388270944596,0.037291673280467674,0.06368306525738111,0.0755052166426847,0.04438746410958587,0.07513161684604334,0.04111866273420798,0.06500573726267109]}
{"id": 3, "drone": 2, "position":(41.666666666666664,41.666666666666664,1.0), "time":255.53081219105914,"sensors":[21,39,7,20,26],"power":[0.08921579148534743,0.10908899542767288,0.022097090015556712,0.10291700403524182,0.04422053435683886]}
{"id": 4, "drone": 2, "position":(16.666666666666668,41.666666666666664,1.0), "time":485.3140799567209,"sensors":[23,36,10,5,13,3,18,0,12],"power":[1.5103451728135013,0.045274589453978484,0.05050819047217439,0.11428805871761037,0.04939421083603339,0.09818418103484612,0.10813797795210381,0.11416189984922327,0.04191652926961349]}
{"id": 5, "drone": 2, "position":(16.666666666666668,25.0,1.0), "time":12.691882354397421,"sensors":[19,10,14,8,35,1,2,16],"power":[0.0031820964221217227,8.871509993140492E-4,0.002114102606320747,0.00807576454176032,0.0031475527330818345,0.006740479715747003,0.0014197307595524376,0.003312173190945026]}
{"id": 6, "drone": 5, "position":(41.666666666666664,33.333333333333336,1.0), "time":756.413210020952,"sensors":[30,21,39,28,7,20,25,24,26,17],"power":[0.14999999999999997,0.060784208514652584,0.09161333547288729,0.18916086864481257,0.14142055733814515,0.13757848264962755,0.0744947833573153,0.10661228580228126,1.9845809082738204,0.11158743780537536]}
{"id": 7, "drone": 5, "position":(33.333333333333336,16.666666666666668,1.0), "time":41.35690941773072,"sensors":[6,34,37,28,27,11,17],"power":[0.08684963587732515,0.033468296158341904,0.004733935915680904,0.0041863943581428,0.06473630812128323,0.009384556748156882,0.008404600988699296]}
{"id": 8, "drone": 5, "position":(8.333333333333334,8.333333333333334,2.0), "time":12.691882354397388,"sensors":[33,14,9,2,16,4,29],"power":[0.004283339123989418,0.0012512351104627985,0.010862942997044362,0.002455173047868144,0.0013822856634933068,0.003297567912259805,0.0015448787642689608]}
{"id": 9, "drone": 1, "position":(41.666666666666664,8.333333333333334,1.0), "time":675.6840715589259,"sensors":[32,34,37,38,22,15,27,31,11],"power":[0.15,0.06604604131323767,0.0575547252788004,0.18519971163823118,0.9647657581266519,0.22490469607727842,0.11634945919478176,0.31354623736822246,0.06612524774286141]}
{"id": 10, "drone": 1, "position":(16.666666666666668,41.666666666666664,1.0), "time":513.9380599008924,"sensors":[23,36,10,5,13,3,18,0,12],"power":[1.5994258150632488,0.04794489924722999,0.05348717973047253,0.12102880504189363,0.052307497218441426,0.10397511549326317,0.1145159905421781,0.12089520528302419,0.04438877959717393]}
{"id": 11, "drone": 4, "position":(8.333333333333334,8.333333333333334,1.0), "time":391.6388403043557,"sensors":[33,14,9,1,2,16,4,29],"power":[0.14130101807231232,0.0395922828244028,0.40885034329444586,0.025423991820253077,0.07745990893593142,0.04393160997174714,0.10636082811907296,0.048146635786889644]}
{"id": 12, "drone": 4, "position":(8.333333333333334,25.0,1.0), "time":67.6724131469935,"sensors":[33,14,8,35,1,2,16,12],"power":[0.004415642803698442,0.037007534414764835,0.08917643360131951,0.37989313738255137,0.02258085436336277,0.016070534049947818,0.012311812818874623,0.011980627704108909]}
{"id": 13, "drone": 4, "position":(16.666666666666668,25.0,4.0), "time":663.9799328759054,"sensors":[19,14,8,35,1,2,16],"power":[0.13335280036447095,0.08991067903777775,0.2410070228467398,0.1341700109332378,0.2252397165688833,0.06493433956546488,0.1410170664878829]}
{"id": 14, "drone": 3, "position":(25.0,8.333333333333334,1.0), "time":44.055464852313904,"sensors":[6,37,4,27,29,11],"power":[0.0036225797326966376,0.024469612337724492,0.0056682468520354076,0.006225157904720086,0.01609612686075467,0.023951723823498864]}
{"id": 15, "drone": 3, "position":(16.666666666666668,8.333333333333334,1.0), "time":40.94718042376947,"sensors":[37,9,1,2,16,4,29],"power":[0.0027381911486733116,0.007064966939137495,0.002818777174948864,0.0038311000145016794,0.006302268691906387,0.05213375808753935,0.08421235858808677]}
{"id": 16, "drone": 3, "position":(33.333333333333336,8.333333333333334,1.0), "time":71.42275142654121,"sensors":[6,34,37,38,22,15,27,11],"power":[0.009238477809921783,0.007547940103097448,0.06050353531912087,0.007324051028571249,0.016753934467276525,0.020401816748362885,0.038996154018920995,0.09893987795442948]}
