LP RESULTS :
 Obj = 0.1*lambda1+0.9*lambda2 = 141.7584562931244 (lambda1 = 1399.5845629312437, lambda2 = 2.0) Resol time = 347 ms

{"id": 0, "drone": 5, "position":(41.666666666666664,25.0,1.0), "time":460.7791693112724,"sensors":[23,15,24,10,33,34,28,37,25,9,35],"power":[0.14289462588737722,0.16728820136182185,0.05579624813324856,0.08716119822977753,0.03548215312954295,0.3840605384342999,0.042101616611933075,0.10620524625463046,0.8439984536418379,0.261746257408963,0.08479428068400306]}
{"id": 1, "drone": 5, "position":(16.666666666666668,41.666666666666664,4.0), "time":610.5672280593876,"sensors":[11,0,39,1,6],"power":[0.08138150209638041,0.08284610569914946,0.16889025912834812,0.24203102460631304,0.41309165112089613]}
{"id": 2, "drone": 1, "position":(8.333333333333334,8.333333333333334,1.0), "time":1240.4701211117608,"sensors":[16,20,38,21,13,17,2,5],"power":[0.6170441099088033,0.13398639527475106,0.08349268211634762,0.6564430576766684,6.6894185945201246,0.35424222606734146,0.28411377872964344,0.9657702727164219]}
{"id": 3, "drone": 1, "position":(8.333333333333334,8.333333333333334,3.0), "time":159.1144418194831,"sensors":[16,20,21,13,17,2,5],"power":[0.0580487654903392,0.016013604725248928,0.06296510456670817,0.26264103547565,0.04167330464270108,0.03276442840779949,0.08438079421264899]}
{"id": 4, "drone": 2, "position":(16.666666666666668,25.0,1.0), "time":159.11444181948303,"sensors":[33,38,36],"power":[0.01004484784781171,0.06650731788365234,0.07646343324298824]}
{"id": 5, "drone": 2, "position":(41.666666666666664,8.333333333333334,1.0), "time":577.5137257417788,"sensors":[23,12,22,18,10,8,4,32,35],"power":[0.0404004230294397,0.09436537395019884,0.07418153186407882,0.35967547937029937,0.14450776203532037,0.6161303549615473,0.10529653199996171,0.15,0.1302624656397172]}
{"id": 6, "drone": 3, "position":(16.666666666666668,33.333333333333336,3.0), "time":186.71756839227203,"sensors":[11,36,1,6],"power":[0.014376202890569454,0.012705322603290265,0.060821935008522725,0.05055143424572062]}
{"id": 7, "drone": 3, "position":(25.0,8.333333333333334,1.0), "time":730.3399034327681,"sensors":[12,30,22,28,14,36,7,4,29],"power":[0.19475382008103978,3.762123351593568,0.25724113915574615,0.0484040043942805,0.16463923985209653,0.048994718565939996,1.8125017083528734,0.1805735289468747,4.64644691301597]}
{"id": 8, "drone": 4, "position":(8.333333333333334,33.333333333333336,1.0), "time":602.299766479584,"sensors":[3,31,1,6],"power":[0.15,0.2656384583959853,0.04949425972732569,0.05424809340252477]}
{"id": 9, "drone": 4, "position":(41.666666666666664,33.333333333333336,3.0), "time":730.3399034327681,"sensors":[15,24,34,37,19,25,9,27,26],"power":[0.0858613610234222,0.4425679224498984,0.08995856369964872,0.04802192212681107,0.04613904056990209,0.10738763241892961,0.5616923749301531,0.05776560562030955,0.06609397317234207]}
{"id": 10, "drone": 0, "position":(33.333333333333336,41.666666666666664,2.0), "time":460.7791693112725,"sensors":[11,19,0,27,26],"power":[0.1266951120421853,0.17132488692850825,0.06715389430085053,0.09223439437969044,0.16475773926305362]}
{"id": 11, "drone": 0, "position":(33.333333333333336,25.0,1.0), "time":208.4654901872031,"sensors":[23,10,33,34,28,19,25,9,36,26],"power":[0.09639720695113618,0.019601289929144044,0.11451784687045703,0.016170762095292335,0.10364440360428015,0.014302130458488195,0.09639849711056507,0.039817778751905224,0.01372699764885153,0.02044528454124902]}
