LP RESULTS :
 Obj = 0.1*lambda1+0.9*lambda2 = 117.51022769522197 (lambda1 = 1157.1022769522197, lambda2 = 2.0) Resol time = 322 ms

{"id": 0, "drone": 2, "position":(41.666666666666664,8.333333333333334,2.0), "time":35.75424887499523,"sensors":[24,5,6,7,16,11,38,32],"power":[0.0026126463005747783,0.033916634944993335,0.008603559112516479,0.004418017197001191,0.04960261978831778,0.016843802123756742,0.009241360865363455,0.012482130088897658]}
{"id": 1, "drone": 2, "position":(41.666666666666664,25.0,1.0), "time":182.8088603811266,"sensors":[24,29,7,9,12,38,35,28,30,4],"power":[0.10724262335205012,0.040617935560419,0.035190165129103154,0.03379080096144845,0.141722241790247,0.03125146139240149,0.16545996897675358,0.1194829037998845,0.042873937663080966,0.18423791049796107]}
{"id": 2, "drone": 3, "position":(16.666666666666668,41.666666666666664,1.0), "time":31.639234656002053,"sensors":[26,23,15,21,36],"power":[0.003888490405589934,0.004893020170792621,0.050348675636351016,0.004800991042336319,0.0034370109023360317]}
{"id": 3, "drone": 3, "position":(8.333333333333334,8.333333333333334,1.0), "time":938.5391676960978,"sensors":[2,0,8,33],"power":[0.15,0.5001309198483395,0.09013061681897806,1.896217454730373]}
{"id": 4, "drone": 0, "position":(8.333333333333334,41.666666666666664,4.0), "time":938.5391676960978,"sensors":[15,21,25,27],"power":[0.08529873259614887,0.5711207783745725,0.2730610147751947,0.1316665985890032]}
{"id": 5, "drone": 0, "position":(16.666666666666668,8.333333333333334,1.0), "time":218.56310925612178,"sensors":[17,0,8,39,1,33],"power":[0.027581167577679828,0.06624801924319915,0.05986938318102193,0.015332552956768466,0.014226134683983623,0.047329831130971924]}
{"id": 6, "drone": 1, "position":(33.333333333333336,41.666666666666664,1.0), "time":932.9530247769189,"sensors":[26,19,29,31,9,22,14],"power":[0.19667769242071395,0.31753603890200033,0.12095097736295807,0.15,0.15180103711062942,0.28189426373177795,0.7864288883074834]}
{"id": 7, "drone": 1, "position":(8.333333333333334,41.666666666666664,1.0), "time":132.4148953288518,"sensors":[23,15,21,18,25,27],"power":[0.008848531158107338,0.014352591767500112,0.22621588543747498,0.008460327198646625,0.05509432718220355,0.022232106163509884]}
{"id": 8, "drone": 4, "position":(33.333333333333336,8.333333333333334,1.0), "time":255.05555072994335,"sensors":[5,6,7,16,11,1,38,32],"power":[0.023967216820102635,0.7476353767482968,0.03895098032328928,0.04258672508355231,0.08191490864320165,0.08766137847365281,0.02409019401781606,0.14377617457434036]}
{"id": 9, "drone": 4, "position":(16.666666666666668,25.0,1.0), "time":902.0467262222763,"sensors":[10,17,13,23,20,18,36,39,3,34,37],"power":[0.15435042325719264,0.16914136668642563,4.484265093975551,0.26619925863764704,0.9844416466879878,0.2189765876994971,0.23725794244864792,0.14560914192957902,0.07564933321336367,0.320018126820155,2.3146085040473876]}
{"id": 10, "drone": 5, "position":(8.333333333333334,25.0,1.0), "time":91.00142074508943,"sensors":[13,23,20,18,3,37],"power":[0.017391742790805118,0.010054037702632128,0.03331798437468966,0.12553907594141592,0.07435066678663632,0.027793805400718186]}
{"id": 11, "drone": 5, "position":(41.666666666666664,16.666666666666668,1.0), "time":683.4836169661545,"sensors":[24,5,6,7,16,12,11,1,38,35,32,28,30,4],"power":[0.39186173160750365,0.16470182039977047,0.10874824444844422,0.3818587967503917,0.32317587954421345,0.06361219725741385,0.051241289233041595,0.04811248684236357,3.2929649957938354,0.12293319022433101,0.2123004617795327,0.04679626487497154,0.11791515339164724,0.1884450417175303]}
