LP RESULTS :
 Obj = 0.1*lambda1+0.9*lambda2 = 117.12357090300827 (lambda1 = 1153.2357090300827, lambda2 = 2.0) Resol time = 177549 ms

{"id": 0, "drone": 4, "position":(8.333333333333334,25.0,1.0), "time":342.25866691128556,"sensors":[17,32,35,2,39,31,34,36],"power":[0.059389167217159804,0.05165503311800089,0.08495296959399332,0.22788271616075811,0.05181880469236054,0.035043824131592294,0.03593599049417751,0.04753084998374097]}
{"id": 1, "drone": 4, "position":(8.333333333333334,8.333333333333334,4.0), "time":474.6458949265721,"sensors":[27,17,32,39,23,14],"power":[0.0811033459088331,0.06877343179989173,0.10791347669495775,0.07627323724658391,0.09812373806895724,0.07045438053091595]}
{"id": 2, "drone": 3, "position":(16.666666666666668,8.333333333333334,1.0), "time":336.33114719222505,"sensors":[27,21,17,32,35,13,39,11,15,23,14],"power":[0.08845147190217971,0.1290408662559984,0.05815591801510175,0.05531215455880955,0.03354513144039643,0.06742468412753365,0.06496749550388985,0.0922105349909205,0.05559907791569149,0.6925679147311261,2.5979117320262493]}
{"id": 3, "drone": 3, "position":(8.333333333333334,41.666666666666664,1.0), "time":810.9770421187972,"sensors":[0,37,10,8,6,26,3,34,36,29],"power":[1.1999433386261138,0.09213403693126748,0.23973697195512844,0.3349248785500509,0.16842757785943366,0.15337523320959412,0.33354805372228413,0.11406400950582249,0.22937234314640606,0.15179501135990356]}
{"id": 4, "drone": 5, "position":(25.0,41.666666666666664,1.0), "time":342.25866691128556,"sensors":[38,37,12,6,26,30,7,25,9],"power":[0.11675805092572387,0.11299355317855952,0.024299849396556217,0.07101971137762728,0.07977547248413497,0.17511346415125909,0.040987578580804776,0.11061767610034454,0.10953364077882002]}
{"id": 5, "drone": 5, "position":(33.333333333333336,41.666666666666664,1.0), "time":274.6063375495455,"sensors":[38,33,12,20,30,25,9],"power":[0.05520504448377493,0.017620580673472542,0.1712794870326881,0.021250195821138285,0.025639290070839052,0.5771925109444342,0.04046635922117994]}
{"id": 6, "drone": 0, "position":(25.0,8.333333333333334,1.0), "time":65.18381760830955,"sensors":[16,27,22,21,24,13,11,15,23,14],"power":[0.00521500572818483,0.0043934755908542275,0.02295265222804066,0.021784134495276535,0.006294482690280597,0.5305354949379036,0.03191786672052624,0.0485383902746304,0.0099370293687598,0.017247905829491088]}
{"id": 7, "drone": 0, "position":(41.666666666666664,25.0,1.0), "time":616.8650044608311,"sensors":[5,19],"power":[0.1116858418207348,0.20117204364986702]}
{"id": 8, "drone": 1, "position":(25.0,25.0,4.0), "time":474.6458949265721,"sensors":[38,21,35,31,5,11,7,28],"power":[0.04892063980217818,0.03089421141300953,0.03579998375522194,0.11906420054405012,0.09007969619242207,0.03526800636900647,0.10901242141919523,0.29327301718879967]}
{"id": 9, "drone": 1, "position":(41.666666666666664,41.666666666666664,1.0), "time":536.3707045692516,"sensors":[18,33,12,20,25,19],"power":[0.15,0.2347095235773146,0.4667798542281282,0.2998978934239221,0.07047002944960126,0.05102410468355631]}
{"id": 10, "drone": 2, "position":(33.333333333333336,8.333333333333334,2.0), "time":277.074849302976,"sensors":[16,22,24,13,11,15],"power":[0.0772776962255864,0.12001191196669556,0.0644683300965737,0.060575135881225387,0.023855930369503394,0.0458625318096781]}
{"id": 11, "drone": 2, "position":(41.666666666666664,8.333333333333334,1.0), "time":810.9770421187972,"sensors":[16,22,24,4,1],"power":[0.15085405020298806,0.06324030095712313,0.09165786384486828,0.263689489728209,0.16179582482620697]}
