LP RESULTS :
 Obj = 0.1*lambda1+0.9*lambda2 = 115.82128147789459 (lambda1 = 1131.2128147789458, lambda2 = 3.0) Resol time = 7521 ms

{"id": 0, "drone": 1, "position":(25.0,41.666666666666664,4.0), "time":236.83793925998708,"sensors":[21,37],"power":[0.04981181166507482,0.17547555336186182]}
{"id": 1, "drone": 1, "position":(8.333333333333334,33.333333333333336,1.0), "time":464.24459547779554,"sensors":[22,31,23],"power":[0.05029831676262671,0.13664536480155715,0.05549089573376975]}
{"id": 2, "drone": 1, "position":(41.666666666666664,41.666666666666664,1.0), "time":113.04001559907317,"sensors":[21,32,1,10,29,38,2,9,33],"power":[0.017277989121537572,0.05746313183245365,0.008435502231308819,0.9467603130489307,0.011802336781032366,0.008126622897387891,0.030352397758964138,0.3725314090986875,0.11239663192920939]}
{"id": 3, "drone": 3, "position":(25.0,16.666666666666668,1.0), "time":45.2138094765412,"sensors":[39,15,35,12,3,13,11,28,26],"power":[0.018410860509041498,0.006292935598262888,0.005213405938733896,0.005724020597609374,0.01069402201864107,0.10990638863631866,0.004664244182573357,0.0045098440319550565,0.006433371986276534]}
{"id": 4, "drone": 3, "position":(41.666666666666664,33.333333333333336,1.0), "time":344.7213739739311,"sensors":[18,21,1,10,36,29,38,2,9,33],"power":[0.05215613235840973,0.037389166291754504,0.2134654357482981,0.07438805167792632,0.022953413676828835,0.539009802247611,0.09677015690190478,0.7627376369876837,0.11987368287177376,0.030260376757717734]}
{"id": 5, "drone": 3, "position":(8.333333333333334,25.0,1.0), "time":344.40570774989226,"sensors":[39,15,22,23],"power":[0.025637819540381596,0.06466454437693137,0.3059113949532248,0.09450910426623024]}
{"id": 6, "drone": 0, "position":(33.333333333333336,41.666666666666664,5.0), "time":216.95264784429352,"sensors":[18,21,32,10,37,9,33],"power":[0.02055351682968111,0.10234970722865662,0.03207756183125093,0.029911045013990667,0.021114634314284363,0.03767613740954726,0.02199298601031738]}
{"id": 7, "drone": 0, "position":(25.0,8.333333333333334,2.0), "time":542.9995026512023,"sensors":[39,20,30,24,3,13,28,26],"power":[0.04217375495852374,0.037345950132649575,0.05343236580274074,0.16906338514774985,1.4213584209782613,0.06875113706242247,0.5678948793164887,0.4239293541011138]}
{"id": 8, "drone": 0, "position":(41.666666666666664,41.666666666666664,5.0), "time":217.1239279685031,"sensors":[21,32,10,29,2,9,33],"power":[0.025856857151878864,0.06045930633629541,0.1281607244885265,0.01754041804506844,0.04150831821149093,0.11371637030675609,0.07500554534088788]}
{"id": 9, "drone": 4, "position":(16.666666666666668,25.0,1.0), "time":85.38249917802997,"sensors":[39,15,35,12,22,13,11],"power":[0.031247023367601143,0.03022211342036376,0.009342490746256977,0.009321174847349078,0.04144394621869654,0.014271102755328986,0.009587467952336514]}
{"id": 10, "drone": 4, "position":(8.333333333333334,41.666666666666664,1.0), "time":600.2821603922172,"sensors":[14,34,6,31],"power":[0.15,0.261898268642818,0.266740565778753,3.1628797802709765]}
{"id": 11, "drone": 4, "position":(33.333333333333336,33.333333333333336,1.0), "time":2.536910133154774,"sensors":[35,18,21,1,10,12,29,11,2,9],"power":[5.686270613169975E-4,0.004900052700320466,9.70193734813387E-4,2.6804268068184576E-4,2.112569797772911E-4,5.275787569325271E-4,4.0289744611090683E-4,5.8927210610859E-4,3.205527349457822E-4,3.853514162330007E-4]}
{"id": 12, "drone": 2, "position":(41.666666666666664,8.333333333333334,1.0), "time":460.2982997061621,"sensors":[25,20,0,17,16,19,7,8,5],"power":[0.0597578372504536,0.15295958957281847,0.13091381908253652,0.1610327584025404,0.8943626585836332,0.06396934850466368,0.15,1.4644180771352042,1.7841848877810276]}
{"id": 13, "drone": 2, "position":(25.0,25.0,1.0), "time":113.21129572328005,"sensors":[39,15,35,18,12,13,11],"power":[0.03253054162445202,0.010753432417880461,0.14216864294325104,0.020592170770749263,0.162944208357994,0.041474668069460374,0.1289001941849523]}
{"id": 14, "drone": 2, "position":(8.333333333333334,8.333333333333334,1.0), "time":542.9995026512023,"sensors":[27,15,4,30,26],"power":[0.2683088529476693,0.04315589200526898,0.15,0.14331233495143084,0.04050196339431889]}
{"id": 15, "drone": 5, "position":(16.666666666666668,33.333333333333336,1.0), "time":66.68605890893309,"sensors":[35,12,22,11,37,31],"power":[0.005337546120559572,0.004930624669113771,0.0064214551765775715,0.0062588215740290104,0.0088943060272431,0.00800510612268742]}
{"id": 16, "drone": 5, "position":(41.666666666666664,25.0,1.0), "time":453.79058710428353,"sensors":[25,18,17,19,1,36,29,38,2],"power":[0.13099121830328234,0.05179812734083476,0.0392656970695166,0.06282003138222887,0.2956219036193026,0.0966436133629892,0.23011379352064482,0.0904163064108715,0.06827189588695921]}
{"id": 17, "drone": 5, "position":(41.666666666666664,16.666666666666668,1.0), "time":217.1239279685002,"sensors":[25,0,17,16,19,1,8,36,5],"power":[0.3181567953572987,0.019086180917463474,0.12705624858627232,0.026751107071655792,0.08223724777475548,0.016648194588766593,0.06055983059908732,0.03040297296018196,0.061044587203169756]}
