LP RESULTS :
 Obj = 0.1*lambda1+0.9*lambda2 = 177.803324233057 (lambda1 = 1751.03324233057, lambda2 = 3.0) Resol time = 64861 ms

{"id": 0, "drone": 3, "position":(8.333333333333334,8.333333333333334,1.0), "time":988.3194683981468,"sensors":[25,7,27,24],"power":[0.10281282131116054,0.0930514026012282,0.7565668828448583,0.15]}
{"id": 1, "drone": 3, "position":(25.0,25.0,4.0), "time":36.64096084393424,"sensors":[17,3,23,21,4],"power":[0.006015560658742287,0.005682403523287743,0.003211584818711182,0.006807518350049627,0.005199256046585905]}
{"id": 2, "drone": 4, "position":(8.333333333333334,33.333333333333336,1.0), "time":662.9260544754202,"sensors":[31,13,19,11,12,37,10,21,29,30],"power":[0.05259607159183937,0.05208663429890763,0.0713546666407981,0.15092142411816015,0.5027964944090563,0.06275154411455494,0.18997474279099008,0.08509287047733863,0.18303794176986823,0.09912664069565782]}
{"id": 3, "drone": 4, "position":(33.333333333333336,8.333333333333334,1.0), "time":531.9475160434707,"sensors":[26,17,34,1,3,39,16,35,38,22,28],"power":[0.10934454728295784,0.04899389441914652,0.08929401752055789,0.4441944630409115,0.03627700608221105,0.04623141718323783,0.07938944333994594,0.13367617221661923,0.10932505276338825,0.6703347375430982,0.19432142136814803]}
{"id": 4, "drone": 4, "position":(41.666666666666664,41.666666666666664,5.0), "time":556.1596718116789,"sensors":[36,14,5,33,0,18],"power":[0.09319226064570468,0.282651884110274,0.10662670831993322,0.11482619638646407,0.11689068931654503,0.2080706367999902]}
{"id": 5, "drone": 0, "position":(8.333333333333334,16.666666666666668,1.0), "time":211.62685042714816,"sensors":[25,7,27,30,4],"power":[0.09668588848743702,0.056948597398771804,0.07951492492146285,0.050873359304342176,0.03686216472602182]}
{"id": 6, "drone": 0, "position":(41.666666666666664,8.333333333333334,1.0), "time":941.3534774601105,"sensors":[8,34,1,39,6,16,9,35,2,22,28],"power":[0.1075167884000634,1.2121137106760334,0.09853556910657779,0.07363973586269866,0.35248766008398585,2.628918386254329,0.18643618822388702,0.23768191846151349,0.15,0.5366096164106743,2.1876477681731474]}
{"id": 7, "drone": 5, "position":(8.333333333333334,41.666666666666664,1.0), "time":296.9533407283683,"sensors":[31,13,19,11,12,37,10,29],"power":[0.20993452208754565,0.2555704969678619,0.24793354761918449,0.046686567528397324,0.07834347050476848,0.08724845588544505,0.05887265499261572,0.2965105821466423]}
{"id": 8, "drone": 5, "position":(41.666666666666664,25.0,1.0), "time":167.0977971754506,"sensors":[8,17,34,39,5,0],"power":[0.0479319407994388,0.023183277174022115,0.011279880985285488,0.048300100839882315,0.02591277095010708,0.02400249136776892]}
{"id": 9, "drone": 5, "position":(16.666666666666668,33.333333333333336,1.0), "time":791.1538471267814,"sensors":[11,12,23,10,21,20,32,4],"power":[1.9948598033181577,0.4992480095689242,0.25845500615145134,1.2454039407466748,0.6377499444879287,0.09488454722850694,0.06846568938425057,0.06746864137607725]}
{"id": 10, "drone": 2, "position":(33.333333333333336,25.0,1.0), "time":110.63445165153817,"sensors":[8,17,39],"power":[0.007174734150392477,0.07180726774808922,0.04090254224391451]}
{"id": 11, "drone": 1, "position":(25.0,8.333333333333334,1.0), "time":277.7322488269886,"sensors":[26,1,3,15,38,22],"power":[2.777322488269886,0.08933219831211431,0.06348983921313031,0.05148815132311221,0.04067494723661175,0.026955913396579732]}
{"id": 12, "drone": 1, "position":(33.333333333333336,41.666666666666664,1.0), "time":922.2140699983063,"sensors":[36,14,5,23,33,0,18,20,32],"power":[0.0749134794311916,0.13643785943892378,0.07596550382768737,0.08309300131207678,0.4112766463232723,0.08053252708023784,0.11305087515332672,0.2034034976689325,0.3092604899229899]}
{"id": 13, "drone": 1, "position":(16.666666666666668,8.333333333333334,1.0), "time":551.0869235052751,"sensors":[26,25,3,15,27,4],"power":[0.12435717414517798,0.07113957242219343,0.08242414014095668,0.0985118486768878,0.05362752180285849,0.040469937851315044]}
