LP RESULTS :
 Obj = 0.1*lambda1+0.9*lambda2 = 130.89677874861837 (lambda1 = 1290.9677874861836, lambda2 = 2.0) Resol time = 275 ms

{"id": 0, "drone": 3, "position":(25.0,33.333333333333336,5.0), "time":240.5659726049804,"sensors":[16,19,5,20,7],"power":[0.02680627488628476,0.042636941962798124,0.018619237346665884,0.04145923090287268,0.030227455302161824]}
{"id": 1, "drone": 3, "position":(41.666666666666664,41.666666666666664,1.0), "time":812.3945883314275,"sensors":[18,33,11,6,29],"power":[0.15,0.0682243395367906,7.2853572330756196,0.16742092281233775,0.13432757950748983]}
{"id": 2, "drone": 2, "position":(8.333333333333334,41.666666666666664,1.0), "time":777.4188960541507,"sensors":[4,0,37,8,34,24,15],"power":[0.08254935620042499,0.09210276385286076,0.20286918290704306,0.21305164538936325,0.29048494395829794,7.774188960541506,0.3373781294166382]}
{"id": 3, "drone": 2, "position":(16.666666666666668,16.666666666666668,1.0), "time":183.61247176653995,"sensors":[17,2,27,39,13,9,5,25,38,1,30],"power":[0.027242935690889616,0.06795251948897604,0.04513209328435661,0.08846848625595315,0.2786022013110815,0.021828465558337708,0.024743871035222402,0.08873857853770302,0.20442551421576644,0.083887241554604,0.013053561554530385]}
{"id": 4, "drone": 1, "position":(8.333333333333334,25.0,1.0), "time":513.548891432033,"sensors":[17,23,8,27,34,9,15,12,1,30],"power":[0.06372812853086023,0.15,0.07857081061702872,0.04265898746984209,0.041993423639600215,0.11505452390371775,0.04051813980855782,0.18611250364385687,0.03397073456848398,0.057975084149998996]}
{"id": 5, "drone": 1, "position":(25.0,25.0,2.0), "time":181.59673240785935,"sensors":[21,5,20,7,1],"power":[0.029585278908009514,0.19958922788121722,0.026921426763545614,0.08849677086357516,0.05964712536740286]}
{"id": 6, "drone": 0, "position":(8.333333333333334,8.333333333333334,1.0), "time":536.4414700320663,"sensors":[17,3,2,27,39,13,9,10,32,25,38,30],"power":[0.19295258630458748,1.9901779659790153,0.18823143992469396,0.35605032690415783,0.14447144953863503,0.09048317987229954,0.09395510039530972,0.15,0.7011064006197126,0.061261421462296996,0.11632456860572997,0.12922637054993255]}
{"id": 7, "drone": 0, "position":(25.0,41.666666666666664,1.0), "time":390.23188331858773,"sensors":[16,19,4,0,20],"power":[0.6648965239448534,0.6563238289934242,0.11993273396244791,0.05789723614713923,0.028880764085294344]}
{"id": 8, "drone": 5, "position":(41.666666666666664,25.0,1.0), "time":478.57319915475614,"sensors":[21,33,6,36,20,7,29],"power":[0.1346084244826002,0.2370391992022136,0.0838326189665496,0.10953351609317362,0.05743956373551797,0.049100506475101995,0.06019273725528447]}
{"id": 9, "drone": 5, "position":(33.333333333333336,8.333333333333334,1.0), "time":660.1699315626155,"sensors":[14,28,31,26,22],"power":[3.393118547278311,0.8763849040711905,0.15,0.20346838192858155,0.299976496522219]}
{"id": 10, "drone": 4, "position":(41.666666666666664,16.666666666666668,2.0), "time":630.7978559235681,"sensors":[21,14,33,28,36,22,35],"power":[0.07028969071222434,0.052554426918234316,0.0398307601781494,0.13265297772858212,0.04046648390682639,0.04624136637712911,0.1764338204056202]}
