LP RESULTS :
 Obj = 0.1*lambda1+0.9*lambda2 = 101.91833574261287 (lambda1 = 992.1833574261286, lambda2 = 3.0) Resol time = 404578 ms

{"id": 0, "drone": 3, "position":(25.0,41.666666666666664,1.0), "time":166.08532810642765,"sensors":[38,36,4,15,35,22],"power":[0.02564037836710988,0.058992691312593416,0.015447113374139154,0.03804961964682762,0.045190747813582476,0.01119927206902107]}
{"id": 1, "drone": 3, "position":(41.666666666666664,25.0,1.0), "time":140.10996095501469,"sensors":[14,5,17,16,18,1,34,0],"power":[0.009719857653838447,0.030855202931000258,0.0131449171425767,0.03506052705165373,0.03519916599587242,0.062264921658217565,0.014741551433089964,0.023992383695270857]}
{"id": 2, "drone": 3, "position":(33.333333333333336,8.333333333333334,1.0), "time":460.0009026874818,"sensors":[29,31,17,37,34,33,20,2],"power":[0.045914799887479193,0.21855468457270133,0.1238174280106306,0.1815844017932176,0.11841370428863346,0.3009888794564248,0.034778832687395435,0.2376382907004441]}
{"id": 3, "drone": 5, "position":(16.666666666666668,41.666666666666664,1.0), "time":41.05809908735466,"sensors":[38,36,4,15,13,9,28,7],"power":[0.19433406649301913,0.003624714680168713,0.011892459126339554,0.41058099087354666,0.0027384853828356062,0.00723262354714723,0.005107870407184999,0.0055908196153603255]}
{"id": 4, "drone": 5, "position":(25.0,25.0,3.0), "time":324.62624125947684,"sensors":[14,18,13,11,22],"power":[0.19531240390461405,0.0395436315428877,0.05447558115512724,0.04705768720772067,0.2727118478982718]}
{"id": 5, "drone": 5, "position":(25.0,8.333333333333334,1.0), "time":103.40491511069888,"sensors":[29,31,17,37,34,25,33,20],"power":[0.1106436079763831,0.0070424771575988325,0.009863980120454944,0.21877908128239715,0.008510746156148415,0.02504987218134297,0.008654505554350676,0.08056311931052874]}
{"id": 6, "drone": 2, "position":(8.333333333333334,41.666666666666664,1.0), "time":324.62624125947684,"sensors":[38,8,21,4,15,9,28,7],"power":[0.10099405315631262,0.022696370694114395,0.08060106656158211,0.051364885862091245,0.06535471597956327,0.07531994951371092,0.28397313368202814,1.0218888919569629]}
{"id": 7, "drone": 2, "position":(16.666666666666668,25.0,1.0), "time":48.79634370136793,"sensors":[14,19,8,27,3,4,13,11,22,9,39],"power":[0.004287191700037062,0.004482057393468829,0.005052883696827301,0.010227514851683842,0.015665266910636674,0.007461306067489293,0.07007581943121116,0.23737079372074182,0.010234371006439341,0.0064712968761087425,0.004237599882666665]}
{"id": 8, "drone": 2, "position":(8.333333333333334,25.0,1.0), "time":54.608571409331546,"sensors":[19,8,27,3,4,6,13,11,9,39],"power":[0.046015386904276034,0.0395432909036763,0.007543510011094261,0.01884574914524819,0.005115090686563986,0.005734567832613109,0.010423225942171524,0.016367064483987236,0.008874508576950709,0.06095370361302804]}
{"id": 9, "drone": 4, "position":(41.666666666666664,33.333333333333336,1.0), "time":92.10146025682769,"sensors":[5,18,1,0,35,32,24],"power":[0.7306364498967092,0.020367617388770194,0.07285068007050553,0.07097144630966915,0.008343194901731488,0.009968909631237954,0.028604204433232378]}
{"id": 10, "drone": 4, "position":(33.333333333333336,41.666666666666664,1.0), "time":409.37032780339615,"sensors":[36,5,30,18,1,35,32,24],"power":[0.08738259400723788,0.045147231368859814,0.05845123462409549,0.027780741990059105,0.028135704307711278,1.9927597031366722,0.04494806772936146,0.03034699024885053]}
{"id": 11, "drone": 4, "position":(41.666666666666664,16.666666666666668,3.0), "time":262.69221152152215,"sensors":[31,17,16,34,33,2],"power":[0.07520407320287001,0.061955202564478444,0.11493947294834705,0.07157712706545367,0.06671084363174307,0.05032041624541206]}
{"id": 12, "drone": 1, "position":(33.333333333333336,25.0,1.0), "time":25.97536715141426,"sensors":[14,5,17,18,1,34,22],"power":[0.015214986883953622,0.002962084022478069,0.004400922078657674,0.027108843082408924,0.007060527317284394,0.004423689260490581,0.00439760604484157]}
{"id": 13, "drone": 1, "position":(8.333333333333334,16.666666666666668,1.0), "time":486.7803739556392,"sensors":[26,12,19,8,27,3,10,6,25,11,23,39],"power":[0.20747025634294797,0.07647140010611263,0.15136282799763856,0.04094679295261275,0.17624000887379163,0.25381732334301654,0.13729819028816934,0.10870186217669904,0.05187972476326712,0.05745124544698391,0.1566847311865926,0.08502701978394508]}
{"id": 14, "drone": 1, "position":(8.333333333333334,8.333333333333334,1.0), "time":401.9980683597905,"sensors":[26,12,27,3,10,6,25,23,20],"power":[0.5244144359047557,1.1644478437622896,0.05169894444516461,0.032893192271049164,0.697103614344003,0.03556356999068787,0.07531292421626438,1.460088856788625,0.03465804800207582]}
{"id": 15, "drone": 0, "position":(8.333333333333334,33.333333333333336,1.0), "time":77.37182710031314,"sensors":[19,38,8,21,4,15,13,11,9,28,39,7],"power":[0.00831373675488563,0.009767604894170412,0.041760661752769254,0.007835908445594099,0.0220326836008086,0.00755453285963285,0.012286888088654503,0.009595883460610613,0.12989798680109585,0.006699547620227241,0.014355119722339165,0.016700104864523252]}
{"id": 16, "drone": 0, "position":(8.333333333333334,41.666666666666664,3.0), "time":279.6369467618574,"sensors":[38,21,4,15,9,28,7],"power":[0.07607133853353992,0.061563024992823775,0.03916658779596995,0.05132795553930231,0.05752412919908348,0.1602622076304416,0.357888524364511]}
{"id": 17, "drone": 0, "position":(41.666666666666664,41.666666666666664,1.0), "time":324.6262412594771,"sensors":[5,30,1,0,35,32,24],"power":[0.06680488104683668,0.09154876537590452,0.02823979637840491,0.055036169995059385,0.05546005813241471,0.3814121841001575,0.18402102877973026]}
