LP RESULTS :
 Obj = 0.1*lambda1+0.9*lambda2 = 121.98572175328884 (lambda1 = 1192.8572175328884, lambda2 = 3.0) Resol time = 33970 ms

{"id": 0, "drone": 2, "position":(8.333333333333334,8.333333333333334,1.0), "time":632.5057431788621,"sensors":[32,23,8,31,2],"power":[0.08386269870652346,0.07981952085838054,0.1391594386726201,0.06278437845619211,1.0635466021498747]}
{"id": 1, "drone": 2, "position":(41.666666666666664,8.333333333333334,1.0), "time":375.65683560024985,"sensors":[22,6,5,18,28,38,12,13,21],"power":[0.03779856736353146,0.24134788406339813,0.06936655568345035,0.07470561836579284,0.08009222419691976,0.6522749138826953,0.267776946299771,1.0648672178359049,0.0816463229551634]}
{"id": 2, "drone": 2, "position":(25.0,33.333333333333336,1.0), "time":17.69224964547334,"sensors":[4,30,1,20,27,24,39,16],"power":[0.0038276683302660556,0.022904410929673283,0.05528211886690153,0.0014626693394710819,0.030433835932910328,0.015901473261013144,0.0019177139217928818,0.004421348013556878]}
{"id": 3, "drone": 4, "position":(41.666666666666664,25.0,1.0), "time":317.04258932465575,"sensors":[5,36,26,19,15,25,37],"power":[0.023839384558928273,0.033314474445744105,0.07685558882853538,0.05328833523407458,0.33874993953239924,0.104539212103657,0.12568092728032224]}
{"id": 4, "drone": 4, "position":(8.333333333333334,16.666666666666668,1.0), "time":89.11275421652539,"sensors":[33,32,23,8,2],"power":[0.0060748424670205034,0.16313185116005405,0.1089594562938505,0.8911275421652539,0.02539046304296761]}
{"id": 5, "drone": 4, "position":(41.666666666666664,41.666666666666664,1.0), "time":146.00493798911464,"sensors":[34,36,39,17,19,16,37],"power":[0.035291516856355135,0.04964936026272789,0.038739879540056144,0.4494866236850683,0.013276683735212517,0.0117365040563655,0.009721731198695262]}
{"id": 6, "drone": 5, "position":(8.333333333333334,41.666666666666664,1.0), "time":509.7404803343078,"sensors":[33,20,0,10,35,7],"power":[0.040487231953727394,0.07149703738317832,0.4403103005639159,0.05740695244578748,0.11748155129019405,0.27238357048272965]}
{"id": 7, "drone": 5, "position":(25.0,41.666666666666664,1.0), "time":299.3503396791823,"sensors":[30,1,27,10,24,39,16],"power":[0.16286012754402204,0.05033723710254992,0.1349405395422719,0.054132694670353795,0.04555470280603441,0.035881258380834204,0.19997862644049855]}
{"id": 8, "drone": 5, "position":(33.333333333333336,8.333333333333334,1.0), "time":292.28952024736105,"sensors":[29,22,6,14,9,11,28,3,38,12,13,21],"power":[0.04583110557533256,0.19498214141792963,0.12349663723904884,0.0953905728495456,0.03116910869204151,0.04779599563402211,0.09847229202937859,0.026760616104308084,0.11410932734411072,0.021450024261247945,0.08580918028073006,0.06835367704483658]}
{"id": 9, "drone": 3, "position":(16.666666666666668,8.333333333333334,1.0), "time":471.238720137501,"sensors":[29,14,9,3,23,8,31,2],"power":[0.10188895668396031,0.03862209812707554,0.1205858607981792,0.08174792862800236,0.05125013483180148,0.04123983837613797,0.12163836011062663,0.055400432411272536]}
{"id": 10, "drone": 3, "position":(41.666666666666664,16.666666666666668,1.0), "time":500.1577926079827,"sensors":[22,6,5,18,38,12,13,26,15,25,37],"power":[0.04802150976633501,0.18173540944080363,0.1408570243278171,0.07529438163420712,0.13731374756349934,0.06608483414229531,0.07252701754552945,0.033228644947865475,0.09893276226534042,0.12006725460171545,0.03463973327714144]}
{"id": 11, "drone": 3, "position":(16.666666666666668,41.666666666666664,1.0), "time":221.46070478740478,"sensors":[30,1,33,20,27,0,10,16,35,7],"power":[0.0443310678936865,0.023671779240131446,0.014028990295933233,0.0316148604316173,0.02639866980356823,0.05864743318370524,0.09192509298144391,0.016402753016475917,0.03251844870980592,0.04405184519149418]}
{"id": 12, "drone": 0, "position":(25.0,25.0,5.0), "time":258.57097008161685,"sensors":[4,30,1,9,11,3,27,24],"power":[0.06118698814608196,0.01941034709271127,0.04712060923115829,0.01732647552799401,0.035036510527371854,0.0292699688993092,0.021593990096132616,0.03917459671623435]}
{"id": 13, "drone": 0, "position":(25.0,25.0,1.0), "time":146.00493798911464,"sensors":[4,30,1,14,9,11,3,27,24,15],"power":[0.05288667603493163,0.01432816949461228,0.037025313111569036,0.010354323936593057,0.011694813828782923,0.02647029899781136,0.02013876955073099,0.016041762832865687,0.03055674355253744,0.010601311196353358]}
{"id": 14, "drone": 0, "position":(25.0,16.666666666666668,1.0), "time":24.753069077294814,"sensors":[4,29,22,14,9,11,3],"power":[0.0021675806470639524,0.002279937740707132,0.0067816022215337465,0.012917067678030691,0.01915131880928559,0.040697194840794676,0.05919550395842055]}
{"id": 15, "drone": 1, "position":(41.666666666666664,33.333333333333336,1.0), "time":229.65189761113527,"sensors":[24,36,39,26,17,19,15,25,37],"power":[0.018812483664180635,0.23725656119854874,0.05378637635203249,0.0399157662235991,0.033277151182284685,0.06833987741409084,0.03790751039155824,0.017725553347851888,0.08286017881914007]}
{"id": 16, "drone": 1, "position":(41.666666666666664,41.666666666666664,2.0), "time":500.15779260798274,"sensors":[34,36,39,17,19,16],"power":[0.11470848314364486,0.16048925464233624,0.1299237640508315,1.0315193947743733,0.043968918276674984,0.03778362387930329]}
{"id": 17, "drone": 1, "position":(8.333333333333334,33.333333333333336,1.0), "time":372.54327819465044,"sensors":[4,33,20,0],"power":[0.02993108684165641,0.23566502827445107,0.273494022635075,0.22525442046471622]}
