LP RESULTS :
 Obj = 0.1*lambda1+0.9*lambda2 = 135.63096236282138 (lambda1 = 1329.3096236282138, lambda2 = 3.0) Resol time = 236661 ms

{"id": 0, "drone": 2, "position":(8.333333333333334,25.0,1.0), "time":641.986503404886,"sensors":[7,14,17,3,27,26,24,4,39,29],"power":[0.07761973115601065,0.07510504231639445,0.12164757264715524,2.944621776498755,1.728622395313417,0.1325050726923116,0.2938612167780326,0.07612861466238974,0.07476509183426026,0.06437470514437786]}
{"id": 1, "drone": 2, "position":(8.333333333333334,16.666666666666668,1.0), "time":165.61554882347173,"sensors":[22,14,17,3,27,26,24,16,4,39,29],"power":[0.033999238628625396,0.10267871221246382,0.02835242735284476,0.04993506144380661,0.025659617304805916,0.041343529305891115,0.24304197635975522,0.05544587723043927,0.012822427900868802,0.031958469170010044,0.01838266718847089]}
{"id": 2, "drone": 5, "position":(25.0,41.666666666666664,1.0), "time":495.82927360003066,"sensors":[28,11,9,6,34,5,18,12],"power":[0.18336001793337003,0.161660519247962,0.06963598473758374,0.03571040998513026,0.1066903244925408,0.23191852851100453,0.1376593858974862,0.15]}
{"id": 3, "drone": 5, "position":(41.666666666666664,25.0,5.0), "time":677.6385345384887,"sensors":[21,31,8,33,10],"power":[0.1659912227115334,0.046695886559939934,0.12956851951816512,0.20527124726708118,0.06017067492709004]}
{"id": 4, "drone": 0, "position":(16.666666666666668,8.333333333333334,1.0), "time":332.1584116104507,"sensors":[22,20,26,38,2,16,35,39,29,15],"power":[0.02463712162616615,0.05935363281841216,0.034057755678446315,0.07570151313391218,0.03719279984296546,0.166305423182847,0.21431935091066398,0.05230639576750657,0.03072311518681854,0.03968728886966521]}
{"id": 5, "drone": 0, "position":(41.666666666666664,41.666666666666664,1.0), "time":435.7409808488783,"sensors":[31,9,34,19,10],"power":[0.23701552561843794,0.14718453019797656,0.08869607084435292,0.5127815419748856,0.10824050379937704]}
{"id": 6, "drone": 1, "position":(8.333333333333334,8.333333333333334,3.0), "time":519.3940792827888,"sensors":[22,14,24,2,16,35],"power":[0.2679805188755114,0.10903043748423795,0.05021302530258535,0.11280720015703455,0.1850263120726722,0.03449282304848334]}
{"id": 7, "drone": 1, "position":(16.666666666666668,16.666666666666668,1.0), "time":2.3134921170673692,"sensors":[14,3,26,24,38,0,16,35,4,39,29],"power":[1.6230486098254106E-4,3.088564515754126E-4,0.0030519754871345794,3.2221159107437915E-4,1.923343003939519E-4,4.2378243543619956E-4,8.180998260210006E-4,2.8026019966030603E-4,6.819376678188338E-4,0.01081889763302247,0.0020615332891918523]}
{"id": 8, "drone": 1, "position":(25.0,8.333333333333334,1.0), "time":65.58095756885416,"sensors":[20,38,0,13,16,35,36,39,25,29,15],"power":[0.15483864141182843,0.42569121229213824,0.005211265522442517,0.005987456389130504,0.00498126107387622,0.056343679776983464,0.006603974397163166,0.004921516395669393,0.006671005083055952,0.0044711646047195745,0.03052301207510854]}
{"id": 9, "drone": 3, "position":(8.333333333333334,41.666666666666664,1.0), "time":687.323120223328,"sensors":[23,7,37,1],"power":[1.5093639066647606,0.12122404145767247,0.8396637570042684,0.15]}
{"id": 10, "drone": 3, "position":(25.0,33.333333333333336,1.0), "time":397.73936917930484,"sensors":[28,0,6,34,5,18,4],"power":[1.1671970619184242,0.03264718442279993,0.15514093967741024,0.04866973749246193,0.2266647910297707,0.30913065222604375,0.03895610849613019]}
{"id": 11, "drone": 3, "position":(25.0,25.0,1.0), "time":121.65471010348381,"sensors":[28,26,8,33,0,6,5,18,4,39,29],"power":[0.01646363535861059,0.014028722322980037,0.020431480481834866,0.008388495556756482,0.11171776761932138,0.04382711526178966,0.009364559236369292,0.013418375113340621,0.0453928076982993,0.01599437135173659,0.0299868145864213]}
{"id": 12, "drone": 4, "position":(25.0,8.333333333333334,5.0), "time":296.81936423586797,"sensors":[20,38,13,35,36,25,15],"power":[0.13849161694203768,0.17343547238782067,0.021234721335105716,0.09905014086013364,0.023279809548978892,0.02383755459723379,0.07978969905522597]}
{"id": 13, "drone": 4, "position":(41.666666666666664,8.333333333333334,1.0), "time":966.9093018234917,"sensors":[32,30,13,36,25],"power":[0.23678634431392973,0.15,0.2536476738099619,0.15564583424761375,0.17019796563889222]}
