LP RESULTS :
 Obj = 0.1*lambda1+0.9*lambda2 = 102.63166359356828 (lambda1 = 999.3166359356827, lambda2 = 3.0) Resol time = 410540 ms

{"id": 0, "drone": 1, "position":(8.333333333333334,16.666666666666668,1.0), "time":255.9419346729373,"sensors":[13,9,10,30,31,25,1,11],"power":[0.0417950405607525,0.050312263231509356,0.06125449568303989,0.021583675596179446,0.07239194438763899,0.04029487032733405,0.07732613669097338,0.0432194191284131]}
{"id": 1, "drone": 1, "position":(16.666666666666668,41.666666666666664,1.0), "time":525.4203340989555,"sensors":[23,26,17,16,27,35,2,21,7,33,22],"power":[0.06643561239925604,0.08224446152145097,0.05739620802389193,0.04196316137892784,1.2396362777949321,0.0971836744367071,0.1461408992049286,0.044180913255347315,0.6135749627026705,0.10504600527490064,0.05284088702145899]}
{"id": 2, "drone": 1, "position":(33.333333333333336,25.0,1.0), "time":217.95436716378987,"sensors":[39,29,14,38,20],"power":[0.14397296048274102,0.05851998279950161,0.02071145718690728,0.04169997031964795,0.12343584399150886]}
{"id": 3, "drone": 2, "position":(41.666666666666664,33.333333333333336,5.0), "time":27.123895986229904,"sensors":[36,4,29,18,28,38],"power":[0.004367977570505117,0.004698654702088595,0.005331079210689617,0.01131193486136414,0.0017342536036892616,0.003858586956168683]}
{"id": 4, "drone": 2, "position":(8.333333333333334,25.0,1.0), "time":74.11001174913181,"sensors":[13,23,9,30,35,31,25,11],"power":[0.09644763365638082,0.009914196898457791,0.005946414583540056,0.07534441440619047,0.010160846742676139,0.012267783454906013,0.005646847203032566,0.41714441155007226]}
{"id": 5, "drone": 2, "position":(16.666666666666668,8.333333333333334,1.0), "time":381.5827722966368,"sensors":[9,10,24,31,25,1,12,0,19],"power":[0.09207431694395139,0.3790138773076798,0.028535917399892523,0.05307144517960575,0.0808769431931606,0.21815346748231415,0.7384709154496966,0.12674389606819383,0.14999999999999997]}
{"id": 6, "drone": 3, "position":(8.333333333333334,41.666666666666664,1.0), "time":310.23709588921076,"sensors":[30,16,27,35,21,7,33,22],"power":[0.024430139557850727,0.27985623883137156,0.08590373813310091,0.03108799922886893,0.11298600098127018,0.07429473393528295,0.044953994725099346,0.097159112978541]}
{"id": 7, "drone": 3, "position":(41.666666666666664,33.333333333333336,1.0), "time":2.6223500101250465,"sensors":[36,37,4,29,34,18,14,28,38,20],"power":[5.752629783901226E-4,1.786362038106306E-4,6.293912421929827E-4,7.123626708974691E-4,1.8999923125010868E-4,0.004232360446779473,1.802805462286838E-4,2.2032263466908544E-4,5.009634468789346E-4,1.7984722986901246E-4]}
{"id": 8, "drone": 3, "position":(33.333333333333336,8.333333333333334,3.0), "time":220.57671717391588,"sensors":[24,6,32,3,8,0],"power":[0.13818169058422433,0.33604791935985506,0.05707486561857074,0.05837666261790253,0.024553593705656507,0.01983967272712369]}
{"id": 9, "drone": 0, "position":(41.666666666666664,41.666666666666664,1.0), "time":379.69730574422965,"sensors":[36,37,4,29,34,18,28,15],"power":[0.11593453522294496,0.06584981680523345,3.7969730574422966,0.03547629715941843,0.18586194607019074,0.11057131440570302,0.20609820665965473,0.11031885695390832]}
{"id": 10, "drone": 0, "position":(25.0,41.666666666666664,4.0), "time":74.11001174913179,"sensors":[36,37,26,17,27,2,7,15],"power":[0.007833103452333243,0.015729536683843824,0.017542870122002056,0.02355341314607441,0.009470222067464227,0.07005544793232384,0.008684753331877123,0.007032754736255608]}
{"id": 11, "drone": 0, "position":(33.333333333333336,16.666666666666668,1.0), "time":57.50155306400575,"sensors":[39,24,6,14,3,8,38,5,20],"power":[0.0060270395172589575,0.011916118561258343,0.017948851259338715,0.005798889953037892,0.006694914293974983,0.007336354787858209,0.005589998512689826,0.0037633656470116633,0.02680465204474549]}
{"id": 12, "drone": 4, "position":(33.333333333333336,41.666666666666664,1.0), "time":310.23709588921076,"sensors":[36,37,26,4,29,17,34,18,2,28,15],"power":[0.3980018116085978,1.571344345220262,0.03172313607464927,0.0710610512137065,0.051329630768564644,0.06758330551430765,0.026438633677467554,0.023884390286153332,0.05284270513402188,0.131111690265457,0.2461527902104522]}
{"id": 13, "drone": 4, "position":(8.333333333333334,16.666666666666668,1.0), "time":287.68191721697684,"sensors":[13,9,10,30,31,25,1,11],"power":[0.04697814531269911,0.05655160950651461,0.06885081484897924,0.024260319763671493,0.08136944568741211,0.045291935315681014,0.08691553919316923,0.048579164534934056]}
{"id": 14, "drone": 4, "position":(41.666666666666664,16.666666666666668,1.0), "time":401.39762282949516,"sensors":[6,14,3,8,38,5,20],"power":[0.04952279814152815,0.2810225675917236,0.07993114822629858,0.3535811747840266,0.09835048076461461,0.21846749669029245,0.12516729088374262]}
{"id": 15, "drone": 5, "position":(25.0,41.666666666666664,1.0), "time":61.681621142094855,"sensors":[36,37,26,29,17,27,35,2,7,28,15],"power":[0.007423572101708696,0.01678097309937855,0.018489532281897675,0.004025244560539348,0.030104427760974165,0.009461060909074361,0.004269924127191052,0.3453213823206171,0.008858872572879782,0.003984418143237447,0.0066288978578509395]}
{"id": 16, "drone": 5, "position":(16.666666666666668,33.333333333333336,1.0), "time":27.867573056289697,"sensors":[13,23,30,27,35,2,7,11],"power":[0.005368454595007671,0.07365019070228616,0.004381450676107882,0.00967382908136311,0.15587731784436495,0.0029611509521021762,0.002631977644825357,0.0035657580554418924]}
{"id": 17, "drone": 5, "position":(33.333333333333336,8.333333333333334,1.0), "time":319.8407428682659,"sensors":[24,6,32,3,8,0,20],"power":[0.3128861815068551,1.3996569983427025,0.09292513438142926,0.09512729048740802,0.03890340912357776,0.030811596525806843,0.021492546152602706]}
