LP RESULTS :
 Obj = 0.1*lambda1+0.9*lambda2 = 123.43071136050142 (lambda1 = 1216.3071136050141, lambda2 = 2.0) Resol time = 201 ms

{"id": 0, "drone": 3, "position":(41.666666666666664,41.666666666666664,1.0), "time":451.3555599825348,"sensors":[7,3,31,17,20],"power":[0.055315162133159394,0.5669506992537872,0.031422407113238404,0.09651126270865586,0.1447480159756936]}
{"id": 1, "drone": 3, "position":(8.333333333333334,8.333333333333334,1.0), "time":764.9515536224793,"sensors":[18,28,16,22,32,21,27,36,0],"power":[0.15,0.11701399037744833,0.20018658998237615,1.4069798268977343,0.32876990549026885,0.4827257308531079,0.19382600532770974,2.07453556328646,0.1266523483756734]}
{"id": 2, "drone": 0, "position":(25.0,25.0,2.0), "time":388.9821103477085,"sensors":[29,2,19,38,14,23,13,4,25,6],"power":[0.1549673496079812,0.27381717872410427,0.06732830235987446,0.10066983691061945,0.05108716303167465,0.12829860028246665,0.06770009146942034,0.05445593819839978,0.053031669219568124,0.07817326275979827]}
{"id": 3, "drone": 0, "position":(8.333333333333334,25.0,1.0), "time":451.3555599825345,"sensors":[12,30,29,34,21,27,14,23,0],"power":[0.1064797751349335,1.6416902826979531,0.04066762939578193,2.5295984170010692,0.04201943287059097,0.056789281816918454,0.1389556552839284,0.061927844062724995,0.12551672804421476]}
{"id": 4, "drone": 2, "position":(41.666666666666664,16.666666666666668,1.0), "time":161.98688003025052,"sensors":[11,35,8,33,9,24,10,1,6],"power":[0.024141038575311177,0.02552117610921176,0.061774986151759,0.31228496384201043,0.09050432359274546,0.02851344233510152,0.03736318571783422,0.051095408040255544,0.015347214689424314]}
{"id": 5, "drone": 2, "position":(25.0,8.333333333333334,1.0), "time":451.3555599825348,"sensors":[28,37,24],"power":[0.049748018169663434,0.16903480678683955,0.05989357547469172]}
{"id": 6, "drone": 4, "position":(8.333333333333334,33.333333333333336,1.0), "time":375.96944327477115,"sensors":[12,30,29,34,26,14],"power":[0.043520224865066494,0.07914552412806154,0.027115074260132033,0.09354082958269364,0.18089198413936175,0.06983089752279512]}
{"id": 7, "drone": 4, "position":(25.0,41.666666666666664,1.0), "time":557.0992557134207,"sensors":[15,31,2,39,4,25],"power":[0.5956405544373906,0.26841613725825497,0.04556304615194073,0.15,0.18298266664506718,0.17865608194101035]}
{"id": 8, "drone": 5, "position":(41.666666666666664,8.333333333333334,1.0), "time":531.5535023889365,"sensors":[35,8,33,9,24,10],"power":[0.12447882389078825,0.054128321078241254,0.06619435422140653,0.25705202576151526,0.1781043698024192,0.039424770799874054]}
{"id": 9, "drone": 5, "position":(41.666666666666664,25.0,1.0), "time":522.7667311858271,"sensors":[7,11,17,8,33,19,38,9,13,10,1,6],"power":[0.16899684814568244,0.6764850774887857,0.058897761417646514,0.10775895861911212,0.17759545896424733,0.10020711727398342,0.06389867739339967,0.03947413680681027,0.06950666109666917,0.07321204348229174,0.5765310960216811,0.11920210121877173]}
{"id": 10, "drone": 1, "position":(41.666666666666664,33.333333333333336,1.0), "time":77.94055666183783,"sensors":[7,11,3,17,20,19,38,13,1,6],"power":[0.12403541183591647,0.018394499847547936,0.01575921074419123,0.0400876774886862,0.010872111192317761,0.013214769583164105,0.008591367889929794,0.01279324743391049,0.008916836089076586,0.008490321582742252]}
{"id": 11, "drone": 1, "position":(8.333333333333334,41.666666666666664,1.0), "time":840.337670330243,"sensors":[5,26],"power":[0.15,1.1727761182105942]}
