LP RESULTS :
 Obj = 0.1*lambda1+0.9*lambda2 = 112.54339498527708 (lambda1 = 1098.4339498527706, lambda2 = 3.0) Resol time = 29203 ms

{"id": 0, "drone": 4, "position":(41.666666666666664,8.333333333333334,1.0), "time":494.61361279548953,"sensors":[36,24,4,12,23,20,22],"power":[0.07150715879648309,0.8230751519122819,0.2512008135653115,0.105850954237644,0.0312136752642877,0.14999999999999994,0.055737342468652]}
{"id": 1, "drone": 4, "position":(33.333333333333336,8.333333333333334,3.0), "time":94.63557836092218,"sensors":[36,24,33,4,28,12,35,10,22],"power":[0.01785139504309346,0.01128408023341877,0.009160926638216015,0.06908278868119898,0.019734569476502713,0.029628271237595906,0.00950331665560056,0.008314241605042806,0.08421311623995843]}
{"id": 2, "drone": 4, "position":(8.333333333333334,25.0,1.0), "time":109.89981636129494,"sensors":[11,6,32,19,37,8,14],"power":[0.09306711294478441,0.02992899012340181,0.01768745977720956,0.01089067459119217,0.25380699654645306,0.01907850813268538,0.13866313573665012]}
{"id": 3, "drone": 3, "position":(41.666666666666664,25.0,1.0), "time":307.3835293108219,"sensors":[13,9,30,23],"power":[0.04832525017707642,0.7832642367341346,0.1499999999999999,0.36349459701061987]}
{"id": 4, "drone": 3, "position":(16.666666666666668,8.333333333333334,1.0), "time":53.441013999802124,"sensors":[39,32,33,3,5,28,0,35,34,10],"power":[0.010491660045639345,0.003791636726080693,0.02094829542602614,0.012231205154475327,0.03386965714924595,0.010105754795073488,0.043337052336457994,0.015968012899645067,0.03531311186036012,0.013428495271050798]}
{"id": 5, "drone": 3, "position":(16.666666666666668,33.333333333333336,1.0), "time":45.01583987769066,"sensors":[11,31,26,2,1,6,27,32,19,29,37,38,8,18],"power":[0.011569251112083638,0.0048965253223879155,0.004097224169843768,0.0040396430184977145,0.008431824219902809,0.01701252673402319,0.1113188645889851,0.004260589570872528,0.006815817967015239,0.00566737532203881,0.003467606518086143,0.0487987693923741,0.014962943201089153,0.02770310325699625]}
{"id": 6, "drone": 1, "position":(33.333333333333336,33.333333333333336,1.0), "time":9.417995010062514,"sensors":[26,2,1,13,16,9,7,15,18],"power":[0.001634702775705786,0.0011688760169397381,7.973353965465337E-4,0.018304387995261837,0.0014037691329283515,6.738094409719296E-4,7.465766100451112E-4,0.005887842162461965,6.463227680487158E-4]}
{"id": 7, "drone": 1, "position":(41.666666666666664,41.666666666666664,1.0), "time":145.88250746091066,"sensors":[16,17,15],"power":[0.04363255806552502,0.09719942408328118,0.0424256078860629]}
{"id": 8, "drone": 1, "position":(8.333333333333334,8.333333333333334,1.0), "time":535.8081771566101,"sensors":[39,3,5,0,34,25],"power":[5.19995985358134,0.14722624074459448,0.1472942347521853,0.045809466553699316,0.04881163140611284,0.11129928004466144]}
{"id": 9, "drone": 2, "position":(25.0,41.666666666666664,1.0), "time":54.85013321357463,"sensors":[26,2,1,27,16,29,38,15,18],"power":[0.13114998686437376,0.4125613547209821,0.10563255994555648,0.00832892310838127,0.008097633985681002,0.01266666641000536,0.012856476964221548,0.0053361826502153565,0.005242874051566134]}
{"id": 10, "drone": 2, "position":(8.333333333333334,41.666666666666664,1.0), "time":943.5182936137851,"sensors":[31,27,19,29,21,38],"power":[5.726798713783732,0.12650795270099116,0.5143485509934521,0.17025732636585797,0.15,0.08376386578687492]}
{"id": 11, "drone": 5, "position":(16.666666666666668,25.0,5.0), "time":55.04968314772034,"sensors":[11,6,27,32,37,7,38,8,14,18],"power":[0.014186034977475944,0.02443059196575948,0.005151864459216004,0.020184737105624833,0.005342393562439065,0.006709459788603829,0.004580887856529419,0.028017163599885334,0.005299991986570766,0.011833683613058818]}
{"id": 12, "drone": 5, "position":(25.0,25.0,5.0), "time":506.60685815217914,"sensors":[6,32,13,7,8,18],"power":[0.05895980458610959,0.07727130511453084,0.052850882726776495,0.24658334509053248,0.09225725418985131,0.1045740163103301]}
{"id": 13, "drone": 5, "position":(8.333333333333334,16.666666666666668,1.0), "time":301.6861146240409,"sensors":[11,39,6,32,37,5,34,14,25],"power":[0.031177600965655878,0.06144465312249318,0.023207635216666512,0.045950036982361525,0.047225571684827064,0.0849464012790017,0.027070901005557892,0.1258856775241353,0.03870071995533852]}
{"id": 14, "drone": 0, "position":(25.0,8.333333333333334,1.0), "time":207.49864407231746,"sensors":[33,4,5,28,0,12,35,34,10,22],"power":[0.2619885186515467,0.0202988627734795,0.020927130358467463,1.0208905758480147,0.10614318931949536,0.019620799418169507,0.18605591491270965,0.07136924997319692,0.09877319830519511,0.0907407661636378]}
{"id": 15, "drone": 0, "position":(33.333333333333336,41.666666666666664,1.0), "time":275.0255673797071,"sensors":[26,2,1,13,16,17,15],"power":[0.08579755046932452,0.07157357582106072,0.03513828043799415,0.03051947910088524,0.8174293336529164,0.05280057591671882,0.16224009151002713]}
{"id": 16, "drone": 0, "position":(33.333333333333336,8.333333333333334,1.0), "time":301.68611462404084,"sensors":[36,24,33,4,28,0,12,35,10,22],"power":[0.06064144616042346,0.03896694817299471,0.03364655164933643,0.3808058162955154,0.07084168572754898,0.020241673346332076,0.11424845603586233,0.03383740058883161,0.029484064818711287,0.5088798449554656]}
