LP RESULTS :
 Obj = 0.1*lambda1+0.9*lambda2 = 118.9751833951694 (lambda1 = 1162.751833951694, lambda2 = 3.0) Resol time = 36235 ms

{"id": 0, "drone": 1, "position":(25.0,25.0,4.0), "time":250.5866083885112,"sensors":[6,2,33,26,17,19,10],"power":[0.047147204371890225,0.22622206539678136,0.024329568566071574,0.1557472659618918,0.11544734858646238,0.04531824490912486,0.024472313156942618]}
{"id": 1, "drone": 1, "position":(33.333333333333336,41.666666666666664,1.0), "time":556.3974405803311,"sensors":[25,33,29,16,3,28,34],"power":[1.9684765895067804,0.07915977199220973,0.3121869733638172,0.09370416527177156,0.11010920560239,0.045884283185054275,0.1367163599787175]}
{"id": 2, "drone": 1, "position":(16.666666666666668,8.333333333333334,1.0), "time":137.43571036507606,"sensors":[18,23,7,22,0,8,37,24,38],"power":[0.0455479318640502,0.06352071502205345,0.05563837155984065,0.02049887340166237,0.07513148048932124,0.016808848656596515,0.03601063805065291,0.013406419113189082,0.010420031459624854]}
{"id": 3, "drone": 2, "position":(41.666666666666664,25.0,1.0), "time":646.6004197742038,"sensors":[35,6,17,20,19,5,15,10],"power":[0.15,0.11865621161236185,0.04807827512471161,0.1593419201740804,0.1366078024213735,0.8266945893528859,0.32266101880646414,0.23078204376038985]}
{"id": 4, "drone": 2, "position":(41.666666666666664,41.666666666666664,2.0), "time":516.1514141774901,"sensors":[25,29,3,34],"power":[0.06995837801439525,0.04065448759480508,0.08541780411830059,0.5061460218831336]}
{"id": 5, "drone": 4, "position":(25.0,41.666666666666664,1.0), "time":11.22260654700085,"sensors":[25,33,39,29,4,14,16,13,28],"power":[0.0038044746717794463,0.00512920043029631,0.0016878661220299802,0.004578263687219046,0.00137162029324471,9.993219966216184E-4,0.006405489026956592,0.0014674193145905211,0.005930479463396959]}
{"id": 6, "drone": 4, "position":(8.333333333333334,8.333333333333334,1.0), "time":752.697232791714,"sensors":[18,9,23,7,0,8,37,30,21,24,38],"power":[0.22650193598455032,0.10966572812923767,0.21907618337929688,0.07738772460465752,0.05543303000260989,0.9778614538348472,0.10902474636014832,0.08583761914632737,0.15,0.21510180721221772,0.21336745526664913]}
{"id": 7, "drone": 4, "position":(33.333333333333336,8.333333333333334,1.0), "time":272.61889079490356,"sensors":[12,22,0],"power":[0.10009712416592714,0.06572014192018796,0.019435489508068834]}
{"id": 8, "drone": 0, "position":(33.333333333333336,8.333333333333334,4.0), "time":323.3314077237279,"sensors":[12,22],"power":[0.09011587158421125,0.06378098467814965]}
{"id": 9, "drone": 0, "position":(8.333333333333334,33.333333333333336,1.0), "time":313.1045087810562,"sensors":[1,39,31,14,13,32,27,11],"power":[0.28573753583279415,0.05835070430006108,0.15672717400330238,0.09624513028564108,0.07244098619297354,0.024858711933988552,0.038316000948885744,0.17860375918744878]}
{"id": 10, "drone": 0, "position":(8.333333333333334,41.666666666666664,1.0), "time":493.8795401877862,"sensors":[1,36,39,4,31,14,13,32,11],"power":[0.11974376572199451,0.10773075600595963,0.1264656964938974,0.05244375010140016,0.8331598192901442,0.16828814304484496,0.09912302653126873,0.3417863794914846,0.44102780163823097]}
{"id": 11, "drone": 3, "position":(8.333333333333334,25.0,1.0), "time":11.22260654700085,"sensors":[9,1,37,30,27,24,11],"power":[9.075887115892828E-4,0.001436416866887886,0.0011208806721751817,0.0010987563225621291,0.02053829833546035,0.0017945735527187354,7.705172211541143E-4]}
{"id": 12, "drone": 5, "position":(16.666666666666668,41.666666666666664,1.0), "time":344.54517843585074,"sensors":[1,33,36,39,4,31,14,16,13,32,28,11],"power":[0.07740678438810099,0.05450663973024115,0.04226924399404036,0.5801998931279104,0.09618462960535512,0.07642890661857983,0.2038628703489288,0.049890345701271814,0.22330781631100133,0.035696765060138504,0.11396197612694714,0.09237634367681234]}
{"id": 13, "drone": 5, "position":(8.333333333333334,16.666666666666668,1.0), "time":261.39628424790294,"sensors":[9,7,8,37,30,27,24],"power":[0.06524707076329851,0.03462427086627604,0.028428446717514214,0.07625798253218992,0.06306362453111049,0.09114570071565388,1.1251541847175413]}
