LP RESULTS :
 Obj = 0.1*lambda1+0.9*lambda2 = 133.44378461667603 (lambda1 = 1316.43784616676, lambda2 = 2.0) Resol time = 41118 ms

{"id": 0, "drone": 0, "position":(25.0,41.666666666666664,3.0), "time":598.7400640115804,"sensors":[7,2,36,3,16,12,26,13,34,14],"power":[0.05447666972671588,0.17791246341202133,0.05256235124140275,0.07595331715134808,0.06797236741793104,0.08459994892227767,0.06368234000129093,0.07416684769099328,0.2562355744482324,0.09662043030989695]}
{"id": 1, "drone": 0, "position":(41.666666666666664,41.666666666666664,1.0), "time":638.0882515850648,"sensors":[17,12,5,15,18,13,33,1],"power":[1.1952474280290517,0.12043768483136778,0.20746599305921956,0.10057007451215236,1.356355666420501,0.1857191592997817,0.3866491614073124,0.15]}
{"id": 2, "drone": 2, "position":(16.666666666666668,41.666666666666664,1.0), "time":183.89451291232965,"sensors":[7,22,2,6,36,3,20,0,19,26,9,32,34,25,14],"power":[0.09688023514653647,0.04853643884188034,0.46443609049713563,0.09177944993207589,0.17141771243185952,0.3720131591408244,0.013944415405550265,0.014369469552504283,0.02950650766775811,0.04184594022482325,0.04430518353211863,0.019967971923683783,0.21226105926391475,0.019434067882859115,0.011895562002372165]}
{"id": 3, "drone": 2, "position":(8.333333333333334,16.666666666666668,2.0), "time":647.9057681053166,"sensors":[39,28,27,4],"power":[0.04498827570366328,0.06288354977588631,0.09708726911521293,0.15]}
{"id": 4, "drone": 3, "position":(25.0,33.333333333333336,1.0), "time":27.123569515646516,"sensors":[29,2,39,38,3,16,28,12,19,15,9,34,14],"power":[0.007341992359268684,0.0029448999500320274,0.0022559423676137705,0.0029340122643275695,0.002473573186406716,0.0534987857747946,0.002233876707539943,0.004401127325971067,0.005134985230551955,0.0033262479296375515,0.0017787866572904038,0.005602175017294617,0.12754060859693933]}
{"id": 5, "drone": 3, "position":(41.666666666666664,16.666666666666668,1.0), "time":1060.2811205655157,"sensors":[35,21,24,31,11],"power":[0.2524467568678446,0.15,0.8180794908546885,0.3074288345991382,0.783800204945188]}
{"id": 6, "drone": 1, "position":(33.333333333333336,33.333333333333336,1.0), "time":52.48596105446825,"sensors":[29,16,12,5,15,18,13,14],"power":[0.008978281497273671,0.015325448603825384,0.04927985064928282,0.003842684866202742,0.13328241296686788,0.007168616208807231,0.006564412494830543,0.01508601018157576]}
{"id": 7, "drone": 1, "position":(8.333333333333334,25.0,1.0), "time":560.6692318389447,"sensors":[39,10,28,19,9,27],"power":[0.21300417640169605,0.15,0.17808768807598865,0.07523303802293924,0.06466677095880473,0.1076575736666497]}
{"id": 8, "drone": 4, "position":(25.0,16.666666666666668,1.0), "time":218.0858934286084,"sensors":[29,38,23,30,31],"power":[0.03330813519908151,0.11332199817152576,0.014675612514984544,0.05482414762197179,0.029414481105478434]}
{"id": 9, "drone": 4, "position":(8.333333333333334,41.666666666666664,1.0), "time":506.6796997272033,"sensors":[7,22,2,6,36,3,20,0,19,26,9,37,32,34,25],"power":[0.13128946387574508,0.19150650396807842,0.0655123794558609,0.34252160670740195,0.21246700389960008,0.1555391432658334,0.3053088557946231,0.4130871565763566,0.04255235430822457,0.04447171977388587,0.14833751886072147,0.15,0.7562195903659781,0.047530607230873705,0.6128871263277239]}
{"id": 10, "drone": 5, "position":(25.0,8.333333333333334,1.0), "time":1071.3736811959989,"sensors":[23,30,8],"power":[0.37044978822798574,0.6437375587514174,0.15]}
{"id": 11, "drone": 5, "position":(25.0,25.0,1.0), "time":38.070832172635875,"sensors":[29,39,38,16,28,31,19,14],"power":[0.10037159094437627,0.003210158044707046,0.05950705942665348,0.013203398203449073,0.00523555047312952,0.003854828799935792,0.004054725549065764,0.009550984721082663]}
