LP RESULTS :
 Obj = 0.1*lambda1+0.9*lambda2 = 133.0285901904079 (lambda1 = 1303.285901904079, lambda2 = 3.0) Resol time = 517061 ms

{"id": 0, "drone": 2, "position":(41.666666666666664,41.666666666666664,1.0), "time":114.71031546371515,"sensors":[2,27,19,29,15,31,18,36,32,7,39],"power":[0.4943263294945805,0.02914076384643254,0.014132314815348419,0.017464416566190244,0.012113950447041758,0.13901941375062885,0.012765921290625516,0.008256650054838928,0.01055349018036628,0.0123020672332098,0.008561289330664003]}
{"id": 1, "drone": 2, "position":(33.333333333333336,25.0,3.0), "time":324.1865388548934,"sensors":[17,19,23,10,37,14,6,34,11,38,36,28,35,7,24,39],"power":[0.1488022062842893,0.06042653146843218,0.0671357361436945,0.040725883989634275,0.09654907915871858,0.08780396796616709,0.049980719481286774,0.11096421156412725,0.05348784951342261,0.05465864875580192,0.05652156113104452,0.49523996609990506,0.15439085207709027,0.0717781795567895,0.03949590209984069,0.10719013159470704]}
{"id": 2, "drone": 2, "position":(8.333333333333334,33.333333333333336,4.0), "time":864.3890475854706,"sensors":[22,3],"power":[0.22184285263640105,0.09742777519374998]}
{"id": 3, "drone": 3, "position":(33.333333333333336,41.666666666666664,1.0), "time":272.95493701001175,"sensors":[9,33,2,27,19,29,15,37,6,31,18,36,32,7,16,39],"power":[0.033551348980492515,0.05125382857693132,0.06678645515619427,0.0295322604092444,0.06107520671579129,0.060098348830714875,0.4210014032067365,0.025577301791774008,0.03302286887478194,0.14616483740424654,0.3590984109670664,0.061264428925956245,0.23986703906330117,0.0489785584418733,0.017604204548534133,0.02807396104837116]}
{"id": 4, "drone": 3, "position":(16.666666666666668,41.666666666666664,1.0), "time":3.0126208176166074,"sensors":[9,21,0,16],"power":[4.839371065013764E-4,5.538593825627349E-4,2.3850492999186792E-4,0.0033162350136369764]}
{"id": 5, "drone": 3, "position":(41.666666666666664,41.666666666666664,4.0), "time":324.18653885489334,"sensors":[2,27,19,29,15,31,18,32,7,39],"power":[0.2800590510611761,0.06643078970981948,0.03345399213955068,0.04045483146233795,0.029357305235939494,0.16617165555737037,0.03027322656417535,0.02617580674159842,0.028317339789201142,0.021625958733085284]}
{"id": 6, "drone": 5, "position":(33.333333333333336,16.666666666666668,1.0), "time":11.946741777992628,"sensors":[17,26,20,23,5,10,14,4,34,11,38,13,28,35,24],"power":[0.0021659008270085976,0.0021574047242163682,0.0012777838282344437,0.0010721077867669728,0.003016560901837904,0.004882027909708461,0.001126850339457412,0.0038115505286228837,0.02796000336370888,0.005472992645668471,0.002845980449950542,0.002760509283527319,0.0035579404246437853,0.003302388334646082,0.002809259359813736]}
{"id": 7, "drone": 5, "position":(41.666666666666664,8.333333333333334,1.0), "time":1257.9199901404488,"sensors":[26,20,25,5,4,12],"power":[0.2656567396312369,0.16024942796483177,1.3571996938741526,0.2928932136221188,0.15999174967618648,0.15000000000000002]}
{"id": 8, "drone": 5, "position":(41.666666666666664,25.0,2.0), "time":30.59529702893997,"sensors":[17,19,23,37,14,34,28,35,7,39],"power":[0.0020612129103312446,0.0035964798667641675,0.11822814417485912,0.002200137502744129,0.061069181694375474,0.004030944322112204,0.005314479347431403,0.002308662609473578,0.004101001581422841,0.006969715557631459]}
{"id": 9, "drone": 4, "position":(16.666666666666668,25.0,1.0), "time":114.71031546371515,"sensors":[22,17,6,11,38,35,3,24],"power":[0.008249188562345,0.010706219089974326,0.00763700094041939,0.007336348158597125,0.014273426625902594,0.008271359836538773,0.2070626475867521,0.013241299904817492]}
{"id": 10, "drone": 4, "position":(16.666666666666668,8.333333333333334,1.0), "time":580.1533816615331,"sensors":[8,1,13,24],"power":[0.09300651145020118,0.22915646872582018,0.0726562176401672,0.03865063688080145]}
{"id": 11, "drone": 4, "position":(25.0,16.666666666666668,1.0), "time":33.41916998565205,"sensors":[17,26,20,5,10,4,34,11,38,13,28,35,24],"power":[0.006796233931261588,0.0028323218941601895,0.0024164286966526943,0.0033833062970396004,0.08185927532565014,0.006456067857870743,0.007044840750054708,0.056421328829372216,0.05137537873953668,0.07508883854576064,0.004617849024859117,0.00894325876446129,0.15462936352477213]}
{"id": 12, "drone": 1, "position":(8.333333333333334,41.666666666666664,1.0), "time":672.5365081926175,"sensors":[21,0,16],"power":[0.14944614061743727,0.3216034951995254,0.06396126684905985]}
{"id": 13, "drone": 1, "position":(25.0,41.666666666666664,5.0), "time":354.78183588383325,"sensors":[9,33,15,37,6,18,36,32,16],"power":[0.08814936982597402,0.05607197496322116,0.09460677715206442,0.023401127797918607,0.04360506069544592,0.0857669742779478,0.03767595977703601,0.09373268991594648,0.09644920126682295]}
{"id": 14, "drone": 1, "position":(16.666666666666668,16.666666666666668,1.0), "time":238.86975416030754,"sensors":[10,11,1,38,13,3,24],"power":[0.03037754677584917,0.027281480852963457,0.015306008794072734,0.03652763152363289,0.04150989169301324,0.05372925581574579,0.04457064665005944]}
{"id": 15, "drone": 0, "position":(33.333333333333336,41.666666666666664,2.0), "time":236.65227469162556,"sensors":[9,33,2,27,19,29,15,37,6,31,18,36,32,7,39],"power":[0.02781534408703208,0.0426741964598475,0.05555771897165364,0.02489618603450362,0.04854740347160194,0.049913228423701834,0.2877603274510225,0.02112901467665935,0.02728518369656403,0.10939562511825066,0.24411527442212025,0.050861241324620325,0.1728993899592391,0.04154083085021641,0.024289429129467417]}
{"id": 16, "drone": 0, "position":(16.666666666666668,8.333333333333334,4.0), "time":438.896854318608,"sensors":[8,1,13],"power":[0.05699348854979881,0.12443897551644194,0.04561444820282491]}
{"id": 17, "drone": 0, "position":(8.333333333333334,8.333333333333334,4.0), "time":552.1418802652693,"sensors":[30],"power":[0.15]}
