LP RESULTS :
 Obj = 0.1*lambda1+0.9*lambda2 = 130.19646910035956 (lambda1 = 1283.9646910035954, lambda2 = 2.0) Resol time = 252 ms

{"id": 0, "drone": 0, "position":(8.333333333333334,8.333333333333334,5.0), "time":952.8322486288469,"sensors":[8,24,1,11,5,29,28],"power":[0.15000000000000002,0.16085743633878913,0.2562676312538449,0.1725019363678756,0.16491031931764444,0.19410069526844612,0.1981045143031086]}
{"id": 1, "drone": 4, "position":(25.0,8.333333333333334,4.0), "time":541.9035500430895,"sensors":[3,9,18,7,27,10,12,20],"power":[0.29438888231010746,0.14686277584612445,0.037391168696853244,0.05854911682584996,0.2929629320504478,0.2466594159669238,0.04356051341388018,0.1558885527811568]}
{"id": 2, "drone": 4, "position":(25.0,41.666666666666664,1.0), "time":616.5490858503424,"sensors":[23,32,16,13,38,21,14,15,17],"power":[0.16448959925386242,0.150637832655073,0.17367667403239034,0.2347637726171314,0.11897247421237102,0.14999999999999997,0.12164732687771712,0.5656703678228647,0.2753588121332408]}
{"id": 3, "drone": 3, "position":(16.666666666666668,16.666666666666668,1.0), "time":34.46518089912189,"sensors":[3,2,18,7,1,5,29,12,20],"power":[0.006794726385862135,0.0038874782027235356,0.07862551075372656,0.003359221100253955,0.002568865019537784,0.0036805274284707435,0.002659696827971072,0.006297545244581506,0.00998205965682724]}
{"id": 4, "drone": 3, "position":(41.666666666666664,25.0,1.0), "time":501.58871550216065,"sensors":[25,6,36,26],"power":[0.13450649979332155,0.6068543446756957,1.6301381122556418,0.14802855948774868]}
{"id": 5, "drone": 2, "position":(8.333333333333334,25.0,1.0), "time":81.82554933903572,"sensors":[2,18,1,19,5,29],"power":[0.14611252179727646,0.008430833875925277,0.005917033633342917,0.006535334930254459,0.012602788168869531,0.008057742369830716]}
{"id": 6, "drone": 2, "position":(41.666666666666664,41.666666666666664,1.0), "time":667.4156051532531,"sensors":[23,25,22,13,30,34,35],"power":[0.09685856629697054,0.06159752458249765,0.1749872952413623,0.08066506907242664,1.360037497150276,0.15,2.2265290309538392]}
{"id": 7, "drone": 5, "position":(25.0,16.666666666666668,2.0), "time":97.030562138134,"sensors":[3,18,7,27,10,12,20],"power":[0.044376058117863625,0.02555248667349492,0.09061906319302385,0.012479362136288837,0.015301421632889637,0.10014194134153831,0.1110162275526133]}
{"id": 8, "drone": 5, "position":(8.333333333333334,41.666666666666664,1.0), "time":560.7203509672174,"sensors":[16,38,19,14,15,0],"power":[0.09804374425953694,0.13663490167990439,0.14346466506974553,0.10392216176990242,0.041937331420526046,0.16672204867105014]}
{"id": 9, "drone": 1, "position":(33.333333333333336,8.333333333333334,1.0), "time":7.223007555723356,"sensors":[4,3,33,9,31,7,27,10,39,26,20],"power":[0.0017728293025766559,0.001026889779001693,7.225294621744554E-4,0.0031372241538755626,0.0020164710480100323,7.77497134001617E-4,0.0032631737235890496,0.005623154548848419,0.0016400823104619187,5.219334232858763E-4,7.222694922263609E-4]}
{"id": 10, "drone": 1, "position":(41.666666666666664,8.333333333333334,5.0), "time":775.1529679457113,"sensors":[4,33,31,37,39,26],"power":[0.21612305499783765,0.3026708365166245,0.14798352895198993,0.15,0.258700914631311,0.09635914213078331]}
