LP RESULTS :
 Obj = 0.1*lambda1+0.9*lambda2 = 139.0515923868908 (lambda1 = 1363.515923868908, lambda2 = 3.0) Resol time = 3128 ms

{"id": 0, "drone": 1, "position":(33.333333333333336,25.0,1.0), "time":128.60161795190285,"sensors":[18,4,26,32,3,6,30,29,16],"power":[0.03643673179512901,0.05360120954701137,0.020127593392328946,0.1109159429062832,0.008379922561691388,0.017699827477726353,0.41969635660690585,0.025275908630358314,0.03187520932346913]}
{"id": 1, "drone": 1, "position":(41.666666666666664,33.333333333333336,1.0), "time":947.4541617515841,"sensors":[9,2,26,20,19,22,15,30,29,1],"power":[0.14531529957423475,0.08477306555869618,0.07570052225400657,0.17373661187874181,0.19631963446472747,0.12117859647951057,0.40835601347717865,0.141429939283339,0.10444435472357297,0.2384292357849883]}
{"id": 2, "drone": 1, "position":(33.333333333333336,16.666666666666668,1.0), "time":43.64276820365457,"sensors":[18,17,4,32,3,6,35,30,16],"power":[0.057649047068882006,0.005064031213303533,0.038029534832030566,0.013067887272415028,0.018689932822680524,0.02517144529218147,0.0033097494809418283,0.005941809664279828,0.07938829531170054]}
{"id": 3, "drone": 2, "position":(8.333333333333334,16.666666666666668,1.0), "time":105.47098766765953,"sensors":[7,28,10,14,12,11,23,21],"power":[0.014524921597283403,0.02032537779800754,0.02593099292287872,0.0762027469557285,0.04704508658991111,0.016622436961130672,0.029077569040416335,0.02407182696324799]}
{"id": 4, "drone": 2, "position":(25.0,41.666666666666664,1.0), "time":150.42560380025202,"sensors":[26,5,8,29,13,25],"power":[0.028641200231190336,0.012314448618358518,0.012801762482935956,0.022294619472108864,0.03152990891085222,0.15850027793298538]}
{"id": 5, "drone": 2, "position":(25.0,16.666666666666668,1.0), "time":32.76477732485868,"sensors":[7,18,4,14,32,3,6,16],"power":[0.004914453264038211,0.0035100201187132467,0.0033790902921867656,0.003057149808466541,0.008184650137249044,0.010976317599645617,0.04511758111193097,0.014380476520086548]}
{"id": 6, "drone": 4, "position":(8.333333333333334,33.333333333333336,1.0), "time":868.2975765720336,"sensors":[34,37,28,5,39,8,21],"power":[1.00875709019471,0.06261935169266451,0.1903616229534513,0.24044024446456916,3.970523175466359,0.1018820412168496,0.12424488175144759]}
{"id": 7, "drone": 4, "position":(8.333333333333334,25.0,1.0), "time":1.6199990697413398,"sensors":[34,28,10,14,12,5,39,21],"power":[1.7057877339209126E-4,0.005275822957767277,1.7501273939213042E-4,2.747210065855745E-4,2.4461511797809165E-4,1.8001770210447632E-4,5.074378169696119E-4,0.0016832912853044317]}
{"id": 8, "drone": 4, "position":(41.666666666666664,16.666666666666668,1.0), "time":159.36683866446853,"sensors":[18,17,36,4,0,32,3,22,6,35,30,16],"power":[0.07123002322583809,0.04696127344922408,0.060682755703299805,0.05237674914030039,0.0493698584574131,0.010312537523341455,0.011828309632285485,0.011290323497219899,0.010751772797825222,0.06018432254956168,0.012097500344281042,0.018413190342127746]}
{"id": 9, "drone": 0, "position":(8.333333333333334,8.333333333333334,1.0), "time":1223.6601598066484,"sensors":[7,10,24,14,12,11,23,31],"power":[0.23145439237418783,0.12389399433772914,0.15,0.20134219597746583,0.17742577643377702,6.245203764486376,0.38271798676333835,0.3720704855210638]}
{"id": 10, "drone": 0, "position":(33.333333333333336,41.666666666666664,1.0), "time":133.58258802048238,"sensors":[26,19,29,1,13,25],"power":[0.02553068412247439,0.011463332766649162,0.026105412882378894,0.02871466954987749,0.08354376127336247,0.054951713302338695]}
{"id": 11, "drone": 3, "position":(33.333333333333336,8.333333333333334,1.0), "time":281.0374721158564,"sensors":[38,18,17,4,0,3,6,35,16],"power":[0.1071709463167889,0.036476547070041145,0.05575231230794739,0.027340336415012774,0.019181302502995237,0.14525459730588405,0.05091131072870645,0.025609204731823813,0.046245708654992744]}
{"id": 12, "drone": 3, "position":(8.333333333333334,41.666666666666664,1.0), "time":343.1727444268811,"sensors":[34,37,5,39,27,8],"power":[0.130323863919704,0.10371869174311951,0.04186020830937727,0.05190504825355057,0.15,0.22362502524276298]}
{"id": 13, "drone": 3, "position":(25.0,8.333333333333334,1.0), "time":1.619999069741425,"sensors":[7,38,3,6,16],"power":[3.300659511501181E-4,5.69973567427072E-4,5.987024989304991E-4,3.48062591629591E-4,1.8904575026188177E-4]}
{"id": 14, "drone": 5, "position":(41.666666666666664,25.0,1.0), "time":84.45053729729764,"sensors":[18,36,4,20,32,22,15,30,16],"power":[0.017804802062012005,0.013459277461853113,0.021290174299944634,0.01839189089754447,0.007518982160711241,0.017531080023269502,0.01849364132529445,0.02021890911554343,0.005743943369001837]}
{"id": 15, "drone": 5, "position":(41.666666666666664,41.666666666666664,1.0), "time":282.4791740968415,"sensors":[9,2,19,15,1,13],"power":[0.06994547776072414,0.06522693444130381,0.27099134745953374,0.027466778833874637,2.791364053038074,0.03514493875028731]}
{"id": 16, "drone": 5, "position":(41.666666666666664,8.333333333333334,1.0), "time":633.6519123108693,"sensors":[38,18,17,36,4,0,3,35,33],"power":[0.04225908011578397,0.06693381431712313,3.2786157714014816,0.07585796683484712,0.04612413276005222,0.2860353900281451,0.05028510329976277,0.5038962851806402,0.15000000000000005]}
