LP RESULTS :
 Obj = 0.1*lambda1+0.9*lambda2 = 156.6173291377525 (lambda1 = 1548.173291377525, lambda2 = 2.0) Resol time = 236 ms

{"id": 0, "drone": 5, "position":(8.333333333333334,41.666666666666664,1.0), "time":846.9858263608216,"sensors":[4,35,1,23,38,3,18,19,13,14,27],"power":[0.1868856379593057,0.30380206379792174,0.5732955127653986,0.08465657839620684,0.07329772148552718,0.15581630328587914,0.056332760236930686,0.231728460512287,0.06754196173452395,0.272915426616154,0.0812291935538748]}
{"id": 1, "drone": 5, "position":(8.333333333333334,25.0,1.0), "time":113.39551985928637,"sensors":[2,1,22,23,24,38,19,13,39],"power":[0.04463081408556065,0.009429478967874787,0.04872447401980859,0.0325578842634908,0.01927663091577265,0.0787328143117302,0.011825208697851692,0.04520721184732517,0.010155880632495996]}
{"id": 2, "drone": 2, "position":(41.666666666666664,25.0,2.0), "time":430.848084542391,"sensors":[30,12,34,7,9,28],"power":[0.4171842642573761,1.4705263052737403,0.02993925032903527,0.10115271801649259,0.06630870762632288,0.06645212735414663]}
{"id": 3, "drone": 2, "position":(16.666666666666668,8.333333333333334,1.0), "time":575.6769541369449,"sensors":[32,17,2,16,0,39,6,26],"power":[0.09101773166468101,0.16815672909986853,0.04214659696062389,4.754296053997529,0.17292798002918744,0.09313148646289234,0.12962811350479583,0.1283075091377933]}
{"id": 4, "drone": 0, "position":(8.333333333333334,33.333333333333336,1.0), "time":587.7919451574169,"sensors":[35,1,23,24,38,19,13,14],"power":[0.13874193858861067,0.5343491165436672,0.39138966879683657,0.05202951038959795,0.5774029332230174,0.3702585468379732,0.3225659465050865,0.09913960580645885]}
{"id": 5, "drone": 0, "position":(25.0,8.333333333333334,1.0), "time":113.39551985928631,"sensors":[32,17,16,15,0,39,6,29],"power":[0.02923912847986502,0.18558839692491225,0.020629594306419974,0.012797868267154107,0.02154124490206121,0.011282734968754564,0.020371886495204182,0.04055650114626671]}
{"id": 6, "drone": 1, "position":(33.333333333333336,41.666666666666664,1.0), "time":21.28020775695711,"sensors":[5,31,11,33,25,20,27],"power":[0.0015272029609375323,0.006558303392109179,0.004476227773044088,0.003290181845206181,0.0069179550541456575,0.005986923916767569,0.0013910426482804249]}
{"id": 7, "drone": 1, "position":(41.666666666666664,8.333333333333334,1.0), "time":849.4415206009563,"sensors":[15,36,37,21,29],"power":[0.28597942305675783,0.24941566297833018,0.15,0.376947078981938,0.11049277912368347]}
{"id": 8, "drone": 3, "position":(25.0,41.666666666666664,1.0), "time":679.9072572597462,"sensors":[5,31,11,33,18,25,20,27],"power":[0.20420136244721487,0.068651507337689,0.1090631462545772,1.7271160290843517,0.09366723976306932,0.14755136885657572,0.09907975390380082,0.3938793178694876]}
{"id": 9, "drone": 3, "position":(41.666666666666664,41.666666666666664,1.0), "time":514.3796387703028,"sensors":[31,34,25,20],"power":[0.07479018927020183,0.12006074967096474,0.04203295208322449,0.04956149185220458]}
{"id": 10, "drone": 4, "position":(25.0,25.0,1.0), "time":332.60618759051886,"sensors":[30,32,5,11,24,7,10,9,28,25,39],"power":[0.024401064186614724,0.05410444557165508,0.04202583175005466,0.04739547068761113,0.09279187326083005,0.0488472819835075,0.6034681600974545,0.09373220155209201,0.09622106906655482,0.02963944048894632,0.05040368291864874]}
{"id": 11, "drone": 4, "position":(8.333333333333334,8.333333333333334,1.0), "time":859.1008173812937,"sensors":[2,16,22,8,0,26],"power":[0.09709938048634142,0.21749842289245555,0.10127552598019139,0.15,0.07112000344844717,0.5718456833125117]}
