LP RESULTS :
 Obj = 0.1*lambda1+0.9*lambda2 = 139.5611883721896 (lambda1 = 1368.6118837218962, lambda2 = 3.0) Resol time = 102526 ms

{"id": 0, "drone": 1, "position":(16.666666666666668,25.0,1.0), "time":259.6359345807109,"sensors":[28,0,39,27,31,5,30,6,21,36,2,15],"power":[0.020919119623659166,0.048277377507717045,0.058798830112110144,0.5174657212161499,0.0757279251706755,0.016964794758946945,0.02901232328263389,0.056841356567871155,0.02204915364210286,0.031712124898102705,0.3506540942811809,0.04910014025681589]}
{"id": 1, "drone": 1, "position":(8.333333333333334,41.666666666666664,1.0), "time":283.06557962720007,"sensors":[28,39,4,11,21,24,23],"power":[0.0652339640506826,0.022123984404126766,1.160145374322113,0.08331599302675693,0.023209934899257833,0.06286260142429521,0.1917355246168514]}
{"id": 2, "drone": 1, "position":(33.333333333333336,33.333333333333336,1.0), "time":3.2622394637338257,"sensors":[16,31,13,10,12,17,26],"power":[3.262407415428093E-4,2.078713706875786E-4,0.01769846129065829,0.002212829037904928,7.66753927650219E-4,5.016342684098709E-4,0.016007431805223352]}
{"id": 3, "drone": 0, "position":(8.333333333333334,25.0,1.0), "time":320.389669829332,"sensors":[39,27,5,30,6,21,36,2],"power":[0.027683859224353548,0.12355817380033915,0.13303520524105306,0.1546605037800894,0.052166976780997396,0.14966358607588892,0.1261691248564524,0.15478190353039326]}
{"id": 4, "drone": 0, "position":(25.0,41.666666666666664,1.0), "time":41.039436006534075,"sensors":[28,39,8,13,17,23,26],"power":[0.005096534591187216,0.004359045008891854,0.0037486216866422645,0.0032217924019296807,0.04870805721559887,0.003566157391467477,0.004020748154448337]}
{"id": 5, "drone": 0, "position":(41.666666666666664,41.666666666666664,1.0), "time":895.6983995250571,"sensors":[20,22,8,16,13,1,12,29,25,17,26],"power":[0.4415638110460336,1.4346062392082422,0.19011301728967114,0.34996147627879726,0.10961276701016939,0.05789249402661315,0.21871332265566418,0.15,0.24367192778026184,0.0618047090492176,0.05836877655920405]}
{"id": 6, "drone": 5, "position":(8.333333333333334,8.333333333333334,1.0), "time":743.1628271816678,"sensors":[33,30,6,7,36],"power":[1.442041751504865,0.07425308381339568,0.09846942413962695,0.23174929576131195,0.08883450745813908]}
{"id": 7, "drone": 5, "position":(33.333333333333336,25.0,1.0), "time":15.823967279274555,"sensors":[31,13,10,12,32,38,26],"power":[0.002440820428496638,0.0032327175259599366,0.018751103312362336,0.0014660347880261157,0.0022077692792835534,0.002506226085784749,0.004045250483930572]}
{"id": 8, "drone": 5, "position":(8.333333333333334,41.666666666666664,5.0), "time":320.389669829332,"sensors":[28,4,11,21,24,23],"power":[0.05372903361134158,0.1687190620545677,0.06570460349811387,0.02059552762474472,0.05338130747048894,0.09904561999341366]}
{"id": 9, "drone": 2, "position":(41.666666666666664,16.666666666666668,1.0), "time":544.9113413702845,"sensors":[3,35,14,18,34,32,9,38],"power":[0.10043938623525703,0.1254405150617723,0.16204671922123126,0.06838654369554781,1.5700056145645775,0.950941696964482,0.04882809366858395,0.3020550618080959]}
{"id": 10, "drone": 2, "position":(41.666666666666664,33.333333333333336,1.0), "time":412.7878414472967,"sensors":[3,20,22,16,13,10,1,12,25,26],"power":[0.049560613764742946,0.03883789394030447,0.05344973324275473,0.3621701658317115,0.11912205325327341,0.06161116563782853,0.09210750597338685,4.127878414472967,0.187805816770151,0.0675577929971937]}
{"id": 11, "drone": 2, "position":(16.666666666666668,33.333333333333336,2.0), "time":35.86945495154794,"sensors":[28,39,27,4,31,21,2,23],"power":[0.025452868639764693,0.12981486586992141,0.00916315882860393,0.005022260366385056,0.003588917483685685,0.00320957317940491,0.008935258668904775,0.0077583560212407905]}
{"id": 12, "drone": 4, "position":(16.666666666666668,41.666666666666664,1.0), "time":428.6118087265712,"sensors":[28,39,4,11,24,17,23],"power":[0.31916936519535644,0.08698922357478217,0.11325444933466085,0.10856007008643608,0.03375609110521583,0.038985599466773664,0.4360292485513597]}
{"id": 13, "drone": 4, "position":(25.0,8.333333333333334,4.0), "time":308.635829801761,"sensors":[0,19,7,37,15],"power":[0.04145331997801849,0.13641735899226756,0.03429915414255065,0.2407116643269373,0.04138632542205813]}
{"id": 14, "drone": 4, "position":(25.0,8.333333333333334,1.0), "time":15.823967279274484,"sensors":[0,19,7,37,9,15],"power":[0.002528753234922764,0.013582641007732443,0.0021604139363695725,0.04920020966474322,0.001110232427886,0.002530837743372903]}
{"id": 15, "drone": 3, "position":(33.333333333333336,16.666666666666668,2.0), "time":739.0926999299645,"sensors":[35,0,31,10,34,32,37,9,38,15],"power":[0.08593516019975253,0.04664079444782693,0.06138691229219456,0.06742490201190421,0.09756555649233777,0.3262085105889931,0.09771304874347048,0.06271026673771665,0.7981322274139916,0.056710310878720444]}
{"id": 16, "drone": 3, "position":(16.666666666666668,16.666666666666668,1.0), "time":45.423452130185524,"sensors":[0,27,31,33,30,6,7,37,36,2,15],"power":[0.06323142300059434,0.0069531937837580835,0.006647553254260088,0.008482701905806331,0.0060767732731257865,0.09285660926227153,0.014391221143598254,0.003067028868397963,0.007782279708626043,0.006249755861922635,0.045212119163911935]}
{"id": 17, "drone": 3, "position":(41.666666666666664,8.333333333333334,1.0), "time":68.78387514237266,"sensors":[35,14,18,34,32,9,38],"power":[0.5996976560578686,0.006666511237235918,0.08161345630445219,0.018446069381697877,0.014556314419877165,0.04115325468811401,0.012598796848404023]}
