LP RESULTS :
 Obj = 0.1*lambda1+0.9*lambda2 = 143.8313544808954 (lambda1 = 1420.313544808954, lambda2 = 2.0) Resol time = 266 ms

{"id": 0, "drone": 2, "position":(8.333333333333334,41.666666666666664,1.0), "time":743.1120859192159,"sensors":[13,11,7,10,8,14,26,33,27],"power":[0.2843178251082894,0.08257818834577803,0.2020835206694353,0.7278983991245571,0.16617978421081053,0.16838207348035705,0.17232719829381887,0.1545994706334603,0.1288329587893681]}
{"id": 1, "drone": 2, "position":(16.666666666666668,25.0,1.0), "time":42.220431241831974,"sensors":[36,11,22,9,38,26,28,35,21,34,12,27],"power":[0.010179196519337083,0.009303121262907846,0.0036267847597147834,0.0034387202431512723,0.022915411241709916,0.0038745677233168944,0.014422028635996531,0.009954118885585615,0.08464887293972963,0.007015117900064765,0.0036350091411261193,0.007355463065544511]}
{"id": 2, "drone": 3, "position":(41.666666666666664,33.333333333333336,1.0), "time":13.903922078555494,"sensors":[37,23,18,3,30,4],"power":[0.002277500354670074,0.0089406894706624,0.0310466857818346,0.002049908530471801,0.002001934411193033,8.973035425779247E-4]}
{"id": 3, "drone": 3, "position":(16.666666666666668,16.666666666666668,1.0), "time":446.37965059044063,"sensors":[36,22,9,38,28,35,21,6,17],"power":[0.04309647283089101,0.22087849944471674,0.07458358338465187,0.21622417269589103,0.08592514856102487,2.8290674254770987,0.06535112706027034,0.03162475131587345,0.15506173097984535]}
{"id": 4, "drone": 5, "position":(16.666666666666668,41.666666666666664,1.0), "time":634.9810276479062,"sensors":[13,11,7,24,10,8,26,34,27],"power":[0.14979921080435113,0.13474366560005993,3.340359512719795,0.20444226241764307,0.18478569874633652,0.06306742559970518,0.337074318970933,0.14298488209993523,0.10380194843426867]}
{"id": 5, "drone": 5, "position":(25.0,8.333333333333334,1.0), "time":26.740268362157043,"sensors":[22,9,16,1,35,6,17],"power":[0.009184798311449626,0.005026155833937373,0.002972706811813972,0.004995672423296751,0.002103652438011731,0.11837524868412654,0.01002282399439549]}
{"id": 6, "drone": 0, "position":(41.666666666666664,8.333333333333334,1.0), "time":660.1148050280461,"sensors":[31,15,4,20,25,1],"power":[0.15537774487398642,0.1982971441953637,0.06244721482740843,0.13376591313249275,0.1472894066416226,0.16333844979226866]}
{"id": 7, "drone": 0, "position":(33.333333333333336,25.0,4.0), "time":731.2215931470895,"sensors":[36,9,3,30,2,15,16,4,28,12],"power":[0.11845455751361114,0.08005708643705323,0.34216639073968574,0.17401396563391422,0.34647443079724255,0.06033847061338959,0.15297363020079094,0.07022735908216861,0.07715913951538993,0.2898359889313832]}
{"id": 8, "drone": 1, "position":(41.666666666666664,16.666666666666668,1.0), "time":15.073224555262826,"sensors":[3,30,2,15,16,4,20,25,1],"power":[0.002836556494423872,0.004639130719465156,0.001099826858890495,0.018569941207710675,0.0016809554507416404,0.016428122547845047,0.01623408686750724,0.0044843580454098425,0.0013948094834125538]}
{"id": 9, "drone": 1, "position":(8.333333333333334,8.333333333333334,1.0), "time":904.973194614524,"sensors":[32,39,19,35,17],"power":[0.15,0.3013133264253657,1.1127946807373559,0.09501130306885516,0.09470496335628703]}
{"id": 10, "drone": 4, "position":(41.666666666666664,41.666666666666664,1.0), "time":1049.4951313066967,"sensors":[37,23,5,18,29,0],"power":[0.2185840592663694,0.1410593105293376,0.15,0.417894670027791,0.06992271559710678,0.2793182146527539]}
{"id": 11, "drone": 4, "position":(33.333333333333336,41.666666666666664,1.0), "time":356.91449142370186,"sensors":[37,18,24,29,0],"power":[0.6513380020771615,0.06018621943950133,0.04915103572862675,0.0800772844028932,0.04511770103137814]}
