LP RESULTS :
 Obj = 0.1*lambda1+0.9*lambda2 = 157.86577002388697 (lambda1 = 1560.6577002388694, lambda2 = 2.0) Resol time = 146 ms

{"id": 0, "drone": 3, "position":(8.333333333333334,8.333333333333334,1.0), "time":398.4016976088778,"sensors":[36,11,10,21,7,12,23,31,20,30,4],"power":[0.06803426101349554,0.5477147256278376,0.06787680990840572,0.11304191314337078,0.06473266436208286,0.05866094564276719,0.14919828287930606,0.12206899824356592,0.030884880453468943,0.9905609872195557,0.04053277200542381]}
{"id": 1, "drone": 3, "position":(25.0,41.666666666666664,1.0), "time":523.8563090911198,"sensors":[35,5,8,19,0],"power":[0.05569190297277636,0.04683878347549151,0.0771289762099123,0.3232019220003048,0.117190945592466]}
{"id": 2, "drone": 5, "position":(25.0,25.0,1.0), "time":475.2758150222397,"sensors":[34,35,37,39,26,32,27,19],"power":[0.2118026288899323,0.0748246354174017,0.19541758402442225,0.031601630621278076,0.032996225621149296,0.0491561634356624,0.0757147684603575,0.04565745991910132]}
{"id": 3, "drone": 5, "position":(16.666666666666668,8.333333333333334,1.0), "time":750.834054118894,"sensors":[36,11,2,18,21,12,23,20,30,4],"power":[3.268387036361308,0.16715428952531386,0.15,0.060506051262135666,0.08478999903343905,0.1510807063459055,0.050111496345523476,0.6417287805496147,0.28896030592941097,0.6383345930817651]}
{"id": 4, "drone": 2, "position":(41.666666666666664,25.0,1.0), "time":561.5255761255099,"sensors":[35,39,14,33,26,32,17,9,27,3],"power":[0.044410781003381576,0.5729730211484009,0.31013193875007505,0.7533594304248703,0.4149087544882492,0.20047288292776236,0.14924308235613384,0.4065117217880212,0.03565690898373764,0.2209570887972506]}
{"id": 5, "drone": 2, "position":(8.333333333333334,16.666666666666668,1.0), "time":411.4219485110975,"sensors":[36,11,10,13,7,6,31,30,1,4],"power":[0.02603678156978708,0.2292775636992335,0.08212319009159429,0.06867861799135319,0.21740809621362953,0.035848649163294964,0.027931001756434086,0.09421476732302213,0.02641730956808444,0.03513128255369086]}
{"id": 6, "drone": 1, "position":(33.333333333333336,8.333333333333334,1.0), "time":217.8748754122561,"sensors":[34,18,24,20,27,25,16],"power":[0.014579147643140646,0.08949394873786433,0.5010115308477434,0.018406424375840107,0.03862832255590484,0.15325067615775279,0.04357776738520807]}
{"id": 7, "drone": 1, "position":(41.666666666666664,8.333333333333334,1.0), "time":436.2545993373857,"sensors":[24,25,16],"power":[0.08675801129101256,0.07728131668519715,0.10642223261479195]}
{"id": 8, "drone": 0, "position":(8.333333333333334,25.0,2.0), "time":561.5255761255099,"sensors":[37,13,7,6,1],"power":[0.04374374977560423,0.9946187135448341,0.08096790112806701,0.31498453166367363,0.12358269043191555]}
{"id": 9, "drone": 0, "position":(41.666666666666664,41.666666666666664,3.0), "time":999.1321241133595,"sensors":[29,28,5,22,17,8,0,3,15],"power":[0.2690808914246739,0.5094114388181883,0.45904388816361635,1.319937341252842,0.15193711989121725,0.08060867121573961,0.1344957826947123,0.10901473157857582,0.9231771863621201]}
{"id": 10, "drone": 4, "position":(8.333333333333334,41.666666666666664,2.0), "time":603.0346080781608,"sensors":[38],"power":[0.15]}
