LP RESULTS :
 Obj = 0.1*lambda1+0.9*lambda2 = 110.38786292520095 (lambda1 = 1085.8786292520094, lambda2 = 2.0) Resol time = 222 ms

{"id": 0, "drone": 5, "position":(16.666666666666668,8.333333333333334,1.0), "time":338.84582057837014,"sensors":[38,13,33,32,11],"power":[0.1634055733809272,0.05056019841874016,1.6525224173841937,0.3520319923176013,0.03935504659452107]}
{"id": 1, "drone": 5, "position":(8.333333333333334,25.0,1.0), "time":345.6382083212761,"sensors":[14,8,39,35,10,11],"power":[0.1899903594553673,0.16347491756432192,1.3534693118681687,0.3093703958030262,0.11169802765586374,0.07239840529285178]}
{"id": 2, "drone": 3, "position":(41.666666666666664,8.333333333333334,1.0), "time":259.816965681414,"sensors":[19,36,29,16,27,31,28,37,1,20,18,26],"power":[0.03195252914243831,0.07551725490488484,0.07307502266396049,0.04444701245256355,0.15522356106143964,0.06136558242710177,0.042489486757473424,0.12276492835789325,0.6598615123533014,0.11485031165842233,0.02998570023601594,0.07047096495214476]}
{"id": 3, "drone": 3, "position":(8.333333333333334,41.666666666666664,1.0), "time":740.2404209307333,"sensors":[9,12,2,15,24,34,7,10],"power":[0.23937656194558188,0.14650751716645855,0.07156327408196371,0.22183900755527972,0.11145188897491559,0.6077246643512674,0.36752094575815386,0.07380085125935025]}
{"id": 4, "drone": 0, "position":(25.0,25.0,5.0), "time":353.1088426574159,"sensors":[6,8,17],"power":[0.15000000000000002,0.029557568239123578,0.05788766776818755]}
{"id": 5, "drone": 0, "position":(25.0,41.666666666666664,1.0), "time":345.6382083212761,"sensors":[12,4,17,2,23,24],"power":[0.08399427770715345,0.029646460940320658,0.06838061934585049,0.07963463705028327,0.110183984193778,0.0385481110250844]}
{"id": 6, "drone": 4, "position":(33.333333333333336,41.666666666666664,1.0), "time":214.46031024977265,"sensors":[30,21,4,17,23,5],"power":[0.042390181472369004,0.019544567097474326,0.12043971929755959,0.027142403603554605,0.03981601580622198,0.01803105507350569]}
{"id": 7, "drone": 4, "position":(8.333333333333334,8.333333333333334,1.0), "time":386.6336022493344,"sensors":[38,33,32,25,11],"power":[0.029625715402897386,0.10259001426989314,0.03333393346862701,0.15000000000000002,0.08381656025855563]}
{"id": 8, "drone": 1, "position":(41.666666666666664,33.333333333333336,5.0), "time":345.6382083212761,"sensors":[21,22,3,5],"power":[0.21288134973067596,0.06488105124055048,0.11310110916854521,0.07549266681430818]}
{"id": 9, "drone": 1, "position":(33.333333333333336,8.333333333333334,1.0), "time":360.3992064243048,"sensors":[19,27,31,13,32,28,37,1,20,18,26],"power":[0.10432491780798249,0.0518124375921026,0.07606040254451514,0.11222713135963776,0.02585720816889254,0.08973389754045143,0.5965978292445194,0.10915964722719929,0.027688135444990224,0.12001429976398403,1.9252893066903543]}
{"id": 10, "drone": 2, "position":(41.666666666666664,41.666666666666664,4.0), "time":525.7801106809607,"sensors":[30,21,4,22,3,5],"power":[0.11550116189897915,0.08266427811324512,0.14684386732576496,0.11127385503402003,0.04008672771622565,0.19250426513099173]}
{"id": 11, "drone": 2, "position":(41.666666666666664,16.666666666666668,1.0), "time":465.66245714629065,"sensors":[19,0,36,29,16,27,31,28,37,1,20,26],"power":[0.10576065873698587,0.15,0.07448274509511514,0.08564852796014699,0.13126057547942832,0.6228250101633781,0.4754223121305898,0.16621660626357632,0.05696243407906562,0.06546584358234478,0.032902604789111986,0.06129153244672317]}
