LP RESULTS :
 Obj = 0.1*lambda1+0.9*lambda2 = 148.44605017504173 (lambda1 = 1466.460501750417, lambda2 = 2.0) Resol time = 2633 ms

{"id": 0, "drone": 2, "position":(25.0,25.0,1.0), "time":461.676241992968,"sensors":[35,24,6,5,22,0,15,16,7,31,8,20],"power":[0.03665704978236917,0.09004925923570468,0.033383057721270676,0.0734736711892009,0.03274019764598222,0.1528177966522915,0.03226285184242768,0.7991337369781536,0.13064256912238684,0.14216671295397887,0.13795882999271097,0.04042325911362994]}
{"id": 1, "drone": 2, "position":(25.0,41.666666666666664,1.0), "time":65.37034628269646,"sensors":[34,28,3,30,31,20],"power":[0.016260065100083338,0.04087253546126882,0.011692838014237884,0.030293816556160147,0.005584438708318605,0.04599566891561637]}
{"id": 2, "drone": 4, "position":(41.666666666666664,41.666666666666664,1.0), "time":1359.9907590561654,"sensors":[13,33,1,29,37,39,28,30],"power":[0.14999999999999997,0.5488192082713527,0.42147063193045864,0.9201107679106948,1.1602438410205325,0.13278861730769703,0.12165160878125388,0.09964180434666911]}
{"id": 3, "drone": 4, "position":(41.666666666666664,25.0,1.0), "time":65.37034628269578,"sensors":[33,24,29,26,10,5,12,39,8,11],"power":[0.005877840923814843,0.015301138638776196,0.005666804021252637,0.008578028000953553,0.08947794604554778,0.004891540109827751,0.008977471197490861,0.032219000564866394,0.00951609241736961,0.009514393038747007]}
{"id": 4, "drone": 5, "position":(41.666666666666664,8.333333333333334,1.0), "time":461.6762419929683,"sensors":[27,18,32,26,12,19,25,11],"power":[0.04161649802788892,0.09871181746649367,0.12181540624915031,0.15217958175336843,0.08423260624328248,0.15693270430837392,0.29075387861864277,0.11478575615827617]}
{"id": 5, "drone": 5, "position":(8.333333333333334,41.666666666666664,1.0), "time":908.1735565693417,"sensors":[23,34,3,2,4],"power":[3.686672408641523,0.15,0.2465975510242606,2.961083027728696,0.2890184335803168]}
{"id": 6, "drone": 1, "position":(8.333333333333334,25.0,2.0), "time":334.5272060719742,"sensors":[14,35,6,17,0,7],"power":[0.9781251621555193,0.06988717518023162,0.048458231064736894,0.15125424784921468,0.03304013992811104,0.04829368997172999]}
{"id": 7, "drone": 1, "position":(41.666666666666664,16.666666666666668,1.0), "time":604.8867074027778,"sensors":[24,18,26,10,5,12,25,8,11],"power":[0.0484279818643377,0.10214097858616634,1.3678940439030376,0.0605220539544519,0.08203339443741188,0.34108040501977077,0.04070996459918531,0.05551535902734592,0.9217046762339461]}
{"id": 8, "drone": 0, "position":(33.333333333333336,41.666666666666664,1.0), "time":41.09939641155506,"sensors":[33,1,29,37,39,28,30,20],"power":[0.0033865913716378663,0.009006945255521516,0.005715899690750425,0.0035594417569044827,0.002642488866489479,0.04172630851830801,0.02006437909717072,0.005669078364378822]}
{"id": 9, "drone": 0, "position":(33.333333333333336,8.333333333333334,1.0), "time":334.5272060719742,"sensors":[27,18,32,26,5,12,19,25,15,11],"power":[0.1083835019721187,0.5860621689564754,0.028184593750849692,0.05923154522683509,0.05676196884480853,0.07428758578736752,0.025283323752163234,0.06331491404107761,0.04196992149494753,0.02152185120283609]}
{"id": 10, "drone": 3, "position":(16.666666666666668,41.666666666666664,5.0), "time":492.9165988983789,"sensors":[23,34,3,31,20,2],"power":[0.10665723571134685,0.2357442713058138,0.29137376232222983,0.03492468221596545,0.07738310052631207,0.050963476121719656]}
{"id": 11, "drone": 3, "position":(16.666666666666668,8.333333333333334,2.0), "time":670.2570536854748,"sensors":[35,21,6,38,22,15,36,9],"power":[0.07822366070024929,0.24029178008780433,0.11768006614314001,0.8762357718465863,0.2520105196919845,0.16347049601251196,1.8725238858211781,0.450876599341683]}
