LP RESULTS :
 Obj = 0.1*lambda1+0.9*lambda2 = 128.4550168950648 (lambda1 = 1257.550168950648, lambda2 = 3.0) Resol time = 10899 ms

{"id": 0, "drone": 5, "position":(8.333333333333334,8.333333333333334,1.0), "time":881.9467161348432,"sensors":[11,12,27,15,36],"power":[0.4808801842513208,0.4142972743892136,0.15,0.5693432544877565,0.35130606737670533]}
{"id": 1, "drone": 5, "position":(25.0,33.333333333333336,1.0), "time":19.69404921449008,"sensors":[25,37,28,34,3,1,7,31,5,30,39,9,33,29],"power":[0.005881029939495729,0.001857145195346877,0.001921551886032894,0.001722784949512698,0.010624028676864487,0.0024741740098630214,0.0029325886272948414,0.006366689195201779,0.08126222184556822,0.007640649727735206,0.0015885036556806621,0.005847266789051682,0.005803795141621339,0.04808458748271239]}
{"id": 2, "drone": 5, "position":(33.333333333333336,41.666666666666664,2.0), "time":217.49875049495327,"sensors":[2,25,20,1,31,30,39,16,9,38,24],"power":[0.35760457467986695,0.10611028183825943,0.15825675846962514,0.03955193088679196,0.06038138326531508,0.03234700428080719,0.0209019958870536,0.02974376410740102,0.025629171892342723,0.026872687109199808,0.06354583864147845]}
{"id": 3, "drone": 4, "position":(16.666666666666668,41.666666666666664,1.0), "time":392.3485415952648,"sensors":[25,18,34,3,1,31,5,39],"power":[0.030917442843360964,0.13790305320238327,0.880602806889006,0.030000516667976956,0.08470147801985776,0.056944550627599747,0.04038927977743596,0.11770500083685857]}
{"id": 4, "drone": 4, "position":(33.333333333333336,41.666666666666664,1.0), "time":124.0321128467665,"sensors":[2,25,20,1,31,5,30,39,16,9,38,24],"power":[0.27518278887825903,0.06857077528737648,0.11297116777680086,0.023678692982032058,0.03649698978283879,0.007987527289029421,0.0198702411221837,0.012621490741760113,0.018119653461232912,0.01528053519200946,0.016544643311992957,0.03844976121266032]}
{"id": 5, "drone": 4, "position":(16.666666666666668,8.333333333333334,3.0), "time":157.66913644103943,"sensors":[4,12,14,19,15,36],"power":[0.01286999932831412,0.017563504465860386,0.029042995163190463,0.011793046137442751,0.011291436127659888,0.021666499049598727]}
{"id": 6, "drone": 0, "position":(8.333333333333334,33.333333333333336,1.0), "time":14.847184207655118,"sensors":[17,35,3,33],"power":[0.012164728303530662,0.0014262487521728175,9.566159626794739E-4,0.0010444970945096648]}
{"id": 7, "drone": 0, "position":(8.333333333333334,25.0,1.0), "time":470.7701880317055,"sensors":[4,17,35,33],"power":[0.0582941236113421,0.1772508821658941,0.14857375124782718,0.038148996643061144]}
{"id": 8, "drone": 0, "position":(41.666666666666664,41.666666666666664,1.0), "time":453.5895333724327,"sensors":[2,25,20,16,0,38,24],"power":[0.18955986294860028,0.03127488343445437,0.07531600744089667,1.7852383751579717,0.058660693583791716,1.2510046452455454,0.04800440014586125]}
{"id": 9, "drone": 1, "position":(8.333333333333334,41.666666666666664,1.0), "time":142.8219522333843,"sensors":[17,18,34],"power":[0.01356035513437944,0.012096946797616722,0.019844928488717162]}
{"id": 10, "drone": 1, "position":(41.666666666666664,8.333333333333334,1.0), "time":648.8048936923933,"sensors":[23,26,10,21,13,22,8,32],"power":[0.15000000000000002,0.4151182183336629,0.7899691884980091,0.05952735462985403,0.1623066123791192,0.07494334651142272,2.994921143307962,0.05127102715186216]}
{"id": 11, "drone": 1, "position":(33.333333333333336,25.0,1.0), "time":92.36462081622294,"sensors":[37,28,3,21,7,22,5,30,19,9,33,29],"power":[0.06268545827172452,0.010951293272361239,0.006428217905131073,0.00707071005138782,0.059813357816879444,0.02302571967792663,0.007611166754207953,0.023925911244103173,0.00588730200941592,0.03289199343069811,0.0060469637488301505,0.013028436868540947]}
{"id": 12, "drone": 2, "position":(25.0,8.333333333333334,1.0), "time":608.7452752582547,"sensors":[14,19,32],"power":[0.1209570048368095,0.28317866691958793,0.2842161649323227]}
{"id": 13, "drone": 2, "position":(41.666666666666664,25.0,1.0), "time":516.3806544420318,"sensors":[37,26,21,6,7,22,30,0,9],"power":[0.041399672370557875,0.044712763155289104,0.18962305673399427,0.1099000886284551,0.03575259770829574,0.0886047367403966,0.03818083034560707,0.06494503965450155,0.04933556980603711]}
{"id": 14, "drone": 3, "position":(41.666666666666664,33.333333333333336,1.0), "time":287.5799811361835,"sensors":[2,6,30,16,0,9,38],"power":[0.037942719148795385,0.04009991137154488,0.03411125572821609,0.05915767837296029,0.09598742393554624,0.03933889750865445,0.05473213043905489]}
{"id": 15, "drone": 3, "position":(16.666666666666668,25.0,1.0), "time":629.1108444779032,"sensors":[4,17,37,28,3,7,5,33,29],"power":[0.3977836995174803,0.049959809601145294,0.04405772416237073,0.18612215874391153,0.20274785539014756,0.057291632548740284,0.08932984448576732,0.3954829141610781,0.08888697564874666]}
