LP RESULTS :
 Obj = 0.1*lambda1+0.9*lambda2 = 127.32570201988803 (lambda1 = 1246.2570201988801, lambda2 = 3.0) Resol time = 667485 ms

{"id": 0, "drone": 4, "position":(16.666666666666668,33.333333333333336,1.0), "time":10.198296571688232,"sensors":[1,12,28,33,9,2,30,34,23,15],"power":[0.009296002365727526,0.0018736116236674073,9.117024209243641E-4,0.010909889552401917,0.006409113938784086,8.727809535238179E-4,0.0017704192620652559,0.03930017611223152,0.02271436062940377,0.002286819049294437]}
{"id": 1, "drone": 4, "position":(33.333333333333336,16.666666666666668,1.0), "time":486.65656202968415,"sensors":[0,19,22,5,18,24,13,7,31],"power":[0.0736245360786385,1.3497966141425726,0.07398142760755518,1.3189691201467388,0.03410219956143746,0.10406419820862123,0.03694052167109419,0.17499759386371064,1.357736727819084]}
{"id": 2, "drone": 4, "position":(25.0,8.333333333333334,1.0), "time":61.61025943162281,"sensors":[0,19,6,16,13,7,11,27,31,35],"power":[0.2366266519120669,0.007318056415895216,0.019760832586543434,0.05884337519909229,0.011505229191214567,0.010715086567872933,0.09673627897007599,0.007283444445101861,0.007239955615168795,0.006329393253554413]}
{"id": 3, "drone": 5, "position":(33.333333333333336,8.333333333333334,1.0), "time":39.89353629092159,"sensors":[0,19,5,37,16,7,11,31],"power":[0.010656357085107872,0.0068595621377809815,0.0067191870376741595,0.006629414760559414,0.003497198323160197,0.11555755687049628,0.006639330271011717,0.013884320245706747]}
{"id": 4, "drone": 5, "position":(41.666666666666664,41.666666666666664,1.0), "time":44.76341291755382,"sensors":[29,3,10,32,26],"power":[0.023068147187257037,0.0033707060696860245,0.005165106613258952,0.003963755502285405,0.08625464497739954]}
{"id": 5, "drone": 5, "position":(41.666666666666664,16.666666666666668,1.0), "time":539.7005610192382,"sensors":[19,5,18,37,24,36,17,7,31],"power":[0.07261230481009961,0.18961122737295114,0.29768508889083,0.08209628122261807,0.05085321876050881,0.14591965058955073,0.144910618933592,0.08279538260551059,0.13867073002483765]}
{"id": 6, "drone": 3, "position":(25.0,25.0,4.0), "time":118.39610142741344,"sensors":[19,22,1,5,33,24,9,30,13,23,27,15],"power":[0.015406180680376665,0.07262629573943544,0.011521562205464646,0.007990262046712366,0.0220845313695413,0.02159640678433359,0.024231011304023626,0.04583136829933418,0.015550668819035973,0.016869099612628696,0.010809915110704385,0.010496760755301987]}
{"id": 7, "drone": 3, "position":(8.333333333333334,41.666666666666664,1.0), "time":644.6901828158657,"sensors":[12,8,2,25,34,39],"power":[0.3290222407371633,0.4465671608253726,3.1724438220285993,0.1736064269264605,0.07923647556466537,0.15]}
{"id": 8, "drone": 3, "position":(16.666666666666668,8.333333333333334,1.0), "time":219.08007939820516,"sensors":[0,6,38,14,16,20,13,11,27,35],"power":[0.03693072646868786,0.08561045338617539,0.039803616641639075,0.04358789281567661,0.13732008886269842,0.03205048174594249,0.04290149107697988,0.046624390758912296,0.052545583806037285,0.14330431230324783]}
{"id": 9, "drone": 0, "position":(33.333333333333336,41.666666666666664,1.0), "time":424.790285665908,"sensors":[29,3,10,32,15,26],"power":[0.3140977984878211,0.11300797167096846,0.24663349945668844,0.4360493489660718,0.05806058957544511,0.054980716642945696]}
{"id": 10, "drone": 0, "position":(41.666666666666664,8.333333333333334,1.0), "time":61.61025943162258,"sensors":[5,18,37,36,17,7,31],"power":[0.006924577274254775,0.005786025029610026,0.22022611909169054,0.004080349410449275,0.01114310097632631,0.01488747510742234,0.009710972615589723]}
{"id": 11, "drone": 0, "position":(25.0,41.666666666666664,1.0), "time":366.3812887608149,"sensors":[29,12,21,33,9,30,3,34,10,23,32,15],"power":[0.030974292227109807,0.03852534069807833,0.10074950558377575,0.03909537710456641,0.04700519268645099,0.03235356442840462,0.06486444411905563,0.023673425096870867,0.080568236975149,0.024770530037641278,0.28129192802871156,0.1885288602590024]}
{"id": 12, "drone": 2, "position":(8.333333333333334,8.333333333333334,1.0), "time":611.8686840050469,"sensors":[6,38,4,14,16,20,27,35],"power":[0.0446287140272812,0.07609860057183251,0.15,0.3820505093005925,0.0422724149390833,0.11955352351723826,0.055623992040748686,0.17258054932099623]}
{"id": 13, "drone": 2, "position":(16.666666666666668,16.666666666666668,1.0), "time":10.314643886079972,"sensors":[0,22,38,1,28,14,16,20,13,27,35],"power":[0.0010512622539650812,0.001554761731980405,0.02973706899785391,7.055320346106201E-4,0.001398843558235581,0.0023178068145464437,0.002308010392392419,0.004692591181535384,0.010158721615743825,0.07721926027449236,0.006433062271121202]}
{"id": 14, "drone": 2, "position":(16.666666666666668,25.0,1.0), "time":206.84225744682982,"sensors":[22,38,1,28,33,20,9,30,13,34,23,27,35],"power":[0.039970705731405876,0.046689638282619246,0.12427444510088136,0.05326377120513949,0.0565510733573851,0.031031383562434678,0.04615466440035306,0.03343575430676696,0.03294336762593157,0.04472592876057704,0.08340545562246762,0.0411610648349887,0.01543421862634946]}
{"id": 15, "drone": 1, "position":(25.0,41.666666666666664,4.0), "time":224.98725205051136,"sensors":[29,12,21,33,9,30,3,10,32,15],"power":[0.01734532131761007,0.019979168158465954,0.049250494416224255,0.021186700478070034,0.024377717528855425,0.017350418274155975,0.03341444345646723,0.04076063216543494,0.09165100651609702,0.07375797608686693]}
{"id": 16, "drone": 1, "position":(8.333333333333334,25.0,1.0), "time":18.144994603682317,"sensors":[38,1,28,33,14,20,34,23,27],"power":[0.002711677617151166,0.004202458293315865,0.09442568281570056,0.0011513946006116635,0.0016537299903045819,0.0035101469858872794,0.0024236197395815437,0.00224055409785855,0.00145692522003341]}
{"id": 17, "drone": 1, "position":(33.333333333333336,33.333333333333336,1.0), "time":101.50379572254428,"sensors":[29,24,9,30,10,32,15,26],"power":[0.031211192471700438,0.022152044244083163,0.00907007761620309,0.019258475429273017,0.006700071125948826,0.016470606847518415,0.016874756395921547,0.008764638379654749]}
