LP RESULTS :
 Obj = 0.1*lambda1+0.9*lambda2 = 108.194538291744 (lambda1 = 1063.94538291744, lambda2 = 2.0) Resol time = 215 ms

{"id": 0, "drone": 0, "position":(41.666666666666664,8.333333333333334,1.0), "time":499.3285733963678,"sensors":[1,0,32,33,4,6,15,22,21,7,17,18,24],"power":[0.05271688903013582,0.08401972159763478,1.249124670417813,0.09021524756510207,0.1098380353442648,0.05128972034056853,0.1339521660794701,0.07455592450115796,0.15,0.42254000990873103,0.42601555236342975,0.3858036562819149,0.09058725253743508]}
{"id": 1, "drone": 0, "position":(25.0,8.333333333333334,1.0), "time":312.67945616826006,"sensors":[4,22,35,38,30,17,37,2,24,27],"power":[0.05964621502215545,0.09732241787141231,0.02489923051516765,0.06281560224203728,0.07389673945854548,0.02528947703483129,0.02210590620292,0.07948882701703483,0.06900215986644978,0.9977576880805278]}
{"id": 2, "drone": 2, "position":(16.666666666666668,8.333333333333334,1.0), "time":427.9848983675475,"sensors":[35,36,38,30,26,37,2,27,39],"power":[0.23513827358416553,0.14831017283736928,0.30257723369169176,4.279848983675475,0.14614433321709136,0.12789409379708,0.03535219931988678,0.07152207283553275,0.06505637183938787]}
{"id": 3, "drone": 2, "position":(8.333333333333334,16.666666666666668,1.0), "time":323.2810283816327,"sensors":[35,36,38,30,26,31,39],"power":[0.10333060066658616,0.1382913504812696,0.04685852366162835,0.027140347346964404,0.07095620976816909,0.10835700811615592,0.36062585633016814]}
{"id": 4, "drone": 1, "position":(41.666666666666664,25.0,1.0), "time":281.11359789466917,"sensors":[1,0,33,6,34,16,5,9,11,7,8],"power":[0.12841462724042998,0.06609176662419015,0.07249016870047686,0.06544058619653888,0.858429303386777,0.3286933532740797,0.04298455653301064,0.0957893963328408,0.14788168657599499,0.020858125726189107,0.12205575395912825]}
{"id": 5, "drone": 1, "position":(8.333333333333334,25.0,1.0), "time":312.67945616825955,"sensors":[28,25,12,31,39],"power":[0.07239240003715551,0.043359712208847365,0.02325874771585177,0.04164299188384407,0.06266314739087021]}
{"id": 6, "drone": 3, "position":(33.333333333333336,25.0,1.0), "time":31.565858273590493,"sensors":[1,0,33,6,34,16,5,9,29,11,10,8,13,20],"power":[0.0034650443064456714,0.0052908268811096585,0.002936741113714788,0.008811572811199136,0.004746906914206252,0.014230736671756242,0.12216674885674203,0.015114138556363598,0.0039544682018574666,0.0021183134240049984,0.0037002599229156567,0.06914119474413713,0.002422496432642987,0.002912570247973532]}
{"id": 7, "drone": 3, "position":(25.0,33.333333333333336,1.0), "time":323.66071708718255,"sensors":[5,9,29,10,13,20],"power":[0.03160359165806564,0.025881631705057095,0.15126824070701242,0.06973690638188657,0.147577503567357,0.07862969633070266]}
{"id": 8, "drone": 4, "position":(8.333333333333334,41.666666666666664,1.0), "time":585.7494988724691,"sensors":[28,25,14,23,12],"power":[0.116784943735346,0.11625645178454244,1.3832292427738255,0.15,0.6082402279009408]}
{"id": 9, "drone": 4, "position":(33.333333333333336,8.333333333333334,1.0), "time":251.93735335281212,"sensors":[0,32,33,4,6,15,22,7,17,18,2,24,27],"power":[0.031658951885499546,0.032235067710253154,0.018410285566944743,0.9031621969119997,0.029694637254187115,0.04423546834114065,1.1083162770285695,0.062322571099391925,0.2140387964510874,0.039354650071545,0.03515897366307841,0.6051310714671277,0.06360347272380211]}
{"id": 10, "drone": 5, "position":(33.333333333333336,41.666666666666664,1.0), "time":233.46179475620133,"sensors":[3,9,29,10,19,20],"power":[0.17562429537041638,0.01675346817529075,0.06551569952492785,0.10549570476925697,0.15,0.1359539201772993]}
