LP RESULTS :
 Obj = 0.1*lambda1+0.9*lambda2 = 144.06177600850359 (lambda1 = 1413.617760085036, lambda2 = 3.0) Resol time = 73075 ms

{"id": 0, "drone": 3, "position":(8.333333333333334,8.333333333333334,3.0), "time":223.244515525927,"sensors":[28],"power":[0.01651916576567445]}
{"id": 1, "drone": 3, "position":(41.666666666666664,8.333333333333334,1.0), "time":730.3970174776928,"sensors":[17,34,33,36,27,12,24,1,20,16],"power":[0.12171985350050407,0.06744578412792196,0.25086716461074365,0.18300818055602674,0.1526822584414588,0.15,0.21965795403954705,0.43917500113404817,1.6644845766847387,0.10871749212724022]}
{"id": 2, "drone": 2, "position":(25.0,33.333333333333336,1.0), "time":5.0165599643108,"sensors":[23,0,13,8,19,22,25,37,29,18],"power":[0.004718986622528279,0.0010091695376108986,3.203518147510603E-4,6.72461205972239E-4,0.013398567959274302,0.023336539173974255,0.0020997352646552835,3.8432180150438583E-4,0.0012960005163295532,9.651683683266826E-4]}
{"id": 3, "drone": 2, "position":(41.666666666666664,41.666666666666664,1.0), "time":640.7178476296411,"sensors":[4,32,0,3,38,14,13,8,37,7,15,35,5],"power":[0.05592472058003598,0.04651756270039652,0.08782606809868773,0.1614598854327502,0.197104667838751,0.08285993951535899,0.08513586000289092,0.0770377275232529,0.0834238597563901,0.15,0.07557838228187791,0.15298033642317568,0.6329436794919602]}
{"id": 4, "drone": 2, "position":(25.0,8.333333333333334,1.0), "time":670.6620325886142,"sensors":[30,34,11,6,26,1,2],"power":[0.27164558904939745,0.29420900960145974,0.16828280629197837,0.14537901377205914,0.05129521789963353,0.06474043067754366,4.794194405102252]}
{"id": 5, "drone": 5, "position":(25.0,25.0,4.0), "time":708.6065745095165,"sensors":[23,39,11,26,19,22,25],"power":[0.21799406850047678,0.06208883298755778,0.10847438013704536,0.11563574443718086,0.12683626385870275,0.10604466853108536,0.5200946781828947]}
{"id": 6, "drone": 5, "position":(33.333333333333336,41.666666666666664,1.0), "time":301.46702622744056,"sensors":[0,3,14,13,8,22,37,29,15,5],"power":[0.4423599094221946,0.05506850756020572,0.08874374699087381,0.0343514809650135,0.05448826052558968,0.025909804368691804,0.039490639600386235,0.09294114974701168,0.07305996721682254,0.20472606426758289]}
{"id": 7, "drone": 4, "position":(41.666666666666664,25.0,1.0), "time":14.125101336917623,"sensors":[4,17,32,26,13,33,8,27,37,16],"power":[0.0034418154459152583,0.003401156640558459,0.0019906941304159674,0.0013907973245724354,0.0036408622653274687,0.0019898786751591643,0.0020739163442418064,0.0033095962531495457,0.003255469096196879,0.00436606025862456]}
{"id": 8, "drone": 4, "position":(8.333333333333334,41.666666666666664,1.0), "time":1375.808769526285,"sensors":[10,31,9,18],"power":[9.482992047945409,0.15,0.19389078856075473,0.1961871627418266]}
{"id": 9, "drone": 0, "position":(16.666666666666668,8.333333333333334,1.0), "time":34.34915298690544,"sensors":[39,30,11,6,2],"power":[0.003344534150426092,0.0051260866508413055,0.0035676835545947966,0.004620986227940872,0.0061061086165638]}
{"id": 10, "drone": 0, "position":(41.666666666666664,33.333333333333336,1.0), "time":452.29122492672593,"sensors":[4,32,0,38,13,8,37,5],"power":[0.18446539129164147,0.1014917431691875,0.049089069689095585,0.087166519275046,0.49409820978328206,0.16229523339064642,0.39740656731065854,0.10470617106642828]}
{"id": 11, "drone": 0, "position":(25.0,41.666666666666664,1.0), "time":14.125101336917584,"sensors":[23,0,14,19,22,29,15,5,18],"power":[0.0013048982892038881,0.003753628954496542,0.0016629992757308848,0.00266017810138694,0.003647155230677628,0.054268143403090406,0.0013616505012995458,0.001006565044023508,0.00196465664817185]}
{"id": 12, "drone": 1, "position":(16.666666666666668,33.333333333333336,1.0), "time":18.667329257522624,"sensors":[10,23,21,39,19,22,25,29,18],"power":[0.0014279360896973208,0.005701088240680536,0.005215096133508514,0.0012317128848314733,0.00710499008063598,0.00543281921053726,0.002647899255351553,0.0014947063335683662,0.04936134532333379]}
{"id": 13, "drone": 1, "position":(8.333333333333334,25.0,2.0), "time":651.9947033310915,"sensors":[21,28,39],"power":[0.37060691856597977,0.13348083423432552,0.1424491095142825]}
{"id": 14, "drone": 1, "position":(41.666666666666664,16.666666666666668,1.0), "time":12.558710018729029,"sensors":[17,26,33,27,1,20,16],"power":[0.026521439079925987,0.0017356867814513066,0.045012378676103235,0.1255871001872903,0.0019282901195145166,0.003042693602259348,0.03691644761413522]}
