LP RESULTS :
 Obj = 0.1*lambda1+0.9*lambda2 = 105.51870696849981 (lambda1 = 1028.187069684998, lambda2 = 3.0) Resol time = 23393 ms

{"id": 0, "drone": 1, "position":(33.333333333333336,41.666666666666664,1.0), "time":147.56637029819655,"sensors":[0,39,8,12,1,36,10],"power":[0.021309709123259524,0.06871244703425389,0.034426934880659635,0.08245082778401938,0.10298610609211589,0.6276738816771165,0.01925715632560943]}
{"id": 1, "drone": 1, "position":(16.666666666666668,25.0,1.0), "time":278.72100629923983,"sensors":[7,37,11,3,22,6,16,34,33,5,38,32],"power":[0.11844280752099393,0.12657622997991697,0.038255354191457897,0.20923912721828783,0.06156884263401611,0.04359201900628483,0.1539405155582384,0.6532243802456273,0.05248862601986727,0.05186333554041274,0.0332595560447624,0.08176168804454527]}
{"id": 2, "drone": 1, "position":(8.333333333333334,16.666666666666668,1.0), "time":151.1115757489593,"sensors":[23,24,37,4],"power":[0.012729061930905002,0.14906116649308732,0.02208429296217307,0.05177751337339887]}
{"id": 3, "drone": 3, "position":(8.333333333333334,41.666666666666664,1.0), "time":104.2717517370246,"sensors":[21,11,22,6,14,35,17],"power":[0.014503719736079293,0.021214549246707938,0.014276693908266351,0.014607602499885379,0.34935621835937714,0.08748301362274707,0.01299746406325799]}
{"id": 4, "drone": 3, "position":(33.333333333333336,16.666666666666668,1.0), "time":46.839824011934034,"sensors":[25,30,7,13,15,33,2,27,9,38],"power":[0.005189822798041294,0.03008500890571768,0.003252042396242004,0.01704830972488212,0.0687449321423346,0.00652409129765483,0.007323736001333912,0.4269724480389411,0.010634816427513771,0.006672727116225663]}
{"id": 5, "drone": 3, "position":(16.666666666666668,8.333333333333334,1.0), "time":521.2995282531143,"sensors":[23,24,37,33,28,20],"power":[0.4415957466265488,0.05180746480896719,0.05465371157057929,0.04083366874355315,0.12415849327829571,0.15]}
{"id": 6, "drone": 4, "position":(16.666666666666668,41.666666666666664,1.0), "time":559.558543992262,"sensors":[21,11,22,6,14,35,5,17],"power":[0.1354962802639207,0.15625473800471093,0.08351563598698616,0.16309671493861003,0.08014878195402113,0.3987905808658669,0.06004430156283986,0.5327352619762632]}
{"id": 7, "drone": 4, "position":(25.0,25.0,1.0), "time":29.306681469028184,"sensors":[30,7,37,3,6,16,34,15,33,27,5,38,32],"power":[0.007580774995454426,0.04899349335415066,0.0058802004476550904,0.023080747213659925,0.001871015938322109,0.04686474104921584,0.009401249062355696,0.002033022259612437,0.010326352145302076,0.003372556451875064,0.007866795253482583,0.0614787425556058,0.05052257351787252]}
{"id": 8, "drone": 4, "position":(41.666666666666664,25.0,1.0), "time":194.48073869094122,"sensors":[26,30,39,8,19,15,2,27],"power":[0.015502938116941789,0.02337570809707156,0.012993408224915931,0.015021558963310156,0.13390478728537197,0.03872943961259223,0.1795073060466673,0.01731335285223444]}
{"id": 9, "drone": 2, "position":(41.666666666666664,33.333333333333336,1.0), "time":42.92182754584621,"sensors":[39,8,19,12,2,36],"power":[0.011213306982335122,0.03100007726908667,0.008699420627944139,0.01204220090191754,0.003495383369198404,0.004474768400394801]}
{"id": 10, "drone": 2, "position":(25.0,16.666666666666668,1.0), "time":9.095151786584381,"sensors":[30,7,37,3,16,13,34,15,33,27,9,38,32],"power":[0.002217090615913313,0.00236371644841446,0.00238711769060161,0.0011594454148240166,0.0017086676958523984,6.339540015384014E-4,8.508755210768521E-4,9.533848257423435E-4,0.018172745305966534,0.0023350284996988047,0.0015490595748842264,0.0016945068142742627,0.0011206054821838432]}
{"id": 11, "drone": 2, "position":(8.333333333333334,8.333333333333334,1.0), "time":317.1228395548518,"sensors":[23,24,4,28],"power":[0.12906544772519954,0.14879196803395364,0.09822248662660114,0.12197914705029402]}
{"id": 12, "drone": 0, "position":(41.666666666666664,8.333333333333334,1.0), "time":610.3561001965195,"sensors":[31,26,25,29,13,18,15,2,27,9],"power":[0.1579388113975221,0.17504269659684782,0.8942525327122463,0.14732863239627628,0.26620781991679743,0.152598577937962,0.07114538977889445,0.04708609249434942,0.0492246265980764,0.07232039282177133]}
{"id": 13, "drone": 0, "position":(33.333333333333336,25.0,1.0), "time":104.27175173702469,"sensors":[30,7,39,3,16,19,15,33,2,27,5,38,32],"power":[0.08423667955280933,0.011407205331688805,0.010858783958400984,0.00813391789423777,0.01080759742635291,0.0073957920866838806,0.02700649064044913,0.010565046611797585,0.01635685272228728,0.02441352974859643,0.007586469020457299,0.046894467469131874,0.013904484680619939]}
{"id": 14, "drone": 0, "position":(16.666666666666668,33.333333333333336,1.0), "time":56.32908618744341,"sensors":[7,11,3,22,6,16,14,34,35,5,17,32],"power":[0.006257619473384063,0.07965002891234407,0.013246657746266783,0.05922546002322383,0.24739185013153295,0.009077392403692743,0.00431475945014834,0.016997982966269035,0.006921670658996865,0.02263909862280754,0.005150620334851273,0.010895898846979968]}
{"id": 15, "drone": 5, "position":(33.333333333333336,8.333333333333334,1.0), "time":33.836821792966084,"sensors":[25,30,29,13,15,27,9],"power":[0.004741121985819041,0.0025047378330336476,0.0026713676037237225,0.017727109072533342,0.0046745298896661265,0.006936405548600296,0.0654957311758307]}
{"id": 16, "drone": 5, "position":(16.666666666666668,16.666666666666668,1.0), "time":38.65312612807265,"sensors":[23,7,24,37,3,16,34,33,32],"power":[0.00392775049369696,0.0075794134479428,0.004347534628604251,0.05821869152469649,0.0048126232352982004,0.006119375174569489,0.005484635350019605,0.011089469875858559,0.003111828823924606]}
{"id": 17, "drone": 5, "position":(41.666666666666664,41.666666666666664,1.0), "time":538.9463814129892,"sensors":[0,39,8,12,1,36,10],"power":[0.12869029087674047,0.10576499923973463,0.4601492128894744,0.5016483055429449,0.04701389390788411,0.09233898198066641,0.19870883636705206]}
