LP RESULTS :
 Obj = 0.1*lambda1+0.9*lambda2 = 121.26529676874782 (lambda1 = 1194.6529676874782, lambda2 = 2.0) Resol time = 76584 ms

{"id": 0, "drone": 2, "position":(25.0,41.666666666666664,4.0), "time":706.2617044473614,"sensors":[2,27,38,15],"power":[0.08492933159729452,0.05187935957942576,0.15224167145256465,0.11457491909998442]}
{"id": 1, "drone": 2, "position":(8.333333333333334,41.666666666666664,1.0), "time":375.69534215164634,"sensors":[20,2,10,15,35],"power":[0.18646206926311587,0.06507066840270546,0.20554504726971748,0.039014004145294254,0.09967281364885112]}
{"id": 2, "drone": 4, "position":(25.0,25.0,5.0), "time":387.30394093464247,"sensors":[33,31,37,21,4,30,26],"power":[0.06165697693836098,0.02540898366566699,0.06361255061535592,0.14055548031091544,0.04700521929050461,0.12311638007093585,0.07365920090609024]}
{"id": 3, "drone": 4, "position":(41.666666666666664,25.0,4.0), "time":506.1131409513812,"sensors":[3,33,9,13,7,0],"power":[0.13463795972208972,0.03987285218117609,0.3037972750468943,0.12908736368294335,0.14741102779873633,0.28549152138875783]}
{"id": 4, "drone": 1, "position":(8.333333333333334,25.0,1.0), "time":736.3311467930045,"sensors":[20,31,10,18,4,39,11,35],"power":[0.0805774968732106,0.5987074274533595,0.06035479311819894,0.38280205066073847,0.08588231871360018,0.06077199441026832,0.15,0.070286494640706]}
{"id": 5, "drone": 1, "position":(41.666666666666664,8.333333333333334,2.0), "time":248.96205827790047,"sensors":[29,12,13,14,8,23,1,32,36],"power":[0.022547318412323446,0.41376535851995916,0.02091263631705665,0.13125033371583233,0.04388239945558328,0.04950062473304976,0.2717050866104578,0.017988540360754934,0.15581135375247618]}
{"id": 6, "drone": 0, "position":(25.0,8.333333333333334,5.0), "time":644.4550236081232,"sensors":[29,17,34,37,8,16,23,28,32,26],"power":[0.06962905614818041,0.0802186969939695,0.16230493632921209,0.06561900993222564,0.09333532864683444,0.1312676698505809,0.059612078318641085,0.12215525779847379,0.14523332411397494,0.05941274426637816]}
{"id": 7, "drone": 0, "position":(25.0,33.333333333333336,1.0), "time":71.01787995983125,"sensors":[21,4,27,15,30,35],"power":[0.007824213188946674,0.017112461995895202,0.007291824817535621,0.019997993169467043,0.02296397868225965,0.00631034341971098]}
{"id": 8, "drone": 5, "position":(8.333333333333334,8.333333333333334,1.0), "time":458.32182089447366,"sensors":[17,39,5,22,28],"power":[0.05115505797369912,0.2221392978620423,0.9956611988550669,0.15,0.08201533337302798]}
{"id": 9, "drone": 5, "position":(25.0,16.666666666666668,2.0), "time":89.17030982351764,"sensors":[33,17,37,8,21,23,28,32,30,26],"power":[0.02637923465580422,0.02297632212077125,0.05885964086915625,0.01413671879020087,0.028608919901304146,0.012105903803511911,0.008552760308554156,0.03227475768605355,0.008239206334046551,0.061395639628320925]}
{"id": 10, "drone": 3, "position":(33.333333333333336,8.333333333333334,1.0), "time":212.06557597793687,"sensors":[29,33,12,34,14,8,16,23,1,32,36],"power":[0.05782362543949614,0.024598916103452162,0.09260507145776771,0.019857756424773557,0.01874966628416768,0.30501337499734066,0.020700712670373444,0.12269392907643087,0.020437114879544735,0.08419278576047395,0.06428892351728197]}
{"id": 11, "drone": 3, "position":(41.666666666666664,41.666666666666664,1.0), "time":417.3733832802854,"sensors":[3,24,6,7,19,27,25],"power":[0.030879366766277862,0.14999999999999997,3.184928815595726,0.04585934907742637,0.20207994295024992,0.10764589179731432,0.34444497438277666]}
