LP RESULTS :
 Obj = 0.1*lambda1+0.9*lambda2 = 136.2402526712369 (lambda1 = 1335.402526712369, lambda2 = 3.0) Resol time = 5433 ms

{"id": 0, "drone": 5, "position":(41.666666666666664,33.333333333333336,1.0), "time":722.3919431018494,"sensors":[2,21,11,16,32,33,13,27,28,25],"power":[0.5982616948771036,0.0816911048957356,0.06773640015403656,0.25051210922697625,0.16470240575961648,0.19709835368325873,0.07239886356844817,0.19637440887022448,0.15674255272884594,0.13783053496545292]}
{"id": 1, "drone": 5, "position":(33.333333333333336,41.666666666666664,1.0), "time":227.8930884695739,"sensors":[2,11,16,17,33,12,4,20,28,6],"power":[0.04494802459659625,0.016070340314159135,0.018017768789345218,0.10764145880796101,0.04988794719157354,0.10008906472941838,0.05963502327555555,0.20378321738597438,0.09002516343114843,0.05666222876556115]}
{"id": 2, "drone": 4, "position":(25.0,41.666666666666664,5.0), "time":731.9532930343829,"sensors":[0,26,17,39,12,4,20,6],"power":[0.13351597636933699,0.18567349365029368,0.320339600079819,0.0590347019810011,0.2900647631408585,0.21938199902738317,0.15752225910790724,0.06913332400815834]}
{"id": 3, "drone": 4, "position":(41.666666666666664,16.666666666666668,1.0), "time":183.65572248848912,"sensors":[1,3,7,32,31,25],"power":[0.08877255035719465,0.018742666341903497,0.01255725987188311,0.0351940245592922,0.01592968408592754,0.012169465034547066]}
{"id": 4, "drone": 3, "position":(25.0,16.666666666666668,1.0), "time":52.68457380404274,"sensors":[10,36,39,9,22,31],"power":[0.005651346263877848,0.004223406930830084,0.0034531443427576374,0.0040339347623132935,0.05922315884163774,0.025373884555795485]}
{"id": 5, "drone": 3, "position":(41.666666666666664,8.333333333333334,2.0), "time":130.1548693587498,"sensors":[1,23,3,7,31],"power":[0.017668352209332747,0.019025800125164465,0.04708423988870477,0.04692785027519835,0.00822271552713539]}
{"id": 6, "drone": 3, "position":(16.666666666666668,8.333333333333334,1.0), "time":1136.4081799044588,"sensors":[10,36,15,9,8,37,19,22,34],"power":[1.2501445744995303,0.09929979933060211,0.3273747822185141,0.22355621218792565,0.24099931280941544,0.34788787995782866,0.1332023883221095,0.2578878737737274,0.11126960424815976]}
{"id": 7, "drone": 2, "position":(8.333333333333334,41.666666666666664,1.0), "time":550.1920238130632,"sensors":[0,30,5,26,29,38,14],"power":[0.041956883362303535,0.057942976113065765,0.04842171106809283,0.05348612311961484,0.9647663622350039,0.17797295400313162,0.15000000000000002]}
{"id": 8, "drone": 2, "position":(41.666666666666664,41.666666666666664,1.0), "time":254.3899897213156,"sensors":[2,21,16,33,13,20,27,28,6],"power":[0.04982033195131758,0.0683088951042644,0.017093748682883735,0.029338098722792357,0.09949125625364123,0.026997476828863446,0.022433991971700384,0.6543113613819204,0.024204447226280526]}
{"id": 9, "drone": 0, "position":(41.666666666666664,8.333333333333334,1.0), "time":875.2821618612626,"sensors":[1,23,3,7,31],"power":[0.12299652799773969,0.13097419987483552,0.3410690770383761,0.3314906393156794,0.06059916022195952]}
{"id": 10, "drone": 0, "position":(33.333333333333336,25.0,1.0), "time":77.47029555470712,"sensors":[2,11,16,39,32,33,31],"power":[0.012070158001241501,0.05119939764760096,0.035248769121153,0.011192789757498581,0.0230547319158887,0.01662512202543444,0.007498655549986494]}
{"id": 11, "drone": 1, "position":(25.0,33.333333333333336,1.0), "time":53.25720986492304,"sensors":[0,2,35,11,26,16,17,39,33,12,4,20],"power":[0.021064852283135975,0.004435378468345914,0.0036046701911880454,0.014993861884203315,0.013009825847746936,0.00457847885231734,0.00977162873091747,0.0763193639187427,0.009290346562143796,0.007198422531358453,0.003977471032355247,0.0037266006331670783]}
{"id": 12, "drone": 1, "position":(8.333333333333334,25.0,2.0), "time":660.1983328064999,"sensors":[35,30,24,5,18],"power":[0.24119048962156492,0.29324857914406766,0.15,0.3799234037337515,1.0068989782283781]}
{"id": 13, "drone": 1, "position":(25.0,8.333333333333334,1.0), "time":146.30977300386758,"sensors":[3,7,10,36,15,9,19,22,31,34],"power":[0.017017135281037325,0.01019431539315102,0.01761227884200325,0.08593543789674157,0.01813176008775429,0.11635513328177137,0.05196410903237795,0.06365936698325123,0.04059861558633094,0.03873039575184021]}
