LP RESULTS :
 Obj = 0.1*lambda1+0.9*lambda2 = 121.12950060114771 (lambda1 = 1184.295006011477, lambda2 = 3.0) Resol time = 10706 ms

{"id": 0, "drone": 1, "position":(33.333333333333336,16.666666666666668,1.0), "time":7.025821432787559,"sensors":[38,4,16,31,17,19,26,25,10,33],"power":[4.538413209507264E-4,0.0015351135549064045,7.408602584775016E-4,0.001030356030285546,0.0012249379326733992,0.03034910498205393,0.008631175242583894,0.035838798246306154,5.349276210993046E-4,0.024589328604901067]}
{"id": 1, "drone": 1, "position":(25.0,41.666666666666664,1.0), "time":27.89947503298066,"sensors":[23,11,12,0,6,30,5],"power":[0.006283389565202987,0.0632907989868661,0.0032296189616718854,0.003007200668272455,0.0035332021227914815,0.004158190477035269,0.007504655517196343]}
{"id": 2, "drone": 1, "position":(16.666666666666668,8.333333333333334,1.0), "time":278.5160090385284,"sensors":[18,38,39,8,28,3,9,1,14,22],"power":[0.018166223139117494,0.028510726166686054,0.08940577895206804,0.08074749275735348,0.0633935095714784,0.03494421223133573,0.42192235724132254,0.12216500973444526,1.5084594825222468,0.08082810975713267]}
{"id": 3, "drone": 2, "position":(8.333333333333334,8.333333333333334,1.0), "time":651.8860363719542,"sensors":[39,8,28,9,24,1,14,22],"power":[0.10704591538249601,0.04579986970221028,2.337884678575745,0.082637101878187,0.15000000000000002,0.051950833511291476,0.16884217738135088,0.07438571254654217]}
{"id": 4, "drone": 2, "position":(41.666666666666664,41.666666666666664,2.0), "time":171.9523655550438,"sensors":[23,2,7,32,27,30],"power":[0.016623582592284955,0.018935214203468036,0.14626709162658777,0.1264743267076461,0.5062543642413788,0.047813869043434515]}
{"id": 5, "drone": 4, "position":(25.0,33.333333333333336,1.0), "time":336.5630352634733,"sensors":[2,11,4,12,16,31,17,6,10,5],"power":[0.03467967139405422,0.046495223635585906,0.03605344397725781,0.12318986696792372,0.03365007159383514,0.029058164490135183,0.05128080120934633,0.03410468014524051,0.1285386099386037,0.07397763733650645]}
{"id": 6, "drone": 4, "position":(33.333333333333336,41.666666666666664,1.0), "time":290.54005368505756,"sensors":[23,2,11,7,32,12,27,30],"power":[0.12709302784251209,0.04061564666808418,0.040213977377547984,0.052167013684495445,0.042486453799323955,0.04950067288333781,0.07274010420530155,0.8803440342768011]}
{"id": 7, "drone": 4, "position":(8.333333333333334,33.333333333333336,1.0), "time":71.46529955093416,"sensors":[34,29,6,21,5,36,13,20],"power":[0.03712802229042137,0.005695186611640052,0.014878036380659952,0.013200594399759402,0.00790020742896112,0.050666728875191754,0.05031517850335204,0.03986343928714423]}
{"id": 8, "drone": 3, "position":(25.0,8.333333333333334,1.0), "time":215.3328193953418,"sensors":[18,38,39,8,3,31,19,26,9,25,1,14,22],"power":[0.049473887199589825,0.02108762256003528,0.02190905594922008,0.048668995257825205,0.02193243957379837,0.015516311161638527,0.016158049514399517,0.034353616923311646,0.06476189387480333,0.018442849683132253,0.06442396759557913,0.03808537976482646,0.027349311954213286]}
{"id": 9, "drone": 3, "position":(25.0,25.0,4.0), "time":215.33281939534186,"sensors":[38,4,3,12,16,31,17,25,10,33],"power":[0.04647405809419848,0.0443052778164406,0.03834198831214165,0.028004711020751964,0.10719242806485604,0.10008397289824814,0.056059108445869914,0.02421747263019098,0.08761643596429491,0.020962742932497426]}
{"id": 10, "drone": 3, "position":(33.333333333333336,33.333333333333336,1.0), "time":313.959622634623,"sensors":[2,4,12,17,27,10,30],"power":[0.43334427406373105,0.0681061646513951,0.8701179162763922,0.07786901487364746,0.04269730270251366,0.08341130352276996,0.04702099319755359]}
{"id": 11, "drone": 0, "position":(41.666666666666664,8.333333333333334,4.0), "time":215.33281939534174,"sensors":[37,35,19,26,33],"power":[0.06282913113250445,0.07522639106929965,0.024227296512589962,0.03214508613649938,0.01400853292255792]}
{"id": 12, "drone": 0, "position":(16.666666666666668,16.666666666666668,1.0), "time":38.56014120565254,"sensors":[38,28,3,29,16,31,9,1,14],"power":[0.029398318323738508,0.0028365098061492755,0.048759044958231836,0.012192581922592536,0.008416640082831271,0.007280572059188049,0.014682215440344768,0.02436523423074967,0.010291972143163158]}
{"id": 13, "drone": 0, "position":(8.333333333333334,41.666666666666664,1.0), "time":748.3671961640889,"sensors":[34,0,6,21,5,36,13,15,20],"power":[0.1157401272332918,0.1866237993119942,0.2208198631281112,0.1367994056002406,0.09873413808636541,0.06382643122269027,0.17724424433492242,0.15,0.06408143702797688]}
{"id": 14, "drone": 5, "position":(8.333333333333334,25.0,1.0), "time":364.46251029645396,"sensors":[38,34,3,29,36,13,20],"power":[0.0240754335343908,0.05503318345931887,0.026302960615230433,0.2085856329774134,0.18852395648146422,0.04353684014365273,0.12779645082054192]}
{"id": 15, "drone": 5, "position":(41.666666666666664,8.333333333333334,1.0), "time":233.93685880408643,"sensors":[37,35,19,26,25,33],"power":[0.08717086886749555,0.13618969090786495,0.03191716377468161,0.040729727729180126,0.015832278683180153,0.017750814584845873]}
{"id": 16, "drone": 5, "position":(33.333333333333336,8.333333333333334,1.0), "time":512.6666869839194,"sensors":[18,35,19,26,25,33],"power":[0.08235988966129268,0.07811105685482907,0.11536126040023234,0.34025221044408394,0.08398660429986085,0.0726885809551977]}
