LP RESULTS :
 Obj = 0.1*lambda1+0.9*lambda2 = 133.40111861224216 (lambda1 = 1316.0111861224213, lambda2 = 2.0) Resol time = 309 ms

{"id": 0, "drone": 5, "position":(25.0,41.666666666666664,1.0), "time":117.81404382474739,"sensors":[27,34,35,13,0,15],"power":[0.016935210296168346,0.009643130133124131,0.015724391023922146,0.055684694113011565,0.019674869717749024,0.013672837639086721]}
{"id": 1, "drone": 5, "position":(41.666666666666664,8.333333333333334,1.0), "time":910.0442640997901,"sensors":[10,19,20,2,18],"power":[0.23063505950739865,0.1695436637049224,0.16021114319304425,0.0952197486141682,0.15]}
{"id": 2, "drone": 4, "position":(33.333333333333336,8.333333333333334,5.0), "time":349.9729597758041,"sensors":[3,10,38,25,1,9],"power":[0.025095759202926237,0.1323385928378478,0.032046313272520485,0.048740379674764946,0.058839596934128206,0.04779243595675426]}
{"id": 3, "drone": 4, "position":(25.0,25.0,2.0), "time":334.6670811904548,"sensors":[24,4,34,25,32,9,23],"power":[0.17218516667147518,0.030675806651936942,0.13781656516949303,0.039868829077111485,0.2681981779636194,0.05317921001946625,0.07428227156368325]}
{"id": 4, "drone": 0, "position":(41.666666666666664,25.0,1.0), "time":405.96692202263125,"sensors":[26,24,22,33,19,36,17,20,32,2,30,23],"power":[1.3841678683512868,0.03841725037971308,0.05465491153737559,0.15572006553131526,0.0998351992714672,0.09569010059376232,0.16928442565781124,0.10375249777410936,0.03072000694055346,0.12896751422512978,0.041712891664716034,0.07940552970493416]}
{"id": 5, "drone": 0, "position":(41.666666666666664,33.333333333333336,1.0), "time":298.93065488132765,"sensors":[26,22,33,36,17,5,11,30,23],"power":[0.09847417532985125,0.21634024264529633,0.040837517915909546,0.054309899406237705,0.025989274865232996,0.047180607189679105,0.0519388880197392,0.16182681215447256,0.03242969463521662]}
{"id": 6, "drone": 2, "position":(8.333333333333334,41.666666666666664,1.0), "time":1198.197142297674,"sensors":[27,35,12,13,0],"power":[0.20548399407090528,0.3059404796395564,0.27227762477561746,0.10431122726683886,0.16950762171589032]}
{"id": 7, "drone": 2, "position":(25.0,16.666666666666668,1.0), "time":39.39699212078105,"sensors":[3,10,24,4,34,25,32,1,9,23],"power":[0.015530232310764652,0.0046436292844250346,0.004810538926425865,0.0025136998247137694,0.0025403046973828257,0.07824991902413252,0.006586229083980366,0.004457272196619943,0.04902835402377952,0.0032521890435178286]}
{"id": 8, "drone": 3, "position":(41.666666666666664,41.666666666666664,1.0), "time":611.1136092184624,"sensors":[22,16,6,5,11,15,30],"power":[0.129571281191309,0.20198720503137943,0.18241681022323197,1.9230488999284898,0.22192853013581257,0.13632716236091325,0.14785095763402034]}
{"id": 9, "drone": 3, "position":(8.333333333333334,25.0,4.0), "time":363.42900762573026,"sensors":[4,29,8,21],"power":[0.11681049352334928,0.28482958147084636,0.044648950333411194,0.25254171129921765]}
{"id": 10, "drone": 1, "position":(16.666666666666668,8.333333333333334,1.0), "time":591.9741530353814,"sensors":[3,28,38,37,25,14,31,7,1],"power":[0.2162958600285409,0.07805942104292689,0.12264640484383596,0.6541778552947598,0.06032268725334257,0.15,0.10990732174264572,0.044220323065852066,0.10451994832092568]}
{"id": 11, "drone": 1, "position":(8.333333333333334,8.333333333333334,1.0), "time":724.03703308704,"sensors":[28,37,31,39,7,8],"power":[0.7272666769640479,0.19355920083255423,0.5465853912436509,0.15,0.18803555721499401,0.12791619239703897]}
