LP RESULTS :
 Obj = 0.1*lambda1+0.9*lambda2 = 150.91918273734316 (lambda1 = 1482.1918273734316, lambda2 = 3.0) Resol time = 10447 ms

{"id": 0, "drone": 3, "position":(8.333333333333334,33.333333333333336,1.0), "time":616.4031432905681,"sensors":[6,16,17,5,24],"power":[0.05045577085423,0.6690718649095778,0.4844420635311409,0.05419592896712432,0.3419982475671653]}
{"id": 1, "drone": 3, "position":(8.333333333333334,8.333333333333334,1.0), "time":351.2688558718155,"sensors":[9,27,0,11,20,23,10,14,3,19],"power":[0.10556863373576851,0.061148294546362954,0.04730695957059769,0.030424140043683295,0.08151591769073493,0.02808751486332481,0.21128246984957663,0.025533126720577462,0.15718095147679476,0.20836642774763586]}
{"id": 2, "drone": 3, "position":(33.333333333333336,16.666666666666668,1.0), "time":514.519828211048,"sensors":[15,12,2,1,7,18],"power":[0.24591018456457484,0.43058338251813566,0.05535648179244685,0.1957055306761384,0.07593446032341752,0.04990067711359984]}
{"id": 3, "drone": 1, "position":(33.333333333333336,8.333333333333334,2.0), "time":555.2703317642925,"sensors":[15,12,1,26,7],"power":[0.3225665742796234,0.1608238298421572,0.08343075515878692,0.043968847545220555,0.9205772682431848]}
{"id": 4, "drone": 1, "position":(8.333333333333334,25.0,1.0), "time":164.3938010571028,"sensors":[6,16,9,11,14,17,5,29,24],"power":[0.07448211248198262,0.04522309770421993,0.02031997346977189,0.05078893181221969,0.023526574615692988,0.06202543775861746,0.016192382027540225,0.010701074367437415,0.01317751391891512]}
{"id": 5, "drone": 1, "position":(8.333333333333334,8.333333333333334,1.0), "time":762.5276945520363,"sensors":[9,27,0,11,20,23,10,14,3,19],"power":[0.2291663651756234,0.13273954490073595,0.10269304042940232,0.06604413963389896,0.17695319054613914,0.060971838511760246,0.45864793288833255,0.05542682172783285,0.34120539453925586,0.45231784462676183]}
{"id": 6, "drone": 0, "position":(8.333333333333334,33.333333333333336,1.0), "time":306.1764239754614,"sensors":[6,16,17,5,24],"power":[0.025062116663787357,0.33233774553294376,0.24062943262010386,0.02691990770293684,0.16987551342941287]}
{"id": 7, "drone": 0, "position":(33.333333333333336,33.333333333333336,2.0), "time":1086.9733683231323,"sensors":[4,28,22,13,8,25],"power":[0.08117710769192941,0.5578907471804385,0.09537428745571781,0.1342385398971494,0.10489042229357648,0.1509568775530265]}
{"id": 8, "drone": 0, "position":(16.666666666666668,16.666666666666668,1.0), "time":38.2605020357631,"sensors":[9,27,11,22,12,2,10,14,1,19,5,29,18],"power":[0.01456757971830584,0.003389515300051426,0.0027427885101981267,0.0036937667031408466,0.0024446316386512344,0.018005807031809047,0.005109725653879632,0.13622251783273281,0.004794696653360006,0.0025921645879902764,0.00334694290199737,0.07554785567719788,0.018305299053097444]}
{"id": 9, "drone": 2, "position":(41.666666666666664,41.666666666666664,5.0), "time":395.2184590502993,"sensors":[4,21,13,8,25],"power":[0.11526235454737602,0.18171487629623917,0.1570210971816502,0.2345617498381862,0.07126433209921881]}
{"id": 10, "drone": 2, "position":(25.0,16.666666666666668,1.0), "time":44.00639044851138,"sensors":[15,22,12,2,14,1,7,5,29,18],"power":[0.012618359691450115,0.00679944201430766,0.02180613122972134,0.07510112283279886,0.008032176054491118,0.11253260501157075,0.004315470211362436,0.0029827047427035723,0.01880443889573415,0.04528902584683806]}
{"id": 11, "drone": 2, "position":(25.0,8.333333333333334,1.0), "time":208.40019150561415,"sensors":[27,15,20,12,23,2,10,1,26,7,29,18],"power":[0.038938660059517884,0.06787859912484785,0.021311316720735024,0.05390610422391874,0.031046049336169577,0.04887570340934978,0.01815661952496827,0.04808478508260657,0.07474032295281215,0.06842906550023586,0.0250457160941991,0.024061883400500438]}
{"id": 12, "drone": 4, "position":(25.0,33.333333333333336,2.0), "time":312.9515665660249,"sensors":[16,28,22,5],"power":[0.01974901992202468,0.10559062240807139,0.08531360522736776,0.08234362996997331]}
{"id": 13, "drone": 4, "position":(16.666666666666668,8.333333333333334,1.0), "time":121.73458340820255,"sensors":[9,27,20,23,2,10,14,1,26,3,19,29,18],"power":[0.025271640964017506,0.12871795911635125,0.05839745358543265,0.02989459728874536,0.022160534591507377,0.12219506440664753,0.01732408201550187,0.008538423863896683,0.03129082950196729,0.011854489583866605,0.009535171753890088,0.01990091496543141,0.012443114585964199]}
