LP RESULTS :
 Obj = 0.1*lambda1+0.9*lambda2 = 109.48051394560667 (lambda1 = 1067.8051394560666, lambda2 = 3.0) Resol time = 338016 ms

{"id": 0, "drone": 4, "position":(8.333333333333334,25.0,1.0), "time":647.5084255902412,"sensors":[16,21,5,0,20,19,26],"power":[0.18461085210157813,0.08092375687068874,0.3589323647778604,0.0798176005603514,0.17148240090750938,0.17501172284217173,0.0560862150413208]}
{"id": 1, "drone": 4, "position":(33.333333333333336,16.666666666666668,1.0), "time":420.2967138658254,"sensors":[6,1,18,17,4,2,8,12,15,28],"power":[0.17424171979378497,0.08747870910598353,0.08808585485663796,0.03622035253427961,0.04249146475268364,1.963089843845223,0.09687603333508284,0.6481227355032053,0.027639117523039904,0.08120737876771499]}
{"id": 2, "drone": 0, "position":(41.666666666666664,33.333333333333336,1.0), "time":149.83403795739483,"sensors":[3,1,17,4,27,7,24,15],"power":[0.18134811252244604,0.01373142581865486,0.011871718774231689,0.041190836020968125,0.010266844182729272,0.08526060884208428,0.15506845068431171,0.03828046644979996]}
{"id": 3, "drone": 0, "position":(16.666666666666668,25.0,1.0), "time":6.232656611534679,"sensors":[16,21,5,20,19,10,26,28],"power":[0.002493304339049054,0.008255665804286981,0.003014279427969445,6.525186325341859E-4,0.0010027824315764161,9.771109515740535E-4,5.718093695468308E-4,9.09249699430682E-4]}
{"id": 4, "drone": 0, "position":(41.666666666666664,25.0,1.0), "time":6.522217479661716,"sensors":[3,1,18,17,4,2,7,24,15],"power":[5.996190398953301E-4,0.0012982142307041951,7.724606100833868E-4,0.0037580674171088604,0.019373142424876373,5.711918478767168E-4,0.001063844990619533,0.001473683062717524,0.028375343975510246]}
{"id": 5, "drone": 1, "position":(16.666666666666668,41.666666666666664,1.0), "time":170.76749868234958,"sensors":[14,16,9,25,10,29,22],"power":[0.08315774561122805,0.015040829443236859,0.1545560366190508,0.02193191604360752,0.019173851348637486,0.03525771873005448,0.23069634261596605]}
{"id": 6, "drone": 1, "position":(25.0,25.0,5.0), "time":170.76749868234938,"sensors":[21,1,25,10,12,28],"power":[0.035321578709577306,0.02934667328038178,0.01434080029138676,0.030674391947452233,0.01717470547621411,0.06795164894691394]}
{"id": 7, "drone": 1, "position":(41.666666666666664,41.666666666666664,1.0), "time":414.0640572542908,"sensors":[23,3,27,7,24],"power":[0.041030959353149904,0.28489588377543257,0.2466570681820036,0.06367554616729616,0.059142154915928585]}
{"id": 8, "drone": 2, "position":(8.333333333333334,33.333333333333336,1.0), "time":243.2965585719413,"sensors":[14,16,21,5,0,22],"power":[0.02038402646407751,0.08798633543376096,0.025498998615446963,0.08276396741956267,0.07018239943964859,0.04459004547856265]}
{"id": 9, "drone": 2, "position":(41.666666666666664,16.666666666666668,1.0), "time":320.3846714708352,"sensors":[6,1,18,17,4,2,8,12,15],"power":[0.04793777973844349,0.027904150145720542,0.7430678311965903,0.16463229285882247,0.050404870027601495,0.0839882679166379,0.09572812105720323,0.03333878908600253,0.05570507205164987]}
{"id": 10, "drone": 2, "position":(16.666666666666668,8.333333333333334,1.0), "time":414.0640572542907,"sensors":[13,20,19,11,26],"power":[3.7018541157802116,0.031926185557094464,0.04395714341033677,0.5557091250519668,0.133862898231602]}
{"id": 11, "drone": 3, "position":(25.0,41.666666666666664,1.0), "time":653.7410822017758,"sensors":[23,14,9,25,10,29,22],"power":[0.1799611291793217,0.04645822792469445,0.08873729728748506,0.3202571728016124,0.11127957151876447,0.11474228126994551,0.06578940464175942]}
