LP RESULTS :
 Obj = 0.1*lambda1+0.9*lambda2 = 126.08908454358823 (lambda1 = 1242.8908454358823, lambda2 = 2.0) Resol time = 10102 ms

{"id": 0, "drone": 1, "position":(8.333333333333334,16.666666666666668,1.0), "time":470.2601456627596,"sensors":[1,0,14,13,6,16,23,4,8,3,17,22],"power":[0.03004174819717194,0.4602549705109573,0.03502653226581372,0.14561631027154157,0.13066660022040172,0.1814530235186929,0.06803530838796099,0.12123059552922869,0.04220306994205883,0.03966713636516803,0.15772907496348107,0.29515350013252656]}
{"id": 1, "drone": 1, "position":(8.333333333333334,8.333333333333334,4.0), "time":408.9080281664224,"sensors":[0,13,23,4,8,3,17],"power":[0.03606421106972119,0.05661495934655299,0.08196469161203901,0.0560240762714759,0.15519834604919072,0.027363312850281683,0.14542617541157135]}
{"id": 2, "drone": 2, "position":(41.666666666666664,41.666666666666664,1.0), "time":691.4637153724574,"sensors":[29,10,12],"power":[0.06495160587263002,0.14999999999999997,0.1855532352862091]}
{"id": 3, "drone": 2, "position":(33.333333333333336,8.333333333333334,1.0), "time":551.4271300634249,"sensors":[25,9,20,27,28,5],"power":[0.05631090608646537,0.04894484672786786,0.2658426244684982,0.1466168418844869,0.3198839010137494,0.04640347106949561]}
{"id": 4, "drone": 0, "position":(8.333333333333334,25.0,1.0), "time":164.5741246977623,"sensors":[1,24,0,14,19,13,6,15,16,4,21,22],"power":[0.0410371956173463,0.03844206114411595,0.058509475356554416,0.03575483911748922,0.070044564177441,0.015563954195417104,0.042330972633706686,0.014989659566230802,0.20793255880817513,0.012128028510898798,0.014071283517044134,0.12540764994294912]}
{"id": 5, "drone": 0, "position":(16.666666666666668,8.333333333333334,1.0), "time":199.14854690893793,"sensors":[4,8,20,3,17],"power":[0.07251185748906301,0.07918649228173971,0.015241733473552873,0.08296955078455019,0.09528249688657725]}
{"id": 6, "drone": 4, "position":(33.333333333333336,16.666666666666668,1.0), "time":492.3151684635194,"sensors":[25,9,20,27,28,5],"power":[0.6293458195481098,0.17760728349331664,0.03971243932970491,0.044259456598909876,0.44741961506703665,0.2415436261233642]}
{"id": 7, "drone": 4, "position":(41.666666666666664,33.333333333333336,2.0), "time":407.6060763396801,"sensors":[29],"power":[0.08504839412736998]}
{"id": 8, "drone": 3, "position":(8.333333333333334,41.666666666666664,1.0), "time":470.26014566275967,"sensors":[24,26,19,7,11,15,21,18,2],"power":[0.03824958366541164,0.10873368615293834,0.04540771507172671,0.12452348017876959,0.18027708347842442,0.07940849611173813,0.03717534615385539,0.24885994675090597,0.8592538700477619]}
{"id": 9, "drone": 3, "position":(8.333333333333334,33.333333333333336,1.0), "time":608.0565750753603,"sensors":[1,24,14,26,19,7,11,15,16,21,18,2,22],"power":[0.11686184516551179,0.21251385783392082,0.07921862861669704,0.04126631384706168,0.5857957192354374,0.1573468909272012,0.11848053852355436,0.1842528302427913,0.0662629779309232,0.10803218562465582,0.10537463186565982,0.10012471778329181,0.049306721575776445]}
