LP RESULTS :
 Obj = 0.1*lambda1+0.9*lambda2 = 119.02058924066003 (lambda1 = 1163.2058924066002, lambda2 = 3.0) Resol time = 29859 ms

{"id": 0, "drone": 2, "position":(33.333333333333336,8.333333333333334,5.0), "time":614.3887081060603,"sensors":[16,18,2,21,3,19,5,28,9],"power":[0.2638000046937359,0.19588682941061347,0.17130887288107152,0.0779650189371101,0.1577562753777637,0.09222943885295473,0.11023659651201277,0.28473031648597463,0.06492744985758271]}
{"id": 1, "drone": 2, "position":(41.666666666666664,41.666666666666664,1.0), "time":388.1118046825758,"sensors":[15,24,22],"power":[0.08676308143312243,0.2749819081508224,0.10116672059976352]}
{"id": 2, "drone": 2, "position":(8.333333333333334,25.0,1.0), "time":160.70537961796418,"sensors":[27,13,14,6,12,0,20,1],"power":[0.15740105015132277,0.011861607663699078,0.014736938490552829,0.019026001551532896,0.1602754595863489,0.28505398760736794,0.0707866549127753,0.018588701295422942]}
{"id": 3, "drone": 4, "position":(41.666666666666664,8.333333333333334,2.0), "time":30.181719759052008,"sensors":[16,18,21,3,19,5,28,9],"power":[0.005563365426037702,0.00247674995642679,0.0720349810628899,0.0046126153912383295,0.007872454003545672,0.0019176430440221558,0.004036266825672022,0.0030839879188332194]}
{"id": 4, "drone": 4, "position":(8.333333333333334,8.333333333333334,5.0), "time":84.1558459576604,"sensors":[8,10,17],"power":[0.027708385197094048,0.009182984921376616,0.005418668381662871]}
{"id": 5, "drone": 4, "position":(33.333333333333336,41.666666666666664,1.0), "time":753.6199149389897,"sensors":[25,26,15,24,4,29,22],"power":[0.2322062929518841,0.12515395170486127,0.09271392913896391,0.41412864474568784,0.05309715910003334,0.06198031548901105,0.04883327940023647]}
{"id": 6, "drone": 3, "position":(8.333333333333334,8.333333333333334,1.0), "time":990.0047822753884,"sensors":[27,8,20,10,17],"power":[0.07196431760653883,0.8085071614624174,0.07516349492068126,0.14081701507862338,0.07881592452531734]}
{"id": 7, "drone": 3, "position":(16.666666666666668,25.0,1.0), "time":12.495730513247636,"sensors":[27,13,14,6,12,0,20,4,29,1],"power":[0.0017023430339077898,0.008914227754444374,0.002738066220114074,0.02491986007363899,0.01022478615624333,0.0013585975627809352,0.00404985016654341,0.0014671773182807725,0.0013668700125703897,0.006054416483336526]}
{"id": 8, "drone": 3, "position":(16.666666666666668,41.666666666666664,1.0), "time":111.4660046385928,"sensors":[25,14,26,11,4,29,1],"power":[0.01307116384118289,0.02365876994267964,0.01959187576189587,0.08936614354978764,0.019178108461750665,0.007201396868806834,0.011436236741930497]}
{"id": 9, "drone": 0, "position":(33.333333333333336,16.666666666666668,1.0), "time":200.68684316474926,"sensors":[16,18,2,3,19,5,28,9],"power":[0.02159332118501691,0.019000328237564645,0.021990284685337116,0.43359059136166217,0.08739533380495225,0.29694320428209964,0.028540812413152192,0.3341118535012852]}
{"id": 10, "drone": 0, "position":(16.666666666666668,33.333333333333336,1.0), "time":47.322348738076236,"sensors":[13,14,6,12,26,11,4,29,1],"power":[0.009771473299529309,0.47322348738076236,0.007955073171542955,0.007951943730563652,0.008460903067987201,0.004553007653787396,0.018372859260928166,0.008863396594779834,0.06589892789405394]}
{"id": 11, "drone": 0, "position":(8.333333333333334,41.666666666666664,1.0), "time":592.9145353210256,"sensors":[23,14,11,7],"power":[0.15,0.05235341043806216,0.055301762806504,0.1525458029530126]}
{"id": 12, "drone": 1, "position":(25.0,25.0,1.0), "time":228.90335720318646,"sensors":[13,14,6,12,26,4,29,5,1,9],"power":[0.2301378114099987,0.024251544790135103,0.09695070087356959,0.017556165174615945,0.018969286510579348,0.0376107915819266,0.06954828788529896,0.027247927457102722,0.045584863569957446,0.016061093013645625]}
{"id": 13, "drone": 1, "position":(25.0,33.333333333333336,1.0), "time":9.398536374522761,"sensors":[25,13,14,6,26,11,4,29,1],"power":[9.234124212305147E-4,0.0020825618945555075,0.0023418800523979624,0.001148364329717433,0.00909566113831838,7.790859899222035E-4,0.02027390427711369,0.04157470942793516,0.002436854015302666]}
{"id": 14, "drone": 1, "position":(25.0,8.333333333333334,1.0), "time":89.0452641735514,"sensors":[16,18,2,3,8,5,28,17],"power":[0.01700479838225884,0.041315589001208415,0.11002761524472297,0.01161658798915916,0.005977181260323201,0.017205746232514044,0.028459705279897732,0.06576540709301944]}
