LP RESULTS :
 Obj = 0.1*lambda1+0.9*lambda2 = 163.33006346367435 (lambda1 = 1597.3006346367433, lambda2 = 4.0) Resol time = 75633 ms

{"id": 0, "drone": 2, "position":(8.333333333333334,8.333333333333334,1.0), "time":632.8731788241398,"sensors":[1,25,31,22],"power":[0.11352511688079742,0.10416636568390736,0.15,0.20747722272742833]}
{"id": 1, "drone": 2, "position":(8.333333333333334,16.666666666666668,1.0), "time":155.61970103710405,"sensors":[12,38,4,1,11,0,17,42,22],"power":[0.014309077865048017,0.01062872010001714,0.011075905553341573,0.03264296983058458,0.06108919792976204,0.0432276413931464,0.03616563001785549,0.034067654169573074,0.08622282226085683]}
{"id": 2, "drone": 2, "position":(8.333333333333334,25.0,1.0), "time":670.3746299202699,"sensors":[38,4,11,0,17,42,22],"power":[0.16395791371265658,0.42271422894931643,1.1077609013386707,0.17123378012966184,1.5712345474410891,0.11593234583042691,0.058010298898498444]}
{"id": 3, "drone": 2, "position":(16.666666666666668,41.666666666666664,1.0), "time":138.43312485522418,"sensors":[21,13,30,32,3,48,40,26,14],"power":[0.016570922753506013,0.025850400537481697,0.11285109143636007,0.07242696428095248,0.030840949636905587,0.009566798277583445,0.010590180703090805,0.020845805960268794,0.041895310522543826]}
{"id": 4, "drone": 0, "position":(33.333333333333336,41.666666666666664,1.0), "time":603.714927879395,"sensors":[8,30,2,10,20,44,35,24],"power":[0.17882971872444486,0.039873527160607054,0.1509503761350573,0.05545597898204101,0.18725084513384738,0.1405478305619939,0.06268102701730177,0.15441144664759313]}
{"id": 5, "drone": 0, "position":(33.333333333333336,25.0,1.0), "time":121.57846242491712,"sensors":[18,10,20,23,35,34,39,7,47,5,29,6],"power":[0.31325355247061504,0.057799841292323,0.010668876536411668,0.03199776891339034,0.02434305919017048,0.08283392347675371,0.05954052006128103,0.027343618642928308,0.021687486034338857,0.13033206348059276,0.011363782754965501,0.012242443954724676]}
{"id": 6, "drone": 0, "position":(25.0,25.0,1.0), "time":84.69521460610783,"sensors":[18,12,10,20,43,23,34,39,0,47,5],"power":[0.010900315941047359,0.015251387180531513,0.021051534694417902,0.00750958507042348,0.007052072104309616,0.056656953437913,0.09688879258999042,0.14295807771936622,0.00911532600083155,0.05589791937488425,0.0667482308461914]}
{"id": 7, "drone": 0, "position":(41.666666666666664,8.333333333333334,1.0), "time":787.3120297260551,"sensors":[45,33,9,27,36,41,16,37,19,7,28,29,6],"power":[1.5627978942459155,0.15,7.401580243849413,0.13962045949895846,0.17108222332208578,0.3198251199152472,0.21708700828509003,0.29589134260134686,1.901682848094381,0.09397140054560561,0.16319430368842403,0.05128703930144907,0.04980376099469969]}
{"id": 8, "drone": 1, "position":(41.666666666666664,25.0,1.0), "time":118.67744143711121,"sensors":[18,8,27,10,36,35,34,7,5,29,6],"power":[0.04386765068375359,0.008513862304038541,0.01833578338719595,0.011369727883455602,0.012511661257156331,0.03337263409491502,0.008454077325922375,0.03656578715857715,0.009906459142856835,0.08389369204605358,0.09112472573824613]}
{"id": 9, "drone": 1, "position":(25.0,8.333333333333334,1.0), "time":808.807754775511,"sensors":[46,12,49,1,43,23,25,15,47,28],"power":[0.6472849575476829,0.12608979400692347,0.5397530608879602,0.11775976590987934,0.6708168915923983,0.06134527764869666,0.05293769289282498,0.1500000000000001,0.07437013405594221,0.12928307891418686]}
{"id": 10, "drone": 1, "position":(8.333333333333334,41.666666666666664,1.0), "time":630.754859067119,"sensors":[21,13,30,4,32,3,48,40,26,14],"power":[0.16697296452183977,0.12414959946250471,0.05569341952598812,0.05673876324791511,0.08188967440045238,1.4199653106469825,0.4072295995891504,0.2986961937362445,0.3809492524242698,0.3670137291212523]}
{"id": 11, "drone": 1, "position":(41.666666666666664,33.333333333333336,1.0), "time":39.06057935709339,"sensors":[18,8,10,20,44,35,24,29,6],"power":[0.004550491550866114,0.02177985899291379,0.004322917147762387,0.002930337942141365,0.00945216943799612,0.0667548547979705,0.007169433266229758,0.0034554858975296547,0.0033721747850819607]}
