LP RESULTS :
 Obj = 0.1*lambda1+0.9*lambda2 = 175.94541257187328 (lambda1 = 1705.4541257187325, lambda2 = 6.0) Resol time = 64615 ms

{"id": 0, "drone": 2, "position":(16.666666666666668,8.333333333333334,1.0), "time":221.4710207840184,"sensors":[43,49,37,34,16,27,12,10,44],"power":[0.5691512755727121,0.10877951487218301,0.021650845828440766,0.017766000919699133,0.04232168752915226,0.16330115690739358,0.058160428943100445,0.15103240710423918,0.11677710455462409]}
{"id": 1, "drone": 2, "position":(41.666666666666664,41.666666666666664,1.0), "time":778.474205009797,"sensors":[31,9,14,15,42,5,19,36,47,35,29,38],"power":[1.3184404356025814,0.06821322602263066,0.999543242848155,0.0721982168849678,0.12456238663982033,0.11837281538995903,0.22423436716007117,1.697760463991397,0.6086939000707677,0.06439102351233122,0.4010237781913726,0.2490794050710973]}
{"id": 2, "drone": 2, "position":(16.666666666666668,33.333333333333336,1.0), "time":35.484882662585505,"sensors":[39,34,22,11,17,2,30,0,18,24,45,21,20],"power":[0.012325453864177147,0.0023965570838582234,0.006223632434439889,0.004096224954230352,0.002246844537190424,0.00343778270108851,0.01746508314027009,0.014997456378524255,0.0035334183572916394,0.04227998062471763,0.0023289245276873335,0.02904145693457044,0.005951622735792019]}
{"id": 3, "drone": 2, "position":(33.333333333333336,33.333333333333336,1.0), "time":33.44009176372797,"sensors":[8,31,9,14,3,15,1,46,36,0,18,24,35,29,20,38],"power":[0.006588518354224137,0.0023387111870178516,0.003854091631420291,0.002653389595160858,0.005637433697385947,0.0021456747595347144,0.002429533985286083,0.07885284080826482,0.003627545804602134,0.002540306139279058,0.018927908430196427,0.0022063859746865385,0.10421045797481222,0.0034064162574484564,0.00668806422068841,0.0023343530654838353]}
{"id": 4, "drone": 2, "position":(8.333333333333334,25.0,1.0), "time":577.8569658284766,"sensors":[40,39,34,22,11,30,7,45,21],"power":[0.15,0.1808375020503531,0.05025995863308424,0.1115581851354437,1.314086517912885,0.11141010433349303,0.5681540356406226,0.6509013087166998,0.11316613018324337]}
{"id": 5, "drone": 2, "position":(25.0,33.333333333333336,1.0), "time":58.72695967012717,"sensors":[8,9,22,17,1,46,30,0,18,24,35,21,20],"power":[0.007402225588187489,0.006483794568349705,0.005168834772922478,0.004794875187910409,0.006217470058325103,0.02075385278854377,0.008669857019895132,0.029088384994378585,0.09042381494834383,0.033956358164332574,0.019006490039344886,0.00920565364260911,0.06937948030028739]}
{"id": 6, "drone": 0, "position":(41.666666666666664,41.666666666666664,1.0), "time":207.9949464316635,"sensors":[31,9,14,15,42,5,19,36,47,35,29,38],"power":[0.3522646556709569,0.018225403232634364,0.2670607990790354,0.019290124395658706,0.03328093181484868,0.03162718461004096,0.059911574314797,0.45361245689218793,0.16263256293367662,0.017204176323297404,0.1071466706616029,0.06654974202304045]}
{"id": 7, "drone": 0, "position":(25.0,41.666666666666664,1.0), "time":60.41720545930429,"sensors":[48,9,46,0,18,24,35,20,38],"power":[0.004826621741305889,0.03351595796927408,0.006461805524179732,0.022515829323626505,0.011379468195517502,0.007388077973271005,0.009833065928814352,0.005508991978638884,0.004890205065822077]}
{"id": 8, "drone": 0, "position":(16.666666666666668,41.666666666666664,1.0), "time":292.21122736618173,"sensors":[48,39,4,9,2,0,24,21,32],"power":[0.0681680640143608,0.028216156729998523,0.03147663710533142,0.019707526575690883,0.06965899138499942,0.09861792196728598,0.04006936817603625,0.022916523964515545,0.05131404216078454]}
{"id": 9, "drone": 0, "position":(41.666666666666664,8.333333333333334,1.0), "time":687.4805546163208,"sensors":[26,33,28,6,23,25],"power":[0.05089457182409531,0.9039889968357688,0.1568586290524164,0.14999999999999997,0.14254057185736477,0.27906720042188393]}
{"id": 10, "drone": 0, "position":(25.0,25.0,1.0), "time":117.3725643917696,"sensors":[8,34,22,17,1,46,30,0,18,24,35,21,20],"power":[0.04120936184062944,0.03391979318102671,0.02780523795068485,0.09137458823369278,0.1535369230905833,0.02073382018341168,0.022245793295927175,0.0091562443856814,0.021743470882247658,0.024099829086956008,0.01219305121829033,0.018282264290047697,0.07870372553550947]}
{"id": 11, "drone": 0, "position":(8.333333333333334,8.333333333333334,1.0), "time":339.97762745349235,"sensors":[43,49,41,27,12,10,45,44],"power":[0.05181557960965869,0.022111035104624314,0.0851450033144311,0.032823629288918535,1.7602498521192005,0.06928762883478173,0.022642052103586895,0.1285687179500846]}
{"id": 12, "drone": 1, "position":(25.0,8.333333333333334,1.0), "time":693.4251512872399,"sensors":[43,26,49,37,34,16,17,27,10,44],"power":[0.19617092336274294,0.09910542817590468,0.4658878133407213,0.948023294299243,0.04642609856573331,0.10767831247084773,0.04890395388262341,0.23005243197055764,0.09588875234092588,0.05500175201281549]}
{"id": 13, "drone": 1, "position":(33.333333333333336,25.0,1.0), "time":25.398159552421234,"sensors":[8,28,17,3,1,46,18,35,23,20],"power":[0.08277467946921446,0.003318243328405392,0.0026797381585829476,0.008048233417620268,0.007662807152898632,0.007015745731876787,0.003991919186402932,0.0041315692420247395,0.0036594878658482597,0.004491632117840166]}
{"id": 14, "drone": 1, "position":(41.666666666666664,33.333333333333336,1.0), "time":99.67395062697437,"sensors":[8,31,14,3,15,46,36,47,35,29],"power":[0.006383332549281585,0.026834328936576522,0.011065754831314983,0.028448735197543193,0.04601966967214551,0.01302919387014324,0.03729507721394536,0.02012695375456717,0.013799151607246776,0.07281861958854081]}
{"id": 15, "drone": 1, "position":(41.666666666666664,25.0,1.0), "time":40.3328082024275,"sensors":[8,28,3,15,46,23,29],"power":[0.0056418821984628486,0.004864647807491967,0.10786559768745058,0.010346314287693259,0.0031527410935799365,0.006851081359006836,0.0034904534402368445]}
{"id": 16, "drone": 1, "position":(8.333333333333334,41.666666666666664,1.0), "time":587.6629069116706,"sensors":[48,39,4,2,13,32],"power":[0.0770053142443333,0.07487041864121456,0.30372034009840726,5.876629069116706,0.15,0.170935930534623]}
{"id": 17, "drone": 1, "position":(8.333333333333334,8.333333333333334,1.0), "time":258.9611491379991,"sensors":[43,49,41,27,12,10,45,44],"power":[0.039467955993087375,0.016841987816117197,0.06485499668556889,0.025001776802800947,1.3407832976807799,0.05277642566805884,0.017246463761470317,0.09793086443050648]}
