LP RESULTS :
 Obj = 0.1*lambda1+0.9*lambda2 = 166.01807401571443 (lambda1 = 1615.180740157144, lambda2 = 5.0) Resol time = 18520 ms

{"id": 0, "drone": 1, "position":(25.0,16.666666666666668,1.0), "time":79.3332555583728,"sensors":[47,19,0,8,32,14],"power":[0.13217025772195737,0.01826129878739674,0.017944387421267322,0.007974208475589457,0.08920600046685093,0.011927179951329768]}
{"id": 1, "drone": 1, "position":(8.333333333333334,8.333333333333334,1.0), "time":281.65656387542504,"sensors":[35,28,27,43,44,16,14,23],"power":[0.1434057946516005,0.36567071791085853,0.1426175644148924,0.08060889900052766,0.15810155652143668,0.0786306566759363,0.05789015768072411,0.0198424789426685]}
{"id": 2, "drone": 1, "position":(25.0,8.333333333333334,1.0), "time":477.2240713105772,"sensors":[47,46,19,8,37,32,34,21,42,14,23],"power":[0.11098917054003182,0.03488228930937642,0.1655097721148533,0.04784449218110473,0.21604883141116252,0.04220313290893654,0.03986115782131244,0.06556600455748221,0.2099509941609578,0.07593466292835083,0.060796840645045]}
{"id": 3, "drone": 1, "position":(16.666666666666668,8.333333333333334,1.0), "time":329.8078955226437,"sensors":[35,47,28,27,44,16,37,42,14,23],"power":[0.07287700727117404,0.0593070807978371,0.034226382574877943,0.03986099705685855,0.1008354222644287,0.026062991493684948,0.04829932588095686,0.08625753455904561,0.3752839299122729,0.06936068041228528]}
{"id": 4, "drone": 1, "position":(8.333333333333334,16.666666666666668,1.0), "time":447.1589538901171,"sensors":[35,28,22,27,20,43,44,16,7,14],"power":[0.504222003876785,0.10214857691936825,0.11433829790365424,0.6292149149127738,0.09211710319343872,0.06939110099947231,0.2496384531112495,0.9595698406570564,0.10446698344486223,0.08433226520114173]}
{"id": 5, "drone": 0, "position":(25.0,41.666666666666664,1.0), "time":53.136519549458335,"sensors":[17,1,31,24,38,25,45],"power":[0.00596833601351376,0.014400573466337942,0.003961002302019467,0.009744282732368298,0.00459100383599566,0.1331525081131288,0.006577392201441202]}
{"id": 6, "drone": 0, "position":(41.666666666666664,25.0,1.0), "time":453.0499885031822,"sensors":[48,33,17,0,4,41,40,36,38,15,49,45,10,13,12,26,30,29],"power":[0.060594340030891425,1.8619210308482608,0.03675211757865052,0.045611455215593816,0.04170815576994827,0.036026027407039134,0.07376836093436348,0.202775380739199,0.030205478932025787,0.19220343606105558,0.645795258725765,0.03343489668041551,0.045096760123152196,0.11961753832757627,0.15,0.03023000718538851,0.07231400789224574,0.4441862763650583]}
{"id": 7, "drone": 0, "position":(41.666666666666664,41.666666666666664,1.0), "time":917.0089170026279,"sensors":[11,5,17,1,31,6,4,40,38,18,45,10,13,30,9],"power":[2.8883374250714953,0.8232666381521321,0.09408249552527588,0.11023740933284336,0.20624343579177304,0.1830535183799709,0.41080790582737176,0.18819900197723707,0.26426473595324046,0.14516691112400296,0.059637278956658726,0.27092945250890327,0.1380762184676559,0.12694162330322534,0.5229136036402714]}
{"id": 8, "drone": 0, "position":(8.333333333333334,25.0,1.0), "time":182.6222390701966,"sensors":[3,35,39,22,27,20,44,16,7],"power":[0.018678652655252457,0.018238920658916472,0.021726502576671004,0.11849750593040739,0.01916716682931777,0.05788289680657075,0.01357294647794119,0.026237274450258013,0.11720681525173303]}
{"id": 9, "drone": 0, "position":(33.333333333333336,33.333333333333336,1.0), "time":9.363076031678546,"sensors":[11,48,33,5,17,1,0,24,4,40,38,49,25,45,10,13,30],"power":[8.194893760313417E-4,0.007029846697949527,6.078791446932105E-4,6.273399739198296E-4,0.08971869037646993,0.005537601701739453,0.0010904082461381953,0.0034597393433246355,9.50102741567683E-4,8.157023308203123E-4,0.006277453918764911,6.13492308614027E-4,0.0015463373962880172,0.03244333115578898,7.093274688492895E-4,0.0038260400325919428,0.01786795709464268]}
{"id": 10, "drone": 2, "position":(8.333333333333334,41.666666666666664,1.0), "time":555.035793805166,"sensors":[3,39,2],"power":[0.19409892003944107,0.2098419271803291,0.15000000000000002]}
{"id": 11, "drone": 2, "position":(41.666666666666664,8.333333333333334,1.0), "time":899.6658983063535,"sensors":[46,19,8,41,15,34,21,26],"power":[0.3129095329058062,0.10280687160897126,0.2531303211115873,0.5917283414827329,0.10613765064180297,0.11013884217868675,0.16666037826576205,0.11976999281461148]}
{"id": 12, "drone": 2, "position":(25.0,33.333333333333336,1.0), "time":42.17608730230797,"sensors":[48,17,1,0,24,38,32,25,45,30],"power":[0.009526676293140678,0.009707254253329288,0.010111303916301379,0.004030847173420732,0.12358160119870255,0.0039746101451994175,0.003072304184209873,0.015301154490583183,0.014415549350034288,0.004640042674826041]}
{"id": 13, "drone": 2, "position":(41.666666666666664,41.666666666666664,1.0), "time":30.530274162614432,"sensors":[11,5,17,1,31,6,4,40,38,18,45,10,13,30,9],"power":[0.09616235112501079,0.027409282184380823,0.0031323189219122794,0.0036701696870177917,0.0068665293458039,0.006094459932667892,0.013677160342207676,0.006265770180595744,0.008798251238968291,0.0048330888759972575,0.0019855231973211988,0.009020141800649622,0.004597016154361452,0.004226308479924725,0.01740953156124264]}
{"id": 14, "drone": 2, "position":(33.333333333333336,25.0,1.0), "time":87.77268658070388,"sensors":[48,33,17,1,0,24,8,36,38,15,49,32,45,13,30,29],"power":[0.07284913697801837,0.016675423877620756,0.016185815146841625,0.0060429418957602295,0.10083783760276287,0.013214376725604493,0.006931892132238719,0.005565225985866011,0.007216469179642778,0.01218066287471568,0.02248138569984698,0.015518562440003835,0.019364310602065792,0.016111304425807067,0.01806956532063293,0.008069276069919092]}
