LP RESULTS :
 Obj = 0.1*lambda1+0.9*lambda2 = 166.5087003804769 (lambda1 = 1629.087003804769, lambda2 = 4.0) Resol time = 2438 ms

{"id": 0, "drone": 2, "position":(41.666666666666664,33.333333333333336,1.0), "time":58.8600630424846,"sensors":[6,27,37,32,4,15],"power":[0.01181903711769615,0.010640145791091505,0.01119420148152972,0.040256633968516815,0.004271604575243847,0.004072877541929379]}
{"id": 1, "drone": 2, "position":(8.333333333333334,16.666666666666668,2.0), "time":314.3349201453145,"sensors":[13,42,5,12,39,14,21,38,2,1,49],"power":[0.05183256131232311,0.04768560264792933,0.08246625010263901,0.02199942894671096,0.8166126000619923,0.06300021687908845,0.07019334155152503,0.11274022001131884,0.020575476625738588,0.03236072517567814,0.04345432744013063]}
{"id": 2, "drone": 2, "position":(41.666666666666664,41.666666666666664,1.0), "time":743.2014322644915,"sensors":[6,44,27,29,37,32,31,4],"power":[0.5543308324127257,0.06299005889576566,0.9195142368334785,0.06893391780343824,0.13880579851847027,0.09375479364362267,0.15000000000000002,0.35742832847877265]}
{"id": 3, "drone": 2, "position":(25.0,8.333333333333334,1.0), "time":512.6905883524784,"sensors":[28,41,20,26,30,25,2],"power":[0.27608428000186713,0.40506114707645147,0.15,0.7774199162546305,0.12434340327044133,0.17636890442046158,0.1167450172092893]}
{"id": 4, "drone": 1, "position":(8.333333333333334,8.333333333333334,1.0), "time":618.5756178920146,"sensors":[30,39,21,40,38,1],"power":[0.04399565500874198,0.10167970115047928,0.07980665844847495,0.15795513964348806,0.7885724568803084,0.966549697121067]}
{"id": 5, "drone": 1, "position":(16.666666666666668,25.0,2.0), "time":57.71485739202733,"sensors":[13,42,17,10,5,12,33,43,18,39,14,16,2,49,9],"power":[0.004252013755155577,0.07786835102080968,0.017945278072976252,0.0062041270204365425,0.020662600647485086,0.13867447458132953,0.005649270244579479,0.012477377353538878,0.004738100779828056,0.008300439605746621,0.04820756455107685,0.007554437172809824,0.007569347570943435,0.009579383130035058,0.00835766551241303]}
{"id": 6, "drone": 1, "position":(41.666666666666664,8.333333333333334,1.0), "time":801.6430451527234,"sensors":[48,45,3,11,25,46,23,8],"power":[0.15,0.21332125191368123,0.35101119981077383,1.7406079299801986,0.09090569596081995,0.6290463633860202,0.21891786411194464,0.17605639468371806]}
{"id": 7, "drone": 1, "position":(41.666666666666664,25.0,1.0), "time":151.15348336800355,"sensors":[46,32,8,15],"power":[0.01207615586680678,0.03284483754651575,0.03291078249912072,0.028160214541082636]}
{"id": 8, "drone": 0, "position":(25.0,25.0,1.0), "time":129.86005324303653,"sensors":[28,42,17,12,33,43,14,16,35,2,0,15],"power":[0.012969642413897815,0.02444604633126099,0.13733610914678637,0.04409978494559158,0.1357228277197918,0.03599499104510868,0.011306969982284119,0.2859445918938753,0.009260390397812198,0.01921813075154498,0.008222961594945429,0.031279654602013394]}
{"id": 9, "drone": 0, "position":(33.333333333333336,25.0,1.0), "time":21.825506270823723,"sensors":[17,33,43,16,8,15],"power":[0.002418535589486181,0.008627902035628722,0.0014174979798701978,0.006717580455524469,0.0019595033157436773,0.11521382090249478]}
{"id": 10, "drone": 0, "position":(8.333333333333334,33.333333333333336,1.0), "time":592.6610784010886,"sensors":[13,10,5,19,12,24,43,18,14,34,49,7,9],"power":[0.09870216942274718,2.6847064947947166,0.08759841932922928,0.15,0.042125596432397105,1.2919433892419867,0.03818704900233859,0.1567851121644277,0.07488285150808498,0.19084460213734597,0.19108209265580467,1.628928686986286,1.9048386077786679]}
{"id": 11, "drone": 0, "position":(25.0,41.666666666666664,1.0), "time":827.0255084977928,"sensors":[6,44,43,22,18,29,36,47,35,0],"power":[0.07069778243287103,0.45450636308616776,0.1010059669753817,0.2080045714823685,0.09323225879289788,0.29959258468513755,0.23740599219899391,0.15,0.6653269438649668,0.5113148334140372]}
