LP RESULTS :
 Obj = 0.1*lambda1+0.9*lambda2 = 156.15132980539363 (lambda1 = 1507.513298053936, lambda2 = 6.0) Resol time = 39358 ms

{"id": 0, "drone": 0, "position":(25.0,25.0,1.0), "time":177.53025626764918,"sensors":[0,37,44,10,8,33,20,47,13,18,31,12,21,40,38,46,39,34],"power":[0.029365891810403656,0.14686964898804966,0.020415973305820994,0.02254006258349845,0.03516790895555859,0.04491053411340395,0.01290828971879539,0.08544102327334009,0.0156885342754044,0.03571491077699678,0.06367555202772243,0.05075007974720745,0.03569316380854312,0.05484065747551811,0.029604554481976218,0.01188450946321624,0.024277933103189438,0.013709782250509733]}
{"id": 1, "drone": 0, "position":(33.333333333333336,8.333333333333334,1.0), "time":410.8316729786498,"sensors":[28,22,36,44,10,27,8,24,18,35,1,3,2,39],"power":[0.041777879396647864,4.108316729786498,0.08429995886237864,0.10464267455306221,0.0898952393766319,0.07179798067397423,0.06050486739079286,0.05124689704412109,0.060529252958725036,0.2492796566663323,0.09747420951023439,0.37107242173068405,0.5459732879008178,0.05592433988554694]}
{"id": 2, "drone": 0, "position":(16.666666666666668,25.0,1.0), "time":125.28343457007965,"sensors":[0,37,43,33,20,47,5,13,12,45,40,46,39,34],"power":[0.01048925324101837,0.06549478846983993,0.04056706827788198,0.04038259522810722,0.020458148440827932,0.011550979688690536,0.017391353558677502,0.10374475564174296,0.5928924936247021,0.02052754465040217,0.058592640685513654,0.017837991333781326,0.008011023710643815,0.08553368350813081]}
{"id": 3, "drone": 0, "position":(8.333333333333334,16.666666666666668,1.0), "time":386.68837333369754,"sensors":[15,32,43,11,33,20,5,13,12,4,34],"power":[0.03076457971401744,0.11174941746169614,0.08203732873631013,0.05188024492857486,0.03624268572336444,0.0841671549003206,0.0332637064618803,0.03594084242005154,0.03286030474751529,0.1798220294122272,0.04010973312703961]}
{"id": 4, "drone": 0, "position":(41.666666666666664,33.333333333333336,1.0), "time":386.73785794969615,"sensors":[6,25,42,31,38,7],"power":[0.02662671938938852,0.07244313993338226,0.08450168376173248,0.029813132604966715,0.03707114767017328,0.10573813195129184]}
{"id": 5, "drone": 0, "position":(33.333333333333336,25.0,1.0), "time":20.44170295415057,"sensors":[0,37,28,44,10,6,8,47,42,18,31,21,38,2,39],"power":[0.001466997668028737,0.00176434398859101,0.005627414196260715,0.0027919565110991764,0.0037556466046092182,0.002721927924508714,0.0033658648156216805,0.005282577368197501,0.010023617779717081,0.0036578223559965,0.048210501198602894,0.03655294670034441,0.10125208867178931,0.0013264889015208064,0.0013465811564759424]}
{"id": 6, "drone": 1, "position":(41.666666666666664,8.333333333333334,1.0), "time":80.16513041937947,"sensors":[28,22,36,9,44,10,6,27,24,35,3,2],"power":[0.008319462101219595,0.019733922672009595,0.028091945926955377,0.016014948305137087,0.005070501148442615,0.005376884785663448,0.007422140033534522,0.03562291024363363,0.11172509166052487,0.0052815478545213,0.05755056560493713,0.016397751946696768]}
{"id": 7, "drone": 1, "position":(25.0,33.333333333333336,1.0), "time":53.35987499308137,"sensors":[0,37,30,47,13,31,12,17,40,38,46],"power":[0.28438005328601174,0.006123482032006655,0.006728530585584026,0.04246247391220482,0.0037160617833302675,0.009261200084702739,0.00545017176544992,0.005815553053550777,0.018160005413097997,0.0034778741145531453,0.009914766923488033]}
{"id": 8, "drone": 1, "position":(25.0,8.333333333333334,1.0), "time":280.5766427719688,"sensors":[15,22,44,10,8,11,33,20,18,14,35,1,3,2,39],"power":[0.09157687567820327,0.05350851117822066,0.05805236398830823,0.04474587888183827,0.0509613588380247,0.019722149375964355,0.0250943425926438,0.03279513450184972,0.048228491661959985,0.11004082929579038,0.36441142457505454,0.05252579048976337,0.0232230307476901,0.0474842195859803,0.0958866670777058]}
{"id": 9, "drone": 1, "position":(41.666666666666664,41.666666666666664,1.0), "time":676.7292856569129,"sensors":[25,17,49,7],"power":[0.1121320136194803,0.06719171526780188,0.14547192944182763,0.04426186804870817]}
{"id": 10, "drone": 1, "position":(33.333333333333336,41.666666666666664,1.0), "time":61.907521489764605,"sensors":[0,47,17,49],"power":[0.006657347279083264,0.004294796591827776,0.07699273167864734,0.004528070558172367]}
{"id": 11, "drone": 1, "position":(8.333333333333334,8.333333333333334,1.0), "time":354.77484272283215,"sensors":[15,32,11,20,14,23,4],"power":[0.05001019419951723,0.030210967410565295,0.3496899895602935,0.04373250524344251,0.03995917070420518,0.15,0.07730971281905892]}
{"id": 12, "drone": 2, "position":(41.666666666666664,8.333333333333334,2.0), "time":117.40516060618393,"sensors":[28,22,36,9,6,27,24,35,3,2],"power":[0.01149907510495476,0.027605089298689756,0.03902791587239348,0.022636992306082546,0.010449612767178578,0.04746287175671089,0.13410816560045838,0.007927471514430767,0.07092980597657364,0.02374880946005261]}
{"id": 13, "drone": 2, "position":(8.333333333333334,25.0,1.0), "time":48.40561139391094,"sensors":[37,32,43,33,20,5,13,12,45,40,46,4,26,34],"power":[0.003189964695024238,0.008039615127739186,0.20181459128703136,0.0034712130059553195,0.0038816795685794464,0.048804143484678236,0.021956166114546073,0.007767125346499803,0.013818135415095606,0.0039616038842501785,0.0036929134764881757,0.005064805901580409,0.006020681932019839,0.03079155147006589]}
{"id": 14, "drone": 2, "position":(8.333333333333334,41.666666666666664,1.0), "time":674.750032792938,"sensors":[41,30,48,5,16,45,46,19,26,29],"power":[1.3508861250833797,0.12081612715599688,0.11251662256125743,0.04933111632991048,0.5638556334670458,0.10119141208004814,0.09555267461090959,0.15,0.21011364071000366,0.43823608385355506]}
{"id": 15, "drone": 2, "position":(41.666666666666664,16.666666666666668,1.0), "time":537.9678926621264,"sensors":[28,22,9,44,10,6,24,42,18,21,38,3,2],"power":[0.36926767779196484,0.05461771800653601,0.11134805938878035,0.05153735589285351,0.06553346201504577,0.6154385458413683,0.06246380519860812,0.09188236123174498,0.037860121361140774,0.07775388949111249,0.07408896113267284,0.12020144549852872,0.09556826561030145]}
{"id": 16, "drone": 2, "position":(16.666666666666668,41.666666666666664,1.0), "time":119.64613448242152,"sensors":[0,41,30,48,16,45,40,46,26,29],"power":[0.0153505414428007,0.01820892494285492,0.7888153993253956,0.03748337743874257,0.10757015721957011,0.011568533494404063,0.009093116395144414,0.0387690719803311,0.00940196393275113,0.018445599838113436]}
{"id": 17, "drone": 2, "position":(16.666666666666668,33.333333333333336,1.0), "time":9.338466116355217,"sensors":[0,37,43,30,47,5,13,16,12,45,40,46,26,34],"power":[0.0021877354475209054,9.332298677987221E-4,0.0011916306009700324,0.0024003971577583926,9.681491657392619E-4,0.0012096801648572347,0.002960524750324517,0.0018750692497049393,0.001696680331664037,0.002950811826710308,0.005351976146475945,0.03479682444408663,0.0010377015705768506,0.002550608097677684]}
