LP RESULTS :
 Obj = 0.1*lambda1+0.9*lambda2 = 203.64450028871178 (lambda1 = 2000.4450028871177, lambda2 = 4.0) Resol time = 5800 ms

{"id": 0, "drone": 0, "position":(25.0,8.333333333333334,1.0), "time":474.4830430299612,"sensors":[28,6,44,49,43,25,30,0,15,36,45,3,18],"power":[0.12278268940839776,0.18096454642843135,0.19997865408038992,0.03950838292087926,0.054472112524733225,1.5846936988798817,0.03708351369052072,0.07881787687399962,0.07306463835231448,0.14511378237469366,0.3395355326436397,0.8752249329539874,0.09433248855543126]}
{"id": 1, "drone": 0, "position":(41.666666666666664,25.0,1.0), "time":578.6725027991225,"sensors":[17,5,34,4,20,30,29,42,11,41,23,2,37],"power":[0.2125425351651327,0.04650024171852803,0.1923513035728762,0.045490485064204327,0.2431394904377023,0.05279613267094902,0.15,0.05325648098823897,0.042028777311978946,0.13055983065375595,0.16731776628309838,0.18284771144988185,0.21451647334614263]}
{"id": 2, "drone": 0, "position":(33.333333333333336,16.666666666666668,1.0), "time":387.51173630378014,"sensors":[28,17,6,34,20,25,30,15,41,3,23,18],"power":[0.04145978379634784,0.0670892671029664,0.02957507062671724,0.04150188833774631,0.12022869871774962,0.05413409872497376,0.3505327976023061,0.7090193072717367,0.029034360934819935,0.06980883318338743,0.04740668978920479,0.5352286889278779]}
{"id": 3, "drone": 0, "position":(41.666666666666664,41.666666666666664,4.0), "time":559.7777207542538,"sensors":[39,5,7,33,42,27,12,2,37],"power":[0.04862489342006469,0.06167778074452973,0.11632772069603133,0.0633002762590067,0.061297877643787656,0.05473415406975037,0.3242537023973795,0.049536549193759626,0.04828633475626569]}
{"id": 4, "drone": 1, "position":(41.666666666666664,8.333333333333334,2.0), "time":910.9602399529185,"sensors":[17,4,15,10,18,35],"power":[0.11194634906068571,0.13139036637816712,0.13277196581323714,0.15,0.10017723805861402,0.19783985490875725]}
{"id": 5, "drone": 1, "position":(25.0,41.666666666666664,1.0), "time":559.7777207542538,"sensors":[22,39,26,46,33,11,19,40],"power":[0.24356493518711111,0.11044401300162653,0.502808896754047,0.09468385277662647,0.048717633087314784,0.06915764881382833,0.10923360650596446,0.10621058845982087]}
{"id": 6, "drone": 1, "position":(8.333333333333334,16.666666666666668,1.0), "time":139.88763569508623,"sensors":[6,44,49,8,43,21,32,0,24,38,9,13,1,47],"power":[0.009096099174467395,0.010127014206232415,0.0189660992234602,0.020113416531575425,0.03410510865188268,0.009956952865288159,0.09907864372440592,0.014937881329384404,0.06597585315705251,0.02046187423793511,0.017538269042220094,0.023810244029934726,0.026367709486054488,0.04433035251267045]}
{"id": 7, "drone": 1, "position":(8.333333333333334,41.666666666666664,1.0), "time":283.73975808307154,"sensors":[14,31,48,21,16,40],"power":[1.3114719414083793,0.04795014984194256,0.21549573287910295,0.023203564237594464,0.10313814191210639,0.06640396136584485]}
{"id": 8, "drone": 2, "position":(16.666666666666668,16.666666666666668,1.0), "time":65.15832810369054,"sensors":[28,6,44,49,8,43,25,32,0,24,38,36,45,9,3,13,1,47],"power":[0.03094038763529859,0.028040965473355845,0.01786496714399177,0.12189232393495483,0.00837806972960784,0.17766401921563668,0.004500822240152776,0.005900347270286078,0.10717046711566816,0.006653654288934133,0.06025032636297958,0.004886217625306348,0.012783966614400425,0.012072835109270036,0.004477305554700574,0.017014125844299427,0.004447497220305427,0.01986696710313937]}
{"id": 9, "drone": 2, "position":(41.666666666666664,41.666666666666664,2.0), "time":861.9947793337412,"sensors":[39,5,7,26,46,33,42,11,27,12,2,37],"power":[0.08566382010344249,0.10835056154625888,0.21497708732504636,0.06013219488000084,0.055316147223373524,0.11448530091063991,0.10422594538585665,0.05831118461912291,0.09526584593024963,1.0189164144624536,0.0861470781576101,0.0868692746226981]}
{"id": 10, "drone": 2, "position":(16.666666666666668,41.666666666666664,1.0), "time":578.6725027991226,"sensors":[14,22,31,48,26,16,19,40],"power":[0.1749532189393969,0.1728618065937105,0.1259251946501594,0.04276321904314274,0.04915645403116245,0.0468618580878936,0.10629157934861788,2.7944217958145345]}
{"id": 11, "drone": 2, "position":(8.333333333333334,25.0,1.0), "time":494.6193926505632,"sensors":[49,8,43,21,32,24,38,9,13,1,47],"power":[0.04719544122634785,0.5761445960827488,0.035662609637617644,0.3111713312689969,0.04502100900530801,0.5036474048771546,0.06928779939908532,0.19015250521683347,0.16972757194306234,2.4912941802055233,0.28248643422081726]}
