LP RESULTS :
 Obj = 0.1*lambda1+0.9*lambda2 = 187.97663143499327 (lambda1 = 1843.7663143499326, lambda2 = 4.0) Resol time = 293 ms

{"id": 0, "drone": 0, "position":(8.333333333333334,41.666666666666664,1.0), "time":263.8208822429249,"sensors":[43,25,45,2,29,23,18,36,40],"power":[0.02185020246557988,0.020937380132662397,0.02236968752608699,0.10017734851936581,0.11213839932299435,0.24029058142828025,0.12609073889883765,0.030154997826334944,0.018472887731018055]}
{"id": 1, "drone": 0, "position":(41.666666666666664,8.333333333333334,1.0), "time":518.3057931856949,"sensors":[28,49,16,19,6,21,11],"power":[0.15382826530724872,0.14447930886149035,0.047545998828214815,0.04457050057582687,0.041434435914144155,0.2267950500306839,0.1054871493994827]}
{"id": 2, "drone": 0, "position":(41.666666666666664,25.0,1.0), "time":384.42044256339847,"sensors":[42,48,32,33,16,38,11],"power":[2.3677863513602553,0.06233145181695471,0.07331715415608654,0.7522237145306508,0.21756902652968924,0.15,0.07775135851512138]}
{"id": 3, "drone": 0, "position":(16.666666666666668,8.333333333333334,1.0), "time":677.2191963579143,"sensors":[17,20,14,13,27,10,3,47,44,41,37],"power":[0.118865600908942,0.4907032327284088,0.11655757604785215,0.06137707073584542,0.08989427347672542,0.0464922352794335,0.22471222078267009,0.05385177888073518,0.33765552958475503,0.15000000000000002,0.9188411727233902]}
{"id": 4, "drone": 2, "position":(16.666666666666668,25.0,1.0), "time":5.0273355051622275,"sensors":[30,34,25,27,46,9,10,24,0,47,40,15],"power":[0.0011339041255479965,0.0016692520248720135,6.733997302639371E-4,7.645878168953968E-4,0.002306016913258995,0.0015389767153441303,0.006163464117016592,0.011563545017955415,0.0011059005025674544,0.004814130785771801,0.001540272366115552,8.467894236833377E-4]}
{"id": 5, "drone": 2, "position":(8.333333333333334,8.333333333333334,1.0), "time":1166.5471179920182,"sensors":[31,12,20,22,3,8,44,37],"power":[0.2015023885188887,0.4156279635635797,0.6311237827745921,0.15,4.36777946541375,0.1889377688436261,1.1534888111453518,0.1262243332887809]}
{"id": 6, "drone": 2, "position":(41.666666666666664,41.666666666666664,1.0), "time":672.1918608527523,"sensors":[39,48,32,1,35,5,7],"power":[0.15329323781625762,0.0921773467006939,0.15666459931206386,0.15,0.04273305858120879,0.07524909773658266,0.21825502981622694]}
{"id": 7, "drone": 1, "position":(25.0,41.666666666666664,1.0), "time":771.4799420526099,"sensors":[43,4,45,2,29,35,5,0,18,36,15],"power":[0.2018237350891345,0.8125995420963422,0.163559062880348,0.050190825449008,0.08923303369464716,0.1072669414187912,0.2718605199196284,0.09763745490448938,0.08040571216968971,0.3329697204085985,0.13607159438317223]}
{"id": 8, "drone": 1, "position":(33.333333333333336,8.333333333333334,1.0), "time":368.59734503051146,"sensors":[17,14,13,49,19,6,21,11],"power":[0.0865532762134877,0.05352187867482945,0.171299181601416,2.227998481073642,0.10542949942417311,0.18457104818060735,0.026580574329035784,0.023980827765435923]}
{"id": 9, "drone": 1, "position":(8.333333333333334,25.0,1.0), "time":426.59016128045175,"sensors":[25,9,10,8,24,0,47,26,40],"power":[0.3470111329173357,1.8002109322816868,0.08530871815227066,0.080754609021076,0.0670771409863633,0.029217209564707414,0.08322812875508963,0.15,0.25864466265940605]}
{"id": 10, "drone": 1, "position":(25.0,25.0,1.0), "time":277.0988659863594,"sensors":[30,34,27,46,10,24,0,47,15],"power":[0.9486018685100377,0.16498606286943254,0.060886900447531735,0.23458068218696304,0.047799375214644474,0.07135931399568125,0.04175781478109978,0.04444139112457097,0.05734429232154746]}
