LP RESULTS :
 Obj = 0.1*lambda1+0.9*lambda2 = 174.93012709945185 (lambda1 = 1704.3012709945185, lambda2 = 5.0) Resol time = 61803 ms

{"id": 0, "drone": 0, "position":(41.666666666666664,41.666666666666664,1.0), "time":624.0335089273589,"sensors":[22,4,15,44,9,47,17,43,36,20],"power":[0.2490666096386167,0.06491715399862577,0.060097714666494696,0.4999788673923224,0.23030193650461708,1.0133586023587768,0.3160177610600026,0.15,0.05897177510850415,0.18704767199347816]}
{"id": 1, "drone": 0, "position":(16.666666666666668,8.333333333333334,1.0), "time":58.220580394516446,"sensors":[25,34,8,29,2,0,6,24,32,16,13,33],"power":[0.010952689303673924,0.011829917363992843,0.21451541311599634,0.004245922819981211,0.022027430822791728,0.017680646051183566,0.009388699620404103,0.009490390162037836,0.010896812314489074,0.018477756821007784,0.006071903069580705,0.058896143672732576]}
{"id": 2, "drone": 0, "position":(41.666666666666664,25.0,3.0), "time":353.5758162608966,"sensors":[21,22,4,30,3,5,11,36,35],"power":[0.0939814457401319,0.040859954491833377,0.031315286177978824,0.07832049389072475,0.05975072646394154,0.066428743289635,0.044314566662727546,0.13207763838483802,0.05416186093775378]}
{"id": 3, "drone": 0, "position":(33.333333333333336,8.333333333333334,1.0), "time":65.08661864006335,"sensors":[21,25,46,12,41,6,11,19,37,28],"power":[0.006155425452637483,0.010581454784738136,0.0327203396765566,0.01346862301913676,0.02708238066884512,0.008732253802609035,0.012831755627932135,0.016868680365757827,0.00772290169006866,0.007168734723470734]}
{"id": 4, "drone": 0, "position":(8.333333333333334,25.0,1.0), "time":603.3847467716835,"sensors":[27,29,2,0,24,48,1,26,49,45],"power":[0.06085315965001251,0.13223014562493535,0.04588087067746945,0.056058823684063244,0.0680290893046083,0.11205810995737119,0.07983775582774207,0.1444019749435312,0.32188037323341606,0.043917605066849115]}
{"id": 5, "drone": 2, "position":(33.333333333333336,41.666666666666664,1.0), "time":44.30490844773367,"sensors":[22,15,44,9,47,18,3,17,36,20],"power":[0.0057134334271418735,0.05876786377998644,0.003295546686906797,0.12437937535056214,0.005312229692310756,0.0030609538669886453,0.003307568987312508,0.0033204658972097838,0.0028875956023045684,0.19058684883677673]}
{"id": 6, "drone": 2, "position":(8.333333333333334,8.333333333333334,1.0), "time":88.59801990787474,"sensors":[8,2,0,24,16,13,26,49,33],"power":[0.012383822902455292,0.01689059121142506,0.015556652828297228,0.005991992157624004,0.008024213556547043,0.14392809693041977,0.006813653636105393,0.008224257440589104,0.01904523499659393]}
{"id": 7, "drone": 2, "position":(25.0,8.333333333333334,1.0), "time":796.1957341592147,"sensors":[25,46,34,12,8,41,2,0,6,24,32,16,19,33,23],"power":[0.7401719873230319,0.24520717206962267,0.1381700826360071,0.13653137698086293,0.26662148330556545,0.09720320159557318,0.08281547658723698,0.07120630995100796,0.3631120609441533,0.06397687755539519,0.1536286274207087,0.143994296419434,0.06045866486179965,0.11912621116690121,0.06408201415768104]}
{"id": 8, "drone": 2, "position":(16.666666666666668,41.666666666666664,1.0), "time":297.42507845628995,"sensors":[15,27,18,42,38,39],"power":[0.01909920016124084,0.08721116412156478,0.22501926008704076,0.034974324401264106,0.05634938646416609,0.03440884838578383]}
{"id": 9, "drone": 2, "position":(41.666666666666664,33.333333333333336,1.0), "time":477.7775300233995,"sensors":[22,4,44,9,47,30,3,17,36,20,35],"power":[1.1566435033710771,0.10696949062325353,0.07904042182123461,0.07099975785610586,0.154703397607137,0.1215393738315423,0.08614515994410399,0.18131168426007696,0.4507827401005195,0.049850773748411105,0.09583813906224611]}
{"id": 10, "drone": 1, "position":(41.666666666666664,8.333333333333334,2.0), "time":843.0189181952387,"sensors":[21,14,46,41,5,11,19,37,40,28],"power":[0.10094701331005355,0.1882603889509064,0.06875159735613842,0.13358362500909515,0.08357125671036586,0.23100283343377925,0.14114815557351287,0.7862396780137769,0.15,0.18145984010459523]}
{"id": 11, "drone": 1, "position":(25.0,25.0,1.0), "time":94.83453363960234,"sensors":[46,29,3,7,6,24,23,39,31],"power":[0.005984447862924745,0.013523931555083423,0.015978751750667902,0.16779017902154766,0.011037240465281152,0.012208622038981485,0.08040735707408164,0.02408370520377596,0.9483453363960235]}
{"id": 12, "drone": 1, "position":(8.333333333333334,41.666666666666664,1.0), "time":491.1399556807845,"sensors":[27,18,1,10,42,38,45],"power":[0.09999502334521632,0.04107059826683669,0.047725233310042775,0.12703605717092586,1.0547604261839338,0.0936506135358339,0.08027022405293428]}
{"id": 13, "drone": 1, "position":(25.0,33.333333333333336,1.0), "time":94.42292409059314,"sensors":[15,27,9,18,3,7,23,39,31],"power":[0.012035221392275842,0.010393243897557112,0.006429502448126203,0.009481627203873796,0.015576705283608721,0.033634716935397733,0.007480031335268963,0.07804658806063379,0.017892877546978114]}
{"id": 14, "drone": 1, "position":(8.333333333333334,33.333333333333336,1.0), "time":180.88493938830038,"sensors":[27,48,1,10,42,49,45,39],"power":[0.07230914482532,0.03794189004262882,0.048832397031814835,0.023069093821742284,0.033404255134133164,0.011636817041477118,0.04523104111794026,0.01346085834978761]}
