LP RESULTS :
 Obj = 0.1*lambda1+0.9*lambda2 = 162.20783682552442 (lambda1 = 1586.0783682552442, lambda2 = 4.0) Resol time = 10224 ms

{"id": 0, "drone": 1, "position":(33.333333333333336,33.333333333333336,1.0), "time":40.6008048815502,"sensors":[19,41,43,0,10,44,37,11,16,27,26,22,6,34,5,21],"power":[0.004608832284252818,0.03957648156326239,0.011791527449809693,0.006161600057179326,0.0031092183443108897,0.0029539366568455787,0.010961236024956258,0.007521107278833859,0.003980000199028643,0.010752650216641856,0.005170445935628592,0.01552395568896206,0.028530529876066666,0.004070004643728514,0.01261069289430726,0.0037885483284437645]}
{"id": 1, "drone": 1, "position":(25.0,8.333333333333334,1.0), "time":575.5878183831395,"sensors":[32,8,20,36,4,25,33,48,47],"power":[0.20401891400804176,0.08267798831524771,0.9619664361778534,1.114014928811402,0.16259304288313542,0.07161460329195361,0.07269404278186802,0.1723360135527685,0.15]}
{"id": 2, "drone": 1, "position":(41.666666666666664,41.666666666666664,1.0), "time":909.9306669771544,"sensors":[19,41,40,43,42,35,37,17,27,34,21],"power":[2.7540199555069247,0.1339952560137312,0.15,0.36466390901068874,0.3852839416245002,0.12255967897239613,0.3619498694363734,0.2626541261297447,0.3992422055848881,0.2705992160940513,0.1433837826995525]}
{"id": 3, "drone": 1, "position":(8.333333333333334,41.666666666666664,1.0), "time":59.95907801340011,"sensors":[1,31,45,7,14,18],"power":[0.004375649486420352,0.37405248070327096,0.00777472839964361,0.35425348654484934,0.006897538303944521,0.12893964222671986]}
{"id": 4, "drone": 2, "position":(8.333333333333334,33.333333333333336,1.0), "time":373.5753356859763,"sensors":[29,1,31,7,14,18,23],"power":[0.1148905315131285,0.08394838305733329,0.07539569045287577,0.10210164288979223,0.13439535693598223,0.05132468896024785,0.03491032021706757]}
{"id": 5, "drone": 2, "position":(25.0,41.666666666666664,1.0), "time":615.8720057678875,"sensors":[41,43,9,10,45,35,11,13,27,6],"power":[0.11747016930751554,0.06846212289899124,0.15,2.4977064750358156,0.2222612332609358,0.07685633092143458,1.0681783687650888,0.2713095136984368,0.06804446115596012,0.053094741546135665]}
{"id": 6, "drone": 2, "position":(8.333333333333334,25.0,1.0), "time":433.07931415193417,"sensors":[39,29,1,15,14,23],"power":[0.14749647377819136,0.22942332404545826,0.06167596745624711,0.08279252120378573,0.0695166413939987,0.11508967978293243]}
{"id": 7, "drone": 2, "position":(25.0,25.0,1.0), "time":163.55171264944602,"sensors":[29,4,15,14,26,22,6,5,48],"power":[0.012310513604107107,0.01967319836387685,0.012477421270880102,0.011578414549482401,0.015791370392401808,0.03202033573021883,0.045334599534389744,0.022748447189867387,0.02534872821003828]}
{"id": 8, "drone": 0, "position":(33.333333333333336,25.0,1.0), "time":19.67489062865229,"sensors":[41,0,46,4,44,37,16,26,22,6,33,5,48],"power":[0.0016383956917244695,0.006028778330027385,0.002874860124929531,0.0020564674399350703,0.0016726672586261661,0.0014786261271118048,0.005255509141900885,0.022734756934343965,0.05325408757731221,0.006534760581545025,0.0014384228809906647,0.0422008812445382,0.0012502583684227955]}
{"id": 9, "drone": 0, "position":(41.666666666666664,25.0,1.0), "time":239.86913997732404,"sensors":[0,46,44,37,16,26,22,6,34,5,21],"power":[0.8750258691539508,0.344528735771152,0.15017459300679883,0.02821117199549501,1.290172059887583,0.1172580363723447,0.04920162100350692,0.016505368461862905,0.02739042103590277,0.07723407749766953,0.05049045985710028]}
{"id": 10, "drone": 0, "position":(8.333333333333334,8.333333333333334,1.0), "time":644.6638823191545,"sensors":[30,39,32,15,28,12],"power":[0.15,0.09501968751352646,0.08539796017774505,0.06407265647795427,1.8512975930317526,6.446638823191545]}
{"id": 11, "drone": 0, "position":(41.666666666666664,8.333333333333334,1.0), "time":681.8704553301135,"sensors":[8,38,49,3,25,24,33,2],"power":[0.20517916851231455,3.2051182864106207,0.15,1.3940540374347363,0.1759205440898485,0.184829738211701,0.16478969135944355,0.8504858629632525]}
