LP RESULTS :
 Obj = 0.1*lambda1+0.9*lambda2 = 176.9733202409679 (lambda1 = 1724.7332024096788, lambda2 = 5.0) Resol time = 3280 ms

{"id": 0, "drone": 2, "position":(16.666666666666668,33.333333333333336,1.0), "time":1.2268066379937175,"sensors":[48,4,26,2,0,45],"power":[1.5264394607795152E-4,1.6240006841819693E-4,8.444183973048866E-5,9.852855122037816E-5,1.789827837486586E-4,0.012268066379937175]}
{"id": 1, "drone": 2, "position":(33.333333333333336,41.666666666666664,1.0), "time":355.01569968477526,"sensors":[29,4,34,19,13,44,17,41,37,28,38,33],"power":[0.49770110158249925,0.056463424774804954,0.05702769724495647,0.3264842626042106,0.1089783432737589,0.673579109944508,0.14102817086335423,0.02711383644848059,0.22722368005809868,0.09568043928356484,0.047750135708839944,0.030928895373199296]}
{"id": 2, "drone": 2, "position":(33.333333333333336,16.666666666666668,1.0), "time":10.554446581039969,"sensors":[10,47,21,9,2,36,42,31,7,14],"power":[0.0017309714646416758,0.0011486226118538193,0.0017889490629135194,0.006738515168422268,8.890572342968258E-4,0.0029196224243203976,0.00941165912433622,9.408877704269824E-4,0.00779916039694886,0.0015486214604860135]}
{"id": 3, "drone": 2, "position":(8.333333333333334,25.0,1.0), "time":532.1820184523542,"sensors":[23,26,0,45,35],"power":[0.12454905705737535,0.08789309444086835,1.0411691055895955,0.04468744217921922,0.07338364193474758]}
{"id": 4, "drone": 2, "position":(41.666666666666664,33.333333333333336,1.0), "time":825.7542310535158,"sensors":[16,29,43,19,24,44,17,41,12,28,38,33,14],"power":[0.15,0.17660414347756612,0.5260073280199032,0.06681838252367003,0.527044938521178,0.10526518321828843,0.07196332243021333,0.7037839371434761,0.1169405695547835,0.17341910176141817,0.08915775130898994,5.208806113457052,0.16569103027312257]}
{"id": 5, "drone": 0, "position":(8.333333333333334,8.333333333333334,1.0), "time":629.2635387591093,"sensors":[18,25,20,30],"power":[0.12032722776824999,0.15,0.17700053200329133,0.18264389631142103]}
{"id": 6, "drone": 0, "position":(16.666666666666668,41.666666666666664,1.0), "time":39.38826364776836,"sensors":[48,4,34,37,40,45],"power":[0.10386255956520996,0.011785891837897286,0.005682666955323029,0.003453317980485035,0.0186456032679738,0.008755554615213617]}
{"id": 7, "drone": 0, "position":(25.0,25.0,1.0), "time":151.8291547173458,"sensors":[10,17,2,42,28,45,14],"power":[0.011793055162688968,0.011598342787919278,0.14901241421448316,0.03477437256739828,0.012067120199823124,0.016205775879366037,0.011087127957123667]}
{"id": 8, "drone": 0, "position":(41.666666666666664,8.333333333333334,1.0), "time":763.4310809973282,"sensors":[32,21,9,15,36,8,49,27,1,31,3,46,7,11],"power":[0.18183119130941933,0.8484786509691051,0.20847042740499871,0.15,0.5539707624033937,0.19583576949079792,0.23761905876312547,0.2946988189131274,0.5987310853397817,0.30432208254346443,0.07065187726244396,0.07708153801483963,0.11445466441301512,0.1839710185907624]}
{"id": 9, "drone": 0, "position":(16.666666666666668,8.333333333333334,1.0), "time":140.82116428812725,"sensors":[10,18,47,20,30],"power":[0.026812350807398418,0.029672772231750022,0.026288839054191018,0.014393368833876251,0.12438061543591887]}
{"id": 10, "drone": 1, "position":(25.0,41.666666666666664,1.0), "time":169.73598108718738,"sensors":[48,29,4,34,19,13,44,17,37,40,28,45],"power":[0.03234101763960478,0.01961548384188653,0.8209481985229274,0.08740309857551544,0.016683430096527323,0.034360811357652156,0.03995625062332554,0.05103087279316371,0.16995434236493323,0.01955572941297008,0.019746838322414067,0.0181848610077321]}
{"id": 11, "drone": 1, "position":(41.666666666666664,41.666666666666664,1.0), "time":84.2514263681068,"sensors":[29,43,19,24,13,44,17,41,37,12,28,38,33],"power":[0.03060715377803812,0.007110155611256257,0.03216338979325355,0.006258458912628807,0.006660845368588922,0.014477260772488067,0.006571318546293505,0.007706828033404133,0.006005324070970013,0.03305943044521652,0.009322327430069827,0.12510426165351174,0.014446976733610986]}
{"id": 12, "drone": 1, "position":(33.333333333333336,8.333333333333334,1.0), "time":802.1690382043519,"sensors":[10,47,21,9,36,8,49,42,27,1,22,31,3,46,7,11],"power":[0.13210937674686454,0.20483762031240998,0.14595436791970787,0.6055342311677885,0.35684440902119136,0.2760127666173441,0.06282193277989491,0.10581396830826495,0.17905004400185848,0.09151744763161745,0.14999999999999997,0.5347372042263309,0.18241901904590496,0.17867886135526687,0.11400249133121454,0.12458229091242783]}
{"id": 13, "drone": 1, "position":(8.333333333333334,16.666666666666668,1.0), "time":96.66685616531424,"sensors":[23,30,0],"power":[0.025450942942624722,0.0063556577813082505,0.011013334177797174]}
{"id": 14, "drone": 1, "position":(8.333333333333334,41.666666666666664,1.0), "time":571.9099005847188,"sensors":[48,6,26,39,40,45,35,5],"power":[0.12225820525438096,0.2372017982134414,0.0948353126470359,0.15,0.11179866731905612,0.04989829993853193,0.07688110203262909,0.17412481756317696]}
