LP RESULTS :
 Obj = 0.1*lambda1+0.9*lambda2 = 170.18956670749301 (lambda1 = 1647.89566707493, lambda2 = 6.0) Resol time = 14312 ms

{"id": 0, "drone": 0, "position":(33.333333333333336,8.333333333333334,1.0), "time":688.2971582562873,"sensors":[13,34,21,23,46,30,26,38,19,3,22,17,33],"power":[0.21443272023991497,0.1308307446607709,0.08355042799643421,0.15572249505627653,6.882971582562873,0.05412518014140916,0.06340424072717889,0.4293359860892067,1.11026191794131,0.09916889131473325,0.14920799121156667,0.1134466369190561,0.16528535930371197]}
{"id": 1, "drone": 0, "position":(25.0,8.333333333333334,1.0), "time":248.06956998606682,"sensors":[13,34,21,40,24,46,30,26,38,19,12],"power":[0.02104262807287697,1.2243405361881177,0.025960220217722048,0.028448499118714454,0.02338311051175152,0.048616201415048514,0.09587481985859081,0.1436511151123014,0.04165270917832672,0.10012701382324064,0.04555765163612327]}
{"id": 2, "drone": 0, "position":(41.666666666666664,41.666666666666664,1.0), "time":56.3674130637752,"sensors":[0,5,39,36,18],"power":[0.052162520565524825,0.16525049593850857,0.024752922230272704,0.004332010878266593,0.007090398117645372]}
{"id": 3, "drone": 0, "position":(8.333333333333334,8.333333333333334,1.0), "time":292.9807214899297,"sensors":[6,15,40,24,49,43,10,25,9,41,12,35],"power":[0.05856111769064461,0.9561461990284519,0.036563918825135884,0.028294051578851818,0.03483037843937062,0.3000871243704313,0.05644053300508827,0.025159363141619026,0.15000211047433162,0.2726348639259211,0.0354256732963447,0.11254586144459205]}
{"id": 4, "drone": 0, "position":(8.333333333333334,16.666666666666668,1.0), "time":58.09901201426334,"sensors":[6,15,40,24,28,44,43,10,25,9,41,35,45],"power":[0.038313078371093275,0.009775186869415664,0.012616197471141809,0.012513789813979888,0.02009614579998088,0.007640290121281269,0.03047737724782676,0.23334541845145068,0.026161106214576013,0.00546341586131774,0.010909903454294597,0.023365705020430668,0.021421223907759943]}
{"id": 5, "drone": 0, "position":(33.333333333333336,41.666666666666664,1.0), "time":304.0817922646075,"sensors":[0,29,5,39,11,36,14,27,18],"power":[0.09783747943447516,0.02577540867083316,0.046253679228702,0.4479996632769493,0.026022953453759122,0.11761662937185827,0.039662790076704715,0.049245685421532556,0.5602641517950879]}
{"id": 6, "drone": 2, "position":(8.333333333333334,41.666666666666664,4.0), "time":198.7189393548867,"sensors":[32,16,20,8,31],"power":[0.06771533573283212,0.019930563695942042,0.20211298333641753,0.01764805506676089,0.03150867559973147]}
{"id": 7, "drone": 2, "position":(16.666666666666668,25.0,1.0), "time":21.156117211633898,"sensors":[6,40,24,1,28,44,10,11,2,4,8,45],"power":[0.0031882733970798904,0.003407189288937716,0.004655904570922492,0.005635760680216347,0.006219321452703433,0.11164436351930697,0.0014959214471988453,0.0023232814460082394,0.0021552045727455784,0.0058441616802502065,0.0018270891619325842,0.004719546780168045]}
{"id": 8, "drone": 2, "position":(8.333333333333334,8.333333333333334,1.0), "time":968.7657823555098,"sensors":[6,15,40,24,49,43,10,25,9,41,12,35],"power":[0.1936373380019149,3.161579082191875,0.12090172092716904,0.09355669845579132,0.11516962156062938,0.9922637105169679,0.18662544359634833,0.08319158336940165,0.4959947916355934,0.9014904663536412,0.1171380148559832,0.37214250466303334]}
{"id": 9, "drone": 2, "position":(25.0,41.666666666666664,1.0), "time":94.17560625081181,"sensors":[29,1,39,11,36,14,27,4,18,31],"power":[0.07438790535812262,0.00844757379524018,0.01058346946078063,0.017379257771073717,0.02805135974987514,0.03936384620281255,0.09001403445800497,0.009407098941618744,0.03184039690841357,0.007002762959132604]}
{"id": 10, "drone": 2, "position":(8.333333333333334,41.666666666666664,1.0), "time":119.78613660036012,"sensors":[32,29,16,20,8,31],"power":[0.06870707795540476,0.008408195798931324,0.014242684438927462,0.9243804960592513,0.012137994995956566,0.02226238897272966]}
{"id": 11, "drone": 2, "position":(33.333333333333336,25.0,1.0), "time":245.29308530172764,"sensors":[13,48,37,42,21,1,11,2],"power":[0.03319214006781285,0.08930950441492744,0.05282894676012299,0.06146328568892673,0.07011637385423283,0.0218558453368486,0.02598440159520734,0.10660575585430947]}
{"id": 12, "drone": 1, "position":(41.666666666666664,25.0,1.0), "time":28.928951447994052,"sensors":[13,48,37,42,21,47,7,17],"power":[0.002612798512543486,0.021208439093305158,0.07599813186786308,0.2892895144799405,0.0019208915546146182,0.004414980746259203,0.0038646866430901545,0.002215025576705089]}
{"id": 13, "drone": 1, "position":(16.666666666666668,33.333333333333336,1.0), "time":25.64917667883249,"sensors":[32,29,1,28,44,11,14,2,4,20,8,45],"power":[0.0017980835890096432,0.006543878173949702,0.008481202129550563,0.0020635765154168166,0.004749733027295907,0.00562813817468943,0.005737723739737199,0.001831358728276249,0.090772162709838,0.0025021661624620565,0.002821268780575104,0.0017691327867844187]}
{"id": 14, "drone": 1, "position":(8.333333333333334,25.0,1.0), "time":58.82446401752694,"sensors":[6,40,24,28,44,43,10,25,4,35,8,45],"power":[0.00800445530521401,0.0045132626039264346,0.005705724020504101,0.12162095623189885,0.01671977619787484,0.003765016089391998,0.012910212678603658,0.015487947274403288,0.005161658815541711,0.00410780177915841,0.022132416653325798,0.16915599910595983]}
{"id": 15, "drone": 1, "position":(25.0,33.333333333333336,1.0), "time":130.05800526151774,"sensors":[29,1,39,44,11,14,27,2,4,18],"power":[0.03663712179428268,0.10557961805814431,0.009049660495331423,0.009245837134241024,1.1721398570656498,0.2945988794504942,0.010740280120462456,0.03940768084466871,0.038814917852751325,0.012123419729845573]}
{"id": 16, "drone": 1, "position":(8.333333333333334,41.666666666666664,1.0), "time":974.1449500188003,"sensors":[32,29,16,20,8,31],"power":[0.5587512455143692,0.06837854286615014,0.11582675186513049,7.517402411401304,0.09871064268574975,0.1810459407793742]}
{"id": 17, "drone": 1, "position":(41.666666666666664,16.666666666666668,1.0), "time":430.2901196502588,"sensors":[13,48,37,42,21,23,46,47,19,7,3,22,17],"power":[0.14021739939935685,0.03948205649176739,0.05493906511870578,0.0957207251928388,0.042172495838613225,0.18082375667006034,0.041236424087754124,0.172683775110911,0.0303514913193144,0.14613531335690985,0.10930244605241643,0.08270722086528919,0.34701449961609543]}
