LP RESULTS :
 Obj = 0.1*lambda1+0.9*lambda2 = 187.02547332973504 (lambda1 = 1825.2547332973502, lambda2 = 5.0) Resol time = 23710 ms

{"id": 0, "drone": 0, "position":(8.333333333333334,16.666666666666668,1.0), "time":235.76622542187553,"sensors":[18,38,10,42,41,35,2,12,0],"power":[0.03245710580266802,0.017093281159650555,0.029177961487779843,0.07050994091908194,0.06027666832549237,0.017350859106622138,0.0723411877126856,0.028518366956933012,0.050298819719258266]}
{"id": 1, "drone": 0, "position":(41.666666666666664,8.333333333333334,1.0), "time":845.2735707704027,"sensors":[47,15,40,39,27,36,7,23,11,43,48,14,13],"power":[4.905326741056609,0.14999999999999997,0.6916805953021266,0.2631221825356455,0.1748195729212072,0.080883753110505,0.22975859015102604,0.24275700680221768,1.682481982651111,0.06402953401908464,0.16641721159835762,0.20021788052280526,4.422003765509614]}
{"id": 2, "drone": 0, "position":(8.333333333333334,8.333333333333334,1.0), "time":303.69798918704316,"sensors":[18,42,41,2,29,0],"power":[0.09036971089038805,0.048418862403311745,0.6506995233969491,0.05069690173533866,0.15000000000001934,0.5404184558403788]}
{"id": 3, "drone": 0, "position":(16.666666666666668,16.666666666666668,1.0), "time":19.937145706451815,"sensors":[5,18,38,20,32,26,41,35,2,12],"power":[0.0014220545610813568,0.004864428285754193,0.006396635697554775,0.001418274460634054,0.003035451006919369,0.0014941119604348111,0.0014181748622331103,0.003647703373991866,0.057578893395261115,0.01482820388982025]}
{"id": 4, "drone": 0, "position":(41.666666666666664,25.0,1.0), "time":420.5798022115684,"sensors":[40,39,25,20,27,36,49,43,19],"power":[0.03240540565921343,0.06502519199233849,0.04256032852521148,0.02710066749472308,0.07574620949475587,0.16209532496108578,0.030044675883598482,0.45701397548898,0.14999999999999997]}
{"id": 5, "drone": 1, "position":(25.0,41.666666666666664,1.0), "time":653.487130872912,"sensors":[8,37,31,24,3,46,21,30,49],"power":[0.9048779474212141,1.9711364418617165,0.557546775726968,0.04508864268241412,0.14999999999999974,0.13419365466538632,0.40282373486436984,0.0968295760141469,0.08255353814288033]}
{"id": 6, "drone": 1, "position":(8.333333333333334,41.666666666666664,1.0), "time":615.146301023687,"sensors":[9,46,1,33,44,22,30,17],"power":[0.22303965560910724,0.04057270962924798,0.3046971556220591,0.13533029896755458,0.05133004650186677,0.1499999999999998,0.19034559640158602,2.90004016916059]}
{"id": 7, "drone": 1, "position":(25.0,25.0,1.0), "time":220.82953116993443,"sensors":[5,6,38,20,32,26,35,49,12],"power":[0.01988292834947666,0.21980731387378227,0.09065831798462191,0.11883280784693732,0.07139957992142759,0.027307744964839214,0.05570713880910631,0.025674508237679628,0.05314857868849893]}
{"id": 8, "drone": 1, "position":(25.0,16.666666666666668,1.0), "time":4.040739373320719,"sensors":[5,6,18,38,34,20,32,26,35,2,12],"power":[0.002133200318488436,4.7808870521509215E-4,3.3138084571015977E-4,9.675022000024368E-4,3.7218340467851146E-4,0.0014822524961325345,0.011032190204826606,0.0029475270632087925,3.938010426540721E-4,5.916286689170723E-4,9.627623182560531E-4]}
{"id": 9, "drone": 1, "position":(8.333333333333334,25.0,1.0), "time":331.7510308575004,"sensors":[9,38,10,42,33,35,2,44,12],"power":[0.041318707482083834,0.03341785791493582,0.31522382259042875,0.03107119667760631,0.05033581735056892,0.060565246710004475,0.03106892107148315,0.09866995349813323,0.04068119335396159]}
{"id": 10, "drone": 2, "position":(25.0,8.333333333333334,1.0), "time":145.72807731364446,"sensors":[5,18,34,32,26,2,7,28],"power":[0.043236004465305455,0.02300648480742782,0.14888461410593767,0.020832896373148252,0.033038743571758615,0.013388189916686749,0.02460415432467625,0.025540955671453425]}
{"id": 11, "drone": 2, "position":(41.666666666666664,41.666666666666664,5.0), "time":574.5197748591363,"sensors":[4,25,24,16,45],"power":[0.09540577402942668,0.16607238007803252,0.1046082977639417,0.07068888659832312,0.11454767364812235]}
{"id": 12, "drone": 2, "position":(33.333333333333336,8.333333333333334,1.0), "time":559.4013603153804,"sensors":[5,47,40,39,34,32,26,36,7,11,28,14,13],"power":[0.1741707435707726,0.15861742042769938,0.06922677566783109,0.08616876331298214,0.15114388305302118,0.046448486218908985,0.13348664445314562,0.04380774766146882,2.4581695940183947,0.09756089215249936,0.12445904432854656,0.07670490087165838,0.09617188535541014]}
{"id": 13, "drone": 2, "position":(41.666666666666664,41.666666666666664,1.0), "time":530.3582690429355,"sensors":[4,25,24,16,49,45],"power":[0.11812004971927668,0.2966487013670043,0.1354837730891319,0.07931111340167686,0.042599953195491654,0.14773903962167037]}
{"id": 14, "drone": 2, "position":(16.666666666666668,25.0,1.0), "time":15.247251766251011,"sensors":[6,38,10,20,32,33,35,2,12],"power":[0.0014163233592763807,0.015736001506985158,0.0013457492938995876,0.0011659977015729915,0.0015724308566051213,0.0020310515873880725,0.1043628907996195,0.0022414822508930563,0.011860894792530174]}
