LP RESULTS :
 Obj = 0.1*lambda1+0.9*lambda2 = 148.64287043407302 (lambda1 = 1441.42870434073, lambda2 = 5.0) Resol time = 57822 ms

{"id": 0, "drone": 2, "position":(16.666666666666668,8.333333333333334,1.0), "time":487.825872059037,"sensors":[26,17,3,22,20,40,42,21,28,9,35],"power":[0.17144147144468552,0.06071963489053554,0.06573540897804124,0.08960638006277882,0.0664672607093376,0.0955901149359035,0.12514535373518812,0.6672071418629404,0.14646099939763563,0.043463470405437195,0.10378285059652005]}
{"id": 1, "drone": 2, "position":(8.333333333333334,41.666666666666664,1.0), "time":389.6823407595225,"sensors":[15,34,33,43,14,7,10,47,11],"power":[0.02741728428339197,0.1624020910539454,0.2597953748758032,0.48988093181711706,0.6458773329590632,0.05955037222349262,0.1063472790606799,3.896823407595225,0.5968441686596029]}
{"id": 2, "drone": 2, "position":(25.0,25.0,1.0), "time":130.21207580462283,"sensors":[17,44,4,37,25,20,0],"power":[0.008411784031673475,0.11292429128820469,0.00827715661566686,0.014587162916292928,0.008512974371204664,0.02442193929283984,0.053375717982057404]}
{"id": 3, "drone": 2, "position":(8.333333333333334,25.0,1.0), "time":51.757112120323704,"sensors":[15,17,34,33,46,7,22,41,1,28,9],"power":[0.034005741248791535,0.011744516901485263,0.006088038391088563,0.004526112529569914,0.01594623608171794,0.00751595716254191,0.004174083130066178,0.11160610445317795,0.08552155698421464,0.0035062699083554544,0.01552891607399957]}
{"id": 4, "drone": 2, "position":(41.666666666666664,41.666666666666664,1.0), "time":381.9513035972364,"sensors":[45,8,5,27,4,39,13,12,48,25,49,18],"power":[1.315724982636384,0.03517845008944178,0.6541182631800777,0.22837326042201844,0.03995735881659726,0.11928782012670804,0.08809875406019892,0.03513280516282823,0.38828674852564943,0.02748863173766094,0.04793518284959551,0.07941029776941957]}
{"id": 5, "drone": 0, "position":(41.666666666666664,16.666666666666668,1.0), "time":137.40162925449908,"sensors":[6,2,16,19,12,29,25,31,32,23],"power":[0.02372414457540524,0.0952920527715154,0.044349021785149184,0.025539806041967855,0.009379311006627162,0.017578720278054,0.009042076701477554,0.07779338628375858,0.017193864047339066,0.04442705707736586]}
{"id": 6, "drone": 0, "position":(41.666666666666664,33.333333333333336,1.0), "time":198.28071277868798,"sensors":[6,45,5,27,16,4,39,19,12,48,25,49,18,24],"power":[0.024001249874677104,0.027081894333749093,0.03613464385968236,0.02068864289917145,0.02706173098609821,0.023209845717857957,0.03071767768958245,0.04229289982304476,0.24913942745832285,0.06534018981607198,0.08387557056291055,0.10109729544095893,0.1226472427665776,0.040051158939639085]}
{"id": 7, "drone": 0, "position":(8.333333333333334,33.333333333333336,1.0), "time":517.6361186047291,"sensors":[15,34,33,43,14,46,7,10,47,11,41,1],"power":[0.26665032011556444,1.177668336459967,0.5216192576543371,0.20057034580478186,0.0820517659153737,0.1340537639182819,0.2533699028286934,0.043652720939320114,0.09959326317563644,0.16497280041332318,0.22264834468261255,0.0644784430157884]}
{"id": 8, "drone": 0, "position":(41.666666666666664,8.333333333333334,1.0), "time":94.46240898362909,"sensors":[2,29,31,32,23],"power":[0.025803248014511112,0.041342447073351864,0.02345325723330345,0.26206730272375606,0.10271042654299582]}
{"id": 9, "drone": 0, "position":(25.0,41.666666666666664,1.0), "time":493.6478347191859,"sensors":[36,8,4,37,30,13],"power":[0.15,0.12259296363152536,0.11984239272095597,0.26120268635847516,1.2217005768118963,0.06190124593980112]}
{"id": 10, "drone": 1, "position":(33.333333333333336,8.333333333333334,1.0), "time":28.11791812935212,"sensors":[2,3,29,20,32,42,23],"power":[0.0074858336682812835,0.004050256857664648,0.05622243001100449,0.002121609763553206,0.005999761291245577,0.004043089656098366,0.0028625163796475693]}
{"id": 11, "drone": 1, "position":(8.333333333333334,8.333333333333334,1.0), "time":627.1728091961729,"sensors":[26,17,38,22,21,28,9,35],"power":[0.18500178041801346,0.06725673284685603,0.15000000000000174,0.545627652410305,0.33691636344981335,0.43468940810804874,0.0945371204845169,0.5840939566162229]}
{"id": 12, "drone": 1, "position":(41.666666666666664,25.0,1.0), "time":455.1873394936422,"sensors":[6,44,2,16,19,12,25,31,49,18,24],"power":[0.1875554240208978,0.03370462398641643,0.04837012398753454,0.9845155109788889,1.1115683895950164,0.29864811078540077,0.17495152632341318,0.04875335648293826,0.08446341509772609,0.057198163017383105,0.10994884106036105]}
{"id": 13, "drone": 1, "position":(25.0,16.666666666666668,1.0), "time":25.45594591616488,"sensors":[17,44,2,20,0,42],"power":[0.0024114638449054286,0.003371084725378853,0.001950599859616761,0.10093112612268614,0.05997872943003451,0.012104955352115167]}
{"id": 14, "drone": 1, "position":(25.0,8.333333333333334,1.0), "time":305.4946916053955,"sensors":[26,3,29,20,0,40,42,21],"power":[0.020454615006351304,0.1202005161835457,0.034856402637589656,0.06977670778807679,0.03664555258794784,0.054409885064096504,0.45993904107158695,0.030449441865869575]}
