LP RESULTS :
 Obj = 0.1*lambda1+0.9*lambda2 = 143.63365716769326 (lambda1 = 1400.3365716769326, lambda2 = 4.0) Resol time = 2709 ms

{"id": 0, "drone": 2, "position":(16.666666666666668,41.666666666666664,1.0), "time":643.9782723733649,"sensors":[8,14,19,38,36,31,43,10,28],"power":[0.04194300212274206,0.15892171557135915,0.07710966447031017,0.17962447118002675,0.05751764501240644,0.415442619349807,0.14401684350131816,0.1285335395248199,0.1959592578998298]}
{"id": 1, "drone": 2, "position":(25.0,33.333333333333336,1.0), "time":109.01126571477835,"sensors":[27,8,14,3,19,6,12,23,7,36,47,46],"power":[0.014260630299103206,0.2837300250120999,0.028480566471807175,0.009719183116637288,0.4321216981502426,0.007597887555433026,0.0084007435069997,0.10682562423982493,0.0070226729850296765,0.047971355997348204,0.013684354203461572,0.029745025839646413]}
{"id": 2, "drone": 2, "position":(41.666666666666664,8.333333333333334,1.0), "time":453.5232595246301,"sensors":[0,18,13,34,33,26,30,32,21],"power":[0.17712103663188428,0.888547107251056,0.1771664672266302,0.07944773133073664,0.15,0.3383373567225295,0.05835803424147459,0.028938289176073842,0.33881118080654926]}
{"id": 3, "drone": 2, "position":(33.333333333333336,25.0,1.0), "time":193.82377406416526,"sensors":[27,8,19,25,12,23,47,32],"power":[0.01564391946378317,0.02586644554948768,0.014248950872245475,0.013113320971409052,0.022246563647205234,0.03481378527626278,0.07970893761464232,0.09634457442449353]}
{"id": 4, "drone": 1, "position":(8.333333333333334,41.666666666666664,1.0), "time":94.65524403689119,"sensors":[41,38,5,31,43,10],"power":[0.014880796797718322,0.00811504677832122,0.006489139835113851,0.01977360512955007,0.49343146548036837,0.021466460475180093]}
{"id": 5, "drone": 1, "position":(33.333333333333336,8.333333333333334,1.0), "time":352.6697835579549,"sensors":[37,18,13,34,26,30,32,21],"power":[0.045074269863929456,0.04052979444688692,0.81470172080343,0.07055226866926335,0.1680866199943119,0.3076588910912994,0.024717136399432606,0.029951079861200415]}
{"id": 6, "drone": 1, "position":(8.333333333333334,25.0,1.0), "time":707.5107475790625,"sensors":[29,45,16,9,41,48,5,11,20,39,40],"power":[3.2372720680708253,0.15,0.8154875685146958,2.853656012722355,0.17393441382292626,0.2542333474585386,0.2715690489799525,0.16938871067299288,0.0696887763957809,7.075107475790625,0.07483678723288222]}
{"id": 7, "drone": 1, "position":(16.666666666666668,8.333333333333334,1.0), "time":245.5007965030337,"sensors":[2,37,44,40],"power":[0.6276848945598466,0.09256564607759417,0.14916774306404768,0.06840603541004489]}
{"id": 8, "drone": 0, "position":(25.0,8.333333333333334,1.0), "time":4.402814957554461,"sensors":[2,37,44,13,26,40,30],"power":[0.0017075755829802255,0.012360084058505463,8.322569359542577E-4,5.430133480429927E-4,2.8223737198647186E-4,3.388742178945177E-4,0.0010737670670631523]}
{"id": 9, "drone": 0, "position":(8.333333333333334,16.666666666666668,1.0), "time":327.0861680113098,"sensors":[29,16,9,48,5,20,39,40],"power":[0.09903705961524756,0.034890039127840465,0.10534685133007557,0.09095651077607972,0.021268834060250336,0.08031122360421906,0.06887864547366623,0.1304812026655082]}
{"id": 10, "drone": 0, "position":(41.666666666666664,41.666666666666664,1.0), "time":994.2465403824508,"sensors":[27,42,35,3,6,22,49,25,12,4,7,17,47,15,24,46,1],"power":[0.22071782134537934,0.23123033485448036,0.2918345304112014,0.335010350533304,0.2842997899684902,9.456970847716208,0.3951081761279118,0.4705009546910299,0.2571054196290372,0.15861409561506556,0.38883141698256307,0.16767903761040573,0.0721425547238241,0.15,0.36812037712960294,0.09317986113610002,1.8515208994050798]}
{"id": 11, "drone": 0, "position":(25.0,41.666666666666664,1.0), "time":74.60104832561751,"sensors":[27,8,14,3,19,6,38,23,7,36,17,31,46,28],"power":[0.00949961288895733,0.01561953372662719,0.484288943717788,0.008275008673348832,0.014209156737652799,0.012354121079585037,0.011983039540987485,0.012415950586466024,0.00928689792997439,0.04451099899024794,0.008391384662906454,0.009577338211983298,0.027460986948560452,0.02426598232067034]}
