LP RESULTS :
 Obj = 0.1*lambda1+0.9*lambda2 = 165.63534734027655 (lambda1 = 1611.3534734027653, lambda2 = 5.0) Resol time = 39510 ms

{"id": 0, "drone": 2, "position":(25.0,8.333333333333334,1.0), "time":601.70974036288,"sensors":[29,0,35,30,25,44,12,32,15,2,13,22,5,40,7],"power":[0.15315232399747516,0.07660845325942946,0.08662906399490017,0.05126202978676044,0.15000000000000002,0.05868686097627261,0.17025956931538594,0.1822892281246181,0.16597283056283665,0.0658536392479934,0.053310094885256516,1.104298105827169,0.0811007610910358,0.17080678379786315,0.10537540259537374]}
{"id": 1, "drone": 2, "position":(8.333333333333334,33.333333333333336,1.0), "time":531.8713613081376,"sensors":[6,16,39,36,14,11,17,3,20],"power":[0.05014629841439148,0.2267954025771741,0.7915881702759624,0.1216288855985414,0.13218423445742586,0.06808057505735535,0.11651435498836055,0.0479452632490808,0.26657332906605485]}
{"id": 2, "drone": 2, "position":(8.333333333333334,41.666666666666664,1.0), "time":427.008382068732,"sensors":[6,10,39,42,36,43,14,11,17,20],"power":[0.07271146598797526,0.11660195871811574,0.05927055831420741,0.14017702228395482,0.02837111440145858,0.05247488426505464,0.028642342968335687,0.12459091424865143,0.6025105660155612,0.03664139236579378]}
{"id": 3, "drone": 2, "position":(25.0,16.666666666666668,1.0), "time":18.39454482991491,"sensors":[1,29,18,35,44,15,22,7],"power":[0.0018050845201537876,0.025558993708495265,0.0015838437163629845,0.052121825203788524,0.0018712129023285438,0.0072172423544273855,0.002163790068491899,0.005072857180559667]}
{"id": 4, "drone": 2, "position":(33.333333333333336,33.333333333333336,1.0), "time":32.36944483310043,"sensors":[4,33,18,34,37,31,27,38],"power":[0.003503719083339846,0.005213563282782239,0.010995056643580355,0.07197037603378596,0.005440180737218866,0.007586464425173542,0.016715240496419103,0.00944350241715094]}
{"id": 5, "drone": 1, "position":(25.0,41.666666666666664,1.0), "time":147.7256037904278,"sensors":[6,33,34,43,27,38],"power":[0.03988896924217299,0.405152397746495,0.01791805477706352,0.018329331094809203,0.04300169335909594,0.09430897153590868]}
{"id": 6, "drone": 1, "position":(16.666666666666668,41.666666666666664,1.0), "time":262.3015252947002,"sensors":[6,10,33,39,42,43,14,27,17,20,38],"power":[1.350300581891683,0.03339804128188426,0.0348814424167306,0.029181823541627613,0.040076915921414887,0.07919578464013614,0.03000651764433349,0.01720559577037697,0.1459261723221956,0.021828070134866116,0.02139162799466537]}
{"id": 7, "drone": 1, "position":(41.666666666666664,41.666666666666664,1.0), "time":925.1628233495425,"sensors":[4,31,9,46],"power":[0.7691054913253479,0.16259567030775224,0.3038721786668838,0.15]}
{"id": 8, "drone": 1, "position":(41.666666666666664,25.0,1.0), "time":192.2730561091611,"sensors":[4,8,47,18,34,37,31,24],"power":[0.013112694381345743,0.0247070484651325,0.13214994794168514,0.01842094986000399,0.013077945601609086,0.2450244740704934,0.05119269803414156,0.05248982241588315]}
{"id": 9, "drone": 1, "position":(8.333333333333334,16.666666666666668,1.0), "time":83.89046485893606,"sensors":[1,28,16,19,49,15,41,3,7],"power":[0.04750745754152636,0.0481837447367927,0.01029052109027805,0.014284940448647674,0.09607005613054515,0.007516622261927293,0.0527945264655425,0.057695864350485224,0.012509323274545644]}
{"id": 10, "drone": 0, "position":(33.333333333333336,25.0,1.0), "time":121.66029663809498,"sensors":[47,18,34,35,37,44,31,27],"power":[0.009526561036834249,0.10058535700186394,0.029480857967991984,0.01124911080131123,0.08181405355236633,0.009417085137964272,0.014978933061884124,0.0125725694957791]}
{"id": 11, "drone": 0, "position":(8.333333333333334,8.333333333333334,1.0), "time":614.9845684293078,"sensors":[1,28,19,48,49,15,41,2,3,7],"power":[0.13407214395013006,0.8392258889440244,0.14169795117433834,0.15,0.06429108302411507,0.04615103706129129,0.43036254215733943,0.1673743025513808,0.04435887240043593,0.06257769589394814]}
{"id": 12, "drone": 0, "position":(25.0,33.333333333333336,1.0), "time":70.94468910169884,"sensors":[6,33,18,34,14,27,20,38],"power":[0.009742763190588564,0.017643432164170556,0.018414792778188638,0.028137186500181405,0.010925276707840062,0.060504900878328834,0.005284208436320469,0.024855898052274974]}
{"id": 13, "drone": 0, "position":(41.666666666666664,8.333333333333334,1.0), "time":720.6543775538184,"sensors":[8,21,0,23,30,44,26,13,45,5,24],"power":[0.12233754911960965,0.7575177714767857,0.26399291559198534,0.6299140090807513,0.14496354135396106,0.20065371880425878,0.39478363299913016,0.24535820489732887,0.14999999999999994,0.2622995601450892,0.06234700287605689]}
{"id": 14, "drone": 0, "position":(41.666666666666664,16.666666666666668,1.0), "time":83.10954167984544,"sensors":[8,47,21,0,23,37,44,26,13,5,24],"power":[0.037791548198058716,0.009297616146463978,0.037869218984729294,0.010178193209042343,0.012072742487440334,0.015002069964418364,0.0237532745565613,0.005572364226660688,0.00578539284172783,0.010901439709417562,0.03516317470806055]}
