LP RESULTS :
 Obj = 0.1*lambda1+0.9*lambda2 = 152.92212106378304 (lambda1 = 1484.2212106378304, lambda2 = 5.0) Resol time = 157837 ms

{"id": 0, "drone": 1, "position":(41.666666666666664,25.0,1.0), "time":499.18575988453574,"sensors":[23,47,15,18,26,38,34,24,13,30,39,1],"power":[0.14227990463549714,0.06724679910805492,0.5576350389430343,0.11505862142022905,0.03210981674032938,0.15424802071908614,0.07764042243499585,1.5020701811337887,0.26992305461343447,0.2275837673197195,0.04549420411861557,0.15084447519675553]}
{"id": 1, "drone": 1, "position":(41.666666666666664,33.333333333333336,1.0), "time":77.83534902746233,"sensors":[23,17,47,15,26,38,7,19,34,24,42,2,13,30,1],"power":[0.007720095364502838,0.028179330155283958,0.022261623181166524,0.008430488743609861,0.004983947713602839,0.026043815987038893,0.00606507934707704,0.03931905555293379,0.02826719226084172,0.02827207830200193,0.011370120985165922,0.007292967009078582,0.043221286890042815,0.041816352792863554,0.013939046799052088]}
{"id": 2, "drone": 1, "position":(25.0,16.666666666666668,1.0), "time":51.611730977682214,"sensors":[27,12,36,4,5,26,28,35,33,44,22],"power":[0.006507705273682661,0.003754285268115425,0.016434898246152973,0.005557368221397291,0.24167088526910926,0.0034502685031878246,0.008628362572334253,0.0038858227917931217,0.005014028552864204,0.5161173097768221,0.01919732697311456]}
{"id": 3, "drone": 1, "position":(41.666666666666664,41.666666666666664,1.0), "time":588.1201085959726,"sensors":[16,17,47,38,7,19,34,42,2,13,30],"power":[0.15,1.726398935848694,0.06049157771077855,0.03727307472341014,0.5117408055324512,0.8975119934962087,0.06924280993161733,0.07545635501043593,0.23033247244212146,0.042506368538390404,0.044740685993346324]}
{"id": 4, "drone": 1, "position":(8.333333333333334,33.333333333333336,1.0), "time":267.46826215217453,"sensors":[12,37,45,21,25,43,48,35,8,9,11],"power":[0.02655601565968927,0.04047549787183488,0.0617185332761756,0.05513455025485086,0.14049456928108048,0.08554094357169303,0.0500502043083592,0.024786403062297697,0.05337118163050118,0.10866046321441936,0.02599532705901548]}
{"id": 5, "drone": 0, "position":(25.0,8.333333333333334,1.0), "time":112.96271907479777,"sensors":[27,4,5,28,33,44,22],"power":[0.17906951616536942,0.024034646679402284,0.01816684757697721,0.02043869908276298,0.02062363678842479,0.026292894585127673,0.043947363019223806]}
{"id": 6, "drone": 0, "position":(8.333333333333334,25.0,1.0), "time":538.898672938058,"sensors":[12,45,21,25,43,48,35,9,11,20,10],"power":[0.06426258138220294,0.03817655054953781,0.25289124739777297,0.04562201063880973,0.08302161130711451,0.3739594540704949,0.21374033358630515,0.03980641045605598,0.11975031880732415,0.0441714874776233,0.20929528646844656]}
{"id": 7, "drone": 0, "position":(16.666666666666668,8.333333333333334,1.0), "time":187.78606766640215,"sensors":[6,27,14,5,28,33,44,22,10],"power":[0.03290805103932471,0.022290711902326475,0.05431087463583259,0.011935596699996078,0.20026370935259327,1.2128243150875762,0.01818417296433271,0.012248862137555449,0.014758400137863802]}
{"id": 8, "drone": 0, "position":(25.0,41.666666666666664,1.0), "time":557.7565679608073,"sensors":[3,37,45,29,26,46,25,41,42,0,8,2,31],"power":[0.9002269139487895,0.11312228721959518,0.0659590764334545,1.3416870819043778,0.040142366726930535,0.11711571532338524,0.03609383058226398,0.12283653952176633,0.11126810934247355,0.13358993379733372,0.03889022813359726,0.060434717536879706,0.082195064665697]}
{"id": 9, "drone": 0, "position":(16.666666666666668,41.666666666666664,1.0), "time":86.81718299776514,"sensors":[3,37,45,29,46,25,41,0,8,31],"power":[0.011221697905675048,0.11224172683656204,0.030984316656572208,0.035197216386098774,0.026176408271505493,0.028626432881928652,0.019944634800040308,0.010792667688026131,0.05834815028239009,0.006112458518607698]}
{"id": 10, "drone": 2, "position":(8.333333333333334,25.0,4.0), "time":23.628456995184735,"sensors":[12,21,25,43,48,35,9,11,20,10],"power":[0.0023888277508648647,0.007222095117372814,0.001700107841882601,0.0030365491462235514,0.008830916974189657,0.006912905268691227,0.0015331263295246794,0.004254354133660405,0.0016594465877673979,0.006762454658236058]}
{"id": 11, "drone": 2, "position":(25.0,25.0,1.0), "time":177.46394548327189,"sensors":[12,36,5,26,48,35,31,44,22,1],"power":[0.05304837398177072,0.4067356405527763,0.0505128657816816,0.0735797685396536,0.0157481838287631,0.018773593224333307,0.056939776668092405,0.0361117030396341,0.01144572875963571,0.02479140616847446]}
{"id": 12, "drone": 2, "position":(41.666666666666664,8.333333333333334,1.0), "time":879.2086991396568,"sensors":[4,40,18,49,39,22,32],"power":[0.19490867887459642,0.15,0.07610763977917576,0.19208441844484,0.5162604208934862,0.06316071911047044,1.2534342765353934]}
{"id": 13, "drone": 2, "position":(25.0,41.666666666666664,2.0), "time":33.28052458902047,"sensors":[3,37,45,29,26,46,41,42,0,8,2,31],"power":[0.04182795022539931,0.006381888640939693,0.003922219925313286,0.056572519568257304,0.002242795189893706,0.006707876405109262,0.0072188256781933755,0.006548160813288477,0.007649467795706744,0.0022363733153815285,0.0034686904153102905,0.004752700147593326]}
{"id": 14, "drone": 2, "position":(8.333333333333334,8.333333333333334,1.0), "time":370.63958443069396,"sensors":[6,14,28,33,20,10],"power":[2.2172388449286524,0.09568912536416725,0.06678799613375658,0.0932938054063475,0.10416906593461897,0.03937207856433413]}
