LP RESULTS :
 Obj = 0.1*lambda1+0.9*lambda2 = 175.12431198276025 (lambda1 = 1697.2431198276022, lambda2 = 6.0) Resol time = 19776 ms

{"id": 0, "drone": 0, "position":(41.666666666666664,8.333333333333334,1.0), "time":332.2816957317658,"sensors":[35,38,7,41,3,37,43,49,33,42,39],"power":[0.06317960599768914,0.05102619448707021,0.02450657846400113,0.051706268905873556,0.35789834354437267,0.026445820739941343,0.11131744392464066,0.044004327142611585,0.041941252023721995,0.0785312088317519,0.09200930884996908]}
{"id": 1, "drone": 0, "position":(41.666666666666664,41.666666666666664,1.0), "time":233.45195152943057,"sensors":[1,22,0,15,29],"power":[0.06877620699607095,0.026287472567693496,0.022482938331161075,0.035044439207370486,0.023263827258996506]}
{"id": 2, "drone": 0, "position":(8.333333333333334,25.0,1.0), "time":259.6546555719508,"sensors":[26,27,46,19,16,18,23,21,6,40],"power":[0.05532117282821196,0.02538761532036909,0.06415421073279078,0.04115619077175504,0.06251122130506837,0.02069946557681336,0.039642743104452594,0.01718623585499442,0.08342770005713349,0.02585310677116265]}
{"id": 3, "drone": 0, "position":(16.666666666666668,8.333333333333334,1.0), "time":560.917255096569,"sensors":[27,7,13,48,12,14,21,9,24,45,10,30,40],"power":[0.11612644554463052,0.05165051787144149,0.11832247659588459,1.2482972005433188,0.12192377515723105,0.0996199651507729,0.060889923833050356,0.1895617384654749,2.942777766768902,1.3624323462426282,0.06540571687962154,0.1324127510356158,0.043639730963477806]}
{"id": 4, "drone": 0, "position":(16.666666666666668,41.666666666666664,1.0), "time":50.934384388475706,"sensors":[26,34,8,11,31,2,44,28],"power":[0.0034996232486436286,0.012445610679404423,0.009022781230698076,0.008951514899382321,0.005276580716913509,0.009661117377104879,0.08537858620674282,0.04668504405211947]}
{"id": 5, "drone": 0, "position":(8.333333333333334,16.666666666666668,1.0), "time":260.00317750936324,"sensors":[27,46,19,48,12,23,21,32,9,24,6,10,30,40],"power":[0.325765034612385,0.026515384875541753,0.017674674715957763,0.017422939624062057,0.023173033604803227,0.05392463872890229,0.022891907076164696,0.04000204419115098,0.025895524930731054,0.01788506644351618,0.9988765862254056,0.01938541473461777,0.016550365781063555,0.2205850322957866]}
{"id": 6, "drone": 1, "position":(8.333333333333334,25.0,3.0), "time":414.6683046065926,"sensors":[26,27,46,19,16,18,23,6,40],"power":[0.07859402819135494,0.036561196796591734,0.09223868216506383,0.061334891455625824,0.08748877869493157,0.031005579894128193,0.05643261816664511,0.11532237934087543,0.03767031158672836]}
{"id": 7, "drone": 1, "position":(8.333333333333334,41.666666666666664,1.0), "time":467.25633866237035,"sensors":[34,11,44,28],"power":[0.17329096719111625,0.1410484851006174,0.10308385945627098,0.08739820215345272]}
{"id": 8, "drone": 1, "position":(33.333333333333336,25.0,1.0), "time":37.25705661840542,"sensors":[17,20,25,4,18,47,36,37,29],"power":[0.0029942559289699547,0.00561721356242439,0.003216686514681624,0.0027527722302939416,0.0025420601877170577,0.02441390230714519,0.04312448866779868,0.004002608544110754,0.002732906502347228]}
{"id": 9, "drone": 1, "position":(33.333333333333336,8.333333333333334,1.0), "time":134.93427469117412,"sensors":[38,7,41,3,5,33,42],"power":[0.4723029997858176,0.09441252480531939,0.39438712547545496,0.049361898809609485,0.03281042071526096,0.30451047283871774,0.008986180667451582]}
{"id": 10, "drone": 1, "position":(41.666666666666664,33.333333333333336,1.0), "time":544.7541419920633,"sensors":[17,25,4,47,0,15,37,29],"power":[0.22964795926674156,0.08977381650411081,0.07369490244558681,0.04507982909457646,0.14447810045119858,0.11495556079262026,0.039806384675946695,0.442988577327284]}
{"id": 11, "drone": 1, "position":(25.0,41.666666666666664,1.0), "time":98.37300325701514,"sensors":[22,8,31,2,44,28],"power":[0.012640624058522343,0.08199922792472038,0.054492430870967425,0.22412526586085546,0.01658436607091372,0.015916753794426863]}
{"id": 12, "drone": 2, "position":(41.666666666666664,16.666666666666668,1.0), "time":509.11194938607537,"sensors":[35,17,38,25,4,47,3,37,43,49,33,42,39],"power":[0.09099358378574147,0.040130692548032136,0.04540727122598379,0.09593767866109233,0.1032207327506789,0.149828649863529,0.18286453610433367,0.3719494786262002,0.11594703497152667,0.10599567285739198,0.0362495977129082,1.2475219804294397,0.05799069115003294]}
{"id": 13, "drone": 2, "position":(25.0,8.333333333333334,1.0), "time":432.6081182065654,"sensors":[38,20,7,41,48,12,21,24,45,10,5,33],"power":[0.12733342121256042,0.04766767849415745,0.49360731244694067,0.11668637262789891,0.1768404185125397,0.0874729225331484,0.042277960906240884,0.10321039894336467,0.10086841186572994,0.053323794884713505,0.11718957928473986,0.1631458569469581]}
{"id": 14, "drone": 2, "position":(33.333333333333336,41.666666666666664,1.0), "time":369.9976112469152,"sensors":[1,22,8,31,2],"power":[0.08190340735829409,0.1110719033737819,0.06016117735195202,0.09023098841212399,0.080421062110441]}
{"id": 15, "drone": 2, "position":(25.0,16.666666666666668,1.0), "time":4.728279317214444,"sensors":[38,20,7,19,41,18,48,47,12,21,36,24,45,10,33],"power":[7.561514548541886E-4,0.008749237132001899,8.068245189928478E-4,5.214577520076486E-4,3.8351758106093244E-4,0.0012940389256897076,7.886697216971729E-4,3.398710812175718E-4,0.0031124376647705867,0.002378564493037669,5.909151050145638E-4,3.9331675189054185E-4,3.141080214407166E-4,0.00399775564599628,8.158698282060109E-4]}
{"id": 16, "drone": 2, "position":(25.0,25.0,1.0), "time":179.33163412593842,"sensors":[26,8,20,19,18,47,12,21,36,10],"power":[0.030511059238041288,0.015144420852656052,0.08796587081141458,0.05255714292663115,0.0944588554156514,0.014778591305806407,0.02484255524845549,0.044599607562456664,0.10628459622718663,0.04553507643701748]}
{"id": 17, "drone": 2, "position":(8.333333333333334,8.333333333333334,1.0), "time":201.46552754489588,"sensors":[27,13,48,14,32,9,24,6,45,30,40],"power":[0.10908428777033939,0.031677523404115414,0.025273787925521582,0.06607332629738548,0.10999795580884901,0.19107149849894972,0.037868751359771594,0.02996139916984722,0.03560512633751267,0.10310265610791709,0.0709728112351081]}
