LP RESULTS :
 Obj = 0.1*lambda1+0.9*lambda2 = 186.498685941218 (lambda1 = 1810.98685941218, lambda2 = 6.0) Resol time = 158676 ms

{"id": 0, "drone": 0, "position":(16.666666666666668,41.666666666666664,1.0), "time":89.39720080297336,"sensors":[46,39,8,21,27,45,30],"power":[0.014175754907264894,0.013494911694924665,0.018684593191256958,0.01115029648500132,0.007504055332132209,0.020535717046120016,0.009382571427937298]}
{"id": 1, "drone": 0, "position":(41.666666666666664,41.666666666666664,1.0), "time":545.0300252191055,"sensors":[12,13,10,11,36,26,41,19,48,7],"power":[0.19845774700066113,0.44325752913543587,0.058889233524100956,0.1350723951181905,0.09311860159265047,0.07571275756909696,3.0894812742535738,0.04003220654984629,0.05161810013099401,0.14999999999999994]}
{"id": 2, "drone": 0, "position":(8.333333333333334,41.666666666666664,1.0), "time":520.6164187999296,"sensors":[46,23,27,45,44,30],"power":[0.2785661032110067,0.15000000000000005,0.04771496661862261,0.129464282953868,0.09475511116045965,0.03429506778380262]}
{"id": 3, "drone": 0, "position":(25.0,8.333333333333334,1.0), "time":70.93753487675137,"sensors":[9,15,47,40,3,0,42,37,49,1],"power":[0.0079873525478702,0.012079467866268458,0.008431526309725152,0.005620054931285942,0.008598007587143724,0.015056477453302903,0.009697107742348077,0.010383816119105117,0.010554613126114701,0.05286271101646612]}
{"id": 4, "drone": 0, "position":(16.666666666666668,16.666666666666668,1.0), "time":76.68679835103326,"sensors":[9,15,47,40,3,33,22,31,42,37,18,49,43,16,1],"power":[0.029884567759580243,0.017619390311911096,0.0052835081181406346,0.005419656402979365,0.10568238773511779,0.13886771230852996,0.0778330106726363,0.03871766938107963,0.025395969764282014,0.31422524937143914,0.024455525941492116,0.029124197187012705,0.005140484836902319,0.010914229215275205,0.02064379223650087]}
{"id": 5, "drone": 0, "position":(33.333333333333336,8.333333333333334,1.0), "time":508.3188813623921,"sensors":[15,47,32,0,14,1],"power":[0.03702893878919022,0.0659941792338539,0.06925047054213475,0.24450086009859218,0.08247728507010572,0.05168844014178412]}
{"id": 6, "drone": 1, "position":(33.333333333333336,25.0,1.0), "time":139.29019931541217,"sensors":[10,11,36,26,38,25,20,15,47,5,0,42,19,48,18,34,43,29,16],"power":[0.03272194551698621,0.009917605153493641,0.009370448972363289,0.013135414895568201,0.10638948792793856,0.019488579918727326,0.019893492596060065,0.014820151720525782,0.03513711064138405,0.031175978479531886,0.01395230858196599,0.011700306608971785,0.048595955519511146,0.01440736890002387,0.008880635932216104,0.09260388322233926,0.02074514259136436,0.23922781711834068,0.01724334434006968]}
{"id": 7, "drone": 1, "position":(8.333333333333334,8.333333333333334,5.0), "time":740.7683016259041,"sensors":[2,9,40,37,6,49,4],"power":[0.11742772046728595,0.16336202108386058,0.16913859721568034,0.057117527809071714,0.2834382197940899,0.14311141073574388,0.06085227648361367]}
{"id": 8, "drone": 1, "position":(41.666666666666664,33.333333333333336,1.0), "time":17.50889090624817,"sensors":[12,13,10,11,36,26,38,25,20,41,19,48,34,29],"power":[0.044165148970416034,0.002572418656334654,0.019471518411484375,0.003928273462534087,0.0025681948968817115,0.04514330000866694,0.001799503389183391,0.003680670484135909,0.0013578747810009128,0.0030152207869937734,0.008147953203500632,0.01892591262849794,0.0048080622120983615,0.0017465270670548102]}
{"id": 9, "drone": 1, "position":(25.0,25.0,1.0), "time":56.43777372557221,"sensors":[38,8,15,47,3,33,5,22,31,0,42,37,18,34,43,29,16,1,30],"power":[0.016261867163197875,0.003753109519823102,0.015486255951161224,0.012479274173203525,0.011227845115080914,0.0055128476142187076,0.016268355663617954,0.011668454342760001,0.00855661737735947,0.003665801881249549,0.017472193127160123,0.004924769938539848,0.027225672068444548,0.004514535027046829,0.09797104246124781,0.006562965343838055,0.14392534079369013,0.003794410809371518,0.0064240814597142345]}
{"id": 10, "drone": 1, "position":(8.333333333333334,25.0,1.0), "time":811.7058365026546,"sensors":[46,28,33,35,22,31,18,24,27,44,17,30],"power":[0.08548500260997163,0.27229218821340945,0.15577598137754273,0.24267780619105,0.11715318870486434,0.19604591968413948,0.06795798950694439,0.3387928971310848,0.2765771182532854,0.08942611528153749,0.14999999999999986,0.15845342308468088]}
{"id": 11, "drone": 1, "position":(25.0,33.333333333333336,1.0), "time":45.27585733627822,"sensors":[11,36,38,8,21,5,19,18,43,27,16,30],"power":[0.005413096799983565,0.008137171133744516,0.011784148213687095,0.028409527192845344,0.005215469087740154,0.05471175253823493,0.002965426386971423,0.00403177759743865,0.019223248590544365,0.0029124533383575913,0.00944406086584055,0.006549185268424482]}
{"id": 12, "drone": 2, "position":(16.666666666666668,25.0,1.0), "time":7.720098858853277,"sensors":[15,3,33,5,22,31,42,37,18,43,27,16,30],"power":[9.383426325787056E-4,0.0018956451354993126,0.002831084994775707,5.283490974920714E-4,0.00575568720652621,0.011016270026052,0.001460610370655392,0.0012105070113036882,0.005552672498795109,0.001964718258186729,0.0022918949091604445,0.0030404431872495404,0.003549858865106671]}
{"id": 13, "drone": 2, "position":(25.0,16.666666666666668,1.0), "time":43.17885655202764,"sensors":[9,15,47,3,33,22,31,0,42,37,18,49,43,29,16,1],"power":[0.003872936764942888,0.2696038680433174,0.024952445434267997,0.02259611442715851,0.005886613933758754,0.009134010402725535,0.005484069288459777,0.011657616573614023,0.08510449166805639,0.011601438685278957,0.011895726454669023,0.0047967480250208794,0.004955363261754392,0.003344021947255725,0.008481370482985164,0.021010645795877553]}
{"id": 14, "drone": 2, "position":(8.333333333333334,8.333333333333334,1.0), "time":815.2574954220383,"sensors":[2,9,40,33,37,6,49,4],"power":[0.17384444464914614,0.2681360845885685,0.274822034429045,0.0641426510878845,0.08370960953800714,1.0239616973425827,0.216727878940654,0.08914772351638633]}
{"id": 15, "drone": 2, "position":(41.666666666666664,8.333333333333334,1.0), "time":390.1805045190128,"sensors":[20,32,0,14],"power":[0.033804055255292315,0.08074952945786454,0.042512216681245434,0.08486431725884826]}
{"id": 16, "drone": 2, "position":(25.0,41.666666666666664,1.0), "time":425.6854105102001,"sensors":[11,36,39,8,21,5],"power":[0.05513113743913627,0.08519936778124579,0.13650508830505925,0.5423512542319678,0.6645026457431581,0.05266534026167747]}
{"id": 17, "drone": 2, "position":(41.666666666666664,25.0,1.0), "time":128.96449355004214,"sensors":[12,10,26,38,25,20,19,48,34,29],"power":[0.016436895640173935,0.044036684980079496,0.03962893082063006,0.013764993305993423,0.48855646828363924,0.09494457736764775,0.05254794071286549,0.0650486183404828,0.07716262917496507,0.04751996349434783]}
