LP RESULTS :
 Obj = 0.1*lambda1+0.9*lambda2 = 149.43405461969235 (lambda1 = 1440.3405461969232, lambda2 = 6.0) Resol time = 6122 ms

{"id": 0, "drone": 1, "position":(25.0,25.0,1.0), "time":85.44465657663275,"sensors":[0,48,40,8,31,18,16,42,22,30],"power":[0.021385303791830988,0.05425403312889059,0.008619616034255283,0.16112913413853677,0.14598996379618973,0.015403124031388701,0.010859442618277109,0.03295123527192639,0.005922484387351782,0.006476904594103968]}
{"id": 1, "drone": 1, "position":(41.666666666666664,33.333333333333336,1.0), "time":178.1183907970654,"sensors":[19,10,41,32,2,26,43,17,3,29,22],"power":[0.041241338968699644,0.035725023525954296,0.022254691445893742,0.024911863614391565,0.14748708293009796,0.025743373583105796,0.015072164537478576,0.01173836772475852,0.04307416161268476,0.043332730894414306,0.08076702972038968]}
{"id": 2, "drone": 1, "position":(16.666666666666668,25.0,1.0), "time":39.655218008391586,"sensors":[0,48,20,24,8,13,31,18,16,15,34,42,45,30],"power":[0.004136752134406491,0.05437919304484777,0.002911264720658797,0.015177418194971905,0.009600805247394418,0.006819188134769441,0.005167644565121539,0.08356413983333325,0.028851932101225067,0.007935047287990308,0.0031869130612934503,0.07851019169841228,0.002539070535721919,0.004250804725071754]}
{"id": 3, "drone": 1, "position":(16.666666666666668,8.333333333333334,1.0), "time":668.6795349521028,"sensors":[44,38,28,16,33,7,23,47,45,30],"power":[0.6491619554717133,0.2169744761264679,0.08384346421940532,0.0567388624303116,0.34622204042542404,0.10553621431328962,0.06958709008749299,0.14952908159486272,0.6544366609275948,0.2757249465319261]}
{"id": 4, "drone": 1, "position":(8.333333333333334,41.666666666666664,1.0), "time":53.2212647140173,"sensors":[36,13,11,34],"power":[0.1305270356206338,0.008634740412551167,0.02213072386493532,0.015577978533553563]}
{"id": 5, "drone": 1, "position":(8.333333333333334,25.0,1.0), "time":415.2214811487134,"sensors":[48,20,24,13,18,16,15,11,27,34,42,9],"power":[0.041366773826261624,0.3034954064741557,0.9347954526868529,0.09805731578893623,0.0878565691819724,0.08969106348577403,3.315912524824871,0.03754687266093921,0.09536883528317593,0.0670568730566471,0.05117405169852459,0.12777673759208266]}
{"id": 6, "drone": 0, "position":(8.333333333333334,16.666666666666668,1.0), "time":53.5495319877773,"sensors":[20,38,24,18,16,15,27,42,9,45,30],"power":[0.00881146854445355,0.005826674750146789,0.013572261905592456,0.008554587247475244,0.012231740526706033,0.013765930771900404,0.0254526313481285,0.0039146635285890775,0.0064564461508470426,0.005955014794030718,0.0064180806298923905]}
{"id": 7, "drone": 0, "position":(25.0,41.666666666666664,1.0), "time":573.5764100555999,"sensors":[0,4,1,14,5],"power":[0.10589259940870253,0.22079264331961596,0.22998239254351063,0.08833961089849035,0.11744043517403144]}
{"id": 8, "drone": 0, "position":(41.666666666666664,33.333333333333336,1.0), "time":237.10009600259627,"sensors":[19,10,41,32,2,26,43,17,3,29,22],"power":[0.05489789900412353,0.04755492383349294,0.029624057654671444,0.033161119568531044,0.19632560885703468,0.03426797379356095,0.02006312567058053,0.015625383218428882,0.05733763822981477,0.05768182953564824,0.10751203407382483]}
{"id": 9, "drone": 0, "position":(41.666666666666664,41.666666666666664,1.0), "time":287.9479473226081,"sensors":[10,1,14,2,37,26,43,17,3,22],"power":[0.07035352650289811,0.02821973426841771,0.06789374796467827,0.19582127871265861,0.09692452801564301,1.0771734603106815,0.11496265581545147,0.13730832415018865,0.04361302671486092,0.021893773665707154]}
{"id": 10, "drone": 0, "position":(8.333333333333334,8.333333333333334,1.0), "time":286.1945085800205,"sensors":[44,38,28,33,7,27,45,30],"power":[0.02461835716722601,0.36018249970460214,0.06615653578059466,0.05429622793942458,0.06822548477219915,0.02917853336869558,0.03480992043728518,0.02837915304873598]}
{"id": 11, "drone": 0, "position":(25.0,8.333333333333334,1.0), "time":1.9720522483210061,"sensors":[44,6,33,23,47,45,30],"power":[0.001303315854160992,3.7783955235476613E-4,2.496811766701856E-4,0.0020538673327884695,4.7091840513727683E-4,5.402392005648608E-4,4.322933118393397E-4]}
{"id": 12, "drone": 2, "position":(33.333333333333336,8.333333333333334,1.0), "time":219.6489013758522,"sensors":[44,49,21,40,25,6,23,46,39],"power":[0.0160761826819568,0.018080991103295235,0.06735284135040788,0.018892021479858447,0.03864084530855277,0.11227761457229804,0.07835904257971854,0.02451718522814418,0.018323029599851465]}
{"id": 13, "drone": 2, "position":(41.666666666666664,25.0,1.0), "time":77.17259111435169,"sensors":[49,19,40,12,41,32,2,3,29,22],"power":[0.017415004155280966,0.771725911143517,0.02038206943615143,0.024065346585133797,0.026980250493791685,0.035996637341008,0.006518010248270423,0.005975173442639578,0.14540775038964376,0.025926399248107374]}
{"id": 14, "drone": 2, "position":(33.333333333333336,41.666666666666664,1.0), "time":210.3175605924078,"sensors":[0,4,1,14,2,5,37,26,17,22],"power":[0.01858534466505999,0.04813089884240426,0.18854221254137774,0.31086760021552723,0.04862164210644651,0.032559564825968564,0.05307547198435696,0.03939795082118796,0.04676332255636122,0.016403542569723466]}
{"id": 15, "drone": 2, "position":(41.666666666666664,16.666666666666668,1.0), "time":500.000750995981,"sensors":[49,19,40,12,41,32,46,35,29,39],"power":[5.00000750995981,0.1053074243320207,0.14634420888284447,0.9699793160076267,0.07114100040564311,0.08174045905365958,0.12797655092529775,0.10410457331776479,0.07978518626403619,0.03562989239737286]}
{"id": 16, "drone": 2, "position":(8.333333333333334,33.333333333333336,1.0), "time":123.36511811914264,"sensors":[20,36,24,13,15,11,34,9],"power":[0.020964586153421096,0.019472964379366162,0.019353242818955427,0.22682510657477853,0.022605812707791318,0.09032240347412547,0.6491494862303091,0.01576681625707028]}
{"id": 17, "drone": 2, "position":(41.666666666666664,8.333333333333334,1.0), "time":309.83562399918793,"sensors":[49,21,40,12,25,6,46,35,39],"power":[0.06455812097728515,0.12316602792254822,0.019615305471643033,0.04183072178500314,0.11135915469144722,0.0373445458753472,0.5608638177443367,0.04589542668223521,0.1611153551414556]}
