LP RESULTS :
 Obj = 0.1*lambda1+0.9*lambda2 = 140.59760733568297 (lambda1 = 1360.9760733568296, lambda2 = 5.0) Resol time = 389343 ms

{"id": 0, "drone": 2, "position":(33.333333333333336,33.333333333333336,1.0), "time":8.724247702742984,"sensors":[12,43,24,10,11,21,1,0,30,44,36,19],"power":[0.0012633244493235633,0.0018851218456540143,0.0024419791989313106,5.945231890243555E-4,0.027369329320842694,0.001078431383323635,0.002223028081168542,0.024931190329812655,0.0010002271412081472,7.870689593395891E-4,0.006371722072236749,0.00213621749613435]}
{"id": 1, "drone": 2, "position":(8.333333333333334,25.0,1.0), "time":214.59152981435815,"sensors":[23,8,29,5,31,41,13,25,16],"power":[0.014106121893263232,0.05285328170240075,0.037586616784740096,0.045100873764595914,0.08986349433675346,0.02754068370552301,0.0944825759140449,0.04533559164477161,0.027929023481596052]}
{"id": 2, "drone": 2, "position":(8.333333333333334,41.666666666666664,1.0), "time":514.1313432849911,"sensors":[23,20,8,29,5,31,48,22,16,49],"power":[0.77098821146437,0.13267658747093578,0.08393739055161155,0.12808043890041818,0.11134134882006802,0.0614143989955638,0.14483499113995263,0.03786398642011652,0.05457358775270108,0.3434860487360092]}
{"id": 3, "drone": 2, "position":(8.333333333333334,8.333333333333334,1.0), "time":614.3857105925853,"sensors":[7,14,34,41,27,37,25,4,42],"power":[3.1218961615494925,5.331295080864679,0.10931133937831548,0.1838436216446132,0.0631210237514211,0.17417257328615923,0.12683535527241502,0.14999999999999997,0.25745505752145836]}
{"id": 4, "drone": 2, "position":(41.666666666666664,33.333333333333336,1.0), "time":9.143241962145384,"sensors":[12,46,24,10,11,21,1,0,30,36,19],"power":[0.022960274987720183,6.082550654158303E-4,0.0013250092767046033,0.0011206069183550358,0.0031735510160197777,7.105589247245462E-4,0.008019106507797271,0.0012114945341309526,0.002955587277012345,0.002068872614274394,0.05711776240535917]}
{"id": 5, "drone": 0, "position":(33.333333333333336,41.666666666666664,1.0), "time":58.59672316743906,"sensors":[17,12,46,11,21,0,30,36,19],"power":[0.01909486486059796,0.00524901452591668,0.01257499709238232,0.014167105051857063,0.10812866252224056,0.009957411257218057,0.011140813202427751,0.048088748072101686,0.005522809504122939]}
{"id": 6, "drone": 0, "position":(25.0,8.333333333333334,1.0), "time":602.9516242148196,"sensors":[39,34,26,35,6,9,27,45,37,40],"power":[0.0472244788808741,0.10009433488985019,0.06187289306748885,0.07257096144730538,0.29018449236335875,0.04102777026199434,0.36092920508750387,0.5122113153849749,0.04143587600153654,0.14999999999999997]}
{"id": 7, "drone": 0, "position":(25.0,41.666666666666664,1.0), "time":401.69890615302165,"sensors":[17,11,21,0,44,36,48,22],"power":[0.11528161376180607,0.03054295071743876,0.05629712522655197,0.04539182948667161,0.051767124162948805,0.052031811001526145,0.06536903454551418,0.1121360135798842]}
{"id": 8, "drone": 0, "position":(8.333333333333334,33.333333333333336,1.0), "time":236.82950520956902,"sensors":[23,20,8,29,5,31,13,44,48,16,49],"power":[0.13259711254951115,0.017323412529064695,0.5049653310897317,0.8770274251909039,2.059748811180431,0.5135817359777914,0.055577604004663064,0.015502246066264155,0.023991067440751628,0.06749738876570682,0.01896299256054044]}
{"id": 9, "drone": 0, "position":(41.666666666666664,16.666666666666668,1.0), "time":60.8993146119835,"sensors":[28,32,24,18,38,10,1,9,33,15],"power":[0.03484313165977861,0.03136240363062534,0.005762054414475596,0.0407300873873434,0.05790776328281387,0.02364423113040733,0.0043139375782191985,0.005573514093034695,0.011415239108775704,0.01953137343575707]}
{"id": 10, "drone": 1, "position":(25.0,33.333333333333336,1.0), "time":25.828771160718617,"sensors":[39,2,43,24,47,11,0,44,36,48],"power":[0.0018477013488446463,0.0046252313784681505,0.008315233410973252,0.002343799860118576,0.0028887434115854073,0.003493029079065657,0.009167484200550807,0.027693857691629905,0.003187098566236793,0.0017305047568847126]}
{"id": 11, "drone": 1, "position":(41.666666666666664,41.666666666666664,1.0), "time":227.1911314078748,"sensors":[17,12,46,11,21,1,30,36,19],"power":[0.015623521377596893,0.06866776348943567,0.13681674784220213,0.03498879475146368,0.06689138420628961,0.019535353767897567,0.8562246302517919,0.05285504765070622,0.03943686010583679]}
{"id": 12, "drone": 1, "position":(41.666666666666664,8.333333333333334,1.0), "time":530.7059663162245,"sensors":[28,32,18,38,3,9,33,15],"power":[0.5943824804884513,0.09618797980443833,0.6174836337704773,0.13690372135942816,0.1500000000000013,0.33956349192362073,1.1717255717000263,0.036773396870296626]}
{"id": 13, "drone": 1, "position":(25.0,25.0,1.0), "time":206.73986464913241,"sensors":[39,2,43,24,47,26,35,0,44,45],"power":[0.10282436453530111,0.7585185499154469,0.2907843685590845,0.03381856353499986,0.34758576515856804,0.08812710693251112,0.0844707642535306,0.0324512799629816,0.054249703119818464,0.014275669847339462]}
{"id": 14, "drone": 1, "position":(41.666666666666664,25.0,1.0), "time":370.51033982289545,"sensors":[12,28,32,24,18,38,10,11,1,0,19,15],"power":[0.0518596225475948,0.025777787994666342,0.047820131826012226,0.10450110044892641,0.027403093645120113,0.04564629789084493,0.8814371063625279,0.04486559100115989,0.23975043120679382,0.026889310228634382,0.10061357741273845,0.09369522969394657]}
