LP RESULTS :
 Obj = 0.1*lambda1+0.9*lambda2 = 163.99446649184685 (lambda1 = 1585.9446649184683, lambda2 = 6.0) Resol time = 883913 ms

{"id": 0, "drone": 0, "position":(25.0,33.333333333333336,1.0), "time":48.602066640636586,"sensors":[44,31,6,33,18,9,16,4,37,1,47,11,8,17],"power":[0.009074097169217308,0.00910681456892124,0.008719086793698747,0.007622206400713171,0.13894751017118664,0.007485978630733827,0.23814264747283986,0.00562358525927823,0.029682588487762583,0.0031152831583967176,0.014314714387322243,0.15680252295042912,0.05939760862683626,0.0036145937284615274]}
{"id": 1, "drone": 0, "position":(8.333333333333334,33.333333333333336,1.0), "time":115.42511761208257,"sensors":[31,6,14,23,37,8,15,2],"power":[0.011913258421101683,0.012685721447099152,0.03239439729995474,0.023947503404184042,0.009832339873054695,0.00768877453847853,0.01607984101892239,0.01097144909232748]}
{"id": 2, "drone": 0, "position":(41.666666666666664,25.0,1.0), "time":287.5057280080938,"sensors":[24,29,26,21,48,41,49,17,22],"power":[0.018813395643703917,0.12970263393166695,0.02475092030262851,0.09857721303161236,0.22616492334075958,0.14997473500400077,0.025537834694543154,0.018828006311359082,0.3519925926668005]}
{"id": 3, "drone": 0, "position":(41.666666666666664,41.666666666666664,1.0), "time":465.80550060840375,"sensors":[3,33,45,35,41,17],"power":[0.1500000000000017,0.08955379310166461,0.08028270972233821,0.11629336200680071,0.041035687546888334,0.16826306118246143]}
{"id": 4, "drone": 0, "position":(8.333333333333334,16.666666666666668,1.0), "time":352.67972707019646,"sensors":[5,23,12,10,36,20,15,43],"power":[0.19473193245404335,0.024001916630142464,0.0348109653771519,0.05023389001341777,0.0836802947805208,0.07869177292821061,0.105425863149692,0.1392336610137829]}
{"id": 5, "drone": 0, "position":(33.333333333333336,41.666666666666664,1.0), "time":315.92652497905425,"sensors":[44,33,45,18,16,47,11,35,41,17],"power":[0.03203892860937775,0.41940740131152104,0.06971729027766178,0.0516671018201958,0.03909916991862878,0.14565877613058925,0.035099147993550246,0.053858098091629135,0.020692212306405486,0.1359186886832041]}
{"id": 6, "drone": 2, "position":(16.666666666666668,41.666666666666664,1.0), "time":2.548938983298012,"sensors":[44,31,6,18,16,37,1,47,11,34,8,28,2],"power":[0.0014507950020995674,0.005137110487803366,0.005044507281434628,2.2230583159870527E-4,3.0911110028654886E-4,3.017244980518255E-4,0.006555831380285454,2.4987904766357783E-4,3.9512506359500927E-4,0.0013147050150251157,4.6917578973723986E-4,3.4254316150975214E-4,5.261597701342779E-4]}
{"id": 7, "drone": 2, "position":(25.0,25.0,1.0), "time":61.886585842534586,"sensors":[18,9,16,4,37,12,10,11,36,8,48,49,43],"power":[0.009443053335289197,0.13120043630090472,0.009735747803980637,0.04233701678056651,0.015054080856586802,0.005824165580691626,0.01283907522271339,0.008708027649777248,0.004490455750565631,0.010069767475978387,0.005289848676917165,0.0061093442413923385,0.004159209607811666]}
{"id": 8, "drone": 2, "position":(41.666666666666664,16.666666666666668,1.0), "time":347.5126966845428,"sensors":[24,29,19,26,7,21,48,41,32,49,0,22,13],"power":[0.08864261544000022,0.17515296455256582,0.06974728244513952,0.09208301342896007,0.0799553652686338,0.05142278696838761,0.06348739624689621,0.022671141391361362,0.08606049475127252,0.07036373865018129,0.022056977444136698,0.11481265071393848,0.03264340731510743]}
{"id": 9, "drone": 2, "position":(41.666666666666664,8.333333333333334,1.0), "time":401.9254358884757,"sensors":[24,29,19,39,26,7,32,49,0,42,13,46],"power":[0.08019251981484607,0.02956003439744476,0.14373990464216624,0.07456268791151333,0.06296224329415005,0.07004463473136609,0.3663230541622329,0.039030180058036,0.12794302255586315,0.02707264583810513,0.2742038799519909,0.12501838996519926]}
{"id": 10, "drone": 2, "position":(16.666666666666668,8.333333333333334,1.0), "time":286.94682039836243,"sensors":[5,40,25,12,10,38,36,43,30],"power":[0.03324377105961804,0.0776358808715745,0.03163538305919206,0.08846874581647765,0.025115210061596963,0.027742338394329765,0.08012556805377644,0.05129321448262369,0.052674192213727794]}
{"id": 11, "drone": 2, "position":(33.333333333333336,8.333333333333334,1.0), "time":485.1241871212552,"sensors":[24,19,39,38,32,49,42,13,30,46],"power":[0.23595650861509862,0.7697767375603365,0.8081317084673634,0.12225766160567018,0.31723781785196636,0.1124477960467793,0.12293455034600069,0.1840355843633125,0.11292922945009896,0.1338698587440683]}
{"id": 12, "drone": 1, "position":(8.333333333333334,8.333333333333334,1.0), "time":338.10500779716375,"sensors":[5,40,25,12,36,20,43],"power":[0.035809899670213224,0.07236411912842546,0.12427607320262356,0.024155065806826227,0.04317454274151914,0.031052600578143217,0.04160693800901581]}
{"id": 13, "drone": 1, "position":(8.333333333333334,41.666666666666664,1.0), "time":666.5453057204039,"sensors":[44,31,6,14,27,1,34,28,2],"power":[0.04312197341341781,0.09636639273774365,0.09841854829607612,0.07132795082247056,0.15,0.12311383557461018,0.19094948265664996,0.2369379324445933,0.8136105653327145]}
{"id": 14, "drone": 1, "position":(25.0,41.666666666666664,1.0), "time":34.09873353891987,"sensors":[44,31,6,33,18,16,37,1,47,11,34,8,17],"power":[0.05184106688770986,0.009487329398267779,0.009077756355431633,0.0062599516166274285,0.009681291347811658,0.010416202312725538,0.0037921824573536075,0.007354250019803714,0.03748630847261596,0.01132651815199802,0.0030862941477848246,0.007224114233168696,0.0025162874902996016]}
{"id": 15, "drone": 1, "position":(16.666666666666668,33.333333333333336,1.0), "time":79.54487246321389,"sensors":[44,31,6,18,16,4,37,1,47,10,11,34,8,15],"power":[0.012473138918175551,0.029470331949991477,0.03132992363128053,0.01128052274690045,0.01668781990557546,0.008900577429020385,0.06739580157440271,0.009860799866904886,0.00541411218068806,0.005760253594726744,0.020556568086636296,0.005428077610340125,0.05219117666559934,0.007522263418104265]}
{"id": 16, "drone": 1, "position":(16.666666666666668,25.0,1.0), "time":91.90907338942407,"sensors":[5,9,16,4,37,12,10,11,36,8,15,43],"power":[0.025753200857915326,0.011313585068362806,0.006954268960632171,0.0640716184039448,0.023941282252787806,0.010489440779886157,0.06539294720250886,0.007287951058701591,0.015194153074392872,0.01297411850405442,0.03141855969496927,0.021397425819605645]}
{"id": 17, "drone": 1, "position":(8.333333333333334,25.0,1.0), "time":375.741672009343,"sensors":[5,14,23,4,10,36,20,15,43],"power":[0.09207052386539069,0.04627765187757474,0.10205057996567359,0.029067202127190016,0.04931924032609103,0.03144225218930792,0.04025562649364612,0.7841826436994114,0.06167786744773882]}
