LP RESULTS :
 Obj = 0.1*lambda1+0.9*lambda2 = 170.89265313120677 (lambda1 = 1663.9265313120675, lambda2 = 5.0) Resol time = 6568 ms

{"id": 0, "drone": 1, "position":(33.333333333333336,25.0,1.0), "time":30.137571591038714,"sensors":[18,24,35,9,49,31,8,0,30,38,17],"power":[0.007105134492609722,0.0033278608891813585,0.004207558433965275,0.007978366992561643,0.0019131565458824424,0.0019028867366080286,0.002927308362889566,0.0044025176654936375,0.005077472519733711,0.07664904576218867,0.003396361610564665]}
{"id": 1, "drone": 1, "position":(41.666666666666664,41.666666666666664,1.0), "time":583.7738107164299,"sensors":[24,4,42,10,7],"power":[0.11607181020850782,0.21056297134422086,0.15,2.0683763199216,0.07307017617238355]}
{"id": 2, "drone": 1, "position":(25.0,41.666666666666664,1.0), "time":656.1635545667834,"sensors":[6,48,44,33,45,7],"power":[0.12125586736108857,0.09783610957265593,0.15,0.09674592394218484,0.14470187014669014,0.09890080464809499]}
{"id": 3, "drone": 1, "position":(25.0,16.666666666666668,1.0), "time":78.08556519778391,"sensors":[18,1,46,26,2,28,3,8,0,30,38],"power":[0.011842299561065348,0.008138360553601382,0.013696565458071323,0.02396214350589751,0.008321007859088748,0.010474805630066709,0.014776398269987941,0.013998756887895994,0.06644956507303584,0.03126339043007803,0.007131169332715927]}
{"id": 4, "drone": 1, "position":(41.666666666666664,25.0,1.0), "time":315.7660292400322,"sensors":[18,24,35,9,4,49,31,38,17],"power":[0.04336910389374722,0.07315309016082597,0.3632192039986886,1.3386490808378004,0.035424200938524136,0.14808684345411754,0.15768582316107793,0.04543176630219977,0.08781638750702567]}
{"id": 5, "drone": 0, "position":(16.666666666666668,8.333333333333334,1.0), "time":123.1776292709244,"sensors":[13,1,11,32,15,26,2,34,28,16,43],"power":[0.05339559664006297,0.011972699662118023,0.010119316595775344,0.05931720208991615,0.013813940650750001,0.03484624366725755,0.008667374189917457,0.008062634484166413,0.19540529052420974,0.025790205104941274,0.009808944698680332]}
{"id": 6, "drone": 0, "position":(25.0,8.333333333333334,3.0), "time":149.00756122239682,"sensors":[29,13,1,46,26,2,28,0],"power":[0.01657050038058455,0.019439314546506777,0.0816131025464159,0.050799689639787024,0.02216936971041124,0.06328575113429566,0.05816354861556583,0.011282099586928395]}
{"id": 7, "drone": 0, "position":(8.333333333333334,25.0,1.0), "time":576.7475084806318,"sensors":[36,14,11,41,25,12,27,20,34,16,3,8,37,23,47],"power":[0.24112336655178893,0.19428534105095469,0.17785960851328128,0.2808512117044868,0.2257783721739153,5.7674750848063185,0.1694595075680098,0.2913447943560778,0.2623543549839409,0.04660728486000553,0.07368135253191924,0.037093683823151646,0.3474376197952294,0.12308528060053386,0.15]}
{"id": 8, "drone": 0, "position":(25.0,25.0,1.0), "time":67.39989763959038,"sensors":[18,41,26,3,8,0,30,38,23],"power":[0.005253921252122096,0.00516374270545918,0.0064690067723204864,0.02291637453753879,0.09594160717031468,0.0586184667120623,0.1552810126214727,0.020788018602895603,0.005337160273641796]}
{"id": 9, "drone": 0, "position":(8.333333333333334,41.666666666666664,1.0), "time":747.5939346985239,"sensors":[6,48,20,21,40,33,5,37,23,45],"power":[0.17999306221237493,0.06460038896101951,0.058016643856473454,0.22207045236743153,0.15,0.0889852789046728,0.34862784139252323,0.05995827662891071,0.06753556964304702,0.05633412935678497]}
{"id": 10, "drone": 2, "position":(8.333333333333334,8.333333333333334,1.0), "time":468.4572157950475,"sensors":[13,11,32,15,26,34,28,16,43],"power":[0.06893994362835736,0.06883810958991052,0.2533695872772277,0.13618605934925015,0.040914317004936744,0.04938132211069614,0.04975576091975919,0.39466748226660836,0.2737996446519686]}
{"id": 11, "drone": 2, "position":(41.666666666666664,8.333333333333334,1.0), "time":1115.3267588003216,"sensors":[29,18,35,46,2,22,17,19,39],"power":[0.43819188153437044,0.1235370058435263,0.07624691969387284,0.1374511241360309,0.0928778515512939,0.39689597981605235,0.1912615649728176,0.15,0.9634915915583239]}
{"id": 12, "drone": 2, "position":(16.666666666666668,16.666666666666668,1.0), "time":2.977216587546811,"sensors":[11,32,41,26,12,34,28,16,3,8,0,30],"power":[8.059471622568073E-4,2.412963798169884E-4,2.538450229447896E-4,0.00905670389236107,2.744218537531666E-4,7.845370296221391E-4,4.960793170493225E-4,6.296556689041293E-4,9.083881761737668E-4,4.63075505539723E-4,6.00384070706995E-4,4.8327426340068436E-4]}
{"id": 13, "drone": 2, "position":(25.0,8.333333333333334,1.0), "time":56.75442525889437,"sensors":[29,18,13,1,46,32,26,2,28,0],"power":[0.0068981569301795305,0.0036802307833875727,0.008225145185072958,0.048275837237864654,0.024128082658566547,0.004032746248940587,0.009370058768824787,0.03421172197681091,0.030172592975803953,0.004540766768398139]}
{"id": 14, "drone": 2, "position":(16.666666666666668,25.0,1.0), "time":20.41091487025734,"sensors":[36,11,41,26,12,20,34,3,8,0,30,37,23],"power":[0.0012978820311831368,0.003141325235327915,0.01106436548427217,0.003212156677990723,0.004575820797291793,0.0017926195945851006,0.00407384931258828,0.03771748648438027,0.012109872269052612,0.004106200123374676,0.004829200006612406,0.0055942529338367545,0.006502593926296575]}
