LP RESULTS :
 Obj = 0.1*lambda1+0.9*lambda2 = 165.40601142335 (lambda1 = 1609.0601142335, lambda2 = 5.0) Resol time = 69522 ms

{"id": 0, "drone": 1, "position":(41.666666666666664,25.0,1.0), "time":323.09651856393396,"sensors":[23,48,0,30,35,40,20,8,19],"power":[0.059095306995625575,0.16057004180808224,0.024961291778078307,0.10230425106935644,0.05835388510439226,0.0314453155174568,0.02817137930427155,0.07977209609362629,0.15816367067386383]}
{"id": 1, "drone": 1, "position":(41.666666666666664,8.333333333333334,1.0), "time":419.7320985412184,"sensors":[22,40,20,3,10],"power":[0.15,0.20820625169610565,0.06970785561615307,0.1980825288030365,0.1072923869640744]}
{"id": 2, "drone": 1, "position":(33.333333333333336,16.666666666666668,1.0), "time":28.353825549859366,"sensors":[44,0,36,30,40,20,3,10],"power":[0.002998304215966195,0.0629677853244886,0.006336025243913444,0.015127082581072055,0.007528812060187179,0.08375307440942775,0.007197954658795904,0.0018888150669618135]}
{"id": 3, "drone": 1, "position":(41.666666666666664,41.666666666666664,1.0), "time":289.67431662760794,"sensors":[41,28,34,35,8,5,19],"power":[0.118843109291368,0.0752311258770776,0.42143917767513284,0.0624490173043277,0.049312189166583434,0.10093036772051833,0.025368190453692676]}
{"id": 4, "drone": 1, "position":(25.0,8.333333333333334,1.0), "time":548.2033549508809,"sensors":[46,44,0,26,36,6,29,39,20,3,9,10],"power":[0.04924592817927173,0.09094206605855003,0.05838464805901265,0.14069184294591333,0.22657572271028523,0.14536845627493045,0.06998995745879587,0.1070316395133454,0.05354710398722615,0.056936644225669915,0.05230697631047952,0.05664372039352138]}
{"id": 5, "drone": 0, "position":(8.333333333333334,41.666666666666664,1.0), "time":623.4909798198429,"sensors":[1,2,32,11,12,49,38,14,7,21],"power":[0.15977891755707238,0.2465736176258491,0.4108107143271053,3.6383263702235276,0.08950821905998549,0.06157708441618811,0.12812263340990973,0.6620198168275196,0.09469811050918805,0.15]}
{"id": 6, "drone": 0, "position":(25.0,33.333333333333336,1.0), "time":31.657954202755207,"sensors":[28,2,25,12,33,31],"power":[0.0029950651154131225,0.0023823535492170263,0.2639215035270849,0.0035037795979815448,0.037906020448359314,0.015814297667207305]}
{"id": 7, "drone": 0, "position":(8.333333333333334,25.0,1.0), "time":453.7259409339999,"sensors":[37,4,16,12,27,49,38,45,15,18,24,7,13,47],"power":[0.46325880385169166,0.10667680776380245,1.9368130363511853,0.07385549423372269,0.10310545052482499,0.17970781527810134,0.08068362969737293,1.9107953230400425,0.13517740512296827,0.07875431962002588,0.07441320449838483,0.02925999002086943,0.07104888624213479,2.078847058389777]}
{"id": 8, "drone": 0, "position":(41.666666666666664,33.333333333333336,1.0), "time":490.08896740357767,"sensors":[23,41,48,28,34,30,35,8,19],"power":[0.09090469300437444,0.031156890708631906,0.1169309048609307,0.06058284088127738,0.04962978822579697,0.03188238012204449,1.0675633016432853,1.4620205457686861,0.40588481920042185]}
{"id": 9, "drone": 0, "position":(25.0,16.666666666666668,1.0), "time":10.096271873324282,"sensors":[44,0,36,6,30,39,20,3,18,24,13],"power":[0.01672905065945524,0.003686274838420435,0.023388802079020284,9.974005147597245E-4,8.992913028154793E-4,7.32596735265086E-4,0.0015114065811047215,6.79482771301071E-4,0.001201013390159616,0.0018300059777712806,7.159004042707755E-4]}
{"id": 10, "drone": 2, "position":(16.666666666666668,8.333333333333334,1.0), "time":82.87944532705751,"sensors":[46,4,44,26,36,6,29,39,43,18,24,9,13],"power":[0.020154753254756137,0.010153280674148151,0.011178876604696571,0.009308157054086679,0.010827261200638882,0.5037460652921887,0.03042584224929704,0.4241790823906816,0.017600067019783287,0.013498052896413872,0.0073575094451864935,0.042833333147602924,0.01547813416461214]}
{"id": 11, "drone": 2, "position":(8.333333333333334,8.333333333333334,1.0), "time":664.4184467943437,"sensors":[46,4,42,6,29,39,27,43,18,9,13],"power":[0.08083087123516318,0.10985729262443106,0.15,0.11551584903189754,0.0955395481517123,0.15262885288000858,0.04689454947517499,1.5763325465582778,0.07785089479075749,0.17860030259774898,0.14419251681641793]}
{"id": 12, "drone": 2, "position":(25.0,41.666666666666664,1.0), "time":685.5045677551509,"sensors":[28,2,25,33,17,5,31],"power":[0.12454146925353016,0.06166326567462987,0.12308761192573728,0.4722083798360465,0.15000000000000022,0.05171435832580728,0.12077504890307744]}
{"id": 13, "drone": 2, "position":(16.666666666666668,16.666666666666668,1.0), "time":55.3312301394634,"sensors":[4,44,36,6,16,39,45,18,24,9,13,47],"power":[0.024306792441961544,0.02815170246135444,0.010127277503459589,0.010187160480679434,0.004358738517712359,0.008894080685789361,0.0048448952375153235,0.1204482761925907,0.06639928007870613,0.0038890864071694196,0.033980017987244066,0.004981481059089388]}
{"id": 14, "drone": 2, "position":(8.333333333333334,33.333333333333336,1.0), "time":120.92642421748447,"sensors":[37,2,32,16,11,12,49,38,45,14,15,7,47,31],"power":[0.03943872074555171,0.03353825954376915,0.01057366210056407,0.022848689563720437,0.022796115514887888,0.056287721462853574,0.11341854121214005,0.18923686551812471,0.03514543868192387,0.03511725609051165,0.015184020149367145,0.026041899469942488,0.020455783487572914,0.013410653429715326]}
