LP RESULTS :
 Obj = 0.1*lambda1+0.9*lambda2 = 137.19357207032397 (lambda1 = 1326.9357207032397, lambda2 = 5.0) Resol time = 88316 ms

{"id": 0, "drone": 0, "position":(25.0,25.0,1.0), "time":185.81700788021357,"sensors":[34,35,4,1,3,32,10,11,47,9,38],"power":[0.03593131618401066,0.12588996248695797,0.0717174173145719,0.02568245837701011,0.018640285111336113,0.17379509268207977,0.10148689662010833,0.10733412540517732,0.013214898613234287,0.1361893905286383,0.016428707516210204]}
{"id": 1, "drone": 0, "position":(41.666666666666664,41.666666666666664,1.0), "time":652.7724601350445,"sensors":[16,17,3,23,8,47,6,30,2,14],"power":[0.16305851353003223,0.2392714536036931,0.06101152521659895,0.09300903663545575,0.15000000000000002,0.06376193278828315,0.0803276984026807,0.15253464217925786,0.5158132332955794,0.12775680085963892]}
{"id": 2, "drone": 0, "position":(8.333333333333334,41.666666666666664,1.0), "time":8.950384861754856,"sensors":[29,12,15,33,27,19,18,46,28,41],"power":[0.016477818472854882,9.784417587465478E-4,5.846146428822209E-4,0.0010789574855193504,0.004524830424227269,0.002726510112086143,0.002275070845540831,5.832384644226663E-4,0.0013948776316888849,0.0020185617241824843]}
{"id": 3, "drone": 0, "position":(41.666666666666664,25.0,1.0), "time":13.059806504701852,"sensors":[16,7,35,45,3,23,30,20,14],"power":[0.002419722582544398,0.1305980650470185,0.0010251557764202736,8.373371193281094E-4,8.425465620097239E-4,0.0030271068054449047,0.001988986143009543,0.0017458932885891793,0.0025594055692967563]}
{"id": 4, "drone": 0, "position":(8.333333333333334,8.333333333333334,1.0), "time":466.33606132152397,"sensors":[31,42,43,37,40,39],"power":[0.36888276261896885,0.08258386074954047,0.15,0.05402314111101676,0.12660838170278985,0.04418217331388791]}
{"id": 5, "drone": 1, "position":(25.0,41.666666666666664,1.0), "time":154.82229813696833,"sensors":[34,21,12,15,44,33,27,4,1,3,25,47,6,19,2,41],"power":[0.019022274365758537,0.18684039572917593,0.03326470207268176,0.04264418989084291,0.07188222303192561,0.035895474232046934,0.014639768656370601,0.019382803487929146,0.030953112794259365,0.021658566911352914,0.030972796475682914,0.03450036778636356,0.05735289320100231,0.01635919042811601,0.012406825964265083,0.029349893044761682]}
{"id": 6, "drone": 1, "position":(8.333333333333334,33.333333333333336,1.0), "time":94.80531410728621,"sensors":[29,26,33,27,49,36,0,19,18,38,46,41],"power":[0.03258529409089413,0.018902076546810722,0.012286658068141162,0.021808963957633595,0.024291050582048643,0.011087883430410918,0.012322395331720975,0.006464788466652113,0.08773665610112445,0.028000376378193734,0.024745616617730767,0.013188926622952363]}
{"id": 7, "drone": 1, "position":(25.0,33.333333333333336,1.0), "time":15.618195143525863,"sensors":[34,21,35,33,27,4,1,3,32,10,11,47,9,6,38,41],"power":[0.007725157888873351,0.0017421412767300857,0.003910249907629681,0.0038088426797321436,0.0011150489808081558,0.041292198459098296,0.010826338875398966,0.004243448351449635,0.001439495852225198,0.003668325636133998,0.0030105261807058504,0.004716057189515501,0.0012071369301075447,0.0015784179295019508,0.0013122745389815647,0.0019545309108326882]}
{"id": 8, "drone": 1, "position":(41.666666666666664,8.333333333333334,1.0), "time":690.2284696045106,"sensors":[45,22,13,20,48,24],"power":[0.6468104919694084,0.21821244778838184,0.14632723545924625,0.22821496127594956,0.21986100952062973,0.15000000000000002]}
{"id": 9, "drone": 1, "position":(16.666666666666668,41.666666666666664,4.0), "time":371.461443710949,"sensors":[21,29,12,15,44,33,27,25,19,28,41],"power":[0.03489876341426026,0.041228539012105464,0.1184116731264544,0.09107702979584156,0.046943764030310364,0.13614770505754958,0.17333909990260585,0.048295141257396375,0.14259840030335205,0.060393522100604065,0.31718968293196265]}
{"id": 10, "drone": 2, "position":(8.333333333333334,25.0,1.0), "time":562.1896974271168,"sensors":[26,49,36,0,42,10,11,37,18,38,46,40],"power":[2.733712118109191,0.8633158973078646,0.13891211656958907,0.14413293798452106,0.1062760806767738,0.050191511791463174,0.05583891389317751,0.11770505609085914,0.07010686453989962,0.19112685789826223,0.12467114491784657,0.04651351043867268]}
{"id": 11, "drone": 2, "position":(41.666666666666664,33.333333333333336,1.0), "time":52.96624750579403,"sensors":[16,34,7,17,1,3,23,47,30,2,14],"power":[0.30392429017741907,0.005408878635148577,0.012496890544564779,0.003708815057009619,0.004656746832360612,0.008796744032642401,0.04769284642829356,0.006460998376059634,0.07129185938774076,0.012213142579078904,0.107412581923463]}
{"id": 12, "drone": 2, "position":(33.333333333333336,33.333333333333336,1.0), "time":75.5002913322139,"sensors":[16,34,21,7,35,4,1,3,23,32,47,6,30,2,14],"power":[0.020230243767065545,0.11350600437859425,0.006659434604256933,0.0069050444084167014,0.019520553655382675,0.017607580738400665,0.07788134312097093,0.36394489023514504,0.006271010130805785,0.005158052421445164,0.08640026813541225,0.010740990466815047,0.007441836158011423,0.017320370715615627,0.008508347951188374]}
{"id": 13, "drone": 2, "position":(25.0,8.333333333333334,1.0), "time":169.5104362250757,"sensors":[32,13,9,5,40,39],"power":[0.010832567399608369,0.019133001134475594,0.012603472541254148,0.157083957347702,0.013253092995593706,0.10581782668611196]}
{"id": 14, "drone": 2, "position":(16.666666666666668,41.666666666666664,1.0), "time":466.76904821303935,"sensors":[21,29,12,15,44,33,27,25,19,38,28,41],"power":[0.049570919282611973,0.06580152083057969,0.2275407742949493,0.14734451515232597,0.07126269671156214,0.3021170244070275,0.4761480546773111,0.07105959575239673,0.3406036504331567,0.030719632750708548,0.08821160026770705,1.8267523121324827]}
