LP RESULTS :
 Obj = 0.1*lambda1+0.9*lambda2 = 137.19821923133884 (lambda1 = 1326.9821923133884, lambda2 = 5.0) Resol time = 211492 ms

{"id": 0, "drone": 0, "position":(41.666666666666664,25.0,1.0), "time":455.89074282638524,"sensors":[12,32,13,23,27,15,43,22,21,10,47,29],"power":[0.40119047221780807,0.101809661258664,0.0977334670918861,0.03467641475197942,0.030953795703037273,0.4598517170963466,0.08795362596887399,0.07143235745781504,0.0968316481319611,1.2574251187569854,0.1626091829834457,0.07405367974329292]}
{"id": 1, "drone": 0, "position":(25.0,16.666666666666668,1.0), "time":22.159682739653867,"sensors":[9,6,42,26,22,21,8,29,38,16,18,19],"power":[0.038168849088817534,0.0018246004470652043,0.002514507145352791,0.0019184585466731018,0.004256742277174673,0.0029545960362018144,0.0023738314226754375,0.0020634494007817686,0.0068801182164726134,0.0842708982622591,0.002384470123981549,0.0040813891823710206]}
{"id": 2, "drone": 0, "position":(33.333333333333336,8.333333333333334,1.0), "time":234.49079740113334,"sensors":[9,36,23,40,30,46,33,22,8,20,29,16,18,19],"power":[0.018410722415976823,0.33417791699739724,0.035918768381732476,0.05836733751801216,0.06528317169417999,0.15060562456675658,0.17405759889958639,0.017712178028858466,0.03838713197511471,0.018945912385946284,0.04380653802074004,0.016535370599222467,0.0494737476249572,0.05054848121938661]}
{"id": 3, "drone": 0, "position":(33.333333333333336,25.0,1.0), "time":28.575814520943048,"sensors":[12,32,9,27,15,22,21,10,25,47,29,38,16,7],"power":[0.015007712305272857,0.0019596813890965874,0.005653985799633214,0.006642179287757934,0.017029768677840947,0.027787139101265186,0.09094188592613449,0.005933407153324332,0.003489159146904196,0.006633692045878656,0.00525445810068433,0.0018611554869410814,0.0018851976176820155,0.0034017197322608666]}
{"id": 4, "drone": 0, "position":(41.666666666666664,8.333333333333334,1.0), "time":585.8651548252727,"sensors":[0,32,36,23,40,30,46,33,20,29],"power":[0.15,0.10809552700044668,0.3492746656550671,0.5442978716675722,0.05663181578808996,0.16987217602908428,0.6090528131142997,0.07633368844189795,0.2842265667397493,0.09542750323044565]}
{"id": 5, "drone": 1, "position":(25.0,25.0,1.0), "time":142.3202148236076,"sensors":[12,9,44,42,27,24,26,15,22,21,25,38,16,7],"power":[0.009772454156104329,0.05353630805958441,0.040625532331967425,0.061814069720975195,0.022458765696825006,0.02477520315190736,0.03177381225402433,0.009469136592406452,0.028811583134886645,0.028495878279147308,0.03804126409106206,0.06224293010621298,0.02930258545937735,0.04184358730751903]}
{"id": 6, "drone": 1, "position":(8.333333333333334,8.333333333333334,1.0), "time":192.53633820547748,"sensors":[6,17,5,14,39,31,48],"power":[0.017908588936704384,0.0732516893529408,0.39735589089638224,0.01497903029680187,1.0893930862039296,0.01638785388348013,0.1474976491344633]}
{"id": 7, "drone": 1, "position":(41.666666666666664,33.333333333333336,1.0), "time":266.30407767804826,"sensors":[12,13,27,15,43,21,10,41,47,35],"power":[0.075518140515283,0.05226653290811391,0.03315269119825708,0.03466295235796702,0.8494542701154361,0.017625490085333012,0.1022172057282188,0.02850775243595367,0.3206575738597166,0.06909760883926279]}
{"id": 8, "drone": 1, "position":(25.0,33.333333333333336,1.0), "time":149.610004318243,"sensors":[44,42,27,24,26,21,25,38,7,2],"power":[0.10924292242894151,0.027544694869056828,0.05679256811412271,0.048607273883535716,0.01645752801947252,0.009537049790885101,1.090595220001501,0.011948132718082928,0.7822661893489067,0.010040338317286165]}
{"id": 9, "drone": 1, "position":(41.666666666666664,41.666666666666664,1.0), "time":576.2115572880118,"sensors":[3,43,41,47,35],"power":[0.15000000000000005,0.12410068849490598,1.033709367799206,0.06404341860102525,2.1416463230047946]}
{"id": 10, "drone": 2, "position":(8.333333333333334,41.666666666666664,1.0), "time":25.344401423352735,"sensors":[11,45,34,28,49,4,2],"power":[0.13218021869170862,0.0017115003921593574,0.009096938475515239,0.0021912031317880267,0.002980936532850876,0.009251306214302257,0.008099835265949849]}
{"id": 11, "drone": 2, "position":(8.333333333333334,25.0,1.0), "time":892.8654213960581,"sensors":[42,24,26,45,14,34,1,28,31,38,49,4,37,2],"power":[0.099135273472441,0.0790367957547857,0.1880875967152673,0.3516782792778886,0.8398038438869174,0.07813131733030222,1.4058136466369617,0.12447827934922631,0.560825031344361,0.07137521610986682,0.28559223762791536,0.10343415707694802,0.15,0.08258553265750934]}
{"id": 12, "drone": 2, "position":(8.333333333333334,33.333333333333336,1.0), "time":104.66073344324356,"sensors":[44,11,42,24,26,45,14,34,1,28,31,49,4,2],"power":[0.00749941267041809,0.017819781308299303,0.007182401195614022,0.014385123407431826,0.011122324482154755,0.040724418745502367,0.008579677639835883,0.06277174419418262,0.0364197636139039,0.026366841750401212,0.007378598593332764,0.11583829648461724,0.15991566845332045,0.0706112628351613]}
{"id": 13, "drone": 2, "position":(25.0,8.333333333333334,1.0), "time":289.86399229926263,"sensors":[9,36,6,40,46,17,33,8,16,18,19],"power":[0.03423013463599113,0.029783959009762384,0.12137930291413489,0.03500084669389788,0.02045947386580958,0.03675784243798169,0.06319723950468072,0.4924402857671321,0.06436141340956311,0.48590289432339434,2.817972748300485]}
{"id": 14, "drone": 2, "position":(16.666666666666668,8.333333333333334,1.0), "time":14.24764375147143,"sensors":[6,17,5,8,39,16,18,19,48],"power":[0.010435990803335599,0.03999046820907757,0.003108991778557767,0.0032614864281454337,0.0033867046966307474,0.0019357281313618633,0.00247814294864528,0.0030049904620447552,0.0025023508655366783]}
