LP RESULTS :
 Obj = 0.1*lambda1+0.9*lambda2 = 124.43900271425262 (lambda1 = 1199.3900271425262, lambda2 = 5.0) Resol time = 153340 ms

{"id": 0, "drone": 0, "position":(41.666666666666664,25.0,1.0), "time":98.2871306207122,"sensors":[16,1,7,27,30,41,2,35,22,45,23,5,21,39],"power":[0.6013662240461581,0.00902928662359556,0.018188322935306752,0.4100908909705881,0.0077729942263558074,0.011232876342471653,0.04382522943512231,0.017170919863222504,0.036296026488041894,0.012139770348845827,0.013484289244465653,0.01038387313195357,0.013908332290999536,0.02579141179774952]}
{"id": 1, "drone": 0, "position":(41.666666666666664,8.333333333333334,1.0), "time":635.3411995612188,"sensors":[15,7,47,26,38,23,21],"power":[0.15,0.16139131220327035,0.1256919376597593,0.8296358115815374,1.4058835668200935,0.18068961458696692,0.13653287918711624]}
{"id": 2, "drone": 0, "position":(8.333333333333334,25.0,1.0), "time":335.71054373547275,"sensors":[9,37,13,4,43,20,14,29,31,25],"power":[0.0717252582895273,0.02298791276321305,0.13395410744271488,0.12990689442977627,0.1708663417164104,0.04775779653161385,0.4229903482543135,0.09278092935817595,0.08065352395734356,0.1868846599485039]}
{"id": 3, "drone": 0, "position":(25.0,8.333333333333334,1.0), "time":32.68412553858299,"sensors":[34,17,28,47],"power":[0.006588204002106882,0.1553443157103753,0.03123093062445765,0.004124930133076583]}
{"id": 4, "drone": 0, "position":(25.0,33.333333333333336,1.0), "time":97.36702768653944,"sensors":[1,37,46,11,18,0,36,42,48,8,22,5,44,39],"power":[0.01635627058606,0.015443131219752583,0.06894567531994256,0.10596992231553184,0.00923922488715269,0.01676566019218785,0.05353519198488765,0.013299749125884192,0.01459799398388532,0.07640077019914206,0.007485337028753636,0.007489508337624654,0.009870669044600142,0.01046419029346106]}
{"id": 5, "drone": 2, "position":(8.333333333333334,41.666666666666664,1.0), "time":262.3638517801089,"sensors":[9,0,42,14,12,10,24,44,32,6],"power":[0.0523277937382214,0.04378505799128904,0.026301502002901447,0.017308579564369302,0.13446592122700818,0.8571168090986195,0.14415315983345559,0.0799609963506273,0.08815146695333835,0.04233619652597921]}
{"id": 6, "drone": 2, "position":(33.333333333333336,25.0,1.0), "time":122.4479232305642,"sensors":[16,1,37,46,11,7,27,36,48,41,47,22,23,5,21,39],"power":[0.027240928031570633,0.14763407586221067,0.011545174879444068,0.021188365275304617,0.028689581432493425,0.011484285457375796,0.025665527656560768,0.021805079663935845,0.013059348744322321,0.0793879932034441,0.012256009018932354,0.08232758068911866,0.012375883562259833,0.12331159959706159,0.016984338770529725,0.0685726401477437]}
{"id": 7, "drone": 2, "position":(8.333333333333334,41.666666666666664,4.0), "time":244.43521934867135,"sensors":[9,0,42,12,10,24,44,32,6],"power":[0.03882646499074706,0.034338417762009306,0.022129309829712892,0.07999423914368399,0.1977973771297968,0.08136704820246977,0.05955333965533506,0.06184853304666165,0.033373696875131274]}
{"id": 8, "drone": 2, "position":(41.666666666666664,41.666666666666664,1.0), "time":213.26262050490806,"sensors":[19,40,49,30,35,45,3,33],"power":[0.07956217124672679,0.11531457436494265,0.3481382688030487,0.133265041837739,0.015657850518377505,0.01575773323894643,0.3000943064585972,0.10542856632370437]}
{"id": 9, "drone": 2, "position":(8.333333333333334,33.333333333333336,1.0), "time":356.8804122782736,"sensors":[9,13,4,0,14,8,12,31,10,24,25,44,6],"power":[1.0811009198316075,0.08798247988843111,0.025982232680381398,0.048646438367461665,0.1988752877017681,0.02744840938216804,0.07755356427969036,0.04947711068020755,0.08805687585745235,0.02758581773465519,0.043960926175687844,0.08520350278051862,0.07429010659888952]}
{"id": 10, "drone": 1, "position":(25.0,41.666666666666664,1.0), "time":159.3165363353259,"sensors":[46,11,18,0,36,42,8,44],"power":[0.01162107724660375,0.018786170438427185,0.21076585308957105,0.03530221798770753,0.010227475664340553,0.08826943904150147,0.03992106198773352,0.01893642911578558]}
{"id": 11, "drone": 1, "position":(25.0,16.666666666666668,1.0), "time":173.17288159344352,"sensors":[34,1,37,46,17,36,28,48,41,47,29,5,21],"power":[0.5196457727750579,0.02836738111602873,0.03582196451871279,0.015883377386907097,0.03877285243617888,0.01764321178775698,0.11498934297964156,0.04317384425889548,0.0460490335957563,0.025577140634416566,0.01332854066698196,0.041901093742351396,0.013558107576160982]}
{"id": 12, "drone": 1, "position":(41.666666666666664,33.333333333333336,1.0), "time":569.8982444866617,"sensors":[16,19,40,27,49,30,2,35,22,45,3,33,39],"power":[0.1605868449900162,0.16872627065669105,0.04136928497142677,0.08247267577334239,0.05851065368710889,0.4203740651159274,0.10658068702001779,0.1540859599885114,0.1670908451913698,0.1221024964122077,0.05693683490427908,0.04457143367629563,0.16634944898814466]}
{"id": 13, "drone": 1, "position":(25.0,25.0,1.0), "time":52.567145378424584,"sensors":[34,1,37,46,11,36,28,48,8,41,22,25,5,39],"power":[0.010620652554184892,0.03618131075392483,0.0665424793418786,0.06021463438298645,0.017616901957931516,0.08465975006460219,0.003779726395900785,0.07916881301289692,0.0062297584309562596,0.013330096858327959,0.004662049957534099,0.0049521578413811865,0.01783983641290529,0.005194900494667466]}
{"id": 14, "drone": 1, "position":(8.333333333333334,16.666666666666668,1.0), "time":244.43521934867056,"sensors":[13,4,43,20,14,29,31,25],"power":[0.022148618275314978,0.08110194726878801,0.30862679728164993,0.12342823947341704,0.023981739617336004,0.14564770422409667,0.01986936536244888,0.050444037415405665]}
