LP RESULTS :
 Obj = 0.1*lambda1+0.9*lambda2 = 160.91506225289547 (lambda1 = 1564.1506225289545, lambda2 = 5.0) Resol time = 1066 ms

{"id": 0, "drone": 0, "position":(16.666666666666668,8.333333333333334,1.0), "time":526.0539753363884,"sensors":[10,19,29,47,35,2,26,24],"power":[0.66770374034622,0.0611298850493889,0.1702830956531286,0.08172427362488535,0.1036134469972511,0.1263267336660617,0.11379818984886468,0.10820190403819874]}
{"id": 1, "drone": 0, "position":(33.333333333333336,25.0,1.0), "time":72.9320016883581,"sensors":[45,44,4,3,8],"power":[0.14319671390086508,0.1230020962141405,0.026143863116776866,0.010951185324786623,0.01265536779643898]}
{"id": 2, "drone": 0, "position":(41.666666666666664,8.333333333333334,1.0), "time":863.9080300826104,"sensors":[13,27,38,3,11,30,23,17,1],"power":[0.7895143136168934,0.28006428412242784,0.08955008579108291,0.1750298263344611,0.29756053370167734,0.1607962128708724,0.17080604800805405,0.10367137394648934,0.44031841204589034]}
{"id": 3, "drone": 0, "position":(16.666666666666668,16.666666666666668,1.0), "time":83.22904876957959,"sensors":[10,19,29,47,35,2,34,39,12,22],"power":[0.047612688240485604,0.07573872915816432,0.02540558802577333,0.11236225296412339,0.012780230563073624,0.006924801026374787,0.008133302519932353,0.018619835496511337,0.008246755912941784,0.014457202615930607]}
{"id": 4, "drone": 0, "position":(8.333333333333334,8.333333333333334,1.0), "time":18.027566652018233,"sensors":[42,10,47,35,2,39,12,24],"power":[0.001558534629576653,0.002683793815055074,0.002308131793131738,0.033606322439675006,0.09607241722468388,0.00190775189676715,0.0014797794325437808,0.04305028851785833]}
{"id": 5, "drone": 1, "position":(8.333333333333334,41.666666666666664,1.0), "time":678.1998568819453,"sensors":[37,14,46,16,5,28,40,25,36,15,9],"power":[0.07428046262756824,0.15,0.11709181166243372,0.08083194859029003,0.31450988746196806,0.12408484176133948,0.1428129591430503,0.12178129104929647,0.34497330165441675,0.1079365754275369,0.0987833120349957]}
{"id": 6, "drone": 1, "position":(41.666666666666664,41.666666666666664,1.0), "time":712.5386058817375,"sensors":[6,32,33,21,48,41,7,18,8,43,20],"power":[0.9531764337741992,0.22715263976001798,0.07330508034221726,0.40668504820449586,0.8632366131816424,0.1703327949285154,0.16990203133359286,0.14999999999999997,0.06813427235994496,0.3198830504200276,0.2223221139782295]}
{"id": 7, "drone": 1, "position":(41.666666666666664,33.333333333333336,1.0), "time":108.95619980141973,"sensors":[6,44,33,4,21,48,41,7,8,43,20],"power":[0.04022958187647164,0.019244867957228035,0.07203517803216575,0.01460772882152103,0.007273759370766937,0.029512952336448676,0.006936302615548076,0.009505065701990348,0.018598097118467525,0.03483466605638267,0.20389758522012866]}
{"id": 8, "drone": 1, "position":(33.333333333333336,33.333333333333336,1.0), "time":61.780896352508,"sensors":[6,45,44,33,4,48,41,7,8,20],"power":[0.013428123119413903,0.0068032860991557725,0.029903253616959606,0.004659741625616983,0.10924840806170719,0.004072874157898085,0.006941982787374355,0.011096923279459082,0.3116853597646552,0.007868331546595995]}
{"id": 9, "drone": 1, "position":(16.666666666666668,25.0,1.0), "time":2.6750636113509167,"sensors":[10,19,37,46,47,28,34,39,12,22,25,31,0,15,9],"power":[1.817542723877552E-4,7.292799514188444E-4,6.528172174530066E-4,4.6899651220520415E-4,6.149111522746655E-4,2.1707239069174798E-4,0.003494385105835429,4.742407787499931E-4,2.8031140604352584E-4,0.01271445129200929,4.572208540567056E-4,3.216448767641466E-4,9.73169091952862E-4,4.847361586251136E-4,3.960137444138828E-4]}
{"id": 10, "drone": 2, "position":(16.666666666666668,33.333333333333336,1.0), "time":127.8842758993162,"sensors":[37,46,5,28,34,40,22,25,0,15,9],"power":[0.5201028539948971,0.08192848176160837,0.04442686152115752,0.02017075334858576,0.07232936011096393,0.010547196896489811,0.03361765295063113,0.10454702429103833,0.09192505364292634,0.07022903090503159,0.4949346690174955]}
{"id": 11, "drone": 2, "position":(8.333333333333334,25.0,1.0), "time":574.1084738211281,"sensors":[42,37,46,47,28,49,34,39,12,22,25,31,0,15,9],"power":[0.14865089892911712,0.08324467788370851,0.11202554455326483,0.11019857518337106,0.14026695858019372,0.15,0.08789922650229935,0.3155051672609778,0.350379967768384,0.095889225115202,0.10131084239329403,1.2968886839674707,0.04228736433087561,0.12820382626476495,0.046797426103789626]}
{"id": 12, "drone": 2, "position":(16.666666666666668,41.666666666666664,1.0), "time":161.9152803621665,"sensors":[37,46,16,5,28,34,40,25,0,36,15,9],"power":[0.02943746418045723,0.02471964917764733,0.06916805140970995,0.08607464990442147,0.010745241798020095,0.010580926042893296,0.1436247539228352,0.027677842418706158,0.01481441293424384,0.014923989785650483,0.02157984317802791,0.049614730442529516]}
{"id": 13, "drone": 2, "position":(25.0,8.333333333333334,1.0), "time":117.06988142602029,"sensors":[10,19,27,29,26,23,17],"power":[0.026965693123120436,0.012402105841026361,0.015012456255370283,0.0685343144792242,0.036201810151135314,0.016167835239693763,0.03060651644059843]}
{"id": 14, "drone": 2, "position":(41.666666666666664,8.333333333333334,1.0), "time":583.1727110203235,"sensors":[13,27,38,3,11,30,23,17,1],"power":[0.5329539564729895,0.18905467034034223,0.0604499142089171,0.11815218145746775,0.20086534340335738,0.10854391916317857,0.115300960990025,0.06998235239669512,0.2972326603335441]}
