LP RESULTS :
 Obj = 0.1*lambda1+0.9*lambda2 = 149.1673507318728 (lambda1 = 1446.673507318728, lambda2 = 5.0) Resol time = 23260 ms

{"id": 0, "drone": 1, "position":(33.333333333333336,8.333333333333334,1.0), "time":546.0748389490846,"sensors":[12,46,38,20,30,13,39,19,44],"power":[0.03667130031085562,0.41396563626555904,0.14465550772184532,0.21852567369857617,0.6057319358054353,0.08913577669805108,0.12167035933800094,0.07230358532569914,0.07476724657642474]}
{"id": 1, "drone": 1, "position":(16.666666666666668,41.666666666666664,1.0), "time":129.78699820116591,"sensors":[29,23,3,16,28,32,37,21,24,45,14,35],"power":[0.04530634127157102,0.06595830220990091,0.35650643631422696,0.0598108679252069,0.014230522134730708,0.01438380073902292,0.010927781250027491,0.013464631610278902,0.02796860570304424,0.02320070139230601,0.023965916646116827,0.013860518047840109]}
{"id": 2, "drone": 1, "position":(41.666666666666664,8.333333333333334,1.0), "time":161.07762592621484,"sensors":[17,36,46,43,38,20,30,13,39,44],"power":[0.011523861634374404,0.013375091370754438,0.020663441689459966,0.017381546896763033,0.018186794694856706,0.04145399001572792,0.018665660260796548,0.06086422330194898,0.028329640661999035,0.19790910740156775]}
{"id": 3, "drone": 1, "position":(41.666666666666664,25.0,1.0), "time":469.5021069680206,"sensors":[17,36,15,12,43,40,38,20,42,2,7,10,44,31],"power":[0.5203164455742643,0.13513337410370846,0.2066837097861533,0.03245580283510422,0.22176695868525953,0.10890895468388664,0.037798685142984643,0.035157920434466916,0.18078753290153007,0.4753666346531028,0.13492629920344043,0.13697183302399074,0.030434112562756792,0.14552006376249632]}
{"id": 4, "drone": 1, "position":(25.0,25.0,1.0), "time":140.23193727424646,"sensors":[41,12,26,18,38,42,1,35],"power":[0.13208847101369772,0.0573669740799294,0.04936823195231377,0.020587170999005498,0.0116133818367266,0.016496928101184735,0.00902770947735864,0.01084654639681629]}
{"id": 5, "drone": 0, "position":(8.333333333333334,41.666666666666664,1.0), "time":389.21208754333315,"sensors":[29,23,3,28,32,37,21,24,45,5,34,14,1,35],"power":[0.6717795251502848,0.029419753315483216,0.050292152339742886,0.09186193624207584,0.10559413129490597,0.06494551107534412,0.08574316402330445,0.8510847307211463,1.8852574916119458,0.03225425162878941,0.13665842137121428,0.2601800301112,0.025279166378352206,0.03396208636938741]}
{"id": 6, "drone": 0, "position":(25.0,16.666666666666668,1.0), "time":36.29697852383657,"sensors":[41,12,27,38,20,30,25,42,19],"power":[0.0037754356907602855,0.014228805081633369,0.0026885664773439464,0.007804439238601919,0.0037152145329147346,0.008491300654415786,0.006245708718536505,0.0027290812549552886,0.01927574532686921]}
{"id": 7, "drone": 0, "position":(41.666666666666664,16.666666666666668,1.0), "time":45.6025463593046,"sensors":[17,36,15,12,43,40,38,20,30,42,2,7,44],"power":[0.028788992027794093,0.020092179617751806,0.005546486227737177,0.003288751821601103,0.07833864449265446,0.007957224693252437,0.009742078965380417,0.015734391315755405,0.004181423171400412,0.008629725296245784,0.004040768436000561,0.0030501718065742644,0.024822638486363957]}
{"id": 8, "drone": 0, "position":(41.666666666666664,25.0,5.0), "time":198.83302643589263,"sensors":[17,36,15,43,40,42,2,7,10,31],"power":[0.07144181295963484,0.040582200705026404,0.05276692344794239,0.05370794168253387,0.0331338206228609,0.048689117692390704,0.07144517999292037,0.04050672005687346,0.04099076324552654,0.0430754405858109]}
{"id": 9, "drone": 0, "position":(33.333333333333336,41.666666666666664,1.0), "time":776.7288684563683,"sensors":[22,23,49,16,47,26,18,9,10,33],"power":[0.14999999999999997,0.05156421086552219,1.9971195679086287,0.08575673520138571,0.22795988760128544,0.06513984550523744,0.15638079105545674,2.1254860808115623,0.08127914264869746,0.15368153764144968]}
{"id": 10, "drone": 2, "position":(8.333333333333334,33.333333333333336,1.0), "time":172.88379413606586,"sensors":[4,29,28,32,37,21,24,45,5,8,34,14,1,35],"power":[0.034290644038913375,0.022288005303986922,1.7288379413606587,1.2041436045594514,0.9106771490573903,1.7288379413606587,0.07390650079560789,0.02802657275982278,0.059217363929194876,0.05869074314345335,0.013341578628786245,0.20358269706782262,0.06892435328955525,0.06784283265150644]}
{"id": 11, "drone": 2, "position":(25.0,8.333333333333334,1.0), "time":47.887473318020625,"sensors":[12,46,27,38,20,30,25,19],"power":[0.0031310881675986383,0.010731189235598702,0.003359062124166238,0.0055408900393791195,0.004156858429920181,0.015176109887385538,0.005856573799904712,0.05842066934743165]}
{"id": 12, "drone": 2, "position":(8.333333333333334,25.0,1.0), "time":262.8037043862112,"sensors":[4,28,32,11,27,37,21,6,25,5,8,14,0,1,35],"power":[2.628037043862112,0.05142576155233127,0.04479666799894146,0.05903019252938319,0.019098047938395615,0.07428043665880896,0.054455341821283386,0.01878927949280713,0.0176867925759304,0.05852838444201805,0.33952531163196414,0.023597592000632783,0.04034405430449214,0.1237178804619836,0.06370868380531898]}
{"id": 13, "drone": 2, "position":(8.333333333333334,8.333333333333334,1.0), "time":921.1435494268048,"sensors":[11,27,6,25,48,0],"power":[0.09096980747061678,0.31211513244155187,0.41059576824771155,0.1503369109048061,0.15,0.12451234784639642]}
{"id": 14, "drone": 2, "position":(25.0,33.333333333333336,1.0), "time":41.95498605163233,"sensors":[23,49,3,16,41,12,26,18,9,1,35],"power":[0.003057733609093823,0.007015024388413515,0.005434664169033409,0.010203639313659155,0.014136093295542003,0.002857277703277646,0.03637677250948801,0.04406796653753688,0.004829245088783738,0.0026535182481791583,0.0042230040980875475]}
