LP RESULTS :
 Obj = 0.1*lambda1+0.9*lambda2 = 163.92984300196667 (lambda1 = 1594.2984300196665, lambda2 = 5.0) Resol time = 296548 ms

{"id": 0, "drone": 1, "position":(33.333333333333336,16.666666666666668,1.0), "time":25.28409459065427,"sensors":[32,1,16,15,10,6,33,19,45],"power":[0.037687191580101836,0.005647064704740477,0.004380870127944255,0.008827416366863596,0.014689575999233498,0.006250919045000386,0.003950132147295523,0.009374396382716315,0.021592869407231808]}
{"id": 1, "drone": 1, "position":(41.666666666666664,41.666666666666664,1.0), "time":1185.1153421123554,"sensors":[8,22,46,36,18,44,5,38],"power":[0.484292026898226,0.20547947248377707,0.3689377058494483,0.36672890114113144,0.36575270775906976,0.2036151171248425,0.34365705827848503,0.15]}
{"id": 2, "drone": 1, "position":(25.0,33.333333333333336,1.0), "time":15.215887047203,"sensors":[13,27,21,25,36,3,30,14,31,43,6,35,11,34,7],"power":[0.02252973939335111,0.0021844836660901553,0.1034041656056119,0.008913892112146837,0.001292860178832779,0.0012896026970220882,0.004192219873984081,0.014239234859525655,0.002919641251464715,0.003826338831203437,0.00103784761356468,0.021695205160772876,0.0017385748989887115,0.00267447517804096,0.001873710456798822]}
{"id": 3, "drone": 1, "position":(25.0,41.666666666666664,1.0), "time":90.54242595698155,"sensors":[13,8,27,21,25,24,36,14,31,43,5,35,11,7],"power":[0.009769995407779732,0.0104766419588362,0.02338284672669034,0.02482661172217258,0.0068301564043306996,0.027679791172462314,0.013386519807469,0.00730056120692888,0.01063650879602057,0.006387521233295556,0.01390553637056344,0.053639967062929714,0.11532289403628676,0.15717362501520146]}
{"id": 4, "drone": 1, "position":(41.666666666666664,25.0,1.0), "time":278.1406803124745,"sensors":[32,1,39,15,44,23,2,43,6,19,45],"power":[0.022406998744605038,0.3486004787218803,0.14970786353837587,0.12168606764265005,0.04254269210452651,0.30870632555592664,0.20288496276906418,0.03205877661337891,0.07702793926384287,0.12651835824777777,0.0690922774232261]}
{"id": 5, "drone": 0, "position":(8.333333333333334,41.666666666666664,1.0), "time":349.94533906683716,"sensors":[27,4,24,31,9,34],"power":[0.061234625651530816,0.13994668350901093,0.030618373998054844,0.04758203014024689,0.0897561756367805,0.02989121075202483]}
{"id": 6, "drone": 0, "position":(33.333333333333336,25.0,1.0), "time":4.086667245099589,"sensors":[13,32,1,21,25,16,39,15,30,10,23,14,2,43,6,19,45],"power":[4.968735561057259E-4,0.0012994807064572247,0.0016934809533389967,3.050507791395527E-4,3.8621335320846725E-4,4.45651130195757E-4,2.921364616241245E-4,0.0011939523294363572,5.357238580445504E-4,5.688572684005151E-4,3.7596144013338396E-4,7.18298682742552E-4,3.115940673083145E-4,0.0015339847516172276,0.021899579302014176,0.0015535668019636352,0.0011687246614506019]}
{"id": 7, "drone": 0, "position":(8.333333333333334,25.0,1.0), "time":586.8276457360022,"sensors":[37,42,0,28,3,47,31,48,34,29],"power":[0.33104822276792106,0.15,0.14750689828635827,0.05241936927160164,0.0750902573353384,0.04859406759857392,0.04467016454874743,1.5941195346039017,0.084362547726703,0.06967128884850565]}
{"id": 8, "drone": 0, "position":(41.666666666666664,8.333333333333334,1.0), "time":646.6146313650594,"sensors":[15,20,19,17,45],"power":[0.05275294667490819,0.1507284103145294,0.04408312255622248,0.14999999999999997,0.06644942495093573]}
{"id": 9, "drone": 0, "position":(25.0,16.666666666666668,1.0), "time":6.824146606672241,"sensors":[32,25,16,26,3,30,10,14,6,33,19,12,45],"power":[0.0024353619981952045,5.153499614200248E-4,0.025426896392899422,0.0010363568830596389,0.001350292617470876,0.0010216959671523415,0.00951271061335134,5.424728166789108E-4,6.219460704493795E-4,0.0015699211631816155,4.342566648783253E-4,0.0010192813791607205,5.922771146082827E-4]}
{"id": 10, "drone": 2, "position":(33.333333333333336,33.333333333333336,1.0), "time":28.944991294952473,"sensors":[13,8,1,21,25,36,30,44,14,43,6,5,19,35,11,7],"power":[0.0043547277712234385,0.004524079002540682,0.0027309269746839493,0.005756774297478302,0.0027401211795215433,0.007509361532108147,0.002349632617192406,0.0019711829687683873,0.005376907546615219,0.0686187403306443,0.005366878852261632,0.003931366101395416,0.0019723580997627315,0.0050893405466953005,0.002481327950057382,0.002237352799737562]}
{"id": 11, "drone": 2, "position":(16.666666666666668,41.666666666666664,1.0), "time":272.7695948922698,"sensors":[27,21,4,24,31,35,11,9,34,7],"power":[1.2309705578110164,0.032706280827431676,0.02842144359199733,0.13554355412726637,0.08455723717132393,0.047475467644691495,0.030457203114668385,0.06024382436321909,0.04093432431203273,0.03620773236039802]}
{"id": 12, "drone": 2, "position":(25.0,8.333333333333334,1.0), "time":421.68357625171,"sensors":[32,16,26,10,49,33,12],"power":[0.03856006892925543,0.06195159380301103,0.12193648826238279,0.08875123592419878,0.15000000000000002,1.1123037441967878,1.1068736412381637]}
{"id": 13, "drone": 2, "position":(25.0,25.0,1.0), "time":227.64626524834523,"sensors":[13,32,21,25,16,3,30,10,14,31,43,6,35,34],"power":[0.11302634031933602,0.04761089804138299,0.04025059537178228,0.13660530837584373,0.07117315883530673,0.07226984735016997,0.5545204665712329,0.03739206846304274,0.1955055016033659,0.014930202262772408,0.03757463823988342,0.037794889852868864,0.022100019584923213,0.023766695761456305]}
{"id": 14, "drone": 2, "position":(8.333333333333334,8.333333333333334,1.0), "time":643.2540023323982,"sensors":[26,0,28,47,41,40,29],"power":[0.10118608576990208,0.07294583001928015,0.09946481528476774,0.2424257444063396,0.15,0.2571803961131885,0.08986165380670987]}
