LP RESULTS :
 Obj = 0.1*lambda1+0.9*lambda2 = 167.89892665362055 (lambda1 = 1633.9892665362054, lambda2 = 5.0) Resol time = 75836 ms

{"id": 0, "drone": 2, "position":(25.0,8.333333333333334,4.0), "time":296.98781767454966,"sensors":[30,1,40,21,19,2,0,43,5,11,20,25,13],"power":[0.029613012545252577,0.02930647406459565,0.22231601642838142,0.046863956117026206,0.05336766743802774,0.030976901657753714,0.0500547768433808,0.10317658404893325,0.05295478351338023,0.03806676001921296,0.05375838541041313,0.060463562879451704,0.21930476454583353]}
{"id": 1, "drone": 2, "position":(25.0,8.333333333333334,1.0), "time":448.052100375195,"sensors":[30,1,40,21,19,2,0,43,5,11,36,20,25,13],"power":[0.05252903139562954,0.05131408536870346,1.2912047338638306,0.08456041575894954,0.09774473116515847,0.054268067309467566,0.08820864455146533,0.2686172809622807,0.09704521648661979,0.07082207011360633,0.03033665952948264,0.09641889558754148,0.11403795100910218,1.1394509300250208]}
{"id": 2, "drone": 2, "position":(8.333333333333334,8.333333333333334,1.0), "time":466.93940580119244,"sensors":[44,39,21,37,2,11,4],"power":[0.09179349310994483,0.06036520537543795,0.11675623504867523,0.15,0.08527929398179251,0.0395349341084711,0.03697137792569294]}
{"id": 3, "drone": 2, "position":(25.0,25.0,1.0), "time":187.36384614597043,"sensors":[17,16,0,11,36,7],"power":[0.12425447601147645,0.03548834091325272,0.045207868929460854,0.018682947603760512,0.01968057760235078,0.056054508600481334]}
{"id": 4, "drone": 2, "position":(8.333333333333334,16.666666666666668,1.0), "time":234.64609653929801,"sensors":[44,32,39,21,11,4,26],"power":[0.12084699821112388,0.022805007814543043,0.06091483420886052,0.02121823740735659,0.03505107766355233,0.20400793440092066,0.033169061514356425]}
{"id": 5, "drone": 0, "position":(41.666666666666664,25.0,1.0), "time":110.96220197977138,"sensors":[18,48,3,42,47,22,16,8,24,31,36,27,7],"power":[0.01023370992599205,0.02340864289847279,0.04200237053907951,0.01311442677985852,0.015077458197703402,0.03195310198799548,0.012141148192339664,0.02300975045107122,0.28836089503574475,0.031230952969386567,0.014950490314194044,0.010286217942556925,0.01604543128328903]}
{"id": 6, "drone": 0, "position":(8.333333333333334,41.666666666666664,1.0), "time":111.09907094960745,"sensors":[32,9,29,49],"power":[0.00745265286338129,0.06617014189609514,0.012931153443473179,0.09079075906467976]}
{"id": 7, "drone": 0, "position":(8.333333333333334,25.0,1.0), "time":305.11337967267,"sensors":[44,32,39,17,4,29,49,26],"power":[0.03686627541410601,0.423323771221653,0.028719960415701896,0.020203180610117673,0.2769019351852706,0.041503077199365725,0.026025114274609823,0.11824315017572867]}
{"id": 8, "drone": 0, "position":(41.666666666666664,41.666666666666664,1.0), "time":701.140760630201,"sensors":[48,45,10,34,35,31,15,27,23],"power":[0.15184617572380915,0.1768090019088098,0.14685956063220773,0.15000000000000008,0.12238271574048451,0.0994897037573332,0.4782916380936866,0.1455986219345202,0.17518524466254012]}
{"id": 9, "drone": 0, "position":(16.666666666666668,41.666666666666664,1.0), "time":405.67385330395444,"sensors":[41,9,12,49],"power":[0.043423180708111415,0.026330336395372057,0.08159887388577952,0.07034537410926091]}
{"id": 10, "drone": 1, "position":(25.0,41.666666666666664,1.0), "time":402.18707207102625,"sensors":[10,41,16,35,12,27],"power":[0.09258631023250288,0.10705556576323118,0.02727488421051582,0.08865533179358054,0.06840112611422076,0.03141935989817425]}
{"id": 11, "drone": 1, "position":(33.333333333333336,25.0,1.0), "time":36.191697815194026,"sensors":[1,48,3,17,47,22,16,24,0,31,36,27,7],"power":[0.0036844561417894287,0.0041631917790805485,0.0035630172701877085,0.003200179711774358,0.005885499358277017,0.0035250093699798865,0.01523067560016364,0.009376177532645079,0.003789266375007636,0.0069357940646842245,0.010048881493241183,0.004427014789880474,0.07341355295021368]}
{"id": 12, "drone": 1, "position":(8.333333333333334,33.333333333333336,1.0), "time":308.1688347309335,"sensors":[32,9,4,29,49,26],"power":[0.18216576099630383,0.05749952170853278,0.025296321887813517,0.09556576935716196,0.3068790159090808,0.0421790022150691]}
{"id": 13, "drone": 1, "position":(33.333333333333336,33.333333333333336,1.0), "time":36.022241698987344,"sensors":[48,10,17,16,35,24,31,27,7],"power":[0.010367622850885215,0.007916660282744141,0.0023421636666314696,0.059864951083728024,0.004146265165180553,0.0027286519426676275,0.013781185033681006,0.05293666598233858,0.004486507166015906]}
{"id": 14, "drone": 1, "position":(41.666666666666664,8.333333333333334,1.0), "time":851.4194202200747,"sensors":[30,18,1,33,28,3,42,47,22,38,19,8,6,36,20,46,14],"power":[0.3720672832453378,0.19844459303237505,0.17790557154638187,0.2722672908121403,0.15,0.10443461219073277,0.16779487600119025,0.154707250773636,0.13402594478844426,0.32246160883309594,0.09137324921020647,0.15667150778949762,0.2557572377793083,0.07533526934799588,0.16749334467998497,0.15210648042012095,0.16672574559153464]}
