LP RESULTS :
 Obj = 0.1*lambda1+0.9*lambda2 = 142.1342737176567 (lambda1 = 1376.342737176567, lambda2 = 5.0) Resol time = 74597 ms

{"id": 0, "drone": 2, "position":(33.333333333333336,41.666666666666664,1.0), "time":64.45779482397454,"sensors":[30,48,5,49,39,16,32,2,25,42,36],"power":[0.005667852022806163,0.01279471121561732,0.010525330234144413,0.012677069019451329,0.017296660160539323,0.0051006410348843475,0.005556459974623624,0.019262539606186044,0.01298510014541597,0.01849362040727308,0.03657307121172221]}
{"id": 1, "drone": 2, "position":(41.666666666666664,25.0,1.0), "time":381.3799239070106,"sensors":[6,30,19,39,41,22,24,21,26,23,20,32],"power":[0.05187825114087493,0.029994856713040023,0.13323235856392107,0.03274179843617169,0.4919620655512511,0.04606684800450359,0.035165368421575485,0.043818778712433844,0.13948347026057564,0.12353920051486211,0.025762186343749518,0.09727893671487585]}
{"id": 2, "drone": 2, "position":(25.0,41.666666666666664,1.0), "time":18.685984097253318,"sensors":[30,45,39,34,33,2,42,36],"power":[0.0014182464519447546,0.006994124577752673,0.0019942815281040103,0.004204989246460415,0.002035736736761484,0.0056332500758827925,0.09801038758118492,0.0033309289728616362]}
{"id": 3, "drone": 2, "position":(41.666666666666664,41.666666666666664,1.0), "time":703.8759312535668,"sensors":[38,48,5,49,39,22,16,20,32,25,36],"power":[0.16562569347421108,0.1376079586685447,0.19688320462365927,0.18151271800577198,0.081527016481805,0.1318142149911687,0.2787290630907627,0.12423781365625004,0.1300411587794576,2.485008784125573,0.09634690284904107]}
{"id": 4, "drone": 2, "position":(33.333333333333336,33.333333333333336,1.0), "time":207.94310309475907,"sensors":[30,39,41,23,32,2,25,42,36],"power":[0.13889776718541505,1.5293335472689658,0.045543681373798814,0.03588472523366214,0.047838920545715966,0.11875656831988074,0.027156683550440482,0.02329611180174581,0.013749096966374873]}
{"id": 5, "drone": 1, "position":(16.666666666666668,25.0,1.0), "time":35.29851629372606,"sensors":[10,40,46,35,31,29,9,34,33,17,7,4],"power":[0.002282784576683642,0.0024024681487123203,0.010851000552813668,0.17637542576928478,0.09115637123048832,0.011894728083385143,0.1837375631992551,0.004228859789180552,0.0063552894465680855,0.004140048474377203,0.12260334121193986,0.003738438294975221]}
{"id": 6, "drone": 1, "position":(16.666666666666668,41.666666666666664,1.0), "time":24.308400109258148,"sensors":[10,45,12,34,33,42],"power":[0.0027717225550210845,0.069572161238148,0.0029131914787136667,0.00730926955271704,0.006337614125150708,0.004024886334668164]}
{"id": 7, "drone": 1, "position":(8.333333333333334,8.333333333333334,1.0), "time":547.7123293361327,"sensors":[14,27,13,8,15,0],"power":[0.08002568901619758,0.09218047780664294,0.3333779718419111,0.17354027234876868,0.14999999999999997,1.8732930446533271]}
{"id": 8, "drone": 1, "position":(25.0,16.666666666666668,1.0), "time":156.49713600605827,"sensors":[14,37,44,40,27,46,35,9,23,17,7],"power":[0.021851903816754198,0.0810952161455183,0.07476022096268287,0.8235405339444676,0.013793059695721782,0.08978464103182204,0.01697710806525178,0.013145676074722612,0.012251390402863598,0.6524436959276108,0.021501254274755653]}
{"id": 9, "drone": 1, "position":(25.0,8.333333333333334,1.0), "time":612.5263554313839,"sensors":[14,37,44,40,47,27,46,28,17],"power":[0.19937385854201606,0.6048304269189134,0.12279261203625705,0.161251428407401,0.15,0.16272882968820992,0.049364358415364296,0.05142131352677572,0.1413041290691396]}
{"id": 10, "drone": 0, "position":(41.666666666666664,8.333333333333334,2.0), "time":645.4453251298653,"sensors":[6,11,18,43,24,21,28,3],"power":[0.16839867397967972,0.36339694760442376,1.952191638804288,0.14101517126031773,0.08560192131008748,0.14858702771948354,0.22144101262858806,2.2379018734887817]}
{"id": 11, "drone": 0, "position":(41.666666666666664,16.666666666666668,1.0), "time":112.17301058045553,"sensors":[6,11,19,44,18,43,41,24,21,26,23,28,3],"power":[0.1740051415774481,0.009520548382958568,0.0167676414360789,0.011760934996078796,0.018978662232022984,0.00898482873968224,0.013905317586490802,0.030859474500677855,0.06750382573259107,0.017257326973715764,0.016916340602800343,0.008147418585721485,0.023669808053052816]}
{"id": 12, "drone": 0, "position":(16.666666666666668,33.333333333333336,1.0), "time":87.27164399742499,"sensors":[10,45,35,31,29,9,34,33,2,7,42],"power":[0.016495551975841932,0.019349273933013583,0.013820672096821817,0.01728578737575779,0.020882239217182623,0.02506903755093922,0.10354590750343766,0.7471223093136404,0.006347641998050666,0.017454241043828457,0.006174993875131895]}
{"id": 13, "drone": 0, "position":(8.333333333333334,25.0,1.0), "time":112.1461756502859,"sensors":[10,13,35,31,29,9,33,7,4],"power":[0.01675232782809385,0.009424895340029597,0.026370213796487033,0.04488872016471838,0.11722303269943084,0.021313695878276532,0.009325823282429476,0.01568511785115545,0.193104940274917]}
{"id": 14, "drone": 0, "position":(8.333333333333334,41.666666666666664,1.0), "time":419.30658181853516,"sensors":[10,45,12,1,34,33],"power":[0.12952857224303627,0.05408444025108604,0.35477319474665026,0.15000000000000002,0.03071097390820446,0.04582396443511755]}
