LP RESULTS :
 Obj = 0.1*lambda1+0.9*lambda2 = 211.5198744873616 (lambda1 = 2088.198744873616, lambda2 = 3.0) Resol time = 212 ms

{"id": 0, "drone": 0, "position":(25.0,33.333333333333336,1.0), "time":393.4543690609794,"sensors":[0,44,5,27,9,2,37,3],"power":[0.025174781983380124,0.06819548630978468,0.0320338890206114,0.15,0.5812629424339747,0.04553143850842469,0.04134410823113723,2.823515316609117]}
{"id": 1, "drone": 0, "position":(8.333333333333334,41.666666666666664,1.0), "time":937.6273623751754,"sensors":[40,39,36,38,5,42,22,29,37],"power":[2.048293855155709,1.4677957506650552,0.7955978810388087,0.3608669863662279,0.14015222142257755,0.20048963732787856,0.2899626866298594,2.576090707756364,0.1438542190507027]}
{"id": 2, "drone": 0, "position":(33.333333333333336,41.666666666666664,1.0), "time":757.1170134374612,"sensors":[1,48,35,44,4,9,30,45,20,31,11,3],"power":[0.19841612213933904,0.06998737500702064,0.06348258488352741,0.048658569525359005,0.15,0.0666861558884985,0.27518882627965013,0.13354780686417592,0.13032971663475987,0.05819068026182129,0.32311652099175175,0.05810515598110302]}
{"id": 3, "drone": 1, "position":(8.333333333333334,8.333333333333334,1.0), "time":557.7429397237784,"sensors":[43,13,25,10,24,34,12,41,14],"power":[0.16855378272798036,0.2819302489504488,0.15,0.35185899459281555,2.70419807469046,0.1181737333220342,1.422729491314735,0.046700585667200485,0.1629653062207366]}
{"id": 4, "drone": 1, "position":(41.666666666666664,25.0,1.0), "time":756.7968006644563,"sensors":[26,35,44,18,45,33,49,15],"power":[0.15,0.054276400002371036,0.12564613136645972,0.16271395640109518,0.10807715660690671,0.1479776998802575,0.07213600469327457,0.41053573731055965]}
{"id": 5, "drone": 1, "position":(8.333333333333334,25.0,1.0), "time":773.659004485381,"sensors":[46,0,36,32,2,47,16,34,41,19],"power":[0.7085262225957647,0.376683777252857,0.051113503857476275,0.20397161205876274,0.1182281625256143,1.4339895082390377,1.0247954189364745,0.14437085720523432,0.6383689217006144,0.2354899126457033]}
{"id": 6, "drone": 2, "position":(25.0,8.333333333333334,2.0), "time":356.83152608411746,"sensors":[21,28,13,17,10,7,14],"power":[0.026977184252271098,0.15,0.03633289564052156,0.027576659977398485,0.03019121818253535,0.16940860636419702,0.02685049453697071]}
{"id": 7, "drone": 2, "position":(41.666666666666664,8.333333333333334,1.0), "time":1331.4019442091596,"sensors":[8,21,23,17,33,49,6],"power":[0.36818756014496,0.5186145275054873,0.6258302159059448,1.1667064524282074,0.15489368550946914,0.5695129083205387,0.15]}
{"id": 8, "drone": 2, "position":(41.666666666666664,41.666666666666664,1.0), "time":148.1550877805575,"sensors":[1,48,35,30,45,20,31,11],"power":[0.010746498597420676,0.13257101356616655,0.07402908246021955,0.021456072366042606,0.04567142088014651,0.09831819081693656,0.0918093197381787,0.09140355154239027]}
