LP RESULTS :
 Obj = 0.1*lambda1+0.9*lambda2 = 139.41355232707517 (lambda1 = 1349.1355232707517, lambda2 = 5.0) Resol time = 25441 ms

{"id": 0, "drone": 0, "position":(25.0,16.666666666666668,1.0), "time":86.550316989664,"sensors":[40,18,6,34,19,25,32,41,5,0,10,35,13,4],"power":[0.01508729846694034,0.15933941300252485,0.01337867384717373,0.013751470717563342,0.00973412280397668,0.08013648785899963,0.00911048752506081,0.01708987300288242,0.01765915960128136,0.07386265033161406,0.010759893661307415,0.009432930270945822,0.07484995936167932,0.00555986159349548]}
{"id": 1, "drone": 0, "position":(8.333333333333334,16.666666666666668,1.0), "time":87.74619735337644,"sensors":[17,26,22,8,34,19,44],"power":[0.019258075078101504,0.014677177452256648,0.07953930000300358,0.006277434146428098,0.006347764866188331,0.008051178782959422,0.040411331800753375]}
{"id": 2, "drone": 0, "position":(16.666666666666668,25.0,1.0), "time":94.80972200151774,"sensors":[26,40,22,18,34,19,3,28,0,4],"power":[0.11218124338965152,0.008097295134904994,0.015865475144138243,0.009973439316213343,0.26927467239346975,0.9461187336967396,0.031267970153441106,0.006968320634660197,0.006286800752949993,0.08614155542690581]}
{"id": 3, "drone": 0, "position":(25.0,41.666666666666664,1.0), "time":139.92599471836635,"sensors":[16,1,11,48,36,20,23,46,37],"power":[0.08191645298840494,0.02578220715509066,0.1381790837300915,0.013237250408831084,0.009065774110439335,0.0385656396047789,0.423870609826142,0.017687156579014728,0.04033171362429683]}
{"id": 4, "drone": 0, "position":(41.666666666666664,41.666666666666664,1.0), "time":940.1032922078261,"sensors":[1,48,49,7,43,46,29],"power":[0.22297497097212457,0.32039979706761484,0.3058857834739255,0.15,0.2709202184966976,0.27089133680851213,0.46613325500098773]}
{"id": 5, "drone": 1, "position":(41.666666666666664,25.0,1.0), "time":208.41680490539588,"sensors":[15,30,40,45,9,2],"power":[0.017999440111922747,0.29483367134715216,0.015693163602597333,0.04926618790090894,0.14605833379086736,0.1972364258720806]}
{"id": 6, "drone": 1, "position":(8.333333333333334,33.333333333333336,1.0), "time":106.53714406134519,"sensors":[26,22,42,19,3,28,27,47,37,4],"power":[0.017108551464754197,0.00852356425892525,0.01671072790789921,0.008728173821069912,0.030810142682950778,0.1719431417000246,0.015586529905295014,0.03637123755248789,0.010937103827271817,0.010696122486238037]}
{"id": 7, "drone": 1, "position":(33.333333333333336,25.0,1.0), "time":50.672359211818424,"sensors":[15,30,40,45,18,48,9,25,2,0,20,13],"power":[0.0037414548478891464,0.0065992762013615735,0.04206463309098999,0.07732313673251062,0.0095400631169448,0.0032635721896836067,0.003941666209132653,0.009002169384101859,0.016071141563884818,0.012637721404329035,0.005133669711421324,0.00784489874577243]}
{"id": 8, "drone": 1, "position":(8.333333333333334,8.333333333333334,1.0), "time":578.2377087590241,"sensors":[17,22,8,38,24,21,44],"power":[0.13112780747136005,0.046071660593931786,0.14372256585357177,0.24003638612855707,0.18331712416403353,0.10095120309850758,0.24494368826245572]}
{"id": 9, "drone": 1, "position":(25.0,8.333333333333334,1.0), "time":405.2715063331736,"sensors":[18,6,25,21,32,41,5,0,10,35,13,14],"power":[0.04925067314872874,0.09187517722040686,0.0715523285660412,0.07047227343518139,0.089069764309841,0.39812050340205485,0.5212599242867764,0.04452632306335085,0.09152525038395143,0.40463086080727295,0.0776914126845491,0.15000000000000355]}
{"id": 10, "drone": 2, "position":(25.0,33.333333333333336,1.0), "time":124.92862826501977,"sensors":[40,45,16,11,34,48,19,3,20,23,46,37,4],"power":[0.022935233328231594,0.016701658794423313,0.06405234408013655,0.011396530771415602,0.014253907899413845,0.01072033653719743,0.012548668135197623,0.018523229603517925,0.3865505370723554,0.03867073746169728,0.012682306424544062,0.027914673545018868,0.03007968635904998]}
{"id": 11, "drone": 2, "position":(41.666666666666664,8.333333333333334,1.0), "time":651.7939004809175,"sensors":[15,12,6,31,32,41,5,10,39],"power":[0.2577293264676827,2.652477297775467,0.11791882355324233,0.45659196497831744,0.13697742324278112,0.04949515864739762,0.044180420792542884,0.13327839314919263,0.15]}
{"id": 12, "drone": 2, "position":(16.666666666666668,33.333333333333336,1.0), "time":11.279266903435953,"sensors":[26,16,11,34,19,3,28,20,23,37,4],"power":[0.0019861058069287566,9.446119669190189E-4,7.161698946114367E-4,0.001975484621135555,0.002219016009554889,0.02714658963923127,0.003316835912306226,0.0016505267041301715,0.0018151540235629296,0.0052990436804823664,0.005793164118026338]}
{"id": 13, "drone": 2, "position":(8.333333333333334,41.666666666666664,1.0), "time":517.2047216573775,"sensors":[42,3,28,27,33,47,36,37],"power":[0.3753874572604485,0.042531038287086806,0.1992151458588832,0.15452407007254865,0.15,0.1136287624475121,0.14607761723292767,0.06551746532293011]}
{"id": 14, "drone": 2, "position":(25.0,25.0,1.0), "time":43.92900596401139,"sensors":[26,40,45,16,18,34,19,25,3,0,20,13,4],"power":[0.0040469218864089525,0.046122376376339536,0.006872367540773887,0.003086590964539745,0.016842273681265212,0.015338646301121464,0.01082705147944273,0.007792786738015067,0.00441205272654296,0.012686504447762526,0.006857653692424335,0.006804495325075627,0.012616221872636982]}
