LP RESULTS :
 Obj = 0.1*lambda1+0.9*lambda2 = 146.2406468742139 (lambda1 = 1408.406468742139, lambda2 = 6.0) Resol time = 6084 ms

{"id": 0, "drone": 0, "position":(33.333333333333336,25.0,1.0), "time":29.742724357230063,"sensors":[27,17,43,45,48,29,34,3,9,5,8,46],"power":[0.0031241154977970985,0.004882236473286634,0.0021604088967925213,0.006418893321824627,0.033867995945828844,0.005458194112529077,0.046363001413394736,0.00836675760301144,0.04465044288496283,0.0047600000453727614,0.002431330041494455,0.008486579611524703]}
{"id": 1, "drone": 0, "position":(16.666666666666668,41.666666666666664,1.0), "time":405.94998706154263,"sensors":[47,1,43,22,26,33],"power":[0.322227771556029,0.1483357419139095,0.037384923860894516,2.8116932750773507,0.8483322154159817,0.0867805991252642]}
{"id": 2, "drone": 0, "position":(41.666666666666664,8.333333333333334,1.0), "time":312.0988805639829,"sensors":[45,39,21,14,49,41,3,12],"power":[0.021181247109029987,0.07959610626643529,0.038638684515497276,0.20039996034256236,0.023768330858043057,0.4588023099492013,0.022765599804679557,0.023732291324302515]}
{"id": 3, "drone": 0, "position":(41.666666666666664,25.0,1.0), "time":290.23363297518017,"sensors":[17,45,30,21,25,48,29,23,7,34,3,9,5,12],"power":[0.05600289339337073,0.40890566717529664,0.021963461163681707,0.028148689365889802,0.039719869362639014,0.04497291161661947,0.38432716779857395,0.08131838628659492,0.09030071608112308,0.07814640224684813,0.0314150412040872,0.035755652683850433,0.41955871715063187,0.03952733803570686]}
{"id": 4, "drone": 0, "position":(41.666666666666664,33.333333333333336,1.0), "time":279.83263367803835,"sensors":[11,17,45,0,30,6,16,25,18,29,23,7,34,5,28,2],"power":[0.022681641344999733,0.4052788300010426,0.027399679630902354,0.0424884585439436,0.07760319116934665,0.08191488438659948,0.029018576964354132,0.49180843536437363,0.05694921536274306,0.18431173520845961,0.02460025382298328,0.03966990372413932,0.05506945489184938,0.028888566874349427,0.017731988899535815,0.028272508550401726]}
{"id": 5, "drone": 0, "position":(25.0,33.333333333333336,1.0), "time":90.54861010616474,"sensors":[47,17,43,22,26,34,9,8,2],"power":[0.021718369606758953,0.005822372867839489,0.0859569116218557,0.007795292692004185,0.009927435454473785,0.009736495051314686,0.007398012362393459,0.017288864380514163,0.020910738128035625]}
{"id": 6, "drone": 2, "position":(8.333333333333334,8.333333333333334,1.0), "time":597.2301874927616,"sensors":[38,37,42,31,24,44,4,15],"power":[0.0639380707491793,0.14789108234859014,0.04925888157466065,0.15,0.24730458728459437,0.05391719376671668,0.13409267497041932,0.19490054624647724]}
{"id": 7, "drone": 2, "position":(25.0,16.666666666666668,1.0), "time":105.84265266664977,"sensors":[10,27,36,40,48,3,9,8,46],"power":[0.10369103629570584,0.6850663300202857,0.022354954406587194,0.014692668904242312,0.020372618057991832,0.025815860726463198,0.022053834713167353,0.016782089372375547,0.07234686295299032]}
{"id": 8, "drone": 2, "position":(16.666666666666668,25.0,1.0), "time":36.3980849530532,"sensors":[10,37,19,27,43,36,42,32,44,20,8,46],"power":[0.005845984343846739,0.0032536259842732684,0.0028764076936535397,0.004568623392182638,0.008968498201526988,0.03146620745422436,0.004098602884767291,0.007626481196542774,0.0038047094949839504,0.002891431694376006,0.0324823744021668,0.0024191977141710392]}
{"id": 9, "drone": 2, "position":(25.0,25.0,1.0), "time":47.91042384733408,"sensors":[10,27,43,36,48,34,3,9,8,46],"power":[0.007871602165785209,0.01307987588854524,0.01552925741893033,0.010272546504919327,0.010120216696361903,0.006779175743538841,0.006324501908333347,0.014898825789800993,0.041551176903416975,0.015702645619618604]}
{"id": 10, "drone": 2, "position":(41.666666666666664,16.666666666666668,1.0), "time":283.81546349226846,"sensors":[45,21,48,29,23,14,7,41,34,3,9,5,46,12],"power":[0.16500707421938887,0.07550241099909193,0.04066625768319795,0.02671716049541257,0.044081359890421744,0.03345182406212199,0.03086601201349243,0.03874283575781073,0.020102279198822105,0.05187971085007121,0.025664605055144885,0.15320504795493473,0.019137690743966082,0.06469897829683763]}
{"id": 11, "drone": 2, "position":(25.0,8.333333333333334,1.0), "time":337.209656290072,"sensors":[38,10,27,24,40,49,3,46,15],"power":[0.03314730740600114,0.0628429692405847,0.05906064399856758,0.027190093121946642,1.2089227656216879,0.1041436917813125,0.02963004553577189,0.03190702335772925,0.030308128916486057]}
{"id": 12, "drone": 1, "position":(8.333333333333334,25.0,1.0), "time":489.3697361271978,"sensors":[37,19,36,42,32,44,13,20,8],"power":[0.09415533206556341,0.2715018903316248,0.06803987951666712,0.306615274831426,0.981304595721281,0.257056292581214,0.15,0.4068423853529449,0.03948102096111597]}
{"id": 13, "drone": 1, "position":(41.666666666666664,8.333333333333334,4.0), "time":342.6965014722322,"sensors":[39,21,14,49,41,12],"power":[0.07040389373356469,0.03704012630729897,0.12459127620523562,0.022087977360644433,0.1918725127552623,0.022041392343153006]}
{"id": 14, "drone": 1, "position":(8.333333333333334,41.666666666666664,1.0), "time":19.17604014826793,"sensors":[47,1,22,26,33],"power":[0.0015593081914470044,0.001664258086090519,0.005258543847780618,0.0022788862521369575,0.06321940087473675]}
{"id": 15, "drone": 1, "position":(33.333333333333336,41.666666666666664,1.0), "time":63.86664127920409,"sensors":[11,47,17,0,6,35,16,25,18,28,2],"power":[0.08387222730029505,0.004886524508040702,0.009994185349045651,0.07840631848988987,0.03475030731986726,0.10909662113285466,0.015153179339491962,0.005074240965144564,0.0042657530790875045,0.022925038660644582,0.06983031538480965]}
{"id": 16, "drone": 1, "position":(41.666666666666664,41.666666666666664,1.0), "time":263.9465636509756,"sensors":[11,17,0,30,6,35,16,25,18,29,28,2],"power":[0.08526967855207554,0.04792835321406806,0.17306641108937104,0.05043334766697138,0.19161786293344782,0.0467199778089662,0.38959882864924783,0.07787430417530068,0.13721882223383808,0.018871851377313193,0.10934297243981961,0.03098643793675498]}
{"id": 17, "drone": 1, "position":(16.666666666666668,8.333333333333334,1.0), "time":229.35098606426126,"sensors":[38,10,37,27,36,24,40,4,15],"power":[0.05291462184481956,0.04158513288776559,0.02491786186454368,0.020748921623522616,0.01786641211760197,0.13236106241039886,0.04752078686551855,0.025558988457052147,0.1319021751188385]}
