LP RESULTS :
 Obj = 0.1*lambda1+0.9*lambda2 = 168.48320049588963 (lambda1 = 1639.8320049588963, lambda2 = 5.0) Resol time = 4154 ms

{"id": 0, "drone": 1, "position":(41.666666666666664,33.333333333333336,1.0), "time":399.3612912257381,"sensors":[38,28,45,43,23],"power":[0.1434545920085023,0.04952984878886263,0.09476458160022813,0.03126543559836529,0.030815018179280056]}
{"id": 1, "drone": 1, "position":(41.666666666666664,8.333333333333334,1.0), "time":671.9578550019651,"sensors":[1,30,10,32,43,3,40,34],"power":[0.15,0.29955876264312636,0.04657133693916261,0.1868832505379002,0.048719018474413414,0.15907643132426622,0.18471739006293753,1.9128301338705094]}
{"id": 2, "drone": 1, "position":(8.333333333333334,16.666666666666668,1.0), "time":24.371857796574155,"sensors":[17,18,29,19,25,5,6,16,39,14,22],"power":[0.001955511909058809,0.0017906612971032097,0.006290186187210696,0.0025349313579124217,0.002122999847291797,0.027763488412795252,0.03216803471729124,0.012659061973171045,0.0017656921339178828,0.018514987956528207,0.004102464046980945]}
{"id": 3, "drone": 1, "position":(33.333333333333336,41.666666666666664,1.0), "time":27.796061836565514,"sensors":[28,49,4,46,9,44,23,33,13],"power":[0.0030737511648008522,0.026838396173881167,0.005470940944633196,0.01634921591481189,0.010985652719990423,0.003998175628852958,0.0063714760245866765,0.003127085274203647,0.002150534138042198]}
{"id": 4, "drone": 1, "position":(25.0,8.333333333333334,2.0), "time":516.3449390980542,"sensors":[17,27,30,15,3,2,21,0],"power":[0.13008684288441008,0.09550121934573012,0.050665282450160325,0.04367669962742846,0.08754403226562828,0.15000000000000013,0.27999737420906734,0.12266610247612544]}
{"id": 5, "drone": 2, "position":(41.666666666666664,41.666666666666664,1.0), "time":155.5373892049833,"sensors":[38,28,45,49,46,23],"power":[0.03083612163263269,0.21864118344616593,0.024329271568283663,0.03619477884126417,0.012729421646372656,0.11281350579613311]}
{"id": 6, "drone": 2, "position":(25.0,25.0,1.0), "time":125.52468659470429,"sensors":[8,17,15,31,24,39,7],"power":[0.011507884830849538,0.013066194268369318,0.04800363850533056,0.014965623746617047,0.08017446725671316,0.052161170620195256,0.8647729670970306]}
{"id": 7, "drone": 2, "position":(8.333333333333334,41.666666666666664,1.0), "time":831.0052691511902,"sensors":[8,18,11,12,20,37,31,48,35,42,47,26],"power":[0.05905642774815365,0.07037522091341192,0.16655612683596369,0.19272642483913585,0.15773354856709249,1.0094074051572686,0.05768495557193767,3.147727758729754,0.14147461660237323,0.1341849236058557,0.15786553350109084,0.3474307859279986]}
{"id": 8, "drone": 2, "position":(41.666666666666664,25.0,1.0), "time":446.74446528908265,"sensors":[38,10,45,43],"power":[0.04305686434576006,0.1034286630608374,0.03090614683148821,0.31072738312612075]}
{"id": 9, "drone": 2, "position":(8.333333333333334,25.0,1.0), "time":81.02019471893585,"sensors":[18,20,29,19,5,6,16,39,47,14,22],"power":[0.062325192190798316,0.006724806551635843,0.39606494849660934,0.1377127219973182,0.01205047722253132,0.013599925516992326,0.005242330081214434,0.008144498722563575,0.010846515081766364,0.021719418252403297,0.2503742025904283]}
{"id": 10, "drone": 0, "position":(8.333333333333334,8.333333333333334,1.0), "time":805.067916474635,"sensors":[41,27,25,5,6,16,36,14,0],"power":[0.17322904784200355,0.08497890909537752,0.8634124198171368,0.18114813357989842,0.17798570363065255,0.911126470521127,0.14999999999999997,0.08775941760301452,0.06228329880755832]}
{"id": 11, "drone": 0, "position":(25.0,41.666666666666664,1.0), "time":622.6954290072357,"sensors":[8,49,4,37,46,31,9,24,44,33,42,13,26],"power":[0.16490885604790045,0.087106693535719,3.5980970216127535,0.039611499793330306,0.2694599137870904,0.09159590775127793,1.398494484777115,0.046068177377927705,2.208215248687486,1.0361105283290608,0.048599898802584376,0.14784946586195777,0.07654587568252084]}
{"id": 12, "drone": 0, "position":(8.333333333333334,41.666666666666664,4.0), "time":61.063170608531664,"sensors":[18,11,12,20,37,48,35,42,47,26],"power":[0.004655000989700324,0.010524786304768713,0.011523924933440805,0.009939595769860294,0.03216445103407609,0.0517560265544714,0.008525383397626759,0.008361910876475222,0.009841919823012297,0.017822383179989184]}
{"id": 13, "drone": 0, "position":(16.666666666666668,25.0,1.0), "time":58.866488846158056,"sensors":[8,17,18,29,19,15,6,31,24,39,7,14,22],"power":[0.005985576031541617,0.0062954155262359875,0.010853924608986232,0.009640891059205136,0.01129197847653497,0.004352612790939168,0.007893934299523599,0.010755594313251545,0.01659510310747898,0.06665363449137603,0.015651663586553725,0.015296233043264605,0.019824565732397284]}
{"id": 14, "drone": 0, "position":(25.0,16.666666666666668,1.0), "time":92.13900002233692,"sensors":[17,30,15,6,24,21,39,7,14],"power":[0.05694530324384266,0.006416554917201847,0.05396704907630183,0.006039683139207004,0.00716225225788017,0.040453473082525594,0.02127500403194726,0.02217570487019711,0.006709943144789368]}
