LP RESULTS :
 Obj = 0.1*lambda1+0.9*lambda2 = 149.39164676662904 (lambda1 = 1448.9164676662904, lambda2 = 5.0) Resol time = 3603 ms

{"id": 0, "drone": 2, "position":(8.333333333333334,16.666666666666668,1.0), "time":447.8337899088329,"sensors":[0,20,5,12,37,14,26],"power":[0.4957027854620896,0.031168509718389706,0.06005100950542395,0.27725642055302796,1.1544959369639232,0.09007180470006874,0.09669661754396594]}
{"id": 1, "drone": 2, "position":(25.0,8.333333333333334,1.0), "time":420.21862260630337,"sensors":[33,1,47,17,38,6,31,41,34,29,45,4],"power":[0.3847988010699186,0.053535204982604584,0.0863942845616574,0.13004051580922021,0.12014981873276888,0.12128276003621645,0.20178001740055213,0.07230164874115932,0.10982254702100865,1.649296578281059,0.10948470036535081,0.14979011542199658]}
{"id": 2, "drone": 2, "position":(41.666666666666664,25.0,1.0), "time":194.84640003096933,"sensors":[43,32,39,42,7,11,25,10,21,27,28,36],"power":[0.04431810671486039,0.03385646812096616,0.019069217717904496,0.02093452103857805,0.8016538923028728,0.3341555269731578,0.07110056440815249,0.01411796347198312,0.25475815960218146,0.04927918921244171,0.04339733504002482,0.017382850417110973]}
{"id": 3, "drone": 2, "position":(25.0,25.0,1.0), "time":170.82060129834758,"sensors":[42,46,5,38,40,41,25,10],"power":[0.047914456901378216,0.24575274433884003,0.03705008430736515,0.01617770015889537,0.012549445305723082,0.03953960923714559,0.021241311643819753,0.08755045955909682]}
{"id": 4, "drone": 2, "position":(25.0,41.666666666666664,1.0), "time":215.19705382183707,"sensors":[44,40,15,13],"power":[0.04087157617485696,0.12627653292798957,0.26278363210981465,0.24238103960103802]}
{"id": 5, "drone": 0, "position":(33.333333333333336,25.0,1.0), "time":25.32935271634615,"sensors":[39,42,46,7,38,11,41,25,10,21,27,28,4,36],"power":[0.0021883203228238134,0.017039062147053065,0.0035708092244238843,0.007856694164059468,0.0024644581208597156,0.013170783272551565,0.0017019017092835687,0.05148833467368133,0.013384957477917072,0.0076627884057325,0.0024115506229904814,0.00446529464425798,0.0017294835287122775,0.0023158240013115903]}
{"id": 6, "drone": 0, "position":(8.333333333333334,41.666666666666664,1.0), "time":504.56295396404465,"sensors":[24,2,49,22,44,19,18,9],"power":[0.3404359147631618,2.8529216008433815,0.44187381262985603,0.08590875563110542,0.056468053308039855,0.05414484530367377,0.15,0.5450226994570189]}
{"id": 7, "drone": 0, "position":(8.333333333333334,8.333333333333334,1.0), "time":563.6971341986549,"sensors":[0,1,20,12,37,14,48],"power":[0.11992461154562033,0.09666107035376424,0.24141563319202053,0.10473577391549053,0.07114160269150498,0.08023516341033254,0.15]}
{"id": 8, "drone": 0, "position":(41.666666666666664,8.333333333333334,1.0), "time":211.42059882013433,"sensors":[47,17,39,3,16,8,23,6,35,28,45,4,36],"power":[0.030194841177941967,0.030436857488767056,0.07102847553363108,1.8615615012601825,0.27730028875916796,0.19628706645362404,0.368715802340489,0.03380999476290437,0.056854626673558006,0.03547915957584667,0.033665685679170436,0.017535873577511827,0.06264792256299055]}
{"id": 9, "drone": 0, "position":(33.333333333333336,8.333333333333334,1.0), "time":143.90642796712535,"sensors":[33,47,17,39,3,42,16,38,8,23,6,31,34,28,29,45,4,36],"power":[0.028311862919875287,0.1132643183234649,0.4485052026703613,0.038342077137100396,0.03648652616792173,0.010617360631352747,0.02752071222481901,0.04247270922951725,0.014455212925407848,0.04084035387987783,0.5260080568876617,0.014054354013780085,0.04017745297899133,0.01932012228248516,0.04743814189901315,0.33798522318218865,0.08045081321060754,0.04493914647643414]}
{"id": 10, "drone": 1, "position":(25.0,16.666666666666668,1.0), "time":15.275307814303407,"sensors":[33,0,17,42,46,5,38,12,6,41,10,29,45,4,36],"power":[0.001222434008197987,0.0010862456296234283,0.00151759023364246,0.0041975639756600845,0.00706500849631217,0.0024937488645444747,0.008895431462223125,0.0014361663454990716,0.0014331605002087964,0.03645684031241152,0.004852257776980133,0.0030889582246125045,0.001137988695863971,0.004982093497325132,0.0011692720176518713]}
{"id": 11, "drone": 1, "position":(41.666666666666664,16.666666666666668,1.0), "time":470.1061684423528,"sensors":[43,39,3,42,16,7,38,8,23,11,35,25,10,21,28,4,36],"power":[0.1056818932851396,0.37766630987125366,0.10486131230795002,0.04929703530597781,0.04498352161572469,0.1097226109129362,0.035360411997538706,0.04774938550866358,0.05511213139715125,0.08512433499703129,0.093145373326442,0.0502584841879408,0.030094361714022834,0.1973364363896797,0.7974249073119027,0.03685861451047484,0.25386179533699316]}
{"id": 12, "drone": 1, "position":(16.666666666666668,41.666666666666664,1.0), "time":120.95094601179102,"sensors":[24,2,49,22,44,40,19,15,9,13],"power":[0.023258557013035246,0.02468085836673094,0.03770591952034595,0.015614947065546527,0.05266037051710319,0.011174021766287349,0.012165421360758849,0.061462479016222864,0.010668185219817505,0.043394246658141115]}
{"id": 13, "drone": 1, "position":(41.666666666666664,33.333333333333336,1.0), "time":545.90208941808,"sensors":[32,7,11,30,25,21,27],"power":[0.11619357887213634,0.10181347539938812,0.10953275960840404,0.15,0.09847617670102342,0.05789151826070922,4.059210607497679]}
{"id": 14, "drone": 1, "position":(8.333333333333334,25.0,1.0), "time":296.6819559797633,"sensors":[0,22,5,12,37,14,19,26],"power":[0.04677508846933327,0.06697781507403121,0.053829950895255524,0.04243027175217045,0.11909512234052633,0.018939371591951932,0.08368973333557157,0.05330338245603676]}
