LP RESULTS :
 Obj = 0.1*lambda1+0.9*lambda2 = 111.0431433068336 (lambda1 = 1065.431433068336, lambda2 = 5.0) Resol time = 4821 ms

{"id": 0, "drone": 0, "position":(41.666666666666664,41.666666666666664,1.0), "time":197.3135507287904,"sensors":[34,33,25,42,18,3,27,10,38],"power":[0.030293194643197012,0.027205998382408125,0.023657082355745523,0.13363983736516002,0.03506989514870286,0.025109703711159826,0.0897072296460444,0.05891374134494326,0.020489858258350587]}
{"id": 1, "drone": 0, "position":(25.0,16.666666666666668,1.0), "time":111.75258362098168,"sensors":[19,40,48,22,45,7,23,15,36,11,12,9,43,29],"power":[0.008190137949125511,0.010318229692079945,0.007720263900936025,0.011469022290405154,0.009872789020463821,0.010477640881019693,0.06972199695619734,0.046170881639421374,0.007241791384481726,0.0076235608226331705,0.019781488137882174,0.007866951889825396,0.023706628823666708,0.02842496761582745]}
{"id": 2, "drone": 0, "position":(41.666666666666664,33.333333333333336,1.0), "time":301.14215002137263,"sensors":[19,34,33,21,20,42,18,3,27,0,46,10,47,38,39,13],"power":[0.02694149885699978,0.7768527641196282,1.0452475990063221,0.1449199534433116,0.07992964422001717,0.02089303961797375,2.3477582183553958,0.44561905599380797,0.021332739327375064,0.0664697384842227,0.13127288419259775,1.4839794487847588,0.0346951410253371,0.4467808484085009,0.037225285668955325,0.06839635475791501]}
{"id": 3, "drone": 0, "position":(41.666666666666664,16.666666666666668,1.0), "time":309.06613434989833,"sensors":[21,37,20,30,26,15,44,46,6,12,9,4,2,13],"power":[0.03370093592025816,0.3039930832343867,0.03350380038258688,0.2797393833643706,0.07151293381717809,0.031028003843382567,0.2250371932354337,0.03554239151343047,0.05295984583065118,0.04130321877052912,0.3378426395091242,0.05811398079753614,0.12347442227390036,0.03614028602039146]}
{"id": 4, "drone": 0, "position":(25.0,8.333333333333334,1.0), "time":142.46484600906044,"sensors":[48,22,45,7,23,15,11,12,43,4,2,29],"power":[0.017108699831945365,0.2156066749431966,0.02244388534900723,0.1322318124143144,0.18524092258582311,0.03369179877822224,0.019924448808714922,0.03105659590454767,0.055593967451112794,0.011417617647892706,0.009027284750623164,0.16588744968000696]}
{"id": 5, "drone": 2, "position":(25.0,33.333333333333336,1.0), "time":197.31355072917034,"sensors":[19,25,8,36,47,32,16,17,39,5],"power":[0.04682334886026053,0.01266205151298998,0.014824144552837409,0.2754734450950559,0.06137015630609998,0.21087391340405068,0.16945463308437278,0.27635310066953517,0.07096344226387066,0.03510788586444574]}
{"id": 6, "drone": 2, "position":(8.333333333333334,8.333333333333334,1.0), "time":622.5844413270786,"sensors":[48,31,45,11,41,14,43,28,35],"power":[0.253920042926389,0.25586760236807277,0.1782631385195225,0.2083635537430434,1.2040920705680835,0.15,0.07069940372522049,0.3044958304619316,0.15788071521763605]}
{"id": 7, "drone": 2, "position":(41.666666666666664,8.333333333333334,1.0), "time":22.09638768840591,"sensors":[37,30,15,44,6,12,9,4,2,29],"power":[0.006482969178227823,0.008157325213571397,0.001717944538186074,0.024573761510095347,0.08112210008168813,0.0036147409932422384,0.0029135070099104016,0.020428729219887008,0.010357294027720766,0.0013946339212109065]}
{"id": 8, "drone": 2, "position":(33.333333333333336,8.333333333333334,1.0), "time":109.9535809525064,"sensors":[37,22,7,30,23,15,44,6,12,9,4,2,29],"power":[0.007490444060338791,0.022487679124448934,0.012352613205078751,0.028146390934062876,0.022831828388416277,0.03509421576141804,0.019492305625294935,0.01591805408766675,0.16121736594252636,0.012673447711814553,0.09244365118600298,0.04274961486197183,0.05857836069312]}
{"id": 9, "drone": 2, "position":(33.333333333333336,41.666666666666664,1.0), "time":111.75258362098165,"sensors":[33,25,42,18,27,10,47,16,17,39],"power":[0.007058498102168284,0.11368086613126555,0.021138233760028553,0.00976338429007161,0.03896003102652324,0.013396726442594667,0.010510522637500883,0.008877503434612124,0.023382741408044132,0.016503414159169567]}
{"id": 10, "drone": 1, "position":(8.333333333333334,41.666666666666664,1.0), "time":186.44230011253893,"sensors":[24,8,49,1],"power":[0.02474624705268457,0.07450118207378446,0.052249950220671915,0.26865965588929225]}
{"id": 11, "drone": 1, "position":(41.666666666666664,25.0,1.0), "time":435.0056588209108,"sensors":[19,34,33,21,37,20,18,30,26,3,0,44,46,10,47,38,9,39,2,13],"power":[0.047570384486256,0.11903954568396967,0.15327060377739904,0.8581254313100486,0.04946823095828656,0.28439001400876457,0.11387258413740887,0.04484664127046731,0.07848706618282195,0.1326274681611583,0.08353026151577735,0.03221950490812484,0.8482724748877262,0.06813478833103949,0.042042689684477524,0.20954106794852176,0.11107895819131045,0.03367825889752078,0.027804242988818686,0.28381864238213667]}
{"id": 12, "drone": 1, "position":(8.333333333333334,33.333333333333336,1.0), "time":215.48169729640128,"sensors":[24,8,49,1,5],"power":[0.12525375294731544,0.06354810516193408,1.0287258202050151,0.033106423549642286,0.03603153948263451]}
{"id": 13, "drone": 1, "position":(33.333333333333336,25.0,1.0), "time":20.21748987615441,"sensors":[19,34,33,21,20,18,30,3,15,36,46,10,47,32,38,9,17,39,2,13],"power":[0.020474629847418352,0.0016044378474618713,0.0025447180200624223,0.004014862075958819,0.001554374688905487,0.0023786315865241257,0.0016555597210127816,0.0016243990645740537,0.0022971554393696947,0.00335577728480478,0.0047892056784482094,0.0014743104715677143,0.009019924815284545,0.001771488033815467,0.002399808131464311,0.004378673605967084,0.0019447136641927412,0.005438141704365261,0.0012929410156010024,0.019547588372138637]}
{"id": 14, "drone": 1, "position":(16.666666666666668,25.0,1.0), "time":208.2842869625852,"sensors":[40,36,32,16,49,5],"power":[0.13968177030792006,0.03209223974696005,0.04843173886226848,0.01662011886286537,0.014176656218999413,0.19960688731745554]}
