LP RESULTS :
 Obj = 0.1*lambda1+0.9*lambda2 = 166.14139730369357 (lambda1 = 1616.4139730369357, lambda2 = 5.0) Resol time = 136766 ms

{"id": 0, "drone": 0, "position":(16.666666666666668,33.333333333333336,1.0), "time":48.88587709542608,"sensors":[45,34,16,27,24,2,37,13,29,19],"power":[0.003101416594874134,0.0031813839385712917,0.003210093244737727,0.2319692022826104,0.013041252576827587,0.0144645954181045,0.058988144272607075,0.005023644202867365,0.005377446885097517,0.01405425003299254]}
{"id": 1, "drone": 0, "position":(25.0,33.333333333333336,1.0), "time":10.114694241501361,"sensors":[34,27,2,38,5,37,13,43,29,19,44,20,32,33],"power":[0.0011299051854001619,0.0016897823501939126,0.014887449582283257,0.0013566933525929975,7.738005577512917E-4,0.001494456032677439,0.0012575988164419975,8.380938799958814E-4,0.001060949895079099,0.030512247860785005,0.0020169220819490495,0.001483282855008359,0.0010093564716819557,8.696670704647993E-4]}
{"id": 2, "drone": 0, "position":(8.333333333333334,41.666666666666664,1.0), "time":1128.2320597782236,"sensors":[16,27,24,41,49,29,31,30],"power":[4.017350201295822,0.1102050601482099,0.8875490988771496,0.2430555106063133,0.37531502652308135,0.09495876086950829,2.423128781242846,0.15]}
{"id": 3, "drone": 0, "position":(8.333333333333334,25.0,1.0), "time":358.5812947608157,"sensors":[4,45,10,27,9,48,11,46,37,35,7,8],"power":[0.08348400538126995,0.14265772376748742,0.02560576881167123,0.04937424258048373,0.3945048229829304,0.1324024045533542,0.0768468525020654,0.032659298392912144,0.07004081280678626,0.1069165202417424,0.1761059676814776,0.5330834878262366]}
{"id": 4, "drone": 0, "position":(25.0,25.0,1.0), "time":70.60004716096857,"sensors":[10,34,27,2,38,37,13,39,22,19,44,20,33,3],"power":[0.00967845554087892,0.12306354548233375,0.006605614704920003,0.007961528069802264,0.006098566123560644,0.009196589357090414,0.08859814049465382,0.01905615618646947,0.0049498216155946,0.010649890863072966,0.04985109259336539,0.009295434224100155,0.020408588760955897,0.0074423455401591955]}
{"id": 5, "drone": 1, "position":(41.666666666666664,25.0,1.0), "time":54.18458564666026,"sensors":[1,21,42,38,5,0,44,20,12,17,14,33],"power":[0.004985150068937502,0.10149838374115486,0.005176332441628624,0.009065652265408525,0.008343918147122754,0.017421838556002437,0.0046289850951839505,0.011216326167039098,0.007965932635161276,0.16904221469525293,0.004650770811454654,0.008104039157420131]}
{"id": 6, "drone": 1, "position":(8.333333333333334,16.666666666666668,1.0), "time":679.6946701226839,"sensors":[4,45,10,9,48,11,46,35,7,22,8,3],"power":[0.06651599461872999,0.04606242663176303,0.09477912910412543,0.35969700894192247,2.0004058350816263,0.08084580110934225,0.4497896744798412,0.05323790660242207,0.14864586189870788,0.051890779463934535,0.27239382319622146,0.07622747140568904]}
{"id": 7, "drone": 1, "position":(33.333333333333336,25.0,1.0), "time":191.74663084641878,"sensors":[34,21,42,38,5,13,23,0,39,44,20,12,17,14,33],"power":[0.029729293121974375,0.02169877060323444,0.02532047357428858,0.05353678878125355,0.028036655677230377,0.019790575541259074,0.018574924465449377,0.01324705237704951,0.018138712138684607,0.19645245524922275,0.12800495675385237,0.03656293354022777,0.02862116359277459,0.022009883874495557,0.5613092292174859]}
{"id": 8, "drone": 1, "position":(33.333333333333336,8.333333333333334,1.0), "time":537.8340016517488,"sensors":[26,1,42,15,23,39,12,25,14],"power":[0.29726392447782607,0.07714200719933799,0.16229797380223443,0.14999999999999994,0.3224915091717454,0.035216836552410924,0.10931014284870563,0.3278600331924296,0.18545468741797216]}
{"id": 9, "drone": 1, "position":(16.666666666666668,16.666666666666668,1.0), "time":152.95408476942336,"sensors":[10,34,9,48,46,37,13,39,22,6,8,3],"power":[0.5322328298950297,0.02793847365380098,0.03420207208798518,0.032258266887016857,0.06653602741049572,0.010279997530838806,0.033111201833611374,0.041195487560885403,0.07394976156714907,0.023680199745280076,0.015068351592482859,0.25817888085833324]}
{"id": 10, "drone": 2, "position":(16.666666666666668,8.333333333333334,1.0), "time":38.61717325054815,"sensors":[26,10,48,46,39,22,6,3],"power":[0.003557105570340204,0.007662847914880092,0.002502373638414949,0.011073810632394243,0.003683835459653714,0.016075175804151652,0.12557255821419938,0.010569283445778635]}
{"id": 11, "drone": 2, "position":(25.0,16.666666666666668,1.0), "time":7.776021389552341,"sensors":[26,10,34,42,13,23,39,22,44,6,12,14,33,3],"power":[0.0020385910382158833,0.0027241922376105166,0.003412376236403084,9.266295387770805E-4,0.002218839111166203,0.0016134660850831667,0.03858709138444966,0.003134461549170268,0.001083734292335598,7.472420405218344E-4,8.967763141943621E-4,9.030860974495746E-4,0.0012716761458820836,0.003112149883653556]}
{"id": 12, "drone": 2, "position":(41.666666666666664,41.666666666666664,1.0), "time":1062.107444306978,"sensors":[40,38,5,18,28,47],"power":[0.15,0.10790415231630394,0.21541761063950599,1.2876491188089334,0.37574888102974435,0.17846769767391585]}
{"id": 13, "drone": 2, "position":(41.666666666666664,16.666666666666668,1.0), "time":153.3099858314037,"sensors":[1,21,42,23,0,12,17,25,14,33],"power":[0.18814214615828448,0.026802845655610696,0.05558752952829642,0.02531951776063901,0.11933110906694806,0.06728215406298434,0.044697981979468115,0.025366165710150664,0.051809318352413716,0.014978213738346215]}
{"id": 14, "drone": 2, "position":(25.0,41.666666666666664,3.0), "time":354.6033482584535,"sensors":[2,36,43,29,19,32],"power":[0.11596813940622529,0.15000000000000002,0.20730166265789204,0.14306119993098046,0.09478361124314949,0.25980200391664093]}
