LP RESULTS :
 Obj = 0.1*lambda1+0.9*lambda2 = 145.07602939176374 (lambda1 = 1396.7602939176372, lambda2 = 6.0) Resol time = 22444 ms

{"id": 0, "drone": 1, "position":(41.666666666666664,33.333333333333336,1.0), "time":33.1410636628095,"sensors":[4,7,17,20,43,24,31],"power":[0.0021224631410065235,0.07560499020695315,0.006784065974901975,0.004430239020400887,0.06280780229199782,0.26267211712866273,0.0022169874395982403]}
{"id": 1, "drone": 1, "position":(33.333333333333336,16.666666666666668,1.0), "time":52.44285226097421,"sensors":[41,9,44,15,10,5,20,39,35,11,30,31],"power":[0.013539560736434421,0.02853368719123764,0.008532173601922342,0.013797820312936067,0.006525486201316541,0.004362162578150375,0.011078702141627336,0.03663734450098,0.03362928301326146,0.010715970996604136,0.0044051887933883975,0.007547954505194147]}
{"id": 2, "drone": 1, "position":(16.666666666666668,41.666666666666664,1.0), "time":145.94625228327092,"sensors":[18,34,22,0,29,38,12,42,14,32,48],"power":[0.34923099335440755,0.014320682067867213,0.0380956461288431,0.2940363992923092,0.016092515790756164,0.5421121915203048,0.009707353469933832,0.036698055606129945,0.12520206700629496,0.032267519228344387,0.011208633652448247]}
{"id": 3, "drone": 1, "position":(25.0,16.666666666666668,1.0), "time":127.56765293241314,"sensors":[27,41,9,44,8,25,23,15,10,5,20,39,2,35,28,37],"power":[0.012323595813067486,0.024321902307774375,0.00912087854714293,0.020899004313535443,0.012048077623860197,0.00846577894808822,0.018625924002348967,0.11386097888231952,0.015430987141022834,0.013576284643481124,0.008313422646506977,0.010611907837000485,0.025929629395678378,0.0759541459125317,0.02363330940632138,0.03109980327117991]}
{"id": 4, "drone": 1, "position":(41.666666666666664,8.333333333333334,1.0), "time":599.4495827415174,"sensors":[41,9,13,39,11,30,31],"power":[0.0657777373272689,0.055703507242042434,0.15,0.05731214403537889,0.2964757049147143,0.10638974862613129,0.05697656753378919]}
{"id": 5, "drone": 1, "position":(8.333333333333334,8.333333333333334,1.0), "time":438.21289003665214,"sensors":[27,40,47,8,33,23,36,16,28,46,19],"power":[0.07988960136040382,0.3960033753181405,0.08944005126862961,0.13022507946145742,1.097642577506279,0.06308124907616704,0.2376977409060858,0.09682045322154154,0.05861532178952382,0.15227395402840277,0.14778379286404744]}
{"id": 6, "drone": 0, "position":(8.333333333333334,16.666666666666668,1.0), "time":308.4978288875475,"sensors":[1,27,3,49,40,47,8,6,33,23,36,45,28,46],"power":[0.02265256792315615,0.19399707504056812,0.045723167212398025,0.038725717146828445,0.1308581757382218,0.06055994873137039,0.09342296878927826,0.03696306556422625,0.12182773284168644,0.09790281140640945,0.16524271445460018,0.06370127510814345,0.07624250365888784,0.053166240112841996]}
{"id": 7, "drone": 0, "position":(25.0,33.333333333333336,1.0), "time":62.701808157855766,"sensors":[1,34,44,4,25,10,5,12,2,37,14],"power":[0.007283624457305777,0.0049227884597482716,0.011545036399304497,0.009719000821612802,0.03904603245278759,0.014445232159202499,0.02377405458184616,0.00894437499973448,0.008480958285596293,0.007161823529378953,0.007407808621162787]}
{"id": 8, "drone": 0, "position":(25.0,41.666666666666664,1.0), "time":399.11476277598285,"sensors":[18,4,17,22,25,0,38,12,42,14,32],"power":[0.08286633824403136,0.15505482340336785,0.0258317863884245,0.11576903676995211,0.03130561229693095,0.04889204816778058,0.06924404093562257,0.2446333373405003,0.054107143624266975,0.2658377509305211,0.11773248077165563]}
{"id": 9, "drone": 0, "position":(33.333333333333336,25.0,1.0), "time":48.09987211838466,"sensors":[9,44,7,25,10,5,20,39,2,35,43,37,24,31],"power":[0.014662849007818451,0.042359168428477346,0.0050821850820955,0.014316831177388136,0.04443814185959208,0.016224085996228373,0.134035880811092,0.014830457015710072,0.003466696598310458,0.014124882655637093,0.003144747607030137,0.003488512625853514,0.004102555536428971,0.006276196947930116]}
{"id": 10, "drone": 0, "position":(41.666666666666664,41.666666666666664,1.0), "time":545.9949360568606,"sensors":[4,26,7,17,12,43,24],"power":[0.0684885453680775,0.14999999999999997,0.06931282471095133,0.7630825635497371,0.05346829195142626,0.09109924155343889,0.14466225348986653]}
{"id": 11, "drone": 0, "position":(16.666666666666668,8.333333333333334,1.0), "time":32.35108592100525,"sensors":[27,40,8,33,23,15,36,16,28,19],"power":[0.006811140468501795,0.010442472987095964,0.017291451386421196,0.00691872784789591,0.007975818880643793,0.003630405606177886,0.00286389781998683,0.05317954677845839,0.009007371009961117,0.002216207135952545]}
{"id": 12, "drone": 2, "position":(33.333333333333336,8.333333333333334,1.0), "time":25.30671481428308,"sensors":[41,9,15,39,35,11],"power":[0.04168734231768584,0.002356860707522731,0.005970200753831196,0.002466371681049918,0.00249553697954027,0.00402189795493]}
{"id": 13, "drone": 2, "position":(41.666666666666664,16.666666666666668,1.0), "time":69.47569743725933,"sensors":[41,9,20,39,35,11,30,31],"power":[0.004673457310836467,0.03962221730423586,0.00993749172196768,0.03573930236776911,0.0053148901020904134,0.12457969828813248,0.07314374970387964,0.07791086648792622]}
{"id": 14, "drone": 2, "position":(25.0,25.0,1.0), "time":43.88159592248773,"sensors":[1,44,25,15,10,5,20,39,2,35,28,37],"power":[0.008027242589236915,0.03970752535327431,0.02042779279919669,0.003786441583924757,0.02721279291192075,0.050494988865093966,0.005605202211118184,0.0027742084215171456,0.02918388589186673,0.012619720290133134,0.0030029151911300177,0.029780202120412845]}
{"id": 15, "drone": 2, "position":(25.0,25.0,4.0), "time":118.35426926821508,"sensors":[1,44,25,15,10,5,20,2,35,37],"power":[0.018074581368223003,0.05187636422196008,0.03643795232560855,0.00895415286081056,0.04194735972694534,0.05847699489014725,0.012753218113640963,0.04384112104622932,0.027096097814426644,0.04404557255140735]}
{"id": 16, "drone": 2, "position":(8.333333333333334,41.666666666666664,1.0), "time":693.4927762578604,"sensors":[18,34,21,0,29,38,42,14,48],"power":[0.13333311729259997,0.06825091117805723,0.15,0.24831675668946662,0.21161285250757023,0.17763945609834106,0.05919480076960308,0.060575050841697335,0.3244885641284]}
{"id": 17, "drone": 2, "position":(8.333333333333334,25.0,1.0), "time":446.24924021753156,"sensors":[1,27,34,3,49,6,23,29,36,2,45,28,37,48],"power":[0.10816075754751367,0.06289071312252378,0.12502437889440757,1.2819799309583366,0.27583627005594186,0.11303693443577376,0.04860422428598748,0.06749710834079282,0.032589958527925324,0.0391626740215435,0.10280555640802629,0.03924640568642746,0.0362750133571847,0.030815607123308917]}
