LP RESULTS :
 Obj = 0.1*lambda1+0.9*lambda2 = 190.69271312859402 (lambda1 = 1870.9271312859403, lambda2 = 4.0) Resol time = 278 ms

{"id": 0, "drone": 2, "position":(41.666666666666664,8.333333333333334,1.0), "time":836.7740838273273,"sensors":[25,18,33,10,4,35,49,37,5,7],"power":[0.15,0.20584437556979504,8.367740838273274,0.7965811250587318,0.2659625220817966,0.16138042516937492,0.5766778456289436,0.2789777353607049,0.8304637796076186,0.17396801671114595]}
{"id": 1, "drone": 2, "position":(41.666666666666664,25.0,1.0), "time":572.5611681135464,"sensors":[47,26,1,44],"power":[0.17880791233568477,0.10252898988790589,0.050743967394113514,0.14999999999999997]}
{"id": 2, "drone": 2, "position":(33.333333333333336,41.666666666666664,1.0), "time":290.1401675713146,"sensors":[29,24,38,39,13],"power":[0.10924321480401405,0.06549778688729381,0.035334786774217974,0.7673193319022718,0.05100709238866446]}
{"id": 3, "drone": 2, "position":(16.666666666666668,8.333333333333334,1.0), "time":171.45171177375204,"sensors":[36,31,11,16,34,27,14,0,3,15,30,32],"power":[0.02095849340586633,0.013050538098852552,0.04590996125840456,0.13013816425349378,0.24003633797451618,0.04089836046857346,0.0657938266127109,0.0632179336928753,0.041120892096899335,0.27285764776851895,0.03587750632769792,0.012849155739012725]}
{"id": 4, "drone": 1, "position":(16.666666666666668,41.666666666666664,1.0), "time":26.451253802333497,"sensors":[21,43,28,40],"power":[0.034251079476705935,0.0023604700759985546,0.045568291867501484,0.008856631292238381]}
{"id": 5, "drone": 1, "position":(41.666666666666664,41.666666666666664,1.0), "time":494.547869403463,"sensors":[29,24,38,26,1,39,13],"power":[0.04279274552333794,0.2818494102246931,1.2002553615543385,0.1008388822497123,0.10289731316698926,0.10027902271100167,0.09899290761133571]}
{"id": 6, "drone": 1, "position":(8.333333333333334,41.666666666666664,1.0), "time":834.7460487892856,"sensors":[21,43,6,2,28,40,9],"power":[0.40422298168498266,0.8086579289455539,0.1826653320972564,0.05518804927740144,0.09389661968678066,0.056657503948081556,0.15]}
{"id": 7, "drone": 1, "position":(8.333333333333334,25.0,1.0), "time":515.1819592908582,"sensors":[46,36,31,23,0,3,2,41,8,22,48,45,32],"power":[0.04169848968173256,0.03515288773776414,0.11877877139759228,0.13449348599222186,0.03996847834307488,0.059367023808915426,0.22493504094007588,0.6963279423662634,0.04371417760468582,0.9955451095027444,0.17193641293203393,0.3806989972236915,0.050097183195323844]}
{"id": 8, "drone": 0, "position":(8.333333333333334,8.333333333333334,1.0), "time":1184.2934602213304,"sensors":[17,36,31,11,16,34,27,14,0,3,15,20,8,30,48,19],"power":[0.15,1.170581073943291,0.23449070998373095,0.10409003874159545,0.3284264625667083,0.5370884266563262,0.8575585471017495,0.11556468942166584,0.22396674388279278,0.3262934436223704,0.18155491392592438,0.19772817607213689,0.21069775404603375,0.15118890171602584,0.10149807631991545,0.2917976695821212]}
{"id": 9, "drone": 0, "position":(25.0,25.0,1.0), "time":302.07364679876173,"sensors":[46,42,14,41,12,32],"power":[0.16223119410622863,0.2566845133916798,0.023595331921360246,0.020409777799463628,0.27862333542089296,0.08705366106566342]}
{"id": 10, "drone": 0, "position":(8.333333333333334,33.333333333333336,1.0), "time":132.23417059433086,"sensors":[21,43,23,2,41,22,45],"power":[0.027417305915168527,0.01608009924532192,0.015506514007778133,0.05578039697502812,0.024590701248489395,0.05619957366442834,0.015336512946530363]}
{"id": 11, "drone": 0, "position":(16.666666666666668,41.666666666666664,1.0), "time":252.32585367151705,"sensors":[21,43,28,40],"power":[0.32673055624185116,0.022517179391317255,0.4346885872308184,0.08448586475968006]}
