LP RESULTS :
 Obj = 0.1*lambda1+0.9*lambda2 = 163.53140855645222 (lambda1 = 1590.3140855645222, lambda2 = 5.0) Resol time = 53931 ms

{"id": 0, "drone": 0, "position":(8.333333333333334,41.666666666666664,1.0), "time":741.1652762794195,"sensors":[13,30,20,5,16,14,18],"power":[0.07715972970491367,0.134979419341731,0.18536735346080352,0.07123062660180854,0.15,0.06920956979572243,0.08140512571702196]}
{"id": 1, "drone": 0, "position":(25.0,16.666666666666668,1.0), "time":52.05185169214633,"sensors":[31,17,21,41,36,35,9,2,37],"power":[0.007934679489400194,0.004044037523797493,0.007089954518607165,0.0292817950890666,0.014066329620869756,0.018275511020188977,0.00641802792865277,0.09032134755793503,0.01481438087914257]}
{"id": 2, "drone": 0, "position":(16.666666666666668,25.0,1.0), "time":109.48145991250965,"sensors":[31,41,36,24,2,34,18],"power":[0.0071986491092963425,0.02360329995590489,0.014309829905398546,0.06641777740365597,0.011380545202930479,0.09954243123407198,0.028434065408204603]}
{"id": 3, "drone": 0, "position":(33.333333333333336,33.333333333333336,1.0), "time":19.6442071990175,"sensors":[39,21,26,27,33,10,40,1,43,32,7,25,22,28],"power":[0.011610152019558237,0.00412176367093878,0.0018603683937113507,0.0015218901986965108,0.011088887064276059,0.0012843817578139425,0.007502697986496718,0.001670864260451024,0.015566729765604106,0.001454058341611845,0.004286901030812166,0.050611093928331595,0.058039354328118804,0.0026639878406110543]}
{"id": 4, "drone": 0, "position":(41.666666666666664,41.666666666666664,1.0), "time":667.9712904814296,"sensors":[26,27,38,43,7,49,45],"power":[0.07581578904180868,0.06163285597033504,0.1517050253454158,0.061100619056936076,0.16844561538143252,0.18418626817801687,0.12669068786322646]}
{"id": 5, "drone": 1, "position":(33.333333333333336,25.0,1.0), "time":192.25431944814613,"sensors":[39,21,33,9,40,43,2,32,37,25,22,28],"power":[0.09612992820423892,0.4300253315484041,0.12973727894495396,0.06424079990239087,0.18724632357360688,0.060209704282607454,0.03629787047282499,0.028517907588697624,0.059250586903795775,0.05047163807420903,0.05117055015501283,0.08384840635023764]}
{"id": 6, "drone": 1, "position":(25.0,8.333333333333334,1.0), "time":232.41553158040062,"sensors":[31,17,41,36,35,3,2,46,37,42],"power":[0.04119511548655268,0.1406032269997188,0.032947904319147,0.03931611216856234,0.10232536841075558,0.01803217968885429,0.026549299073716524,0.06463558707963574,0.020148027050983258,0.025132215648500506]}
{"id": 7, "drone": 1, "position":(25.0,41.666666666666664,1.0), "time":285.0404881870537,"sensors":[39,30,26,5,48,10,12,1,14,8,7,49,45,25,22],"power":[0.018446030766609306,0.06967811416485306,0.08485971323390662,0.127557968748714,0.9242893458686964,0.5486860583407589,0.15492781946169215,0.5819081953088325,0.14517536823683505,0.15,0.0526436248688617,0.01903575455453618,0.023309312136773553,0.03144744170390717,0.028982441695453054]}
{"id": 8, "drone": 1, "position":(41.666666666666664,25.0,1.0), "time":274.94667642691707,"sensors":[39,21,23,27,19,0,33,9,40,43,32,15,37,25,22,28],"power":[0.02381388900959389,0.03211691618069561,0.04333558700194195,0.08684525383096857,0.02866813510873128,0.12519851819007,0.08160140118053578,0.05508772079890029,0.0939812194147223,0.07185385353432168,1.0278209391285265,0.0612421978404688,0.026946408411725516,0.021067109291788254,0.02211636134127785,0.5827773102118954]}
{"id": 9, "drone": 1, "position":(41.666666666666664,8.333333333333334,1.0), "time":605.6570699220063,"sensors":[23,47,19,4,35,9,15,46,29],"power":[0.15222178984332038,0.26689396461483,0.11216217221603546,0.19839768582766704,0.04573927691897146,0.05207054878106847,0.04040823676755633,0.07060414951666656,0.15]}
{"id": 10, "drone": 2, "position":(16.666666666666668,16.666666666666668,1.0), "time":45.185712042173925,"sensors":[31,41,36,11,3,24,2,34,42],"power":[0.026053999818540972,0.06416700063588152,0.11136436390071422,0.00419330100772754,0.009373939455934911,0.0032592071354934737,0.0065308922753143615,0.00517751660035846,0.01031011214154974]}
{"id": 11, "drone": 2, "position":(41.666666666666664,16.666666666666668,1.0), "time":169.83298266103037,"sensors":[23,47,19,0,4,35,9,40,32,15,37,28],"power":[0.330172764775805,0.03217453317681911,0.06306289387282583,0.036117981037666405,0.016499269963664916,0.011327694281035097,0.05610165177717826,0.012944636532978615,0.03231129773948321,0.04834956539197495,0.02630608210855756,0.03775681383164091]}
{"id": 12, "drone": 2, "position":(33.333333333333336,8.333333333333334,1.0), "time":16.95811446464552,"sensors":[17,23,35,9,2,46,37],"power":[0.005352735476483669,0.0011894876175175663,0.008279026058231796,0.002222325916424721,0.0012250357100414058,0.0154891252999292,0.0025345146457954413]}
{"id": 13, "drone": 2, "position":(8.333333333333334,33.333333333333336,1.0), "time":273.1071795905863,"sensors":[13,30,24,14,34,18],"power":[0.07284027029508633,0.02817355824081301,0.08032301546085056,0.017406398243253237,0.06810108841126691,0.19878784762906815]}
{"id": 14, "drone": 2, "position":(8.333333333333334,8.333333333333334,1.0), "time":1085.2300968060865,"sensors":[31,6,36,11,44,3,42],"power":[0.21406812619672283,0.42105857288479365,0.11805722258687831,2.414737525977127,0.15000000000000002,0.9452123504233928,0.5313223209611213]}
