LP RESULTS :
 Obj = 0.1*lambda1+0.9*lambda2 = 162.73357653083428 (lambda1 = 1582.3357653083426, lambda2 = 5.0) Resol time = 13441 ms

{"id": 0, "drone": 2, "position":(25.0,8.333333333333334,1.0), "time":0.5718091990673564,"sensors":[16,26,20,11,27,28,36],"power":[0.0012162064388687023,1.3214429912889827E-4,1.0633831415818545E-4,2.1586105550878396E-4,1.658970695137734E-4,2.4365864637855816E-4,1.2544259014720088E-4]}
{"id": 1, "drone": 2, "position":(25.0,25.0,1.0), "time":131.43502460076104,"sensors":[41,9,34,17,27,45,18,49,22,14,37],"power":[0.025298375491662403,0.010551960557115068,0.02697135987918885,0.21939082907631863,0.009577587315317484,0.24443336947328692,0.03536829919151385,0.14033258491782355,0.04381268802151984,0.01291621424815798,0.2000177336075798]}
{"id": 2, "drone": 2, "position":(25.0,41.666666666666664,1.0), "time":538.341668259519,"sensors":[41,32,2,34,12,46,10,18,6,22,14],"power":[0.10039943461715606,0.1344950715388309,0.0862430245878097,0.04318605151322824,0.341457280209303,0.05102440950706011,0.038880469476622104,0.0927088782486511,0.12076417279027048,0.04775151249815359,0.20943187081293568]}
{"id": 3, "drone": 2, "position":(41.666666666666664,25.0,1.0), "time":366.5711603738994,"sensors":[39,7,24,13,43,44,47,4,29],"power":[0.050587252682364775,0.12012111912402909,0.22833325326555745,0.04944707203337429,0.05007151212357896,0.05204472339340421,0.037051511876507855,0.2482561165810821,0.10717602317420778]}
{"id": 4, "drone": 2, "position":(8.333333333333334,8.333333333333334,1.0), "time":545.4161028750951,"sensors":[0,5,33,40,15,27],"power":[0.08302755821680455,0.13763562543179644,0.035337506353484975,0.041278752984489096,0.13549803319763787,0.04357492833214866]}
{"id": 5, "drone": 1, "position":(33.333333333333336,33.333333333333336,1.0), "time":37.221810368463366,"sensors":[41,7,2,12,35,13,45,18,22,47,4,14],"power":[0.0038049544739623955,0.00324146307964789,0.007271648244427017,0.00745814138471573,0.003215038848193754,0.021702427549215298,0.0070576596388952865,0.008323961991741935,0.01819070364527737,0.012882642437398588,0.0036524904013858586,0.012912104144094133]}
{"id": 6, "drone": 1, "position":(41.666666666666664,33.333333333333336,1.0), "time":334.30477967914226,"sensors":[30,7,2,24,35,13,42,22,47,4,29],"power":[0.10087876708773531,0.25676802297446605,0.037390092896674096,0.047204239716688086,0.05658048076881375,0.3630266662000418,0.025158504146815985,0.022303987540777608,0.30415521416282204,0.19109491129312284,0.04282397682579221]}
{"id": 7, "drone": 1, "position":(33.333333333333336,41.666666666666664,1.0), "time":166.81507821191371,"sensors":[32,2,12,35,13,18,42,22,47,14],"power":[0.015504928461169116,0.8240369919063096,0.2161711064256364,0.0419636881782977,0.036294706557772054,0.013794800360629042,0.04754214250223664,0.014182071131931918,0.04187531627766888,0.04170801170027732]}
{"id": 8, "drone": 1, "position":(16.666666666666668,33.333333333333336,1.0), "time":48.654246145719945,"sensors":[41,9,34,33,19,46,17,10,3,45,18,6,49,22,14,37],"power":[0.026479810369069268,0.20260157940376647,0.07984258860758289,0.0032186279391656527,0.003087875079112813,0.1776388176834909,0.004659727089518323,0.014603258076577029,0.01805546100329247,0.004667777815924374,0.009769242287017957,0.01102540206671238,0.010756725390979601,0.0037590371623396016,0.004956252404729927,0.005884428106445984]}
{"id": 9, "drone": 1, "position":(8.333333333333334,41.666666666666664,1.0), "time":995.3398509031033,"sensors":[9,1,25,19,46,10,3,6,38],"power":[0.11171804039217147,0.16904535144819405,2.1961474662472016,0.4473363708432047,0.157995535600023,0.5708833579157601,0.2211815796690271,0.20790330281566952,0.15]}
{"id": 10, "drone": 0, "position":(33.333333333333336,16.666666666666668,1.0), "time":3.3170932845242653,"sensors":[39,16,17,20,45,43,36,44],"power":[0.007028174886491741,3.069879613825638E-4,2.631036145991077E-4,3.810192526387113E-4,2.700220388768274E-4,6.094241760551525E-4,0.0010472372237853146,8.564329895128996E-4]}
{"id": 11, "drone": 0, "position":(25.0,8.333333333333334,1.0), "time":648.5018203522081,"sensors":[16,26,20,11,27,28,36],"power":[1.3793273889557056,0.1498678557008711,0.1206007011031752,0.24481293352558625,0.18814764041266485,0.2763388136790656,0.1422672950922098]}
{"id": 12, "drone": 0, "position":(8.333333333333334,16.666666666666668,1.0), "time":219.79554462527622,"sensors":[0,5,33,40,15,27],"power":[0.17465890501442857,0.4504566959073244,0.11144386570734936,0.1679860019909606,0.014501966802362133,0.019658685247103767]}
{"id": 13, "drone": 0, "position":(41.666666666666664,41.666666666666664,1.0), "time":120.78558754401935,"sensors":[30,7,2,12,35,13,42,47,4],"power":[0.04912123291226467,0.011852623541636144,0.03606107352070636,0.011542649627258872,0.606567933247917,0.030090601131035125,0.07729935335094744,0.04874234367096275,0.008696776866085817]}
{"id": 14, "drone": 0, "position":(41.666666666666664,8.333333333333334,1.0), "time":589.9357195023147,"sensors":[39,23,8,21,31,20,48,43,36,44],"power":[0.09238457243114348,0.6313396448057651,0.15,0.23594650522997382,0.2672290163007324,0.12401359972241778,0.2888264898890234,0.20731947376361276,0.11836546804401588,0.20050587478595053]}
