LP RESULTS :
 Obj = 0.1*lambda1+0.9*lambda2 = 193.34539719727118 (lambda1 = 1879.4539719727118, lambda2 = 6.0) Resol time = 66305 ms

{"id": 0, "drone": 0, "position":(41.666666666666664,25.0,1.0), "time":33.35392091244901,"sensors":[28,15,40,42,4],"power":[0.05201863736444863,0.002969920035660442,0.004008872349873347,0.00423338719447491,0.018781494351205377]}
{"id": 1, "drone": 0, "position":(33.333333333333336,8.333333333333334,1.0), "time":262.1996614709609,"sensors":[10,18,39,23,24,42,41,46,22,17],"power":[0.027432861346740976,0.016892615222601045,0.12983887880664857,0.16089790438683238,0.21187238856102028,0.017258791897272616,0.03159437845813763,0.19105496672215722,0.1474443017413672,0.3500594937024138]}
{"id": 2, "drone": 0, "position":(41.666666666666664,16.666666666666668,1.0), "time":696.0935444474692,"sensors":[10,18,23,28,24,42,4,31],"power":[0.0544319843404655,0.24635610060087923,0.16750578735432184,0.07402727329397363,0.09779699402950029,0.7440476799998074,0.046167447780551915,0.1338247743069255]}
{"id": 3, "drone": 0, "position":(41.666666666666664,41.666666666666664,1.0), "time":470.8879915845669,"sensors":[19,34,6,15,29,40,30,44,14,33,4],"power":[0.03418213421744782,0.02986654873918417,1.3540791941629753,0.04314719927527847,0.5078257519078183,0.12138553146407122,0.19208244936014815,0.13701101256988174,0.21706719007465877,0.13370027312898586,0.04102642514609932]}
{"id": 4, "drone": 0, "position":(41.666666666666664,8.333333333333334,1.0), "time":106.04699081084146,"sensors":[10,18,39,23,24,42,46,22,17,31],"power":[0.06813515431279353,0.04105371024398079,0.008873481301514616,0.11008031525267167,0.09476362729702231,0.030175217928135607,0.014480650933441837,0.007047789340954533,0.010947480203986427,0.016175225693074537]}
{"id": 5, "drone": 0, "position":(8.333333333333334,8.333333333333334,1.0), "time":310.87186274642454,"sensors":[8,35,38,37,3,45,32,7,0,16,49,20,13],"power":[0.04448809334925334,0.04276951319054058,0.11858738684614982,0.025361528402452108,0.18375578015072985,0.03320217476972981,0.0474576955470589,0.05095830110632131,2.9856856176008755,0.034791280111886105,0.31158541845775045,1.346300924804989,0.033322829389236655]}
{"id": 6, "drone": 2, "position":(8.333333333333334,33.333333333333336,1.0), "time":348.80263203737564,"sensors":[21,11,25,2,27,1,12,9,5,26],"power":[0.2731888517765294,0.08159041320106644,0.0849724486324906,0.07491247039746238,0.07566033252185381,0.047331028089089414,0.06122471454046836,0.031751596107484646,0.06210188045192528,0.07364598457073748]}
{"id": 7, "drone": 2, "position":(8.333333333333334,41.666666666666664,5.0), "time":330.7076256804821,"sensors":[21,27,1,48],"power":[0.06502274687812998,0.1996162735127798,0.15910281731905082,0.035709221617473634]}
{"id": 8, "drone": 2, "position":(16.666666666666668,33.333333333333336,1.0), "time":64.69176169970484,"sensors":[21,11,27,12,9,5,26],"power":[0.005403211423682576,0.10005229349198963,0.0059833740901844255,0.5133552637350292,0.07012977511128987,0.012626856828923602,0.036701221015875626]}
{"id": 9, "drone": 2, "position":(41.666666666666664,33.333333333333336,1.0), "time":50.04878163575499,"sensors":[28,6,15,29,40,30,14,4],"power":[0.02397798757122498,0.014128649909034119,0.009900717555416808,0.004665731978266203,0.043020298130146156,0.003534108392340774,0.009970197984698153,0.043906115829532494]}
{"id": 10, "drone": 2, "position":(8.333333333333334,41.666666666666664,1.0), "time":816.2072495773988,"sensors":[21,27,1,12,48],"power":[0.2288514458951719,8.162072495773987,1.8976015117853224,0.06697010086271178,0.11429077838252635]}
{"id": 11, "drone": 2, "position":(8.333333333333334,25.0,1.0), "time":268.9959213419952,"sensors":[21,11,35,25,2,37,7,12,5,47,26,49,13],"power":[0.029668572772155136,0.0494303121991184,0.07702397941357009,0.07534701326507348,0.0750875296025376,0.022973684785043625,0.023839865524107263,0.022863159694069757,0.2059449038859948,0.01871914170415607,0.06641392431609858,0.019133658384404936,0.06290903908248383]}
{"id": 12, "drone": 1, "position":(25.0,8.333333333333334,1.0), "time":35.01857806744723,"sensors":[8,38,39,23,37,3,24,45,32,7,41,46,22,47,17],"power":[0.003005778260918746,0.0033996252136324124,0.011287639891836428,0.0023817991083524993,0.003663585134468802,0.0023974658161388753,0.0027282186489019826,0.015031072111513085,0.0026065559826904503,0.0032423738383547964,0.08094687682587126,0.007292656966066618,0.051906915168390966,0.0028457700308978495,0.016037104586540944]}
{"id": 13, "drone": 1, "position":(33.333333333333336,41.666666666666664,1.0), "time":198.05680675984507,"sensors":[19,34,36,6,15,29,40,30,44,14,33,43],"power":[0.0502897557681416,0.06346442880265633,0.057810380551769444,0.027699947340666307,0.044253890903902665,0.04746755652615589,0.046503847600522445,0.09499227542872729,0.012988987430118313,0.2924934114036416,0.12801708895665534,0.03545670811217944]}
{"id": 14, "drone": 1, "position":(16.666666666666668,16.666666666666668,1.0), "time":235.138705761857,"sensors":[35,38,37,3,45,7,41,0,5,47,26,49,20,13],"power":[0.027174544620095088,0.023986253221939355,2.1737791957700607,0.02025713848290283,0.032946794756225556,0.6828453853158125,0.03745874471599108,0.02519601424468836,0.039804902008366436,0.1284350882649461,0.022062469978087276,0.04863548511015585,0.03217374408559887,0.015752366167353343]}
{"id": 15, "drone": 1, "position":(33.333333333333336,33.333333333333336,1.0), "time":1.054570012339591,"sensors":[28,6,15,40,30,9,14,33,4],"power":[2.0194200953206764E-4,8.982038278220158E-5,0.01054570012339591,6.541224273716387E-4,8.023691754945892E-5,7.14329259981265E-5,2.8068049346561917E-4,7.886730848534521E-5,1.1851689261089602E-4]}
{"id": 16, "drone": 1, "position":(25.0,41.666666666666664,1.0), "time":380.7564073162347,"sensors":[19,34,36,15,30,12,9,14,33,43],"power":[0.06552811001441083,0.11280929808622411,0.2825980993850652,0.03918257210634593,0.028911105632619106,0.04151845823366519,0.048047195855227355,0.04084925254990944,0.03966120471258009,0.11454329188782099]}
{"id": 17, "drone": 1, "position":(8.333333333333334,8.333333333333334,1.0), "time":1029.4289040549882,"sensors":[8,35,38,37,3,45,32,7,0,16,49,20,13],"power":[0.1473189910962587,0.14162804154011502,0.3926932550192048,0.08398280293958835,0.6084935114524475,0.10994651649552752,0.15715260649315882,0.16874459977477577,9.88687443767363,0.1152087198881139,1.031791790381859,4.4581747389621444,0.1103460552367658]}
