LP RESULTS :
 Obj = 0.1*lambda1+0.9*lambda2 = 198.93457238846287 (lambda1 = 1944.3457238846286, lambda2 = 5.0) Resol time = 3920 ms

{"id": 0, "drone": 2, "position":(8.333333333333334,16.666666666666668,1.0), "time":240.05041602853726,"sensors":[47,17,15,48,31,23,37,35],"power":[0.02483329922421859,0.018922832739600964,0.019896174257798157,0.019543378003934467,0.19866937130141035,0.03715702023584527,0.04537758399941788,0.06425132059771337]}
{"id": 1, "drone": 2, "position":(41.666666666666664,33.333333333333336,1.0), "time":336.9133449582414,"sensors":[45,24,10,38,5,49,34,43,44,29,4,7,22,1,33],"power":[0.061630787996461885,0.11160342224335791,0.03462060364669025,0.10239233197462352,0.06736208502344854,0.03929930651492325,0.08785222783059271,0.03122364398526961,0.03350280148324133,0.04661351604192274,0.734881352767552,0.0767626598832522,0.08540608080397977,0.04238822921537255,0.08254251099750483]}
{"id": 2, "drone": 2, "position":(41.666666666666664,8.333333333333334,2.0), "time":1209.675974644865,"sensors":[14,2,18,40,43,44,28,39,20],"power":[0.10370681539939919,0.13938304472836202,0.24989252652344565,0.9488736989599902,0.07736513048052707,0.07921462222962604,0.1466629563189994,0.27238933632131723,1.068295846598725]}
{"id": 3, "drone": 2, "position":(8.333333333333334,41.666666666666664,1.0), "time":130.7554723149583,"sensors":[12,17,15,46,19,30,8,16,36],"power":[0.015920434362887335,0.01140677057779644,0.010470532755691259,0.020307823954558133,0.022144391300774835,0.009123473735921763,0.13575037084692482,0.009120649288984805,0.03551420217345267]}
{"id": 4, "drone": 2, "position":(25.0,8.333333333333334,1.0), "time":26.950515938041814,"sensors":[11,2,18,25,40,26,37,21,20],"power":[0.003210363460462516,0.0074357555636894645,0.0024537851612627657,0.0018442418136623928,0.0019836608244963513,0.003102743895393398,0.002966980574538539,0.00439778562512459,0.0017937462490521371]}
{"id": 5, "drone": 0, "position":(8.333333333333334,8.333333333333334,1.0), "time":715.3649794431067,"sensors":[47,32,11,0,31,37,42,35],"power":[0.2297121862863746,0.1758784174408347,0.1820898164990539,0.16523182953745771,0.3536353608630319,0.3165773610789951,0.15,0.07192255741258612]}
{"id": 6, "drone": 0, "position":(8.333333333333334,33.333333333333336,1.0), "time":531.2537556139898,"sensors":[17,15,46,48,23,30,8,16,36],"power":[0.5420208565811567,0.39144011374685395,0.7600448666782182,0.09382027615118113,0.06895201295388598,0.12307738432324529,0.19036224442231853,0.033916435823750514,0.11448579782654768]}
{"id": 7, "drone": 0, "position":(25.0,33.333333333333336,1.0), "time":47.450627873028395,"sensors":[9,24,41,5,25,48,13,34,29,27,33,16,3],"power":[0.0052029425601067365,0.006544797041901943,0.09386881027415821,0.004404097540765977,0.00372237658479095,0.004936861023649686,0.01183345501502582,0.006553470105930355,0.00532912557674766,0.015904610391625516,0.005893955009789906,0.016292011106639907,0.2349385347333609]}
{"id": 8, "drone": 0, "position":(25.0,25.0,1.0), "time":253.24311845073726,"sensors":[9,24,41,25,48,13,26,27,33,3],"power":[0.09423279266406255,0.018807768992923808,0.05613118972587189,0.1444333816015495,0.03783517546561173,0.18994641993966654,0.10170409665697644,0.27431538173286574,0.029904696159182127,0.06987091728295051]}
{"id": 9, "drone": 0, "position":(41.666666666666664,25.0,1.0), "time":397.0332425037664,"sensors":[9,14,45,24,10,18,13,34,43,44,4,7,22,33],"power":[0.05056426477583399,0.046425064370807644,3.5887206587854616,0.05903465601079282,0.6332873150789152,0.031157942676950042,0.03239537980024643,0.02702763700974811,0.4170221802344257,0.5681838248811014,0.09524794973503847,0.0732373401167478,3.819250274228132,0.09458508475640387]}
{"id": 10, "drone": 1, "position":(41.666666666666664,41.666666666666664,2.0), "time":844.6276684870269,"sensors":[24,38,5,49,34,29,4,6,1],"power":[0.09311451557616705,0.8101253190503304,0.2490992853964091,0.2589388737686153,0.1691019795092655,0.19198117865329217,0.1338695618690028,0.15,1.529953131160524]}
{"id": 11, "drone": 1, "position":(16.666666666666668,8.333333333333334,1.0), "time":649.9717841656956,"sensors":[32,11,26,31,37,21],"power":[0.11591986406673002,0.5160155581418634,0.04986403506304253,0.16991583046952152,1.11792117762928,0.1456022143748767]}
{"id": 12, "drone": 1, "position":(8.333333333333334,25.0,1.0), "time":107.24592030089721,"sensors":[17,15,46,48,31,23,30,35],"power":[0.08930312900307295,0.08710198833161067,0.02434063939070986,0.02979369287780452,0.009409451458669945,0.044198479090630925,0.017799141940834245,0.013826121989701429]}
{"id": 13, "drone": 1, "position":(41.666666666666664,8.333333333333334,3.0), "time":30.476309054834672,"sensors":[14,2,18,40,28,39,20],"power":[0.00249276055172917,0.0031811997079503975,0.00588804125227806,0.0179597719554379,0.0033370436810005754,0.006425736987412021,0.01997446289330207]}
{"id": 14, "drone": 1, "position":(16.666666666666668,41.666666666666664,1.0), "time":312.0240418762053,"sensors":[12,19,8,16,3],"power":[0.13407956563711265,0.13107760373894284,0.11632739086785417,0.14939916604498724,0.02880629536011275]}
