LP RESULTS :
 Obj = 0.1*lambda1+0.9*lambda2 = 149.40983814904163 (lambda1 = 1449.0983814904164, lambda2 = 5.0) Resol time = 47333 ms

{"id": 0, "drone": 2, "position":(41.666666666666664,25.0,1.0), "time":23.560936168473063,"sensors":[36,37,21,35,13,25,14,42,4],"power":[0.06590619402851025,0.004393906300647278,0.006707999321920997,0.003693975200186755,0.08341555917754348,0.002298691196600276,0.0015292731278436157,0.06879614643348617,0.005080339722422419]}
{"id": 1, "drone": 2, "position":(25.0,25.0,1.0), "time":22.3971181378942,"sensors":[29,33,24,21,8,20,3,32,49,39,22,25,40,4],"power":[0.003285289880134252,0.002090739985630185,0.07452411450011412,0.003593225520033037,0.0014635290915179385,0.0018955001536542896,0.005601203762560309,0.0019090936895901295,0.004936741690327014,0.0014303962053746502,0.01050451115727658,0.00778394394948136,0.0015328765081759925,0.004557191382398508]}
{"id": 2, "drone": 2, "position":(8.333333333333334,25.0,2.0), "time":279.59257788730946,"sensors":[29,1,12,2,20,49,39,9,40,45,7,48],"power":[0.030344356987736566,0.017646379750228147,0.3439359460277109,0.42319189350374914,0.03604368400778541,0.026116064150176907,0.09526232866272616,0.06767522157311537,0.03146084250664612,0.06709092857019054,0.01814355093916213,0.018508772824674564]}
{"id": 3, "drone": 2, "position":(41.666666666666664,41.666666666666664,1.0), "time":654.8591214838667,"sensors":[11,16,35,46,31,32,47,19],"power":[0.4251159465483479,0.14999999999999997,0.1864294899198364,1.308611502008411,0.30066840122947786,0.04203346689320491,0.574284152803372,0.1728143014943598]}
{"id": 4, "drone": 2, "position":(33.333333333333336,8.333333333333334,1.0), "time":468.688627812895,"sensors":[15,33,38,28,23,18,8,10,14,5],"power":[0.24958328871390242,0.14351732228285938,0.0315636858919143,1.2032682565169368,0.25894688366951263,0.11067987807087201,0.22925568095606677,0.05042379732606858,0.2028399271550926,0.8770806392930022]}
{"id": 5, "drone": 1, "position":(25.0,41.666666666666664,1.0), "time":222.49922891076244,"sensors":[1,20,3,32,22,34,27],"power":[0.028524306127229906,0.015789908396607044,0.03822828606027807,0.07559976679104011,0.025298183459984164,0.08321213986274116,0.4147869433323889]}
{"id": 6, "drone": 1, "position":(8.333333333333334,8.333333333333334,1.0), "time":515.747625544146,"sensors":[44,0,9,43,40,7,48],"power":[0.1500714309667108,1.7359883189487284,0.06960254647729236,0.10156213758958166,0.0660607077652161,0.13185644906083785,0.6691916112565074]}
{"id": 7, "drone": 1, "position":(8.333333333333334,33.333333333333336,1.0), "time":104.99294834187333,"sensors":[30,6,1,12,2,20,39,45],"power":[0.014298418469086393,0.023797148932264495,0.02343127554991906,0.012240950331362868,0.011832558617846283,0.0299623365602546,0.04792649203504259,0.029919291847172187]}
{"id": 8, "drone": 1, "position":(25.0,8.333333333333334,1.0), "time":522.1358880757284,"sensors":[15,29,33,38,28,23,18,8,49,10,43,14,40,5],"power":[0.17738983383012888,0.042119068603731054,0.13523932502547373,0.11843631410808456,0.09479253176569671,0.08868031572546574,0.03932012192912403,0.12972763067117596,0.0384179142179931,0.5223476405327486,0.058139483013855534,0.037906014251466495,0.039141696243350316,0.08123129943695005]}
{"id": 9, "drone": 1, "position":(16.666666666666668,16.666666666666668,2.0), "time":83.7226906178889,"sensors":[0,29,24,12,2,49,10,9,40,48],"power":[0.010435486927848804,0.19760813086747017,0.0057631680258629055,0.008637448375682356,0.010705912096495697,0.08052927994152281,0.006233873660748218,0.03953899685546997,0.2323695777599468,0.011176196151512488]}
{"id": 10, "drone": 0, "position":(25.0,41.666666666666664,4.0), "time":237.08936491606738,"sensors":[1,3,32,22,34,27],"power":[0.02542369312925129,0.03367279560287547,0.06259934169197366,0.023568993051280202,0.06678786013725883,0.15088908421780375]}
{"id": 11, "drone": 0, "position":(8.333333333333334,41.666666666666664,1.0), "time":787.7943134252546,"sensors":[30,6,17,1,26,20,41,39,45],"power":[0.7727567547258215,2.316591015608599,0.15,0.11951649222687014,0.2764413958959557,0.08665168357400964,0.26745463318243123,0.06076476152907394,0.052989779582637266]}
{"id": 12, "drone": 0, "position":(41.666666666666664,16.666666666666668,1.0), "time":210.75561639556634,"sensors":[15,36,33,28,23,37,21,8,13,14,42,5,4],"power":[0.01720325322175527,0.03450414020783684,0.018426483994276013,0.013610261037559029,0.0369535142821927,0.14560609369935287,0.03152414354292283,0.023776935375358063,0.030348700196582777,0.07715591156945836,0.03526765531796847,0.03773068019137476,0.02688504947408435]}
{"id": 13, "drone": 0, "position":(25.0,33.333333333333336,1.0), "time":31.822194787322445,"sensors":[24,1,20,3,32,39,22,25,4,27],"power":[0.005808742122472462,0.005731763468603117,0.005273071805406992,0.1017762822605289,0.017270293721221523,0.0021777927341697966,0.05996273287584237,0.008757484813734338,0.0021605691830479984,0.00416401170169312]}
{"id": 14, "drone": 0, "position":(33.333333333333336,25.0,1.0), "time":181.63689196620535,"sensors":[15,36,33,24,23,21,35,8,3,32,13,22,25,14,42,4],"power":[0.012858001549732791,0.06228556366678965,0.018723694478546316,0.0639039753515664,0.018242399102311055,0.7058964201635785,0.017191652086450793,0.01707705629124889,0.013961255174201253,0.014804630688917105,0.0394816337130813,0.03066557945561669,0.13115988004018403,0.012181033258159082,0.06443483841601004,0.7828988968147884]}
