LP RESULTS :
 Obj = 0.1*lambda1+0.9*lambda2 = 175.11159470677165 (lambda1 = 1706.1159470677164, lambda2 = 5.0) Resol time = 28722 ms

{"id": 0, "drone": 0, "position":(41.666666666666664,8.333333333333334,1.0), "time":375.0252922109424,"sensors":[23,21,0,10],"power":[0.03944095494878906,0.071950538391152,0.057679050040229156,0.14999999999999997]}
{"id": 1, "drone": 0, "position":(25.0,41.666666666666664,1.0), "time":708.0566926887723,"sensors":[48,43,29,31,24,46,22,7,4,45,19,42,47,6,18],"power":[0.1453221689232963,0.1740260403627769,0.06857347328576653,0.17140025444451235,0.09652438640731026,0.11149518603090096,0.11115448505261544,0.21304624504087838,0.0726547472966464,0.23587576215273814,0.13229575450419911,0.08789692333239109,0.0965054742565368,0.06009674271669861,0.06901186367538942]}
{"id": 2, "drone": 0, "position":(16.666666666666668,8.333333333333334,1.0), "time":162.61909791565813,"sensors":[20,8,34,17,2,1,32,28,33,14],"power":[0.011734295854446214,0.060060696043486975,0.010808669626307069,0.22049502438580457,0.02906226397872597,0.01777213767076618,0.07742102802267599,0.048300907917941054,0.052159133932307006,0.03593686598989072]}
{"id": 3, "drone": 0, "position":(8.333333333333334,25.0,1.0), "time":116.07562035038917,"sensors":[12,34,27,11,39,3,35],"power":[0.01113089861660624,0.012067937096817225,0.010637410267720361,0.018927504310003587,0.020977326092644046,0.10674900594899572,0.0333760544888393]}
{"id": 4, "drone": 0, "position":(8.333333333333334,41.666666666666664,1.0), "time":344.3392439019055,"sensors":[12,27,24,26,19,42,39,47,6,18],"power":[0.11624317727421947,0.04225075667604306,0.0923906043713052,0.14664834254191542,0.07643559545437636,0.10720519364936766,0.02742232700022976,0.05519177513792763,0.2795795444615131,0.1297979148634716]}
{"id": 5, "drone": 1, "position":(16.666666666666668,25.0,1.0), "time":148.2198001899278,"sensors":[34,31,22,3,15],"power":[0.10933556211738872,0.012007654229246018,0.02752471852590749,0.05927805710366748,0.032854402071536476]}
{"id": 6, "drone": 1, "position":(41.666666666666664,41.666666666666664,1.0), "time":846.0501443472831,"sensors":[43,29,30,46,13,4,45,41,37],"power":[0.11795255865421522,0.12564169395258531,0.1739976258138214,0.09987031666683391,0.26848307459535,0.13658261101922994,0.05808238408525483,0.7370571548444365,0.15]}
{"id": 7, "drone": 1, "position":(8.333333333333334,33.333333333333336,1.0), "time":621.1399900542793,"sensors":[12,27,24,11,22,19,42,39,3,6,18],"power":[0.42482526584281693,0.14951072972014517,0.04395185845139796,0.1310724956899964,0.06656746619376798,0.08950116960668213,0.13327153071955672,0.1758527523810502,0.06450283496386594,0.11145218044960424,0.1588317168786314]}
{"id": 8, "drone": 1, "position":(25.0,25.0,1.0), "time":58.744012076350984,"sensors":[23,34,16,31,25,38,36,46,22,7,45,1,49,15,14],"power":[0.005320913469683533,0.017787831159486928,0.0048478578711508135,0.011045743436122118,0.011160241532317823,0.003912704644030396,0.012971363275548688,0.004193474010044246,0.008442186793327042,0.009079432867844997,0.0044865680182246855,0.00881163771969067,0.006652141670069928,0.0944449828040119,0.005497603006994349]}
{"id": 9, "drone": 1, "position":(16.666666666666668,41.666666666666664,1.0), "time":31.96200039987525,"sensors":[48,12,31,24,26,22,7,19,42,47,6,18],"power":[0.004677831076703705,0.0022260211662950224,0.00317559545153668,0.048266715593706766,0.0033516574580844385,0.006393599289166907,0.0030896214159823816,0.10739571069665188,0.045240390249137265,0.014125420084060229,0.03241388445722073,0.028381582650232225]}
{"id": 10, "drone": 2, "position":(41.666666666666664,25.0,1.0), "time":63.34475790633161,"sensors":[44,23,29,16,25,38,30,40,36,9,49],"power":[0.17782356496154098,0.006691166807848652,0.005695854639372862,0.04633869578163204,0.008882277076512261,0.07936403854788243,0.012075144814915941,0.20775644212260874,0.012244208070039857,0.18806146462395187,0.022240479666825932]}
{"id": 11, "drone": 2, "position":(8.333333333333334,8.333333333333334,1.0), "time":1157.7304138714774,"sensors":[20,8,17,5,2,32,33,35],"power":[0.8295868949881313,3.2857531991517264,0.33733663239100486,0.15,0.2337493583560128,0.08080958144456722,0.09516581701424032,0.11848719637507472]}
{"id": 12, "drone": 2, "position":(33.333333333333336,25.0,1.0), "time":88.66435212532959,"sensors":[44,23,29,16,31,25,38,40,36,46,7,45,9,1,49,15],"power":[0.02571384351844153,0.019540717330152665,0.013560810418346645,0.08515262511808126,0.008867834534081147,0.05521265763899019,0.054994286553491464,0.01222846339126167,0.33104533587033913,0.011163261375512455,0.007897500474800884,0.007147668348866314,0.032624991166769,0.007139957970901148,0.11945449612161295,0.01445689266554506]}
{"id": 13, "drone": 2, "position":(33.333333333333336,16.666666666666668,1.0), "time":61.91188905869097,"sensors":[44,23,16,25,38,36,21,0,9,1,49,15,14],"power":[0.0054344413731711285,0.6191188905869097,0.013660821229135894,0.07474482375217976,0.011728970254592035,0.02075019271851185,0.025956941017834953,0.008292875180027175,0.008852370407425513,0.015258780815775643,0.020787839701208826,0.008243722458906953,0.007979589155306905]}
{"id": 14, "drone": 2, "position":(25.0,8.333333333333334,1.0), "time":334.46453410593875,"sensors":[23,17,21,0,1,32,28,33,14],"power":[0.028775852057366883,0.0442982734739549,0.07004578776751903,0.09257260754275551,0.10309056026481862,0.20895119684596555,0.10169909208205893,0.06723227389611633,0.17710013973682354]}
