LP RESULTS :
 Obj = 0.1*lambda1+0.9*lambda2 = 155.64162123923845 (lambda1 = 1511.4162123923845, lambda2 = 5.0) Resol time = 52478 ms

{"id": 0, "drone": 0, "position":(41.666666666666664,41.666666666666664,1.0), "time":981.8452965431201,"sensors":[15,20,8,43,21,33],"power":[0.09599157360549251,0.3707721709033925,0.4963748397371086,0.21692870374254775,0.19403045301072072,0.15]}
{"id": 1, "drone": 0, "position":(16.666666666666668,16.666666666666668,1.0), "time":7.1358516848420095,"sensors":[38,13,17,47,29,45,2,34,41,39,49,3,31,4,25,6,44,37,24],"power":[0.0015346536362930757,5.17480246972442E-4,6.803288242955001E-4,0.0020177313595518853,6.581910004736337E-4,9.347594767986606E-4,0.0015398358550456823,0.0018301413912146073,0.011684794756275515,5.59307462458652E-4,0.003743857530561298,7.301177851820428E-4,0.007771614459410758,0.0021071066615083174,5.457061537730364E-4,0.034212864660398086,0.002206699854727967,5.248094709550069E-4,0.0027961759327695995]}
{"id": 2, "drone": 0, "position":(25.0,25.0,1.0), "time":182.7558536681973,"sensors":[38,5,46,29,45,2,41,49,27,4,6,44,40,28],"power":[0.016090665416241347,0.038787801218497925,0.027742540152608058,0.13354531468875877,0.048022735438420644,0.038864372519594945,0.036155374437724985,0.04686026797508381,0.012573170459567488,0.03576133757569586,0.015119478976691657,0.09888822846334157,0.015328937068863919,0.05425547846478236]}
{"id": 3, "drone": 0, "position":(33.333333333333336,8.333333333333334,1.0), "time":285.45057875828894,"sensors":[38,30,42,13,11,14,3,37,40,32,28],"power":[0.03907404454603199,0.2504988402154704,0.0580911996221758,0.06101697431509454,0.039814077801414306,0.15279205566055928,0.06712611390005628,0.020981650384675022,0.03046328777195919,0.19739206211544408,0.019595314952437163]}
{"id": 4, "drone": 0, "position":(41.666666666666664,25.0,1.0), "time":54.22863173793769,"sensors":[15,1,48,12,40,26,28],"power":[0.030434120068624677,0.005686680341610465,0.3426418336438079,0.012832206766390427,0.012648264116209068,0.13743749688139487,0.005509363168218331]}
{"id": 5, "drone": 2, "position":(8.333333333333334,8.333333333333334,1.0), "time":686.0966645121923,"sensors":[47,34,0,39,31,10,25,6,16,37,24],"power":[0.3597891693670194,0.16106763002440458,0.15,0.6132157469713511,0.1205680648037015,0.06146737258806655,1.2330177314641193,0.07681493190710567,0.04623596985694761,0.04575029685181758,0.09322012258243148]}
{"id": 6, "drone": 2, "position":(16.666666666666668,25.0,1.0), "time":18.253754966677967,"sensors":[5,46,17,29,45,2,34,41,49,27,31,4,6,44,24,22,35],"power":[0.0021559429322076133,0.0043557275507016945,0.00585021615968971,0.008847429925607837,0.0467437989344071,0.18253754966677968,0.0019180577836699169,0.005186808598911752,0.022283063665584326,0.0014462454579101628,0.0015939032993378946,0.09139427871300837,0.0028710482744986566,0.010900307207447876,0.003652889542860468,0.0012730638226521253,0.0032397814757177436]}
{"id": 7, "drone": 2, "position":(16.666666666666668,41.666666666666664,1.0), "time":566.1197958378873,"sensors":[5,46,9,18,36,27,23,35],"power":[0.06487704872382162,0.09879858946885006,0.21749487228992648,0.16189690482092003,0.15,0.2760008305174639,1.341613196440474,0.12361338985942598]}
{"id": 8, "drone": 2, "position":(41.666666666666664,16.666666666666668,1.0), "time":235.03204841528068,"sensors":[15,14,1,48,19,12,40,26,28],"power":[0.015025778834175713,0.01629928054163185,0.10723797163648098,0.06331125872977446,0.03861296918084558,0.09522776059832391,0.0847144976239749,0.0971778305910817,0.02243180064658659]}
{"id": 9, "drone": 2, "position":(25.0,33.333333333333336,1.0), "time":5.913948660359604,"sensors":[5,46,29,45,2,27,23,4,44,28,35],"power":[0.0387072085564208,0.002074676578539767,0.001836918628513006,0.0010001128820202152,5.485194139493194E-4,0.002014114630806331,3.819033330889495E-4,4.059586385473608E-4,5.412980636757437E-4,4.023712903592571E-4,6.840097672643495E-4]}
{"id": 10, "drone": 1, "position":(16.666666666666668,8.333333333333334,1.0), "time":288.4421722335624,"sensors":[38,30,13,47,11,14,34,41,39,49,3,31,25,6,16,37,24],"power":[0.05563278930129847,0.02166092569291309,0.05922162240298289,0.267283785447429,0.035193535413726405,0.018793916123276733,0.033817277776290115,0.03883962516862948,0.027847057257370206,0.018367476837592163,0.05671708497332151,0.2283938995819156,0.08029655105011718,0.08648323334358049,0.06578105182658985,0.12068765666621176,0.029055580010713195]}
{"id": 11, "drone": 1, "position":(8.333333333333334,25.0,3.0), "time":468.3681960280193,"sensors":[46,17,7,45,2,34,41,49,4,10,44,24,22,35],"power":[0.032749345312221574,0.519490936030031,0.14999999999999994,0.0669244450714918,0.09440338221291691,0.08255240218430268,0.03354811627696758,0.05885256204098585,0.09673319407950284,0.10457066901394824,0.03264523356720067,0.11937446751176994,0.18163478379803555,0.056637124218900735]}
{"id": 12, "drone": 1, "position":(33.333333333333336,25.0,1.0), "time":67.36550348732565,"sensors":[15,5,29,48,44,40,26,28],"power":[0.008548527491708934,0.005471998569052054,0.005608444460105985,0.012860539644873133,0.004818232843612465,0.023630751568707784,0.013469014411494864,0.04780567147761634]}
{"id": 13, "drone": 1, "position":(25.0,8.333333333333334,1.0), "time":239.62669957036405,"sensors":[38,30,13,47,11,14,41,3,31,6,16,37,32],"power":[0.1699587201759401,0.18478245735288815,1.157755454248061,0.02191338223075073,0.07499238678485928,0.10040126473822185,0.024585280761523935,1.9043662887824158,0.037811522640343306,0.03160503422010705,0.03798297831646254,0.10825830118100943,0.08900752422630188]}
{"id": 14, "drone": 1, "position":(41.666666666666664,8.333333333333334,1.0), "time":447.61364107312085,"sensors":[30,42,14,1,19,12,40,32],"power":[0.03985523170061967,0.09190880037782419,0.03447887517600234,0.09462982028107862,0.13130394749247748,0.041940032635285805,0.037478023908018174,0.04261768252309921]}
