LP RESULTS :
 Obj = 0.1*lambda1+0.9*lambda2 = 143.6855123763652 (lambda1 = 1391.855123763652, lambda2 = 5.0) Resol time = 41468 ms

{"id": 0, "drone": 1, "position":(41.666666666666664,41.666666666666664,1.0), "time":119.87464874120974,"sensors":[7,16,35,47,28,49,30,15,6,31,2,1,0,18,29],"power":[0.031968060634450124,0.03154427327645584,0.01713682199525481,0.033492159374244115,0.015175913106884853,0.02310610338217714,0.00947211163375048,0.11185130429069201,0.015073221922577526,0.026219231100340915,0.010848926582726588,0.035257488524942884,0.06024446444351873,0.013272098053225484,0.0751439479722354]}
{"id": 1, "drone": 1, "position":(25.0,25.0,1.0), "time":329.5208091510146,"sensors":[5,17,23,36,4,14,27,19,11],"power":[0.19689197396153732,0.14434881544354547,0.05061796507714108,0.5448270408652087,0.04433795416944674,0.024946774489596774,0.4060930923205101,0.11181872446392958,0.04545641410531916]}
{"id": 2, "drone": 1, "position":(8.333333333333334,16.666666666666668,1.0), "time":25.39954039108738,"sensors":[17,43,26,14,44,37,42],"power":[0.00177626204797616,0.05999073633605059,0.0016190185732508258,0.005166565128411681,0.00466387556779144,0.06072616955934067,0.00608209760721151]}
{"id": 3, "drone": 1, "position":(8.333333333333334,8.333333333333334,1.0), "time":689.8363075537447,"sensors":[43,26,14,44,37,33],"power":[0.12566177088288816,0.33096519202510305,0.08311408706033245,1.4763270095339156,0.0836841014593939,0.15]}
{"id": 4, "drone": 1, "position":(8.333333333333334,33.333333333333336,2.0), "time":227.22381792659561,"sensors":[8,20,12,4,25,42],"power":[0.13590646182940508,0.05988990674991596,0.07194056936118962,0.04863196915970894,0.020442093082086887,0.04239572998389271]}
{"id": 5, "drone": 2, "position":(41.666666666666664,16.666666666666668,1.0), "time":571.3654554611209,"sensors":[41,48,34,10,9,22,11,13],"power":[0.845838072095745,0.04658042635219191,1.5968484363311672,0.08938412170643585,0.1524913911582391,0.045236453742354625,0.10584407779318922,0.15]}
{"id": 6, "drone": 2, "position":(8.333333333333334,41.666666666666664,1.0), "time":303.7246901441427,"sensors":[8,20,39,38,12,40,25,21,45],"power":[0.08249612732225454,0.6078334271228001,0.15973206448529775,0.08342514592926312,0.04071511246615587,0.023138960584666173,0.27488003409446565,0.029032229390000185,0.02133819054498749]}
{"id": 7, "drone": 2, "position":(33.333333333333336,25.0,1.0), "time":4.589446982367178,"sensors":[5,17,23,41,36,10,31,0,27,19,11],"power":[0.0031061465796265253,2.9512307916400895E-4,4.731913966467455E-4,5.588443089818808E-4,4.757650710671149E-4,4.00566879661648E-4,6.300012968693961E-4,3.0555001093631617E-4,5.282911485169756E-4,0.004985059427943133,0.0014501526568486882]}
{"id": 8, "drone": 2, "position":(16.666666666666668,41.666666666666664,1.0), "time":501.9043378142446,"sensors":[8,46,23,20,39,38,30,40,4,25,21,45],"power":[0.13161618423755547,0.22852841586248482,0.04073009926739988,0.06102628883409066,0.11810711323665402,0.06657485407073686,0.03765614116892169,0.26119813752939525,0.044560052582409845,0.14968871047731047,0.2330478554902795,0.1286618094550125]}
{"id": 9, "drone": 2, "position":(8.333333333333334,25.0,1.0), "time":10.27119336177686,"sensors":[8,17,36,12,43,4,14,37,42],"power":[0.0011239111917614876,8.090162508824022E-4,6.531436279319494E-4,0.001304209045552757,0.0023151504128944966,0.0020560602159060784,7.491605028606185E-4,0.004185453508505913,0.09174228128308017]}
{"id": 10, "drone": 0, "position":(16.666666666666668,16.666666666666668,1.0), "time":7.766642310382183,"sensors":[17,36,43,4,14,27,44,37,42],"power":[0.002770783178431967,0.001229086467732342,9.467501390431961E-4,5.471617222970379E-4,0.03602341281879847,0.0017380960717724105,0.0010507504956102569,0.0014042754727611596,7.006379981198877E-4]}
{"id": 11, "drone": 0, "position":(33.333333333333336,41.666666666666664,1.0), "time":475.26873871584155,"sensors":[46,23,7,16,35,47,28,49,30,40,15,6,31,1,0,18,29],"power":[0.05436605611137949,0.08007456737228129,0.037638071448343594,0.041265824238692385,0.3755932370478081,0.03426908222723082,0.13482408689311506,4.752687387158415,0.3431528314359493,0.033548349353048984,0.041869602833780946,1.1712756845053842,0.09359488883535168,0.4343695846488227,0.1296689519431296,0.5426827668730512,0.037406304176631607]}
{"id": 12, "drone": 0, "position":(41.666666666666664,33.333333333333336,1.0), "time":382.3311160323763,"sensors":[7,16,47,49,10,15,31,2,1,0,19,29],"power":[0.9215876774707424,1.6458051914959062,0.5983371580368001,0.034422296917446873,0.07932791178817096,0.099483494124952,0.4269511766311982,0.1391510734172734,0.09233399175892626,0.2826180139402266,0.033196216108127306,0.037449747851133156]}
{"id": 13, "drone": 0, "position":(8.333333333333334,33.333333333333336,1.0), "time":109.2397721414745,"sensors":[8,20,12,40,4,25,42],"power":[0.07876374059177778,0.030549434165876646,0.03604010912710174,0.006983157161436638,0.024228239467496526,0.009727331500354588,0.021793752471283505]}
{"id": 14, "drone": 0, "position":(33.333333333333336,8.333333333333334,1.0), "time":417.2488545635775,"sensors":[48,32,34,3,24,22,11],"power":[1.7110364252228507,1.052753032536299,0.047528960565530236,0.3209622721159442,0.15000000000000002,0.8392730949499037,0.062267127750729595]}
