LP RESULTS :
 Obj = 0.1*lambda1+0.9*lambda2 = 163.27254508334818 (lambda1 = 1596.7254508334818, lambda2 = 4.0) Resol time = 3535 ms

{"id": 0, "drone": 1, "position":(41.666666666666664,8.333333333333334,1.0), "time":961.9928068908075,"sensors":[12,8,40,19,10],"power":[0.21607360701878037,0.27984621051559,0.1911422048211664,0.15,0.3544610125584794]}
{"id": 1, "drone": 1, "position":(25.0,8.333333333333334,1.0), "time":238.02464104842147,"sensors":[26,3,8,43,10,27,16,33,18],"power":[0.054308938306185904,0.43693940762685085,0.01942767641989555,0.02284410865025011,0.03135376332544103,0.033649690200882314,0.1592622280516538,0.07048241534902559,0.05788928179081086]}
{"id": 2, "drone": 1, "position":(8.333333333333334,25.0,1.0), "time":33.696775495604754,"sensors":[49,32,25,9,37,48,31,0,36,20,17],"power":[0.02579851914363468,0.005883756427396414,0.0022878527187074798,0.01168676050157781,0.0031229817828850558,0.009741973185526472,0.18299867177525103,0.004127604671309915,0.0054246133202955505,0.005419603332898768,0.007924463189963045]}
{"id": 3, "drone": 1, "position":(41.666666666666664,25.0,1.0), "time":363.0112273986481,"sensors":[14,15,41,42,6,13,30,38,40,29,47],"power":[0.08807787623243124,0.035184887762550514,0.10212115782307347,0.10131806131071786,0.06777175151608174,0.04634438973918566,0.05173527986933295,0.05757329807182322,0.08397254893151954,0.7751185783540891,0.09795614556060907]}
{"id": 4, "drone": 2, "position":(25.0,41.666666666666664,1.0), "time":331.0235852176659,"sensors":[28,35,34,24,46,4,0,5,23,45],"power":[0.03722833258784223,0.07043215007119696,0.11739165890582018,0.4261123966461267,0.09518640443226767,0.9630026418441981,0.025424986163595977,0.024545475129990165,0.07654141763658454,0.08625382043693483]}
{"id": 5, "drone": 2, "position":(33.333333333333336,41.666666666666664,1.0), "time":366.69516109592644,"sensors":[35,1,34,24,46,4,5,7,45],"power":[0.07956784992880302,0.15143950093430938,0.08800484334986951,0.16144704026112658,0.05481359556773231,0.086672007267491,0.19160656615830873,0.09208795567153383,0.1842204490364384]}
{"id": 6, "drone": 2, "position":(16.666666666666668,25.0,1.0), "time":273.2690123126074,"sensors":[49,32,9,37,48,31,0,36,18,23,17],"power":[0.12420148085636537,1.3548151437124878,0.10489565239466334,0.022421296718100794,0.14495861401305354,0.07803594809165598,0.06680438167278238,0.0807593314160083,0.030563226366188627,0.023922868544741197,0.07755200549572963]}
{"id": 7, "drone": 2, "position":(8.333333333333334,41.666666666666664,1.0), "time":625.7376922072821,"sensors":[28,21,39,37,22,0,23],"power":[0.12098107262777992,1.8510847514300315,0.15,0.21548913042250536,0.3335414328399676,0.06283354460973012,0.07361399002316767]}
{"id": 8, "drone": 0, "position":(33.333333333333336,25.0,1.0), "time":69.29603484529025,"sensors":[13,34,38,40,29,45],"power":[0.10738486618724233,0.005648406778831243,0.09242670192817319,0.005331909089056187,0.023817609186506945,0.00608436270113259]}
{"id": 9, "drone": 0, "position":(8.333333333333334,8.333333333333334,1.0), "time":825.9002101349316,"sensors":[26,25,2,9,43,27,11,36,33,20,18,17],"power":[0.16624224822624672,0.1477121472812925,0.15323143800976236,0.061402347218831504,0.3435299659828809,0.11733199183812384,0.20724276601408542,0.07476941954276396,0.12511669431591282,0.22464042718280797,0.061547491843000554,0.08662437729273174]}
{"id": 10, "drone": 0, "position":(41.666666666666664,41.666666666666664,1.0), "time":195.46012581910475,"sensors":[14,15,1,30,47,5,7,44,45],"power":[0.017635580284414514,0.046197739305671476,0.19311971369399902,0.021356621035343866,0.019466014609242566,0.08417060289847526,0.05820417505681775,0.04599908679686665,0.018764769998383623]}
{"id": 11, "drone": 0, "position":(41.666666666666664,33.333333333333336,1.0), "time":506.0690800341529,"sensors":[14,15,41,1,42,6,30,29,47,5,44,45],"power":[0.18884532564067025,0.21538544734185844,0.07235042777124033,0.05479759864427607,0.04868193868928209,0.08397812663233539,0.15377898151464447,0.14424475542077753,0.3055638424836699,0.03834869815597064,0.10400091320313334,0.05565587249496405]}
