LP RESULTS :
 Obj = 0.1*lambda1+0.9*lambda2 = 159.26741885221463 (lambda1 = 1538.674188522146, lambda2 = 6.0) Resol time = 49561 ms

{"id": 0, "drone": 2, "position":(25.0,8.333333333333334,1.0), "time":209.2171503708701,"sensors":[47,30,38,1,45,41],"power":[0.045591563100466956,0.07034749141999404,0.04800203365669753,0.025752954777005694,0.11986999456280448,0.03504558584842255]}
{"id": 1, "drone": 2, "position":(25.0,33.333333333333336,1.0), "time":99.59656703693437,"sensors":[4,21,20,0,46,8,14,10,23,19,34,15,27,35,24],"power":[0.09124881695736732,0.21482657994462132,0.02176541960369819,0.012610460704960814,0.03007213277452925,0.013297591121470888,0.017828859674375152,0.006409272096179284,0.016926540013392173,0.01604033294256522,0.03620916292204726,0.01283984254638407,0.2759001181250469,0.13979292083787956,0.009823973202780067]}
{"id": 2, "drone": 2, "position":(16.666666666666668,16.666666666666668,1.0), "time":21.22866426374808,"sensors":[47,30,20,38,19,3,45,24],"power":[0.013546488331259852,0.004424139444078037,0.0027462558948484466,0.02215812184033538,0.0016714707297901426,0.0057634511733683945,0.006735436008084168,0.003815901986760573]}
{"id": 3, "drone": 2, "position":(41.666666666666664,41.666666666666664,1.0), "time":1078.8864364930005,"sensors":[36,23,37,7,12],"power":[0.3710094932190547,0.10476517262054287,0.13025259489026375,0.15,1.2112406796436594]}
{"id": 4, "drone": 2, "position":(8.333333333333334,33.333333333333336,1.0), "time":77.98709055141082,"sensors":[11,2,20,8,10,33,28,18,24,5],"power":[0.026265975609085078,0.27849925785153384,0.005208461390080026,0.005151566704304059,0.12491817249723819,0.09374139382702495,0.010205098046891297,0.011020801654027575,0.009815752664530544,0.1723364826302248]}
{"id": 5, "drone": 2, "position":(33.333333333333336,25.0,1.0), "time":51.75827980618239,"sensors":[4,21,25,13,30,20,22,46,17,14,36,48,42,19,34,15,9,35,16],"power":[0.013202914942680785,0.0094177373015019,0.005671072612273719,0.013658580190389433,0.003439917720586287,0.003294163964045268,0.0033665148736671782,0.018082442441770017,0.02897457075902203,0.06708513759492464,0.004386728422035046,0.0038446971435989216,0.004627260223252386,0.017783012302765844,0.015126004453366046,0.035353025831000646,0.031994822408999556,0.010907334933922586,0.014930820936055892]}
{"id": 6, "drone": 0, "position":(41.666666666666664,8.333333333333334,1.0), "time":566.294494130993,"sensors":[31,6,25,44,13,1,48,42,16,41],"power":[0.5719767252793926,0.15,0.14247952429299002,0.17206593959824887,0.06281092411621059,0.06392421372695399,0.09371092969556707,0.05343130294741804,0.055172895244827366,0.1566443192356001]}
{"id": 7, "drone": 0, "position":(8.333333333333334,25.0,1.0), "time":152.12872883507507,"sensors":[11,2,20,26,10,33,3,28,24,5],"power":[0.023759826252175476,0.04104520334259002,0.01472114935511301,0.01711157004771264,0.03191926177152088,0.08021669303723351,0.012232525593676215,0.13513190630641525,0.03748783822437663,0.06712158734943922]}
{"id": 8, "drone": 0, "position":(33.333333333333336,8.333333333333334,1.0), "time":212.1016143176729,"sensors":[31,25,44,13,30,17,1,9,16,45,41],"power":[0.03504020350551101,0.03399785019078765,0.022107756227223045,0.028569394704096102,0.0273205934078733,0.01954708410637135,0.060322831496040306,0.013398894230627326,0.021805790984221418,0.01758520201121194,1.0859471745226856]}
{"id": 9, "drone": 0, "position":(41.666666666666664,25.0,1.0), "time":267.1231982048323,"sensors":[25,13,22,17,14,36,48,42,15,37,9,16],"power":[0.044145899620903546,0.0559431795131969,0.14663348512633279,0.031181539739458433,0.04513010422020938,0.028753378347541766,0.06792128568406003,0.11605149566064918,0.020625955576517436,0.04463150912584728,0.10155636271777647,0.07855612622470813]}
{"id": 10, "drone": 0, "position":(8.333333333333334,41.666666666666664,1.0), "time":290.7959643394513,"sensors":[11,2,8,10,33,40,18,29,43,5],"power":[0.03184475589022092,0.04886288216426629,0.041559206934473986,0.05214963871289408,0.027872244380057087,0.06802242207053298,0.5672892692683082,0.04868500174610935,0.047779461825782715,0.03384315753377594]}
{"id": 11, "drone": 0, "position":(33.333333333333336,16.666666666666668,1.0), "time":50.23018869412182,"sensors":[25,13,30,46,17,14,48,42,19,34,15,9,16,45,41],"power":[0.017086336092348994,0.06345243544782589,0.010198141391543153,0.004796621341399424,0.052888743741825624,0.004909801856188031,0.006671494716085036,0.005496910009815324,0.008385853671827807,0.004001422900826686,0.011440006952421611,0.020939721937426898,0.03052199350470128,0.003701974566922264,0.009124257745156406]}
{"id": 12, "drone": 1, "position":(25.0,25.0,1.0), "time":74.10105828270657,"sensors":[4,21,13,30,20,38,46,17,14,19,34,15,27,9,35,24],"power":[0.030059131218549636,0.022413908337305714,0.004951311118807303,0.010368292662541455,0.03625149038140912,0.004869293730997633,0.14662136126839198,0.01602200594721096,0.015067896599942862,0.21324003901819674,0.12957069379333844,0.06353772846639273,0.009932624570824168,0.0064260177670438625,0.0283740972806033,0.013713270571723358]}
{"id": 13, "drone": 1, "position":(25.0,16.666666666666668,1.0), "time":5.348692095404465,"sensors":[47,13,30,20,38,46,17,19,34,15,9,16,45,24,41],"power":[0.0010206156447585652,5.38870218934155E-4,0.020049653444436825,5.681848191144083E-4,0.0015468413081610201,7.166479037911358E-4,0.0013860557061115802,0.0013986699261470485,6.503445983073525E-4,0.0013122029102768328,4.1781617097735635E-4,3.986993812497487E-4,0.0021073928509771325,3.928126650881791E-4,3.695447143728178E-4]}
{"id": 14, "drone": 1, "position":(8.333333333333334,41.666666666666664,1.0), "time":622.1359311675809,"sensors":[11,2,8,10,33,40,18,29,43,5],"power":[0.06812944224851852,0.10453843389419216,0.08891277416279272,0.11157020048196624,0.05963055488237629,0.14552881774426998,1.213672406284266,0.10415787221811139,0.10222053817421729,0.07240487113964517]}
{"id": 15, "drone": 1, "position":(16.666666666666668,25.0,1.0), "time":56.617507174250846,"sensors":[4,21,47,30,2,20,38,46,10,19,34,33,15,27,28,35,24,5],"power":[0.00483884371884692,0.0047958360635346675,0.0038464500686958896,0.003851770508946908,0.008536397095293429,0.06544487459169153,0.005518257961391558,0.007255986421319582,0.009677995563894098,0.007822549312492587,0.007660966619634083,0.006752660052557761,0.004891237717006666,0.004452857379640632,0.004662995646693454,0.0053226422148469855,0.3727566726668387,0.008430590938849595]}
{"id": 16, "drone": 1, "position":(25.0,41.666666666666664,1.0), "time":109.31149678782388,"sensors":[4,21,0,8,23,27,35],"power":[0.010650293162555358,0.015250014443704645,0.1373895392950392,0.03701513743564918,0.06536363841183912,0.036530498058359825,0.012129306894030354]}
{"id": 17, "drone": 1, "position":(8.333333333333334,8.333333333333334,1.0), "time":671.1595030143794,"sensors":[49,47,26,38,32,3,39],"power":[0.6425141327664763,0.10626343883843008,0.14364368955355505,0.06790545150241688,0.44185383657784943,0.41482255865134393,0.15]}
