LP RESULTS :
 Obj = 0.1*lambda1+0.9*lambda2 = 112.38598905786296 (lambda1 = 1105.8598905786296, lambda2 = 2.0) Resol time = 5140 ms

{"id": 0, "drone": 3, "position":(41.666666666666664,25.0,4.0), "time":733.1368077256298,"sensors":[4,7,16,1,9,15,26,5],"power":[0.13960566712073152,0.16169004671723447,0.237563810910514,0.11471976792717334,0.1861553597539386,0.14917270270284702,0.07031776175767111,0.1471737696679127]}
{"id": 1, "drone": 3, "position":(25.0,25.0,1.0), "time":17.690086741063535,"sensors":[2,6,29,14,28,9,3,13,19,26,5,25],"power":[0.003471836906782434,0.0014931348292830857,0.002478212926353298,0.022542996425334264,0.0014170854396554134,0.001967842882848795,0.0018536169266042664,0.005796148342446227,0.028547420138760417,0.006936070478936517,0.0018095205135421058,0.08705540141200142]}
{"id": 2, "drone": 4, "position":(25.0,33.333333333333336,1.0), "time":333.2021553620869,"sensors":[20,2,29,14,9,19,26,25],"power":[0.02939435023826804,0.06682797788824871,0.19988169467515232,0.10759314756682996,0.03008612840564862,0.15044301121933581,0.06595347995049232,0.05179103292951821]}
{"id": 3, "drone": 4, "position":(25.0,16.666666666666668,1.0), "time":6.269989071421597,"sensors":[6,1,14,28,3,13,19,26,5,25],"power":[0.0015131696373905127,6.091621413196076E-4,7.362118741467393E-4,0.00474659309819632,0.0033105480743790164,0.01510963508744803,6.99510336588655E-4,6.631775231343142E-4,7.073765546901545E-4,0.0018661790187365949]}
{"id": 4, "drone": 0, "position":(25.0,8.333333333333334,1.0), "time":715.4467209845662,"sensors":[6,8,28,27,3,13],"power":[0.09221583751657111,0.07324443993921803,0.5877313620739686,0.06297794455873577,0.16991295094257,0.09607325178406353]}
{"id": 5, "drone": 0, "position":(33.333333333333336,33.333333333333336,3.0), "time":13.923820944880333,"sensors":[18,29,14,9,19,26,25],"power":[8.820693472301567E-4,0.010368521224414342,0.001083458238318962,0.004749972323919737,0.0024491154500111637,0.0035496233791007113,9.896030814889546E-4]}
{"id": 6, "drone": 7, "position":(41.666666666666664,16.666666666666668,1.0), "time":3.809094730296465,"sensors":[6,4,7,16,1,27,9,15,17,5],"power":[7.199843638779356E-4,0.007057653607415795,5.819222157933702E-4,7.667166836832021E-4,0.002190098683280899,5.885126576950779E-4,2.778016526297964E-4,8.272972971529859E-4,7.06088143201668E-4,0.001117304375467626]}
{"id": 7, "drone": 7, "position":(33.333333333333336,8.333333333333334,1.0), "time":339.39276871210865,"sensors":[6,1,8,28,27,13,17,5],"power":[0.09605629536510091,0.05269457365139795,0.07485058193573679,0.07835238347561405,0.3791252990928586,0.02906114987463092,0.0792582802087459,0.03144581808848336]}
{"id": 8, "drone": 5, "position":(33.333333333333336,41.666666666666664,1.0), "time":637.6895484544063,"sensors":[20,18,29],"power":[0.12060564976173195,0.3387789175584792,0.13408927949553465]}
{"id": 9, "drone": 5, "position":(41.666666666666664,8.333333333333334,3.0), "time":17.69008674106351,"sensors":[6,4,1,8,27,17],"power":[0.001776633484189746,0.002598587093896963,0.0021243290647284217,0.0015334191628988668,0.00869896188375562,0.03322048876080559]}
{"id": 10, "drone": 8, "position":(8.333333333333334,16.666666666666668,1.0), "time":341.02979944565607,"sensors":[22,23,10,11,12,3,0],"power":[0.0865249800852778,0.17559075184732362,0.16232245053145963,0.17275666374486204,0.38683843573506277,0.03150390185532343,0.0393460946462144]}
{"id": 11, "drone": 8, "position":(41.666666666666664,8.333333333333334,1.0), "time":3.924112864562062,"sensors":[6,4,1,8,27,17,5],"power":[4.156005916882876E-4,6.331419649027091E-4,5.187737513085498E-4,3.7155896214628937E-4,0.002825483783455272,0.03681514288724717,2.662703854711655E-4]}
{"id": 12, "drone": 2, "position":(8.333333333333334,25.0,1.0), "time":393.3468838096036,"sensors":[2,21,23,10,11,12,0],"power":[0.058331252715129525,0.0896146175394549,0.02547074551223591,0.04464157928466743,0.4907105671631299,0.07351572727797279,0.1106539053537856]}
{"id": 13, "drone": 2, "position":(33.333333333333336,25.0,1.0), "time":1.6370307335474774,"sensors":[6,4,29,1,14,9,13,19,26,5,25],"power":[2.6976621604729535E-4,1.049502130529737E-4,2.7360702241389673E-4,3.69607259205382E-4,1.7460881364738661E-4,0.0016322520326090737,2.8485093607307963E-4,4.181366979950247E-4,0.002579886910665048,8.035224881138433E-4,3.6999978026539345E-4]}
{"id": 14, "drone": 6, "position":(8.333333333333334,8.333333333333334,5.0), "time":154.86401803317804,"sensors":[22,23,10,12],"power":[0.06184198265283608,0.0525431848638201,0.0228395254233493,0.019903130015661095]}
{"id": 15, "drone": 6, "position":(16.666666666666668,16.666666666666668,1.0), "time":25.42329433592215,"sensors":[2,22,23,14,28,11,12,3,13,25],"power":[0.001960432415864028,0.0016330372618861035,0.006277044257654397,0.002257267265568256,0.003248278394019651,0.005403494726421682,0.00224877214275911,0.024667016769129625,0.0036749639753382193,0.0029367664693425036]}
{"id": 16, "drone": 1, "position":(8.333333333333334,41.666666666666664,1.0), "time":642.1054216727836,"sensors":[21,24],"power":[0.13273063958498563,0.15000000000000002]}
{"id": 17, "drone": 1, "position":(16.666666666666668,33.333333333333336,1.0), "time":70.40758509624222,"sensors":[2,21,29,14,11,19,25],"power":[0.06959089424753478,0.017294986203211928,0.004656513381958304,0.015612309816154487,0.00452601478241489,0.007977741764571602,0.004991017308646919]}
