LP RESULTS :
 Obj = 0.1*lambda1+0.9*lambda2 = 121.13823954722947 (lambda1 = 1193.3823954722948, lambda2 = 2.0) Resol time = 257382 ms

{"id": 0, "drone": 5, "position":(16.666666666666668,33.333333333333336,1.0), "time":10.079578487749504,"sensors":[2,23,8,27,13,22,19,6,12],"power":[6.707898622543876E-4,0.001869770499764214,0.008723069985935899,7.624203126259801E-4,0.03835775645557716,9.631874133358063E-4,0.0012967475081863094,0.0037605252432308498,7.094345497117222E-4]}
{"id": 1, "drone": 5, "position":(8.333333333333334,33.333333333333336,1.0), "time":74.2086931807545,"sensors":[18,2,14,8,17,27,13,22,19,6],"power":[0.023690903758976166,0.020883092700194027,0.004742832544804681,0.00833922285900431,0.006961731404538346,0.005950837364677725,0.01650187119651639,0.03810727061605528,0.18200459597905527,0.08373207151104928]}
{"id": 2, "drone": 0, "position":(25.0,16.666666666666668,1.0), "time":142.07045860899325,"sensors":[20,10,5,21,16],"power":[0.02297901253404303,0.016565791605072575,0.00972475881617955,0.09548720937916565,0.03641178805777974]}
{"id": 3, "drone": 0, "position":(25.0,41.666666666666664,2.0), "time":199.96894559696807,"sensors":[23,8,27,9,11,4,12,25],"power":[0.10157456206542659,0.04699603409587508,0.013328419333418277,0.03915256980236608,0.03095533405374317,0.35644475319375374,0.06385920708665262,0.019426453528940804]}
{"id": 4, "drone": 3, "position":(8.333333333333334,25.0,1.0), "time":236.6146590791381,"sensors":[18,15,2,17,13,22,19,6],"power":[0.06856711228027358,0.080297655667346,0.25108698967665266,0.05445335127447575,0.032892365010176644,0.0159984268820288,0.05923671276348047,0.025837853286247357]}
{"id": 5, "drone": 3, "position":(41.666666666666664,41.666666666666664,1.0), "time":701.6599074674866,"sensors":[26,29,9,11,12,1,25],"power":[0.14999999999999997,0.20628122457741405,0.12174876615052421,0.06441369057329065,0.04587752112071794,0.39609168082199003,0.06817325256456692]}
{"id": 6, "drone": 1, "position":(33.333333333333336,41.666666666666664,1.0), "time":281.6739639200906,"sensors":[23,29,9,11,4,12,1,25],"power":[0.046555667434809184,0.07956807710911883,0.42213278378924385,0.08261452720312525,0.10659402948241252,0.09801801467653108,0.09541116105899211,0.0630224071350273]}
{"id": 7, "drone": 1, "position":(33.333333333333336,16.666666666666668,5.0), "time":811.2798832838733,"sensors":[10,24,16],"power":[0.13343420839492742,0.12718155109373558,0.34512213087934096]}
{"id": 8, "drone": 4, "position":(8.333333333333334,8.333333333333334,1.0), "time":169.60364211642306,"sensors":[15,3,7,0],"power":[0.02394861911229942,0.0672000141516571,0.07484497616137231,0.2067459488567082]}
{"id": 9, "drone": 4, "position":(8.333333333333334,41.666666666666664,1.0), "time":872.4794647246526,"sensors":[18,14,8,27,13,22,28,19,6],"power":[0.057741983960750254,0.32454240169696247,0.09497255817874593,0.41622587067836003,0.06224800733772978,0.7184107397675847,0.15,0.14355433940738513,0.2954250540058111]}
{"id": 10, "drone": 2, "position":(8.333333333333334,16.666666666666668,1.0), "time":783.7466997764435,"sensors":[15,2,17,3,21,7,0],"power":[2.6287812619947095,0.09780958830686429,0.08858491732097706,0.2553580076385664,0.06577886312253142,0.057981985882996794,0.08856243003240154]}
{"id": 11, "drone": 2, "position":(25.0,8.333333333333334,1.0), "time":240.03205357942807,"sensors":[20,5,21,24,7,16],"power":[0.5866821764440363,0.14027524118382045,0.02801006854111573,0.024268991270457677,0.017173037955630875,0.04383232854630406]}
