LP RESULTS :
 Obj = 0.1*lambda1+0.9*lambda2 = 91.95366405570239 (lambda1 = 892.5366405570238, lambda2 = 3.0) Resol time = 72821 ms

{"id": 0, "drone": 2, "position":(41.666666666666664,33.333333333333336,1.0), "time":433.0074833136862,"sensors":[1,29,4,22,26,2,15],"power":[0.03945825967232134,0.05429279470557079,0.030422636234508582,0.046467877873738114,0.10041866370217044,0.0999154825863937,0.0413130144528986]}
{"id": 1, "drone": 2, "position":(25.0,33.333333333333336,1.0), "time":67.94886403331535,"sensors":[13,6,20,21,25,9,26,28],"power":[0.052365933457367564,0.017308549578417952,0.009709037124370816,0.08883108969718355,0.01754291064227528,0.09712076687020403,0.005606262237791436,0.004735629158709823]}
{"id": 2, "drone": 2, "position":(25.0,25.0,1.0), "time":14.743070197982503,"sensors":[24,13,16,6,20,29,21,25,14,22,9],"power":[0.0014136225757801222,0.002151504856653072,9.843864081884668E-4,0.026460682420981933,0.0011307824908100813,0.0018196481400005327,0.00891352883309641,0.003991336918220879,0.0031721908797688607,0.0010376916887020657,0.0014947226705739223]}
{"id": 3, "drone": 3, "position":(41.666666666666664,25.0,1.0), "time":370.1471008084227,"sensors":[1,29,4,22,2,15],"power":[0.11054174032767863,0.15157522438773666,0.22931349132565734,0.2756316160251337,0.042194519488890025,0.1771475068480162]}
{"id": 4, "drone": 3, "position":(25.0,8.333333333333334,1.0), "time":27.711761948285393,"sensors":[18,19,14,10,17],"power":[0.05067678076798929,0.0041062377745994085,0.003766136471805819,0.004848793201528789,0.032105767669826216]}
{"id": 5, "drone": 3, "position":(41.666666666666664,41.666666666666664,1.0), "time":89.38205643491511,"sensors":[26,2],"power":[0.032832120190661895,0.007889997924716263]}
{"id": 6, "drone": 5, "position":(8.333333333333334,41.666666666666664,1.0), "time":586.7173841553172,"sensors":[20,11,28,8,5,3,27],"power":[0.064910220322952,0.8563374097368234,0.04782079115540983,0.13962981514837622,0.3937256824144242,0.13205192754570258,0.06104520711688231]}
{"id": 7, "drone": 5, "position":(8.333333333333334,25.0,1.0), "time":18.24653190497824,"sensors":[24,16,20,25,7,0,28,27],"power":[0.0026112709071302678,0.02331436757711068,0.002710023684630649,0.002059772762191922,0.0030342139692,0.0025110580333836674,0.006537774938051938,0.006013932117310115]}
{"id": 8, "drone": 5, "position":(25.0,41.666666666666664,2.0), "time":165.3712434615311,"sensors":[13,21,9,26,5],"power":[0.03198486908342503,0.015463221279239893,0.07802594568975811,0.01745007300234752,0.01345340877911051]}
{"id": 9, "drone": 1, "position":(8.333333333333334,8.333333333333334,1.0), "time":371.80637477692864,"sensors":[24,19,12,7,0],"power":[0.03374598645244901,0.09592637244272824,0.14942748616734977,0.08821607666222023,0.1290993716157899]}
{"id": 10, "drone": 1, "position":(25.0,25.0,5.0), "time":74.63898623693262,"sensors":[24,13,6,29,21,25,14,9],"power":[0.005486802055987241,0.008519895879909452,0.03234201967507464,0.006917481974402494,0.021850698375452015,0.014375616552877972,0.012137653642808957,0.005855520994506824]}
{"id": 11, "drone": 1, "position":(8.333333333333334,16.666666666666668,1.0), "time":8.063912118167305,"sensors":[24,16,19,12,14,7,0],"power":[0.00225680668360642,0.0017657906909259136,0.0014675343091284621,5.725138326502419E-4,6.533564427320151E-4,0.01755631810875322,0.027510810011590666]}
{"id": 12, "drone": 0, "position":(33.333333333333336,8.333333333333334,1.0), "time":524.2198906119588,"sensors":[23,18,10,17],"power":[0.10050574643883173,0.0993232192320107,0.17565469657570063,0.06463887300822305]}
{"id": 13, "drone": 0, "position":(41.666666666666664,8.333333333333334,1.0), "time":8.072306527338394,"sensors":[23,4,10],"power":[0.04949425356116828,7.170117719676505E-4,7.822432760970764E-4]}
{"id": 14, "drone": 0, "position":(16.666666666666668,25.0,1.0), "time":64.43277732525509,"sensors":[24,13,16,6,20,21,25,14,0,28,27],"power":[0.018100203197972353,0.009928913712380543,0.0385499552583013,0.02722894638946574,0.016008668157293376,0.00907832210245703,0.05096553369690666,0.014210383015778767,0.004293672937996885,0.02148456419859403,0.004667422983655419]}
{"id": 15, "drone": 4, "position":(8.333333333333334,33.333333333333336,1.0), "time":104.26835895405361,"sensors":[13,16,20,11,25,28,8,5,3,27],"power":[0.008780702260738748,0.01637680465443078,0.034397023983223786,0.010960599418557588,0.011243934288438305,0.05213885875808553,0.013292625751022222,0.011930665042008393,0.01794807245429744,0.08856634282749665]}
{"id": 16, "drone": 4, "position":(16.666666666666668,33.333333333333336,1.0), "time":36.17965398612197,"sensors":[13,16,6,20,21,25,9,28,5,27],"power":[0.03626818074952556,0.0048757665033243485,0.006626633703841597,0.12874502710510335,0.005863139712571075,0.02203284551753494,0.0056315083928593235,0.017282381791148847,0.004356193343571789,0.0034116673638159545]}
{"id": 17, "drone": 4, "position":(16.666666666666668,16.666666666666668,1.0), "time":340.6049879967795,"sensors":[24,16,6,19,25,14,7,0,17],"power":[1.436126084619201,0.06413292890771852,0.040033168232218114,0.14351099383851534,0.02778804962155403,0.29489524135160744,0.04119339125982656,0.07464705872652662,0.07750758157450192]}
