LP RESULTS :
 Obj = 0.1*lambda1+0.9*lambda2 = 155.2643457635651 (lambda1 = 1534.6434576356507, lambda2 = 2.0) Resol time = 1692 ms

{"id": 0, "drone": 7, "position":(25.0,8.333333333333334,1.0), "time":578.2616677808469,"sensors":[21,36,17,14,20,19,13,43,18,47,39,30,29],"power":[0.13046261481718,0.27221279571094953,0.2515679770755763,0.16337343545497962,0.06762301470880092,0.09290467089170303,0.1316036611038368,0.04583048017445236,0.052071690097312336,0.15000000000000002,0.053584915087407856,0.0904981632323141,0.10590456589839575]}
{"id": 1, "drone": 0, "position":(33.333333333333336,8.333333333333334,1.0), "time":84.51912521050463,"sensors":[21,36,17,20,33,43,18,39,30,29],"power":[0.11361148368548306,0.009015619504030173,0.10902007651895153,0.018843012051054996,0.009058300955354183,0.045351334179115736,0.019778710039316312,0.023466187889568314,0.2092202721554102,0.03274861934776806]}
{"id": 2, "drone": 0, "position":(41.666666666666664,8.333333333333334,1.0), "time":761.9481071466196,"sensors":[5,21,17,20,33,40,43,18,39,30,29],"power":[0.17258463327718102,0.11734803575973211,0.07832173502075197,0.06353397324014409,0.46616914943348337,0.0927969623574602,0.3247747953749614,0.0895978894474295,0.11012197159465005,0.2116250689157225,0.0814917626891168]}
{"id": 3, "drone": 5, "position":(33.333333333333336,33.333333333333336,1.0), "time":1161.0328761434168,"sensors":[23,32,1,37,24,16,9,22,11,12,46],"power":[0.0753088266739655,1.4464673934995866,3.6496732805768666,1.9299624576387155,2.0964475218982965,0.13477228281118991,0.08631722883602383,0.19365105958623008,0.27588599870346747,0.543972555948274,0.07506181195388874]}
{"id": 4, "drone": 5, "position":(25.0,41.666666666666664,1.0), "time":232.2766810347144,"sensors":[28,32,1,24,9,22,11,12,42,44],"power":[0.08575805324196283,0.026199220173980388,0.0209321963988944,0.04187507695002967,0.5176800026014337,0.4441597780726735,0.024575939363049543,0.049862301151807405,0.15,0.2269527695817488]}
{"id": 5, "drone": 1, "position":(16.666666666666668,33.333333333333336,1.0), "time":306.2213664748882,"sensors":[4,2,28,25,38,26,8,41,3],"power":[0.020335611977552633,0.1262903351525391,0.0718420994811786,0.3068476546361166,0.022278396575192844,0.04808185027769297,0.03964648460899056,0.10766210498559209,0.08617900777162832]}
{"id": 6, "drone": 1, "position":(8.333333333333334,25.0,1.0), "time":578.2616677808469,"sensors":[15,4,6,2,48,25,31,26,8,27,41,3,0,49,7],"power":[0.15253328210475908,0.11931997123298135,0.16216485179331902,0.2215063100910133,0.09540099992982104,0.13683445302300795,0.10692346193685406,0.29991084516394884,0.49148969749829247,0.1433329796692617,0.04233789501440791,0.0643350209189037,0.05130989637522624,0.07023164286067342,0.04150690584845984]}
{"id": 7, "drone": 3, "position":(8.333333333333334,41.666666666666664,1.0), "time":454.836255797747,"sensors":[34,2,28,25,38,27,45],"power":[0.15,0.033767529891362,0.05786580614875178,0.04390352542354971,0.432166070779476,0.0351618794355808,0.15932942796548866]}
{"id": 8, "drone": 3, "position":(8.333333333333334,16.666666666666668,1.0), "time":288.1577574496205,"sensors":[15,4,6,48,31,14,13,26,35,8,0,49,7],"power":[0.9264006248184765,0.06874398986748671,0.9908210210842325,0.05459900007017897,0.07544016288536792,0.02329154019847802,0.038189554978046894,0.054183262442260016,0.04475114696055083,0.06449754105816656,0.08089985263823501,0.47750817024703873,0.19652617229471733]}
{"id": 9, "drone": 2, "position":(41.666666666666664,33.333333333333336,1.0), "time":141.33390045751955,"sensors":[23,32,1,37,24,11,12,46],"power":[0.08367307166961864,0.013878179709252354,0.042415275155529175,0.023528950566331072,0.02220020544364894,0.02676734830631581,0.018945155994475958,0.07493818804611126]}
{"id": 10, "drone": 6, "position":(41.666666666666664,16.666666666666668,1.0), "time":109.91455749767863,"sensors":[5,21,33,40,43,16,39,30],"power":[0.2002133122169074,0.014353343961896291,0.00813914292171785,0.07460560038615503,0.00827439600910332,0.015227717188810093,0.03032579355669167,0.019051375068489137]}
{"id": 11, "drone": 4, "position":(8.333333333333334,8.333333333333334,1.0), "time":668.2240324051834,"sensors":[15,6,10,31,14,19,13,35,0,49,7],"power":[0.10872599831064939,0.10569986806538895,0.15000000000000002,0.04616549618407385,0.04454022458838022,0.1083336882207554,0.1127482434529819,0.971458359576484,0.10193387334706272,0.23000189770269713,0.7826205557997978]}
