LP RESULTS :
 Obj = 0.1*lambda1+0.9*lambda2 = 122.77005108573613 (lambda1 = 1200.7005108573612, lambda2 = 3.0) Resol time = 28211 ms

{"id": 0, "drone": 1, "position":(8.333333333333334,8.333333333333334,1.0), "time":562.1663500436571,"sensors":[35,23,2,44,25,49],"power":[0.06287087997871922,0.13487288439492237,0.1358706202010506,0.5848165219256436,0.40629090956235175,0.12578406703901465]}
{"id": 1, "drone": 1, "position":(41.666666666666664,8.333333333333334,4.0), "time":143.97603270604372,"sensors":[34,43,42,20,40,47,14,31],"power":[0.020569092199403064,0.14122384356999584,0.042836753025039885,0.017354608492135788,0.02714326895274042,0.023084673616639413,0.020395497444525686,0.08681954716011742]}
{"id": 2, "drone": 0, "position":(25.0,16.666666666666668,1.0), "time":47.02815895546312,"sensors":[27,22,28,6,23,46,48,20,14,19,45,13,49],"power":[0.008537905480379518,0.003388046177171569,0.06382747347831497,0.010997280047350759,0.0031837359756111353,0.052389806746024656,0.004617056992488034,0.007855262706582766,0.007566864143254328,0.011087214192920936,0.003432876001394788,0.0034278449965154485,0.005369625185129467]}
{"id": 3, "drone": 0, "position":(25.0,8.333333333333334,1.0), "time":149.18080573651076,"sensors":[22,28,6,46,20,14,19,45,49],"power":[0.09650000416855746,0.04846461126569812,0.009941633291090645,0.03353816487191483,0.014417511667593252,0.03720209841827553,0.012153681586290209,0.09134298663438921,0.029922776583842778]}
{"id": 4, "drone": 0, "position":(25.0,41.666666666666664,1.0), "time":775.4097788725438,"sensors":[29,39,48,5,11,7,37,13,10,16,24],"power":[0.13816977567021832,0.24179690012152089,0.048985820581443656,0.15000000000000002,0.10455142293097791,0.09107540330337341,0.1385825553275868,0.06712495967780269,0.7973043237139515,0.20614222802630758,0.16853814384279114]}
{"id": 5, "drone": 3, "position":(41.666666666666664,16.666666666666668,1.0), "time":22.7655090939908,"sensors":[34,43,46,42,20,40,0,3,14,19,4,26,31],"power":[0.02094119428624093,0.0057215084156916314,0.0015421079825076187,0.02462279350088413,0.006152315910710415,0.00229724881682079,0.006447543774796881,0.00201021428556694,0.002569432195079998,0.004325964469515857,0.004610394273988091,0.004535474294205156,0.010726369141567306]}
{"id": 6, "drone": 3, "position":(41.666666666666664,41.666666666666664,1.0), "time":584.8497900084416,"sensors":[18,9,36,12,17,8,30,33,1],"power":[0.3065098888856406,5.848497900084416,0.20849540710505773,0.37696263029803917,0.07141102995936406,0.15,0.05812645622479503,0.08262373619387564,0.33846354382798177]}
{"id": 7, "drone": 6, "position":(41.666666666666664,8.333333333333334,1.0), "time":412.43872130783177,"sensors":[34,43,42,20,40,47,14,19,31],"power":[0.07033107135796916,2.272617597382831,0.18086458635529423,0.05939802948927014,0.09667611126921291,0.07705047051708644,0.06877824557017322,0.027821380395339105,0.7307666156885595]}
{"id": 8, "drone": 6, "position":(41.666666666666664,33.333333333333336,1.0), "time":317.47357613434076,"sensors":[9,36,12,17,0,30,3,33,1,4,26],"power":[0.06465362989941642,0.2605326486126174,0.024211546263576467,0.7774693561151719,0.03865131280554369,0.09275941300419097,0.09048092298479868,1.1647867477523515,0.34084074899535416,0.04182595017543138,0.0690946230261067]}
{"id": 9, "drone": 6, "position":(8.333333333333334,25.0,3.0), "time":470.7882134151887,"sensors":[15,35,6,23,21,25,38,41],"power":[0.22996480536751193,0.15115638238021203,0.05307981179055004,0.05846185139873418,0.3947312553432489,0.037507996015306126,0.13710347046196097,0.057946639941624425]}
{"id": 10, "drone": 2, "position":(8.333333333333334,33.333333333333336,1.0), "time":44.324585549611584,"sensors":[32,15,29,21,11,7,37,38,41,24],"power":[0.0070736258398411455,0.011087504704926714,0.007588536042945394,0.0191983652475248,0.007812793787312143,0.005305242915008093,0.0030185717167793085,0.012896529538038994,0.0969502422757611,0.0031058681271056918]}
{"id": 11, "drone": 2, "position":(33.333333333333336,25.0,1.0), "time":39.77256087970267,"sensors":[27,36,28,46,48,42,17,20,0,30,3,19,33,13,4,16,26],"power":[0.05697698760747801,0.0032670745498737013,0.0034605810012377264,0.005301559128968528,0.01004348302340713,0.0028328731630530117,0.004817872677721296,0.006301488234231116,0.019919222450941562,0.01047806111489126,0.0026688193872634724,0.011677216724616121,0.004978515418279886,0.008883634924740057,0.0430020844557764,0.004284880088737173,0.012316018199147726]}
{"id": 12, "drone": 2, "position":(41.666666666666664,25.0,1.0), "time":114.62855112883241,"sensors":[27,34,36,42,17,20,0,30,3,19,33,1,4,26],"power":[0.011223846754318353,0.020490744306681668,0.010958101741132192,0.011484672491623153,0.0447890349095386,0.010095561221826201,0.11630147785456818,0.016498038929258812,0.05484004334237098,0.012545145683111708,0.03910356400754005,0.010542757219911757,0.07759033586319716,0.5042080298396157]}
{"id": 13, "drone": 7, "position":(33.333333333333336,8.333333333333334,1.0), "time":165.3781359180118,"sensors":[22,43,28,46,42,20,47,14,19,45,31],"power":[0.03846932137119999,0.027761716186259076,0.036199239852200284,0.03311866200634546,0.0385434037656058,0.04699979993218391,0.0308299055984451,0.4543336955135646,0.02690608293081364,0.04466218683322801,0.03912309443962847]}
{"id": 14, "drone": 7, "position":(8.333333333333334,41.666666666666664,1.0), "time":236.68663587024756,"sensors":[32,29,11,7,37,10,41],"power":[0.14292637416015885,0.034983696013791137,0.023821086085559114,0.09910292193946041,0.053785797888999405,0.01771551535387333,0.07916234750809283]}
{"id": 15, "drone": 5, "position":(16.666666666666668,16.666666666666668,1.0), "time":18.19028935652796,"sensors":[15,28,35,6,23,46,21,25,49],"power":[0.002124286713663117,0.0020473764738362953,0.002294234969833921,0.04028567560050735,0.011025269099895079,0.001649209487723794,0.0012811600247800744,0.0026540334692509073,0.005189691975284738]}
{"id": 16, "drone": 5, "position":(41.666666666666664,8.333333333333334,1.0), "time":101.89101372042398,"sensors":[34,43,42,20,40,47,14,19,31],"power":[0.01737495483931149,0.5614393092431837,0.04468173112221352,0.014673999130019244,0.023883370961225895,0.01903495026782904,0.01699133665441353,0.006873138978303788,0.18053239770854881]}
{"id": 17, "drone": 5, "position":(16.666666666666668,8.333333333333334,1.0), "time":102.52749908652493,"sensors":[22,28,6,23,2,44,25,45,49],"power":[0.012071467114477753,0.008237982749250899,0.01223804677120584,0.021943238765221203,0.014129379798949527,0.010846543002417256,0.01335490466578688,0.010561950530987982,0.5894716625545847]}
{"id": 18, "drone": 4, "position":(33.333333333333336,16.666666666666668,1.0), "time":3.641021410550106,"sensors":[27,34,43,28,46,42,20,0,14,19,4,26,31],"power":[8.086872587827849E-4,2.929430103936773E-4,3.175878438618926E-4,0.001354234236117524,0.0023938989892577293,0.001125267011117359,0.015732705030006285,8.521910132327513E-4,0.0012976968117142322,0.018251214555196644,8.087105130309727E-4,4.412053548556341E-4,6.426314278923371E-4]}
{"id": 19, "drone": 4, "position":(25.0,25.0,2.0), "time":143.97603270604387,"sensors":[27,15,28,39,6,46,48,11,30,19,13,4,16,24],"power":[0.07245257289904133,0.011284259573554715,0.01632228070110433,0.019727525864092328,0.023457552499295355,0.02006659078725737,0.13530411755713873,0.012280405909769112,0.012201307125525147,0.01835896048389198,0.08291138291204153,0.012256699587887804,0.021351547116306373,0.021043805262069774]}
{"id": 20, "drone": 4, "position":(16.666666666666668,33.333333333333336,1.0), "time":0.30347785891437873,"sensors":[15,29,39,48,21,11,7,37,13,10,16,41,24],"power":[7.6773903660352E-5,3.796948005096565E-4,8.852157831238718E-5,3.534242696615266E-5,6.000727141901048E-5,0.0015342912863817175,4.841496877392584E-5,3.997530699240778E-5,4.16389462404662E-5,4.800299456012958E-5,3.882515342533895E-5,8.954384478183543E-5,1.994910374003556E-4]}
