LP RESULTS :
 Obj = 0.1*lambda1+0.9*lambda2 = 149.54620201416745 (lambda1 = 1477.4620201416744, lambda2 = 2.0) Resol time = 3028 ms

{"id": 0, "drone": 0, "position":(41.666666666666664,25.0,1.0), "time":734.8039538612326,"sensors":[1,11,49,34,25,18,43,27,8,16,23,46,13,0,39,40,9],"power":[0.06911056608636408,0.32000219151462406,0.12822635272667618,0.08134481575113828,1.6780098973644877,0.21947506135575412,0.0713210228012167,0.8311564931086579,0.36909077159605047,0.0608064940708057,0.07260983368944743,0.3215862930075314,0.15,0.11535322861585084,0.19485974800392505,3.8813561099926766,0.20337490761123914]}
{"id": 1, "drone": 7, "position":(41.666666666666664,8.333333333333334,1.0), "time":607.2362777026743,"sensors":[1,12,11,34,26,43,38,45,14,32,17],"power":[0.18957230533793773,0.24898908819005972,0.07251970447853312,0.28677744635567776,0.15,0.3370900380103064,0.3774363921734378,0.1731976829320088,0.23716640764515537,0.06389181795547459,0.6903244072351777]}
{"id": 2, "drone": 7, "position":(8.333333333333334,25.0,2.0), "time":271.2426154484432,"sensors":[15,28,31,3,36],"power":[0.1392117569657681,0.03802786208081981,0.048095224887658286,0.03967591139196229,0.029783145928475856]}
{"id": 3, "drone": 2, "position":(8.333333333333334,8.333333333333334,1.0), "time":858.714194323802,"sensors":[20,3,42,36,37],"power":[0.0787577158043263,0.09136232713972803,0.2173027742155241,0.4173300186360984,0.1803360362994015]}
{"id": 4, "drone": 5, "position":(25.0,41.666666666666664,1.0), "time":770.1314896127417,"sensors":[48,24,47,6,2,10,44,7,41],"power":[0.07365976341109126,0.14419339788760888,0.15601824628270494,0.07784918698846914,0.15775124692360154,0.1379099778064851,0.05216203910941337,0.05919660712174866,0.05744679057076141]}
{"id": 5, "drone": 5, "position":(25.0,25.0,1.0), "time":78.71403307497576,"sensors":[20,16,31,3,46,21,0,32,41,9],"power":[0.005205472419442994,0.013437993539482787,0.011584660895931898,0.006450469869970517,0.0063395256671044875,0.0542475562368572,0.011505220555749516,0.006071447314006844,0.043151602904174705,0.01227611466502604]}
{"id": 6, "drone": 6, "position":(25.0,8.333333333333334,1.0), "time":275.0919931296388,"sensors":[4,22,30,20,33,16,38,21,32],"power":[1.237969830186827,0.20841627620521178,0.7318209708457133,0.07282127293805908,0.18997462145032057,0.028241414254759248,0.02029316005396306,0.02490851810577278,0.04708982977746194]}
{"id": 7, "drone": 4, "position":(25.0,16.666666666666668,1.0), "time":135.42178857776753,"sensors":[4,22,1,30,20,33,16,3,21,0,32,41,9],"power":[0.021259030389075333,0.011661545413981175,0.009182334860003236,0.024782466782380105,0.0416636905767646,0.00952763597425736,0.04751409813495228,0.019577969846298834,0.16124562257823144,0.02611622789731398,0.03653328966282423,0.009732931729610924,0.013558573918239851]}
{"id": 8, "drone": 4, "position":(16.666666666666668,41.666666666666664,1.0), "time":36.44543008870487,"sensors":[48,24,47,6,28,5,7,31],"power":[0.01806742220797243,0.005806602112391139,0.06392208212816962,0.02212375484054289,0.004142543231136374,0.003978927750071683,0.008107995806128044,0.0032934514867808394]}
{"id": 9, "drone": 1, "position":(41.666666666666664,41.666666666666664,2.0), "time":687.2675397762682,"sensors":[49,2,10,18,8,19,44,23,39],"power":[0.17369836627351193,0.05407178447955912,0.14520334132538715,0.06960411073939252,0.07052674889516182,0.15000000000000002,0.33094771818583946,0.2772211972216428,0.04336922418786246]}
{"id": 10, "drone": 3, "position":(16.666666666666668,25.0,1.0), "time":129.52001103549037,"sensors":[15,20,31,3,21,41],"power":[0.010788243034231917,0.011085059889589934,0.08702666272962899,0.03401752458241944,0.020993435810178335,0.039668674795452954]}
{"id": 11, "drone": 3, "position":(8.333333333333334,41.666666666666664,1.0), "time":670.8851004402279,"sensors":[48,47,6,28,35,29,5,7],"power":[0.16868829132873128,0.1218848861479427,0.19041873533961334,0.221216263926139,0.15256698081491268,0.15,0.8658116455218366,0.0826953970721233]}
