LP RESULTS :
 Obj = 0.1*lambda1+0.9*lambda2 = 134.29567134417604 (lambda1 = 1324.9567134417603, lambda2 = 2.0) Resol time = 750 ms

{"id": 0, "drone": 1, "position":(25.0,41.666666666666664,1.0), "time":467.9759546129076,"sensors":[35,19,41,20,13,32,28,18,29],"power":[0.1182402638098541,0.07032748911212268,2.279496134575192,0.1340898350856711,0.28297048974985317,0.07460680334332091,0.0816660617557938,0.30003252974621764,0.039654525167173445]}
{"id": 1, "drone": 1, "position":(16.666666666666668,33.333333333333336,1.0), "time":17.39339959799453,"sensors":[24,39,19,41,25,17,20,13,15,8,10,29],"power":[0.006296688222123967,0.004968941861779068,0.016912583575772737,0.0022549549492447145,0.0013602019278099685,0.009192700676176852,0.0027229485895132006,0.002449521773434014,0.005326595893432339,0.032229160707669104,0.010648559751840179,0.019962967148761786]}
{"id": 2, "drone": 2, "position":(41.666666666666664,25.0,1.0), "time":467.97595461290757,"sensors":[9,46,0,6,40,37,2,30,14,42,3],"power":[0.22987566280468993,0.18949362447188794,0.09532747291387095,0.06374033037283351,0.09818241204912294,0.068997396662427,0.08843290292495691,0.1120410183482829,0.05590982345896203,4.679759546129076,0.7607272989084505]}
{"id": 3, "drone": 2, "position":(33.333333333333336,25.0,1.0), "time":1.805704053595132,"sensors":[35,25,34,46,0,1,6,40,45,37,2,28,14,42,3],"power":[1.8227564273033678E-4,1.185038777268603E-4,2.2780444793477745E-4,1.320461858001392E-4,2.3860100883654834E-4,3.4021373499435907E-4,2.832750522705478E-4,0.017904877193373307,3.0218674605655396E-4,3.4312670505226225E-4,0.0011203644704829404,1.4467847940603277E-4,2.1702923502683806E-4,4.027473050995306E-4,1.8903369577039994E-4]}
{"id": 4, "drone": 3, "position":(25.0,8.333333333333334,1.0), "time":467.97595461290746,"sensors":[22,34,1,45,33,23,43],"power":[0.07392048003309074,0.06799573997040242,0.06959075328608111,0.057646278624945396,1.1177420951866746,1.4453900789432557,0.47264872449921697]}
{"id": 5, "drone": 0, "position":(8.333333333333334,41.666666666666664,1.0), "time":719.8474095589612,"sensors":[24,39,20,8,47,10,7],"power":[0.13730047049486982,0.47422498857710926,0.11628993188511597,0.11877539685865214,0.15,0.09034704964346367,0.20826792361982888]}
{"id": 6, "drone": 0, "position":(33.333333333333336,16.666666666666668,1.0), "time":126.17828926700713,"sensors":[5,36,34,46,1,40,45,33,37,2,23,42,43],"power":[0.012950307307089926,0.011632985523573813,0.33798203637633595,0.010196459306981714,0.06290440485923718,0.031501051039473385,0.031363888573627714,0.02205036481427049,0.2362075846215375,0.008537447159933818,0.011841605874986186,0.011937475843150368,0.009232843491761821]}
{"id": 7, "drone": 5, "position":(41.666666666666664,41.666666666666664,1.0), "time":460.2220173262893,"sensors":[35,11,38,16,0,6,28,30,18,14,49,27],"power":[0.03444861292168728,1.2723960511559562,0.39966114750770165,0.19751356415216995,0.09493246825142097,0.08642859401850105,0.07912137404495072,0.03795898165171709,0.04416163356366383,0.1098175677150066,0.15,0.7123994937775183]}
{"id": 8, "drone": 4, "position":(16.666666666666668,25.0,1.0), "time":288.0976495249881,"sensors":[24,19,25,17,15,45,8,10,21,29],"power":[0.04067848253182301,0.06178980722053975,0.1459641139320368,0.40220435393252746,0.2731966983753364,0.03435190891134351,0.05274701603658892,0.06487870794777245,0.021426177202875644,0.10360011916855326]}
{"id": 9, "drone": 4, "position":(33.333333333333336,41.666666666666664,1.0), "time":381.9701679514694,"sensors":[35,11,38,41,0,6,13,32,2,28,18,14,27],"power":[0.12937006668864984,0.05804015053386201,0.057516804369974354,0.0752170099298848,0.05078612878969291,0.08259135034181214,0.0800726798907807,0.07539319665667903,0.035767889198288466,0.33312174600402966,0.4807770462351704,0.09470111718907394,0.15064878085887165]}
{"id": 10, "drone": 6, "position":(8.333333333333334,8.333333333333334,1.0), "time":856.9807588288528,"sensors":[48,22,26,4,31,12,21],"power":[0.2784593316309641,0.1029570165495715,0.31909164767453263,1.2311728923624605,0.31735738847387357,1.1949856657205484,0.32119050887437817]}
{"id": 11, "drone": 6, "position":(16.666666666666668,16.666666666666668,2.0), "time":166.969834512734,"sensors":[25,17,1,15,45,33,21],"power":[0.05911272510791136,0.016169096146628245,0.01716462811968732,0.018066632383453046,0.026335737144026806,0.016093188373626843,0.06538988704520428]}
{"id": 12, "drone": 7, "position":(33.333333333333336,33.333333333333336,1.0), "time":12.982869497498704,"sensors":[35,11,19,41,0,6,13,40,2,28,18,14,42,27],"power":[0.011365667072025765,0.0012241241654565743,9.701200915648206E-4,0.0015027820291101273,0.004414469975977512,0.016197508226113412,0.0031627743111543056,0.0024116597180303605,0.016141396246337897,0.011983290773237678,0.0022070503005824963,0.010296212242126542,0.0012810539216930093,0.001303175591962786]}
{"id": 13, "drone": 7, "position":(41.666666666666664,8.333333333333334,1.0), "time":728.9967655082506,"sensors":[5,36,34,46,44,37],"power":[0.9113411349819208,3.1390360009640093,0.10066360319719637,0.062064640815847345,0.15,0.11042644810317703]}
