LP RESULTS :
 Obj = 0.1*lambda1+0.9*lambda2 = 157.08371501432532 (lambda1 = 1552.837150143253, lambda2 = 2.0) Resol time = 1615 ms

{"id": 0, "drone": 0, "position":(8.333333333333334,25.0,5.0), "time":412.0362764136913,"sensors":[27,3,21,28,34],"power":[0.1276976979671816,0.03234368385295602,0.03993621445078654,0.15,0.13437558609822378]}
{"id": 1, "drone": 0, "position":(33.333333333333336,41.666666666666664,1.0), "time":1140.8008737295618,"sensors":[8,32,11,30,2,9,31,13,25,41,4,6],"power":[0.15738049101063328,1.8521016531860428,0.1895409345978234,0.11956235190191665,0.37170951154399917,0.1485248687587677,0.3247743366360991,0.5414225292766344,0.5130834090257161,0.210199206651571,0.2692117069910684,0.16951662039392695]}
{"id": 2, "drone": 5, "position":(41.666666666666664,8.333333333333334,1.0), "time":522.4885389442161,"sensors":[22,12,36,46,43,18,20,5,33,39,49],"power":[0.048193718650566854,0.141329274944137,0.09970642768707721,0.3914740952374198,0.1722165617706933,0.05803947513219066,0.17642439748904407,0.09579460987192832,0.15,0.03980685939963008,0.06472229626317336]}
{"id": 3, "drone": 5, "position":(41.666666666666664,41.666666666666664,1.0), "time":362.02759934030564,"sensors":[32,30,2,9,31,13,25,7],"power":[0.0608688237607422,0.21394714001772375,0.043489740198766294,0.25915682603852824,0.074792320149325,0.02646191977090351,0.0384063245535042,0.1511627300506704]}
{"id": 4, "drone": 1, "position":(41.666666666666664,25.0,1.0), "time":50.008677073385456,"sensors":[36,46,31,24,5,6,45,39],"power":[0.011984622209024548,0.0043282517456523,0.005115461892762416,0.10521919600086836,0.006308110691180806,0.004942690961733588,0.08554594915201752,0.010245548987772224]}
{"id": 5, "drone": 1, "position":(8.333333333333334,8.333333333333334,1.0), "time":818.5528643350855,"sensors":[37,48,42,10,29,44,19,16,35],"power":[0.08566831943937289,0.060359895945972526,0.3775452600253779,0.3005302810487505,0.2509593003427673,0.1945289747999387,0.15,0.088157348060371,0.23184811210618764]}
{"id": 6, "drone": 3, "position":(41.666666666666664,16.666666666666668,1.0), "time":582.1889273657974,"sensors":[36,46,24,5,45,39],"power":[5.151901165353655,0.5879214364401908,0.08210745536838662,0.2811182608918744,0.06445405084798235,0.17238899533497556]}
{"id": 7, "drone": 7, "position":(16.666666666666668,8.333333333333334,1.0), "time":734.2842858081674,"sensors":[37,1,48,42,29,16,14],"power":[0.20040362882109194,0.15,0.18545720947341687,0.2693072472599919,0.11793351008748666,0.19348309291137122,0.2557004532370393]}
{"id": 8, "drone": 4, "position":(33.333333333333336,8.333333333333334,2.0), "time":398.15100675985394,"sensors":[22,12,36,46,43,18,20,49,14],"power":[0.2891056738393526,0.11924085584799914,0.03698855523058582,0.053001458953453685,0.10583952041081776,0.28770849725599557,0.07498675894352119,0.08527770373682664,0.043495365761408555]}
{"id": 9, "drone": 2, "position":(16.666666666666668,33.333333333333336,3.0), "time":20.041411905285713,"sensors":[27,8,11,15,17,23,3,4,21,34],"power":[0.004385157247388972,0.003747515516164043,0.0024967027443218584,0.0017012254735031742,0.0030467488953894797,0.036914636113645725,0.002596491508374409,0.0014517856490236858,0.028339867540097347,0.004137632913636783]}
{"id": 10, "drone": 6, "position":(8.333333333333334,41.666666666666664,1.0), "time":1120.759461824276,"sensors":[27,40,47,15,17,23,26,0,3,21,38,34],"power":[0.09536662909314919,0.4145202996104053,0.325154454597462,0.5897301032277407,2.8165877729898825,0.11308536388635436,0.1815375249611676,1.724352156463137,0.599721549708742,0.14894405133742228,1.0777141970488686,0.09331572377403731]}
