LP RESULTS :
 Obj = 0.1*lambda1+0.9*lambda2 = 116.84488321542635 (lambda1 = 1150.4488321542635, lambda2 = 2.0) Resol time = 892 ms

{"id": 0, "drone": 4, "position":(25.0,8.333333333333334,1.0), "time":487.376419675431,"sensors":[24,39,35,27,2,20,46],"power":[0.1391062053818904,0.03517866987430749,0.060541458064311625,3.1174092459164955,0.1866945810759167,0.10169832058808967,0.16423660132114518]}
{"id": 1, "drone": 4, "position":(8.333333333333334,16.666666666666668,2.0), "time":349.23492421833845,"sensors":[43,4,39,36,48,7,32,20,40,49,31,44,10],"power":[0.1658159316109764,0.09210182452028062,0.1142214581395764,0.030862205938690657,0.07927481962981649,0.6501291537135441,0.36875020630846583,0.04782684631885387,0.03825769272283522,0.034866651527531614,0.08245843455038013,0.07391363940323248,0.10421086242233538]}
{"id": 2, "drone": 3, "position":(41.666666666666664,25.0,1.0), "time":292.932205688258,"sensors":[11,16,38,45,3,25,6,29],"power":[0.06807379056976799,0.16250169791678795,0.024062263992609568,0.09583541174569975,0.02047001556855638,0.06593387652848812,0.0412808755654097,1.901454954267864]}
{"id": 3, "drone": 3, "position":(41.666666666666664,16.666666666666668,1.0), "time":487.37641967543084,"sensors":[47,16,37,45,29],"power":[0.08296396066076811,0.16545091934090908,0.08645192935633617,0.05416458825430024,0.11727317565871688]}
{"id": 4, "drone": 7, "position":(8.333333333333334,41.666666666666664,1.0), "time":581.8723409839487,"sensors":[26,23,14,21,34,13,1,18,28,30,33,12,15],"power":[2.3253977760908002,1.7075694116417255,0.04106568888006747,0.1570176669838764,1.3397279095694103,0.08269929914021465,0.30402892341875937,0.09683563566319849,0.8773653070788622,0.1176911995325563,0.08459628934068848,0.11669000422974127,0.06425311929383112]}
{"id": 5, "drone": 7, "position":(41.666666666666664,41.666666666666664,1.0), "time":568.5764911703149,"sensors":[5,11,0,41,8,38,6,17],"power":[0.39108587254290833,0.11476153438767878,0.03774459972530537,0.14030257454413683,0.096930993375958,0.0737959604777553,0.05113115189788912,0.15839438381378465]}
{"id": 6, "drone": 5, "position":(33.333333333333336,33.333333333333336,1.0), "time":200.32095333946938,"sensors":[5,11,0,16,8,38,3,25,6,29,17],"power":[0.017024181121964747,0.044027187528500086,0.02617034079245876,0.016613819825303598,0.21703558951110458,1.0288825429290707,0.1255192282956557,0.131497021030215,0.9772584930294126,0.014700210890400231,0.04374261949707607]}
{"id": 7, "drone": 5, "position":(16.666666666666668,8.333333333333334,1.0), "time":297.6996163684378,"sensors":[24,39,35,7,27,20,46],"power":[0.06046434893369742,0.14044263803267792,0.16628521867561552,0.04901256153727355,0.07930200594784481,0.4474678373345409,0.08788117778382784]}
{"id": 8, "drone": 0, "position":(8.333333333333334,33.333333333333336,1.0), "time":68.88836598740102,"sensors":[26,23,4,34,1,28,30,36,33,40,49,12,44],"power":[0.014183705174302176,0.014046351868214627,0.009808072369940675,0.01741137302973507,0.008360890480054811,0.009468057211291967,0.012988761599288447,0.005043244136204998,0.01898855258508017,0.0063751525063861685,0.02671335059822698,0.03411685131228868,0.012722809814276616]}
{"id": 9, "drone": 0, "position":(25.0,41.666666666666664,1.0), "time":49.32034401974506,"sensors":[9,14,13,18,30,0,8,38,3,6,17,15],"power":[0.09085963783628793,0.06274093143944146,0.0032212527549781633,0.004803693648865062,0.007656639766344764,0.06811131986157884,0.008090843072528652,0.0052021186915027825,0.004010756135787918,0.003203733595291971,0.008492769694118127,0.022231574983546703]}
{"id": 10, "drone": 1, "position":(16.666666666666668,41.666666666666664,1.0), "time":292.93220568825825,"sensors":[26,23,9,14,34,13,18,28,30,0,15],"power":[0.09519087136972183,0.11294715475625426,0.05914036216371202,0.18614218397596025,0.11289870260802458,0.06407944810480722,0.08745726055015246,0.032565128329898614,0.315013747266728,0.02892774718974762,0.5108547904162117]}
{"id": 11, "drone": 1, "position":(41.666666666666664,41.666666666666664,1.0), "time":39.298837936475934,"sensors":[5,11,0,41,8,38,6,17],"power":[0.027031051341349335,0.007932081278914057,0.0026088291208255523,0.009697425455863162,0.006699670948165076,0.005100625045563441,0.003534080080948285,0.010947894111368211]}
{"id": 12, "drone": 2, "position":(16.666666666666668,25.0,1.0), "time":3.826166384573588,"sensors":[43,24,4,39,30,36,7,20,40,49,46,44],"power":[2.678802669489491E-4,4.0070873329897243E-4,0.0015273069692626222,2.465256712370854E-4,2.781110609187622E-4,0.025080245131156413,3.993304817832815E-4,2.5294631456920504E-4,0.03826166384573588,0.0012475454206079689,3.19545202932866E-4,0.0014724876224752796]}
{"id": 13, "drone": 2, "position":(41.666666666666664,8.333333333333334,1.0), "time":526.411387372034,"sensors":[19,47,37,22,42,2],"power":[0.13623932174930967,1.6257928387662202,1.4388063362123065,0.173251287440073,0.11708753959671274,0.05380636190841176]}
{"id": 14, "drone": 6, "position":(8.333333333333334,25.0,1.0), "time":499.6881251829137,"sensors":[43,4,36,48,7,32,33,40,49,12,31,44,10],"power":[0.1888050262479085,0.9281146384562865,0.08901430479394794,0.09531648974891402,0.0782579450482266,0.07286298752406593,0.04641515807423135,0.11659176283391327,0.5600471972816876,0.058524758140416036,0.06754156544961985,1.4104694566989684,0.060315703607637564]}
{"id": 15, "drone": 6, "position":(33.333333333333336,8.333333333333334,1.0), "time":136.6610251067985,"sensors":[24,19,47,37,27,42,2,46],"power":[0.009634668897257512,0.01376067825069035,0.018987998357400906,0.04910396612610485,0.02408093030732675,0.032912460403287255,0.14608710743475198,0.009062525446640716]}
