LP RESULTS :
 Obj = 0.1*lambda1+0.9*lambda2 = 152.67806090322276 (lambda1 = 1508.7806090322274, lambda2 = 2.0) Resol time = 747 ms

{"id": 0, "drone": 6, "position":(25.0,8.333333333333334,1.0), "time":370.11155293070857,"sensors":[42,35,30,21,2,10,6,17,16,29,20,23,37],"power":[0.11002648493496403,0.0622917886445699,0.181272642699592,0.11677560788717913,0.05893927153212264,0.5350829130046858,0.1729933481160657,0.03994176504392958,0.0250267279695335,0.024144719647483236,0.11097987780912175,0.08481445724250189,0.032699487836790046]}
{"id": 1, "drone": 6, "position":(33.333333333333336,16.666666666666668,1.0), "time":530.3339528231429,"sensors":[42,35,2,1,10,6,12,28,9,23,37],"power":[0.06811524307050755,0.07803376199786528,0.1394173007472666,0.304565081925272,0.11032713372692932,0.16462214105189296,0.13408423858123564,0.03960004444647418,0.0966313446538518,0.07237089816735474,0.07893226298872842]}
{"id": 2, "drone": 5, "position":(8.333333333333334,8.333333333333334,1.0), "time":597.7209677012269,"sensors":[30,11,47,40,24,17,14,16,29,8,38,20,45],"power":[0.06548714021622026,0.14999999999999997,0.5669685625167203,0.06908035321708093,0.07610162186984344,0.2961682551575682,0.0675621854368287,0.4583772242617844,0.3132814162922947,0.08586776107628401,0.8602721644649151,0.03897496601026755,0.09728135014394089]}
{"id": 3, "drone": 5, "position":(41.666666666666664,25.0,1.0), "time":316.90063798211736,"sensors":[1,34,19,12,28,41,46,31,9],"power":[0.078412251077448,0.025556272221224873,0.29494811541849775,0.10032008432118236,0.030680905156469568,0.03203609342062097,0.063694822570335,0.2986672259318109,0.04256749169191494]}
{"id": 4, "drone": 2, "position":(41.666666666666664,8.333333333333334,1.0), "time":608.3351032783759,"sensors":[42,35,1,32,15,9,0],"power":[0.08688123853690569,0.1628868549619581,0.08390403015465346,0.18933079550296694,0.23928304282310567,0.20940830597102367,0.15]}
{"id": 5, "drone": 2, "position":(8.333333333333334,16.666666666666668,1.0), "time":178.78688990677878,"sensors":[47,43,40,24,17,4,22,14,16,29,8,38,5,45],"power":[0.019516718307750272,0.03081777585034824,0.2593378383770286,0.510573182097256,0.024600753377674343,0.03746776559665395,0.012071797051178468,0.06350011865452669,0.05245667144788435,0.07028795229812909,0.04590000172762685,0.07181942427931401,0.01170611583893576,0.16855966760556512]}
{"id": 6, "drone": 7, "position":(16.666666666666668,25.0,1.0), "time":158.7314143498793,"sensors":[2,43,40,24,48,4,22,36,45,23,37],"power":[0.016303172811086154,0.37113593891659963,0.013819758320452988,0.023112479972247107,0.010948188852349945,0.09251113135493066,0.7863899342578881,0.06581912695855664,0.029382373477937394,0.0193021850038295,0.03158405368001707]}
{"id": 7, "drone": 7, "position":(8.333333333333334,33.333333333333336,1.0), "time":584.7645132223249,"sensors":[27,33,43,44,48,22,36,7,13,5],"power":[0.0937259905398396,0.3597548230647137,0.06471516234822682,0.4535507437203324,0.9653786098191465,0.0535434198698553,0.1063047193139674,0.24343568572252788,0.28574092150931013,0.09386743563526873]}
{"id": 8, "drone": 4, "position":(41.666666666666664,41.666666666666664,4.0), "time":607.1154578277851,"sensors":[34,39,3,41,31,18,26],"power":[0.20347205632574059,0.22294644287745563,0.04838340004411778,0.0383338137099726,0.03979195185043118,0.06584078792851918,0.14007547112230534]}
{"id": 9, "drone": 1, "position":(16.666666666666668,8.333333333333334,1.0), "time":362.16119849351344,"sensors":[30,21,47,10,6,24,17,4,16,29,38,20,45,23],"power":[0.5776563765652895,0.03322439211282088,0.14669592417821667,0.045796273049919706,0.03357953629957972,0.02335726141167431,0.6319007804688432,0.03559492556292819,0.1907963165624333,0.15027574881135736,0.10725422747386444,0.11836946350480075,0.05645477142887356,0.05502566368822866]}
{"id": 10, "drone": 1, "position":(8.333333333333334,25.0,1.0), "time":211.380138580829,"sensors":[33,43,44,40,24,48,4,22,14,36,8,13,5,45],"power":[0.02326164228707694,0.0801894024549134,0.016558375412873045,0.07342802493229238,0.0794243169303593,0.05639704614946831,0.037154782743236706,0.036101199833191155,0.03505836001886033,0.02771584546980795,0.01823223719608914,0.021509788971495906,0.04753884471101871,0.04025408773377315]}
{"id": 11, "drone": 0, "position":(33.333333333333336,25.0,2.0), "time":53.21091494859114,"sensors":[2,1,6,19,12,28,41,25,31,37],"power":[0.007473442395741629,0.010468168794821502,0.003537901393538531,0.004544988809420719,0.122955474894955,0.027420402368373866,0.013661429667094592,0.008011568417216699,0.008201511671697498,0.006784195494464061]}
{"id": 12, "drone": 0, "position":(33.333333333333336,41.666666666666664,1.0), "time":137.8850861962502,"sensors":[49,34,39,3,28,41,25,18,26],"power":[0.06809564590373596,0.037164078698932825,0.012899393682465184,0.034670850618611256,0.010178371238046798,0.023848043847360327,0.027482740293394068,0.2786847005936712,0.00992452887769466]}
{"id": 13, "drone": 3, "position":(41.666666666666664,33.333333333333336,1.0), "time":446.87942702607455,"sensors":[34,39,19,12,28,41,25,46,31],"power":[0.32279407476139654,0.0365012073718156,0.05355636265930518,0.047206068612599086,0.04212027679063556,0.08596249969271326,0.03542996190363697,0.08630517742966498,0.3590306269603289]}
{"id": 14, "drone": 3, "position":(25.0,41.666666666666664,1.0), "time":553.9045428791942,"sensors":[49,27,3,41,25,36,18],"power":[0.5750074086642267,0.0679506453415013,0.06694574933727095,0.04912588466896796,0.11216872371614611,0.03557369192055786,0.1847769944763982]}
