LP RESULTS :
 Obj = 0.1*lambda1+0.9*lambda2 = 177.46083617313457 (lambda1 = 1756.6083617313454, lambda2 = 2.0) Resol time = 1001 ms

{"id": 0, "drone": 3, "position":(41.666666666666664,25.0,1.0), "time":456.9948332285569,"sensors":[40,23,44,34,38,29,24,35,19,11,45,28],"power":[0.036749948919307114,0.04190294282860646,4.569948332285569,0.0454575601732959,0.08272453849072565,0.28614699460349535,0.13308005171607218,0.03575736772066444,0.052123742161904615,0.032656518819835764,0.16073070207929246,0.03926513303645425]}
{"id": 1, "drone": 3, "position":(25.0,41.666666666666664,1.0), "time":724.7890367146906,"sensors":[17,18,25,21,32,14,47,12,9,13,11,43,28],"power":[0.26535418370738456,0.10819464435960861,0.05130984647875434,0.253660433359226,0.06545602810503659,0.10403034435202611,0.2020365171105133,0.08939119561550495,2.7619884639925916,0.11814986750762899,0.059931228844731815,0.21483628688624554,0.04703989313542246]}
{"id": 2, "drone": 6, "position":(8.333333333333334,25.0,1.0), "time":724.7890367146906,"sensors":[0,37,31,49,30,20,10,46,26,39,7],"power":[0.14999999999999997,0.21084951655053832,0.06528803575470812,0.10273953357847386,1.04155666703128,0.059362911166417495,0.46899222288910863,0.11152292778007351,0.21862041828333992,0.10081813207235768,2.3504407335262876]}
{"id": 3, "drone": 4, "position":(8.333333333333334,41.666666666666664,1.0), "time":834.327558464819,"sensors":[22,37,25,20,2,12,13,26,39,16],"power":[0.15,0.10764072685291608,0.450876625397071,0.5934457298625463,2.321787319514915,0.07729896223441089,0.22565732963281254,0.129419222640752,0.11461494656585594,0.2638135071727001]}
{"id": 4, "drone": 0, "position":(8.333333333333334,8.333333333333334,2.0), "time":753.9791750888745,"sensors":[8,1,33,49,46,3,41,36],"power":[0.24048048547873305,0.2588540558996862,0.09118262864318746,0.11657188706466728,0.15170442837794407,0.15,0.15460408874785933,1.334857300890132]}
{"id": 5, "drone": 2, "position":(41.666666666666664,8.333333333333334,1.0), "time":470.33477299284436,"sensors":[42,6],"power":[0.06202375755868364,0.15]}
{"id": 6, "drone": 1, "position":(25.0,8.333333333333334,1.0), "time":1002.6291866424709,"sensors":[27,48,33,42,4],"power":[0.3645152402288883,0.1047866728993988,0.3778067777459599,0.09469475962026527,1.0819973882769143]}
{"id": 7, "drone": 1, "position":(16.666666666666668,41.666666666666664,1.0), "time":197.4917665518358,"sensors":[17,18,25,20,2,12,9,13,26,43],"power":[0.018407941839474508,0.04180535564039138,0.09881570703482064,0.04848123255412068,0.057786765318768724,0.04812920898206086,0.03818259831657274,0.729641453170668,0.016952247881804206,0.02319131038090485]}
{"id": 8, "drone": 7, "position":(41.666666666666664,41.666666666666664,1.0), "time":574.8244917880979,"sensors":[5,21,32,47,35,15,11,45],"power":[0.3575877051995754,0.07508036252603068,0.16285575792143794,0.09382086272233851,0.3388465789688303,0.15,0.16630159022029883,0.03980809917060131]}
{"id": 9, "drone": 5, "position":(25.0,25.0,1.0), "time":502.0672827039184,"sensors":[40,31,48,23,34,14,38,4,19,28],"power":[0.25676788543737217,0.17089255999991232,0.1343676847691485,0.1674458998776418,0.2906546919513631,0.09189851949520289,0.07454322535842711,0.036012736277216774,0.12076635462374012,0.16044453552417917]}
{"id": 10, "drone": 5, "position":(41.666666666666664,25.0,4.0), "time":72.75720908417952,"sensors":[40,23,44,34,38,29,24,35,19,45,28],"power":[0.00491663843543084,0.005766835687316723,0.07487107798073955,0.005844484391801092,0.01088915051130805,0.02631461047004927,0.016919948283927823,0.004930260257347245,0.007084646677159053,0.019688660265842654,0.005257553254056812]}
