LP RESULTS :
 Obj = 0.1*lambda1+0.9*lambda2 = 139.46095166487427 (lambda1 = 1367.6095166487428, lambda2 = 3.0) Resol time = 261614 ms

{"id": 0, "drone": 3, "position":(41.666666666666664,16.666666666666668,1.0), "time":93.96841152100441,"sensors":[33,39,31,4,5,1,41],"power":[0.006016264185554869,0.007988757305505087,0.00880894211766171,0.040897327727599346,0.00981695976273542,0.00697011355554228,0.01786979996034943]}
{"id": 1, "drone": 3, "position":(41.666666666666664,41.666666666666664,1.0), "time":804.0996266419862,"sensors":[23,6,25,33,48,29,2,27,12,9,10,40,20,36,8],"power":[3.7229206803847013,0.10129778327683714,0.15,0.061807596688835655,0.48494407519427807,0.25591046125893063,0.09005143484724407,0.08266842852636701,0.13961984512478168,1.5864987796537262,0.07818759988889373,0.5225545523828953,0.08013782811394723,0.09634967747839086,0.1234199433782972]}
{"id": 2, "drone": 2, "position":(25.0,41.666666666666664,4.0), "time":420.6161519597297,"sensors":[28,21,14,32,47,29,2,17,26,37,24,34,8],"power":[0.036875522822918706,0.2044527140116208,0.03439328202552369,0.06563325989915055,0.28571004879639694,0.04365944560437557,0.12869958491257733,0.26197407806540185,0.24864756601944368,0.09142307142754999,0.06843262672911321,0.07497544597079708,0.03284829868641719]}
{"id": 3, "drone": 2, "position":(41.666666666666664,16.666666666666668,3.0), "time":37.534660217506826,"sensors":[39,31,4,5,1,41],"power":[0.002793944939663932,0.0031909262538211873,0.012859826160998922,0.0035929598085734076,0.002708141094553239,0.006529286636110101]}
{"id": 4, "drone": 4, "position":(41.666666666666664,25.0,1.0), "time":326.6477404387254,"sensors":[14,6,33,27,12,10,4,5,20,36,41],"power":[0.021968192045856472,0.032817524767900765,0.13639748916064917,0.10486773625762062,0.056435475987570365,0.040708398927781865,0.04019166315069731,0.1190697741269163,0.17194677196226088,0.034275031813138526,2.0158136164191793]}
{"id": 5, "drone": 4, "position":(16.666666666666668,25.0,1.0), "time":91.70888375952293,"sensors":[16,30,22,45,3,42,43,34,35],"power":[0.010936584861318151,0.005856919785241913,0.011870327925952962,0.007355765096527991,0.012503401637094938,0.027392215421607954,0.010638276697477573,0.010102658808114869,0.014179403977706215]}
{"id": 6, "drone": 4, "position":(8.333333333333334,25.0,1.0), "time":816.9844518312327,"sensors":[16,30,45,44,3,15,35],"power":[1.0834998263690387,0.35842378362602995,0.18720165116510512,0.1473339388047658,1.0632306550076196,0.1464901656982247,0.07465116562613057]}
{"id": 7, "drone": 5, "position":(8.333333333333334,41.666666666666664,1.0), "time":429.12025684111194,"sensors":[28,11,32,13,19,34],"power":[0.10227088351482752,1.070687330054226,0.035504786911189204,0.20130755464483904,0.1213975924137565,0.04097159847789603]}
{"id": 8, "drone": 5, "position":(8.333333333333334,8.333333333333334,1.0), "time":189.54696875877949,"sensors":[0,46,45,44,7,35],"power":[0.020445709823479485,0.40037902439081907,0.03610923914431069,0.0427670675621049,0.13424775490914295,0.02977576709228498]}
{"id": 9, "drone": 7, "position":(41.666666666666664,16.666666666666668,5.0), "time":56.47621218274685,"sensors":[39,31,4,5,41],"power":[0.0038146557923019156,0.004071144590227752,0.014704498064162514,0.0048029231258148635,0.0080822043094042]}
{"id": 10, "drone": 7, "position":(33.333333333333336,8.333333333333334,1.0), "time":938.7305935576578,"sensors":[18,39,31,1,49,38],"power":[0.18531354632403632,3.2230168711151426,0.0628083093973396,0.205940539188947,0.15,0.09152240859656993]}
{"id": 11, "drone": 0, "position":(41.666666666666664,8.333333333333334,1.0), "time":240.89963916982688,"sensors":[39,31,4,38],"power":[0.03474187495329693,0.1261095243086098,0.04134668489654205,0.05847759140343006]}
{"id": 12, "drone": 0, "position":(8.333333333333334,33.333333333333336,1.0), "time":16.73650196481674,"sensors":[16,30,11,3,13,15,34],"power":[0.0061952966398521,0.004983485517994074,0.002270946099776494,0.007792817726450461,0.0037226996864711277,0.0035098343017752926,0.0020813174338665465]}
{"id": 13, "drone": 6, "position":(16.666666666666668,8.333333333333334,1.0), "time":65.96177246763867,"sensors":[0,46,45,18,44,7,35],"power":[0.10165834639145874,0.029833220271627176,0.004475601629506313,0.00866626754672633,0.0043803148586414875,0.015752245090857025,0.019207591277205758]}
{"id": 14, "drone": 6, "position":(16.666666666666668,41.666666666666664,1.0), "time":315.45931060255737,"sensors":[28,11,21,32,47,17,26,37,19,34],"power":[0.15272517252301715,0.045082421412784346,0.042289762776559235,0.09342165544324751,0.04236760795547065,0.051903254415482165,0.11406232159374245,0.058576928572450004,0.02860240758624349,0.1208731714145776]}
{"id": 15, "drone": 6, "position":(41.666666666666664,33.333333333333336,1.0), "time":70.54173436465875,"sensors":[23,14,6,33,48,29,2,27,12,9,10,5,40,24,20,36,41],"power":[0.011121563519516998,0.006274217597809855,0.018626133563807684,0.03753779002626503,0.005115732243035162,0.015003600466956776,0.004474421058746701,0.053785400681026774,0.05760381894876164,0.009318867976322774,0.018295426892132743,0.012717383175960087,0.026880605843454156,0.005610838590623788,0.08867488678178091,0.01937529070847059,0.01654977533290352]}
{"id": 16, "drone": 1, "position":(33.333333333333336,33.333333333333336,1.0), "time":72.35200368236815,"sensors":[21,22,23,14,33,47,29,2,27,12,9,10,40,24,43,20,41],"power":[0.004778137530993226,0.005326453508321874,0.004744091928638574,0.06303897629519559,0.02695651783294752,0.006801973460655924,0.02650803004353083,0.017875973911707952,0.03454817471294783,0.0720182699411959,0.006534535300092805,0.4780449248061541,0.005532257777494492,0.06326213881480576,0.013910297854419069,0.018308392360864588,0.008905923635609233]}
{"id": 17, "drone": 1, "position":(16.666666666666668,16.666666666666668,1.0), "time":203.4074398315691,"sensors":[0,22,46,45,18,44,42,1,35],"power":[0.027895943785061793,0.02008257667199808,0.02885489453300475,0.031474601555046666,0.02976210981829324,0.02524343153994405,0.05466930977664298,0.017092530012314117,0.7345374485819889]}
{"id": 18, "drone": 1, "position":(25.0,25.0,1.0), "time":93.96841152100468,"sensors":[22,14,18,10,42,24,43,34,1],"power":[0.12524781271210556,0.024325332035614645,0.008693581306830503,0.008944825511587963,0.06793847480174904,0.014340013996120752,0.15861002713096906,0.007230513545458223,0.0127806323278716]}
