LP RESULTS :
 Obj = 0.1*lambda1+0.9*lambda2 = 151.12272433863328 (lambda1 = 1493.2272433863327, lambda2 = 2.0) Resol time = 521 ms

{"id": 0, "drone": 1, "position":(25.0,41.666666666666664,1.0), "time":563.3512340580597,"sensors":[37,26,49,44,35,45,36,18,4,13,22,33,38],"power":[0.15573620990024,0.050740229495160785,0.12305927675068846,0.1383334274846711,0.11845939889257784,0.07096841607458394,0.03631640505028788,0.6524398840091562,0.09505929860763349,0.12596290917734623,0.042128986001878956,0.12374878570339513,0.43676115163804097]}
{"id": 1, "drone": 1, "position":(16.666666666666668,16.666666666666668,2.0), "time":14.590965260848748,"sensors":[3,23,10,32,0,39,19,42,1],"power":[0.0036912326863981332,0.001775886523153128,0.0015452533397938442,0.00344305152543463,0.0035036831607288942,0.004191332487241236,0.0016939316676238213,0.0012870735326565407,0.0014425336553967763]}
{"id": 2, "drone": 5, "position":(8.333333333333334,8.333333333333334,1.0), "time":116.50646329003762,"sensors":[43,10,0,46,19,20,1],"power":[0.09949538457851559,0.2828142823163564,0.1050099639499932,0.10550977980245416,0.16555335359539605,0.03033227384140595,0.009972144922691512]}
{"id": 3, "drone": 5, "position":(16.666666666666668,8.333333333333334,1.0), "time":508.2572339334249,"sensors":[43,23,10,32,0,46,39,19,20,40],"power":[0.07118952408001483,0.04158663029711282,0.08434727892319076,0.15132079946288737,0.19183964812094914,0.04449022019754583,0.07115758971561463,0.2460451723297651,0.14658635090591246,0.06451373313427188]}
{"id": 4, "drone": 0, "position":(25.0,8.333333333333334,1.0), "time":165.68320721397538,"sensors":[16,41,23,32,39,42,40],"power":[0.025838252268896772,0.0216353266725125,0.04974256247229336,0.1467961131165175,0.04087577888284752,0.014607870588192566,0.047755731723433156]}
{"id": 5, "drone": 0, "position":(41.666666666666664,41.666666666666664,1.0), "time":633.0984795630642,"sensors":[12,26,28,47,6,17,35,8,33,48,14],"power":[0.22371478612189977,0.0764877373355923,0.15,0.5447226733763804,0.3440155257544852,0.27646995817349707,0.11349131612639571,0.12491876406233803,0.13086801542578097,0.550991857749943,0.12145950014832681]}
{"id": 6, "drone": 2, "position":(8.333333333333334,41.666666666666664,3.0), "time":412.5960315982031,"sensors":[37,24,27,30,44,36,29,5],"power":[0.052662518979362506,0.07359469415230216,0.2870026991005887,0.1668798588905073,0.059918377136792635,0.23157400871440964,0.05014725502420184,0.0860096927526496]}
{"id": 7, "drone": 2, "position":(33.333333333333336,41.666666666666664,1.0), "time":131.09432255123386,"sensors":[12,26,49,47,6,35,8,45,18,22,33,38,48,14],"power":[0.01279438420268388,0.030816269364020384,0.01770393640244348,0.026890358764999952,0.009559825809633053,0.26041892239496467,0.010303646108589339,0.02048675864406949,0.015392829388872707,0.009030185164007519,0.9861003249060427,0.022212059723272136,0.01082547592649246,0.028540499851673198]}
{"id": 8, "drone": 7, "position":(25.0,25.0,5.0), "time":412.5960315982031,"sensors":[3,23,45,4,13,39,22,42,38],"power":[0.10707823187390544,0.044128476015320994,0.05854482528134657,0.06138763962320906,0.03448682439102508,0.05713165780218029,0.1089255459880874,0.10619598625619706,0.027669612060742556]}
{"id": 9, "drone": 7, "position":(41.666666666666664,16.666666666666668,1.0), "time":611.3568742552666,"sensors":[34,15,16,31,25,2,9,21,11],"power":[0.27332461534987335,0.17099131706850523,0.06561484856503913,0.18946731878067938,0.5315500077160881,0.1334548236094199,0.968652339409064,0.05714961491873151,0.043068697704798764]}
{"id": 10, "drone": 4, "position":(8.333333333333334,25.0,2.0), "time":690.7346953964523,"sensors":[3,7,1,29],"power":[0.07553141083920446,0.16044426147050914,0.2908812414425381,0.05060093543941348]}
{"id": 11, "drone": 4, "position":(8.333333333333334,41.666666666666664,1.0), "time":389.8965163916773,"sensors":[37,24,27,30,44,36,13,29,5],"power":[0.053910930370428906,0.07640530584769784,0.4593393004382452,0.21570607559660318,0.06286175175271566,0.33598429380949996,0.025641763092209616,0.052191078654798745,0.09004115341219478]}
{"id": 12, "drone": 3, "position":(41.666666666666664,25.0,1.0), "time":165.68320721397507,"sensors":[34,26,47,25,8,9,21],"power":[0.08266715086063568,0.017790655292908367,0.013782721222310675,0.036146112102110696,0.0382625822156978,0.018389365134826204,0.09285038508126847]}
{"id": 13, "drone": 3, "position":(41.666666666666664,8.333333333333334,1.0), "time":324.08735653721055,"sensors":[34,15,16,31,25,41,2,9,11],"power":[0.022137137402984484,0.993595964535039,0.09943773692680459,0.996041512490537,0.04509129381750264,0.028978344666191556,0.3408665974706615,0.12850090288176236,0.10693130229520122]}
{"id": 14, "drone": 6, "position":(33.333333333333336,8.333333333333334,1.0), "time":392.0998053798806,"sensors":[15,16,31,25,41,23,32,2,9,39,42,40],"power":[0.055831784055107636,1.6845906006466669,0.06146042223290692,0.053483045342009476,0.09938632866129593,0.07265534707279245,0.04394653212365813,0.03372610853786289,0.03979039221343268,0.03126081763916853,0.027909069622953833,0.04479771494640287]}
{"id": 15, "drone": 6, "position":(16.666666666666668,41.666666666666664,1.0), "time":127.38346133839252,"sensors":[37,27,49,30,44,36,18,4,13,38,5],"power":[0.20833319437600903,0.025975400998460147,0.009236786846867948,0.03721620131977243,0.2580400861809971,0.06459294873067387,0.03978060905962658,0.019417955406309223,0.03564268097351831,0.021963689032503283,0.0206554769408604]}
