LP RESULTS :
 Obj = 0.1*lambda1+0.9*lambda2 = 133.6465782421275 (lambda1 = 1318.4657824212748, lambda2 = 2.0) Resol time = 2686 ms

{"id": 0, "drone": 2, "position":(25.0,8.333333333333334,1.0), "time":444.0144085742399,"sensors":[10,21,4,42,43,22,31,36,16,3],"power":[0.11971100352954214,0.04695168945298638,0.0983936068870304,0.03357029312523353,0.08587591672912145,0.14284956405568883,0.04057586060348089,0.03338665633682299,0.10237790694915148,0.3051921497265168]}
{"id": 1, "drone": 2, "position":(41.666666666666664,33.333333333333336,1.0), "time":575.2054603587904,"sensors":[27,45,17,25,41,47,37,18,24,46,32],"power":[0.05404745757988603,0.10893034801847704,0.05796246990106539,1.9510152241793965,0.06743029455773163,0.10219291718168409,0.06771419113063658,2.5339578531319322,0.17323637884803958,0.08341099481235999,0.05806989614712378]}
{"id": 2, "drone": 5, "position":(41.666666666666664,41.666666666666664,2.0), "time":94.91995368134769,"sensors":[45,25,41,37,18,24,46,32],"power":[0.03091723649503654,0.015028270875630618,0.018718439124935992,0.006089155767508001,0.014037787686627235,0.016102592817028097,0.22482343764016244,0.09193010385287621]}
{"id": 3, "drone": 5, "position":(25.0,41.666666666666664,1.0), "time":294.19826021621384,"sensors":[45,30,12,9,15,41,28,19,37,24,8,23],"power":[0.03679164441393233,0.0639816552008546,0.14453513449920843,0.0809156498021083,0.021755115155571055,0.06385126631733239,0.11229817876013518,0.0666853954203355,0.049210410391432154,0.028463652145089464,1.30019328721978,0.04091007478060998]}
{"id": 4, "drone": 0, "position":(41.666666666666664,16.666666666666668,2.0), "time":204.15689707395615,"sensors":[33,27,17,40,44,47,2],"power":[0.06022862321233496,0.02838706129235824,0.028539628919946193,0.10089302448096427,0.03090068016544444,0.013429096860858145,0.04217293769611927]}
{"id": 5, "drone": 3, "position":(8.333333333333334,25.0,1.0), "time":294.19826021621407,"sensors":[14,11,1,34,49,13,35,7,5,0,20],"power":[0.02949894211955944,0.029884992481673804,0.16499736300480347,0.031103896148554883,0.0421994321959774,0.023659037964284774,0.09433166719564685,0.03415287872413592,0.02299418802777822,0.05052828125183068,0.025529874221936744]}
{"id": 6, "drone": 3, "position":(16.666666666666668,8.333333333333334,1.0), "time":132.64226692203465,"sensors":[14,10,4,42,34,13,7,31,48,0,36,16,3],"power":[0.026733455026026278,0.03028899647045788,0.07543054118378285,0.08388721792582415,0.027264560887220048,0.023391577806707472,0.011540757950481446,0.030274894017735265,0.010193300559912176,0.022560598350451648,0.09348051984389358,0.010076584993123784,0.057374284049090896]}
{"id": 7, "drone": 1, "position":(41.666666666666664,25.0,1.0), "time":239.85751150028375,"sensors":[33,27,17,25,40,47,18,24],"power":[0.039648406860538256,0.06756548112775573,0.07009640503191662,0.0674565027852214,0.0915751710920171,0.060502794086519575,0.07461263743937478,0.020461802059988887]}
{"id": 8, "drone": 1, "position":(8.333333333333334,8.333333333333334,2.0), "time":328.6176527663142,"sensors":[14,4,42,34,13,31,39,48,0,36],"power":[0.1473514282245961,0.03632425646835632,0.2350806506468382,0.1268074996530316,0.2428909618632841,0.03491570750815661,0.0649354409272725,0.08243343073454776,0.07002148687288981,0.22876985742364286]}
{"id": 9, "drone": 7, "position":(33.333333333333336,8.333333333333334,1.0), "time":328.61765276631195,"sensors":[21,40,43,22,44,29,16,3],"power":[0.07235277581309273,0.026623028165324962,0.06412408327087851,0.15692084200611212,0.05131346430521598,0.04381106375310589,0.04605465628941694,0.027412045717948624]}
{"id": 10, "drone": 7, "position":(8.333333333333334,41.666666666666664,2.0), "time":908.6404053056303,"sensors":[38,11,30,9,49,15,28,5,19,6,23],"power":[0.19990920485968683,0.3096931934658014,0.11762845965084093,0.11368233923163193,0.26941744672600126,0.4804886815491933,0.06138616820758826,0.12700581197222177,0.08526329340969625,0.2501455712334753,0.11052267477997502]}
{"id": 11, "drone": 6, "position":(41.666666666666664,8.333333333333334,1.0), "time":545.8337210807229,"sensors":[33,21,40,22,44,29,2],"power":[0.05012296992712679,0.04907870177059757,0.04537439820605298,0.04453162847269637,2.085708826313058,0.1550009210199115,0.11587391130995905]}
{"id": 12, "drone": 6, "position":(16.666666666666668,25.0,3.0), "time":115.62711689943046,"sensors":[11,1,34,49,28,35,7,0,20,26],"power":[0.00855606958591751,0.0073308547846053776,0.008109596313009053,0.008672889908226828,0.007664052685168167,0.09545080316890124,0.050650644592816825,0.013862127811025306,0.07679758654380985,0.014048791622231563]}
{"id": 13, "drone": 4, "position":(25.0,25.0,3.0), "time":299.24591348824435,"sensors":[17,12,35,7,47,20,16,37,26],"power":[0.04298684909291127,0.02803173228852866,0.03343252603291568,0.06234796718957125,0.043443481189132285,0.1476833169077938,0.05189727581036107,0.03487577701791757,0.3482600223443273]}
{"id": 14, "drone": 4, "position":(8.333333333333334,8.333333333333334,1.0), "time":413.1914541586882,"sensors":[14,4,42,34,13,31,39,48,0,36,3],"power":[0.20265479460838715,0.04733789142010057,0.3415131631615167,0.17422816956339843,0.3713605553018841,0.04423353787062747,0.08506455907272752,0.11025474839075622,0.09327550591124915,0.33766539335145734,0.02682426232079941]}
