LP RESULTS :
 Obj = 0.1*lambda1+0.9*lambda2 = 130.72571987976642 (lambda1 = 1289.257198797664, lambda2 = 2.0) Resol time = 2279 ms

{"id": 0, "drone": 5, "position":(25.0,8.333333333333334,3.0), "time":467.54864483889696,"sensors":[8,30,24,0,34,1,43,46],"power":[0.03254369495305043,0.10733080190768957,0.03673997556999507,0.07378014527766082,0.1837065447900549,0.0374667909556309,0.4291757289612822,0.036386297187168216]}
{"id": 1, "drone": 5, "position":(25.0,41.666666666666664,1.0), "time":821.708553958767,"sensors":[48,31,47,6,28,23,25,45,33,3,22,16],"power":[0.10396605834658515,0.2066996072501344,0.35489312882468643,0.09993151799914844,0.055501398134223986,0.14848737905868156,0.4175168712903027,1.033833015402146,0.2637588081096326,0.07102589461592738,0.49052569499751736,0.15]}
{"id": 2, "drone": 0, "position":(41.666666666666664,33.333333333333336,1.0), "time":568.7704631796114,"sensors":[38,14,4,49,26,11,27,35,5,21,13],"power":[0.09093583702984272,0.1547534504837377,0.07917484298780351,0.06129793503351217,1.118808752675353,0.4573534887942939,0.10330080824837495,0.14707182672108238,0.03677976650677908,0.06643330124030158,0.6310980310412047]}
{"id": 3, "drone": 0, "position":(41.666666666666664,8.333333333333334,1.0), "time":720.4867356180525,"sensors":[10,39,7,29,32,36],"power":[0.10975081293031623,0.20374359880433504,6.045234576809641,0.16232173226367644,0.1646462104606541,0.1382323974085318]}
{"id": 4, "drone": 3, "position":(41.666666666666664,41.666666666666664,1.0), "time":415.94215495221397,"sensors":[14,25,26,11,35,5,21,13],"power":[0.6153911294145116,0.038117956588289384,0.10057206223518105,0.3344083815880165,2.803503592053024,0.11322023349322091,0.6491177591518049,0.0841386199578589]}
{"id": 5, "drone": 6, "position":(16.666666666666668,25.0,3.0), "time":19.403917705440676,"sensors":[41,20,37,30,28,23,40,44,9,19],"power":[0.01921823204622927,0.01774577604569685,0.004572112515666789,0.001972005435809099,0.0031021537046646776,0.0028060470297447153,0.0017243196452952176,0.025427873464667423,0.0025129947531740684,0.0027140335601409105]}
{"id": 6, "drone": 6, "position":(33.333333333333336,16.666666666666668,4.0), "time":51.05708828348763,"sensors":[38,7,30,24,27,43],"power":[0.00733022188344107,0.004228039753027089,0.005583798626267735,0.02772303047084931,0.005982860932466956,0.0064178570025884155]}
{"id": 7, "drone": 7, "position":(25.0,25.0,1.0), "time":275.2421244203948,"sensors":[41,20,37,30,28,24,23,45,44,33,22],"power":[0.05226629545334414,0.03562053459011232,0.02305689948764138,0.0432745158882769,0.3663842356383366,0.060548501237328536,0.05823751803391287,0.018445250558368088,0.04861033866212586,0.03907493835627354,0.025513609299610194]}
{"id": 8, "drone": 7, "position":(8.333333333333334,25.0,1.0), "time":388.91964536557293,"sensors":[41,20,37,40,44,9,19],"power":[0.07851547250042651,0.12130085200502891,0.060573524102748424,0.10646808291232415,0.09770285035667427,0.07106264326813315,0.32020995955690446]}
{"id": 9, "drone": 1, "position":(8.333333333333334,41.666666666666664,3.0), "time":467.54864483889696,"sensors":[48,18,6,42,40,17,15,3,9,19],"power":[0.08369447055178833,0.2534576880476445,0.12291789688132551,0.6217745089575246,0.0700518649319866,0.3224451680725825,0.18622935041875152,0.23467096510626703,0.08684989603206644,0.03613479645321641]}
{"id": 10, "drone": 1, "position":(41.666666666666664,25.0,1.0), "time":304.54458066583857,"sensors":[38,39,4,49,24,26,11,27,13],"power":[0.7098116783443216,0.02900703791547616,0.3640385190821876,0.08870206496648782,0.024988492721827085,0.04836790009677378,0.024428219993477916,1.2605059712971787,0.05004020778137565]}
{"id": 11, "drone": 2, "position":(8.333333333333334,8.333333333333334,1.0), "time":605.6915113062555,"sensors":[12,8,37,2,0,1,46],"power":[0.2671006605000142,0.5969846253065733,0.0617974638939434,0.15,0.12445033861931237,0.11482759133678795,0.4277131576442205]}
{"id": 12, "drone": 2, "position":(41.666666666666664,8.333333333333334,1.0), "time":264.2258825137727,"sensors":[10,39,7,29,32,36],"power":[0.04024918706968376,0.0747193939031049,2.2169838278703193,0.059528650339055036,0.060381111977302386,0.05069430898812053]}
