LP RESULTS :
 Obj = 0.1*lambda1+0.9*lambda2 = 151.34459746363987 (lambda1 = 1495.4459746363987, lambda2 = 2.0) Resol time = 7539 ms

{"id": 0, "drone": 4, "position":(33.333333333333336,8.333333333333334,1.0), "time":16.914948110572997,"sensors":[45,49,22,35,15,32,11,31,25],"power":[0.05836282197143994,0.002135998355468635,0.004160992345195696,0.004078335791580533,0.0012945696081778008,0.016197850844807564,0.003098873944059443,0.004430411081578342,0.0018523679810962502]}
{"id": 1, "drone": 4, "position":(41.666666666666664,25.0,1.0), "time":593.5966186564528,"sensors":[49,22,13,33,35,20,29,42,0,11,16,23,25,14],"power":[0.09074334585741828,0.06881157400496257,0.08080486382888007,0.16124422066783822,0.07568840628054654,0.23529992969552896,0.13460142062304906,0.07354305976751425,0.1611280812640853,0.03818405636972476,0.06855837586654939,0.055998020997192074,0.1203685765583922,0.15]}
{"id": 2, "drone": 6, "position":(41.666666666666664,41.666666666666664,1.0), "time":901.8493559799459,"sensors":[46,20,29,28,42,40,7,16,8],"power":[0.23862102681009162,0.11185963927421975,0.18774861921938021,0.15,0.13667305825578557,0.1453832337440754,0.08035295166731525,0.08964174873157847,2.0321330483813607]}
{"id": 3, "drone": 1, "position":(16.666666666666668,8.333333333333334,1.0), "time":456.5778060691847,"sensors":[19,18,21,9,15,37],"power":[0.15245339814068218,0.1768681582671696,0.18141818691732342,0.04698977109382916,0.19613498698785922,0.11815305408404007]}
{"id": 4, "drone": 5, "position":(41.666666666666664,8.333333333333334,1.0), "time":622.8652856021927,"sensors":[45,49,22,13,33,35,32,23,31,25],"power":[0.08621321136601595,0.04200191861644104,0.1505286832486347,0.08836052636593246,0.08165395795810572,0.1262260206947963,0.3811258283534565,0.1549194247149511,1.1754149678508683,0.14339695161706079]}
{"id": 5, "drone": 7, "position":(25.0,41.666666666666664,3.0), "time":498.7829758025321,"sensors":[6,43,17,40,38,10,7,3,2,41,4,48,36],"power":[0.04103969348940487,0.06485353871203733,0.0949382794244749,0.11268472599375945,0.16198166486758875,0.1916465925988197,0.24821497280632288,0.15446095224069686,0.04117512862124059,0.2601414601993834,0.15,0.5018944408791332,0.052125451648356566]}
{"id": 6, "drone": 7, "position":(8.333333333333334,33.333333333333336,1.0), "time":25.720607954352825,"sensors":[1,6,12,43,30,2,44,27,47,24],"power":[0.005196053271848778,0.007916496240676722,0.010086739304018853,0.005103848416315888,0.0037613516684566408,0.004455070864187013,0.004964553878404916,0.007198424444817102,0.0020298680016770437,0.019372163604483048]}
{"id": 7, "drone": 0, "position":(16.666666666666668,33.333333333333336,1.0), "time":25.94262370299912,"sensors":[6,12,34,43,17,38,30,10,3,2,41,44,27,36,24],"power":[0.0667430226027048,0.00629222147189998,0.003923067851020328,0.059093266727194504,0.011492047562459617,0.003265031871471113,0.001721755017688237,0.005644285788619959,0.007619826004445641,0.0050927746258956404,0.002557979188814785,0.020928941287980365,0.004109877719814176,0.006516420902178112,0.0023108032152567397]}
{"id": 8, "drone": 0, "position":(8.333333333333334,41.666666666666664,1.0), "time":145.7147677108363,"sensors":[6,43,10,2,41,27,24],"power":[0.02522347693390578,0.02094934614445226,0.015986365867740434,0.09927702588867676,0.010111179826668051,0.4951911354314229,0.04868119610079902]}
{"id": 9, "drone": 2, "position":(8.333333333333334,16.666666666666668,1.0), "time":6.934568947516567,"sensors":[1,18,12,21,5,9,30,39,37,47,26],"power":[4.640469772442762E-4,0.0025249076432130356,6.99412605011849E-4,0.0016581225128898423,0.006412463284596415,7.837715622865359E-4,0.002231695360323447,0.002288380530597512,0.001365605124159254,0.0013078233751876727,0.006830369323945145]}
{"id": 10, "drone": 2, "position":(25.0,25.0,1.0), "time":232.64860015401894,"sensors":[34,49,9,17,38,11,3,37,44,36],"power":[0.6320336393259963,0.029459270162944643,0.05468208231340569,0.04356967301306546,0.025194921380342242,0.036238938491378214,0.026919434413204994,0.02092913233956486,0.03628578727266035,0.09705743246516278]}
{"id": 11, "drone": 3, "position":(8.333333333333334,25.0,1.0), "time":799.2849994656784,"sensors":[1,6,12,21,5,9,30,39,37,44,47,24,26],"power":[0.21229311471277854,0.07426748805874282,0.8044788955934581,0.05505062262227374,0.3475445739558775,0.07266662341485375,3.3457617580513643,0.19140817782769462,0.06180481701744346,0.1611921081835915,0.23404808662365553,0.07963583707946119,0.14316963067605484]}
{"id": 12, "drone": 3, "position":(33.333333333333336,16.666666666666668,1.0), "time":29.420522113161162,"sensors":[45,49,22,33,35,32,11,31,25],"power":[0.005423966662544093,0.07957101507525638,0.022851861745928168,0.003120370838277301,0.03551972983178071,0.003774363723091513,0.07247813119483758,0.005397135739181872,0.006780011957495606]}
