LP RESULTS :
 Obj = 0.1*lambda1+0.9*lambda2 = 183.6091770907455 (lambda1 = 1818.0917709074547, lambda2 = 2.0) Resol time = 1705 ms

{"id": 0, "drone": 7, "position":(41.666666666666664,8.333333333333334,1.0), "time":652.1058734652204,"sensors":[46,4,42,18,33,11],"power":[0.19881593954048493,0.05320220406992928,0.11794106223220827,0.15,0.2336775026565029,0.09414904289422873]}
{"id": 1, "drone": 7, "position":(8.333333333333334,41.666666666666664,1.0), "time":1001.3682475675653,"sensors":[12,39,6,34,29,31,43,26,20],"power":[3.370879564050284,1.9179371437526316,0.09379606266572048,0.15528485997716315,3.906808809659136,0.23354008856171457,0.1903933921689015,0.08221027063846215,0.16450859381027066]}
{"id": 2, "drone": 3, "position":(25.0,41.666666666666664,1.0), "time":730.0873655443983,"sensors":[10,30,6,36,17,27,23,22,16,20],"power":[0.9604272094984171,0.924648241630729,0.1943219017574595,0.15879713731033823,0.15,0.3393799010531985,0.09009753160991885,0.09968097648104823,7.300873655443983,0.17832369623026068]}
{"id": 3, "drone": 3, "position":(25.0,25.0,5.0), "time":669.8842820853624,"sensors":[47,4,48,38,27,19,22,37,49,1,3],"power":[0.22095278960714038,0.0446945998748614,0.24305267454915971,0.06614716810929752,0.04596328653558488,0.16903606291877185,0.07826017326751804,0.054302899267451264,0.045440018854319184,0.08145528502733915,0.15045924930794632]}
{"id": 4, "drone": 5, "position":(41.666666666666664,25.0,1.0), "time":730.0873655443982,"sensors":[42,5,19,9,21,1],"power":[0.15935221253773832,0.1278323728918349,0.07122267142802914,0.2127087539090923,2.5083939973242697,0.13357606102846356]}
{"id": 5, "drone": 5, "position":(8.333333333333334,16.666666666666668,1.0), "time":1061.5713310266012,"sensors":[0,38,41,37,24,40,2,49,25,44,3,7,32],"power":[0.20803898998939876,0.24142923834960592,0.3653056111347879,0.28771424417385905,0.17699222017843186,0.72107425441478,1.674089797284994,0.12734578375750225,0.15257200924963263,0.12438700479290825,0.06785566456319286,0.6055931375686132,2.2864264119381414]}
{"id": 6, "drone": 6, "position":(25.0,8.333333333333334,1.0), "time":496.1016153568719,"sensors":[46,4,8,45,14,13,15,44,11],"power":[0.05410023890684012,0.1073669909953044,2.147752963126064,0.20221081505931549,0.15,0.2237591074993749,0.25752705691189653,0.11917404259576798,0.1506007623381563]}
{"id": 7, "drone": 6, "position":(41.666666666666664,33.333333333333336,1.0), "time":95.30145332886286,"sensors":[5,36,23,9,22,21,28,1],"power":[0.022167627108165104,0.00821320086736881,0.01626049476577388,0.3497582469423869,0.0116478743986962,0.014486840165037717,0.023580887000282956,0.01793261826963646]}
{"id": 8, "drone": 4, "position":(41.666666666666664,41.666666666666664,1.0), "time":992.7029520341937,"sensors":[35,36,23,9,28],"power":[0.15,0.20765343540350434,0.3732257419283842,0.15175146806756773,0.25386617868021516]}
{"id": 9, "drone": 2, "position":(16.666666666666668,33.333333333333336,1.0), "time":86.63615779549103,"sensors":[12,39,10,30,6,29,48,38,27,41,37,24,16,49,25,26,3,20],"power":[0.009750056019124351,0.00931958802655276,0.007410221385383299,0.019348785519334468,0.06725840478591,0.008210091196928428,0.006129277926940432,0.007684143921158239,0.008372541556036287,0.006146963430429469,0.006311300828198713,0.014344520715175986,0.009107105131744325,0.021410352139033535,0.008392280664802144,0.06778972936153785,0.019629020334358822,0.01031417157195788]}
