LP RESULTS :
 Obj = 0.1*lambda1+0.9*lambda2 = 135.23923586099912 (lambda1 = 1334.392358609991, lambda2 = 2.0) Resol time = 4452 ms

{"id": 0, "drone": 1, "position":(16.666666666666668,41.666666666666664,1.0), "time":572.8001693753718,"sensors":[17,9,34,11,20,21,35,38,47,4,29],"power":[0.1891157109699929,0.04625857806488448,0.10634313179225754,0.06345795619828806,2.0230493222791717,0.08708612836690294,0.10530467509614116,0.10300792997188774,0.3478268819309427,0.08031288038889076,0.10479073296373162]}
{"id": 1, "drone": 1, "position":(33.333333333333336,25.0,2.0), "time":254.8101259257901,"sensors":[9,5,33,15,18,0,36,46,37],"power":[0.027435594415041488,0.08326144367761586,0.11658814459396996,0.029479895270792037,0.10447918125801896,0.03231810490227731,0.02648242592352376,0.04094145793397961,0.039282461574175725]}
{"id": 2, "drone": 2, "position":(8.333333333333334,16.666666666666668,1.0), "time":80.03566557588863,"sensors":[41,2,49,19,40,32],"power":[0.21786120342453014,0.531316865075936,0.01632771282829723,0.01436996247053502,0.07420242144106697,0.007346008470142948]}
{"id": 3, "drone": 2, "position":(8.333333333333334,8.333333333333334,4.0), "time":174.7744603499017,"sensors":[41,2,19,40,48,32],"power":[0.020707190802680613,0.027048725518581167,0.03749813209298268,0.014022270102477754,0.023703196643434104,0.08785104065811367]}
{"id": 4, "drone": 3, "position":(33.333333333333336,8.333333333333334,1.0), "time":174.77446034990157,"sensors":[5,25,45,24,8,27,23,39,46,37,12,1],"power":[0.011090893205165887,0.05432164379076747,0.04757704519298732,0.06421900045592972,0.049861282714301056,0.04118925576738858,0.02853427249558111,0.028790515383884233,0.016930302206914633,0.02178744796582548,0.012978811901755321,0.10024196565929974]}
{"id": 5, "drone": 3, "position":(8.333333333333334,33.333333333333336,1.0), "time":470.2656519460493,"sensors":[11,49,21,35,42,22,38,47],"power":[0.4723194976078705,0.0420932984944638,0.3303270860228808,0.03117260325819931,0.11409539489869566,0.271483849985822,0.7965659075322936,0.13955493008171807]}
{"id": 6, "drone": 7, "position":(41.666666666666664,8.333333333333334,4.0), "time":34.57423271073003,"sensors":[3,25,15,45,24,27,43,14],"power":[0.005785939775576739,0.0043590449072234885,0.0036849993042961902,0.002574753021048952,0.01690110338360837,0.014549956200069485,0.004208208146135149,0.008629602230493]}
{"id": 7, "drone": 7, "position":(25.0,33.333333333333336,2.0), "time":114.76301841180288,"sensors":[9,31,34,5,33,20,35,18,36],"power":[0.42397344722654506,0.01566657464076976,0.043656868207742464,0.007961554345255075,0.009557492818466882,0.01080101848007542,0.11338313487995519,0.017139432398844946,0.012810682894119163]}
{"id": 8, "drone": 5, "position":(16.666666666666668,8.333333333333334,1.0), "time":34.57423271072996,"sensors":[41,2,8,48,23,39,12,32,1],"power":[0.003108192084260889,0.0026759793081648875,0.00428569434617964,0.12070982522122997,0.006278772640738699,0.007762013913804412,0.015723801026091406,0.00548177879264787,0.0029450672825350344]}
{"id": 9, "drone": 5, "position":(41.666666666666664,8.333333333333334,1.0), "time":1045.007999973471,"sensors":[3,25,15,45,24,27,43,14,1],"power":[0.210496851426742,0.15087788639214345,0.12797495295659986,0.08689084698011908,1.1523674396054835,0.9289694283692479,0.14579179185386482,0.32642834616192745,0.07693786641719794]}
{"id": 10, "drone": 0, "position":(41.666666666666664,41.666666666666664,1.0), "time":424.57314960105435,"sensors":[31,26,16,6,28,13,18,30,7,44,10],"power":[0.07815624552983606,0.11249054068657528,0.2646595502058512,0.143310280476604,0.18354232010003604,0.15,0.02706170967484775,1.342222902441654,2.20791784166768,0.7472305671903079,0.04285781923838399]}
{"id": 11, "drone": 0, "position":(16.666666666666668,16.666666666666668,1.0), "time":666.2635338154471,"sensors":[5,41,2,49,40,48,0,23,36,46,37,12],"power":[0.05098916517995779,0.19758140034229546,0.1271850284677133,0.2124775557998357,0.07052453037935344,0.10228431543919303,0.15245982761313925,0.12333976958538323,0.1510159798928605,0.09827754888957764,0.08373431202049485,0.0522716196286213]}
{"id": 12, "drone": 4, "position":(41.666666666666664,33.333333333333336,1.0), "time":540.2460646713437,"sensors":[31,33,26,16,6,28,18,30,7,44,10],"power":[0.06302922491634978,0.17081820055107397,0.10064925562739861,0.07830691851952723,0.09865438245600064,0.19217796631017903,0.13013923387674534,0.08149166982014007,0.14234965671046523,0.08076775230919067,0.15971685564469557]}
{"id": 13, "drone": 4, "position":(8.333333333333334,8.333333333333334,1.0), "time":378.7444661580238,"sensors":[41,2,19,40,48,12,32],"power":[0.054172785234143685,0.0668398442029152,0.09813190543648233,0.03592447316781175,0.06219810049124624,0.02659307489876819,0.44631728206528803]}
{"id": 14, "drone": 6, "position":(8.333333333333334,41.666666666666664,1.0), "time":291.32653728857,"sensors":[17,11,20,21,42,22,38,47,4,29],"power":[0.03524216193679737,0.03689753684904306,0.044236891476463695,0.31007377803875535,0.035904605101304346,0.02751420196070081,0.06636208986340067,0.1546784211683526,0.06968711961110922,0.053586781678498015]}
{"id": 15, "drone": 6, "position":(25.0,8.333333333333334,1.0), "time":80.03566557588861,"sensors":[5,25,45,8,48,0,23,39,46,37,12,1],"power":[0.005579708623166316,0.00872120377852992,0.012957354805844631,0.09585302293951928,0.021631023745972814,0.008364568022298373,0.06372645303310269,0.11739119581879595,0.012196384567790394,0.013828948609647163,0.042432692544763756,0.07198542855746541]}
