LP RESULTS :
 Obj = 0.1*lambda1+0.9*lambda2 = 144.80429156281667 (lambda1 = 1430.0429156281666, lambda2 = 2.0) Resol time = 295 ms

{"id": 0, "drone": 1, "position":(16.666666666666668,8.333333333333334,1.0), "time":757.638012320995,"sensors":[44,25,13,41,24,26,40,11,43,18,7],"power":[0.1399830391736648,0.1448467635096075,0.07466456679748551,0.10375842515376542,0.1407066948148181,0.12003013280881186,0.19857548987016893,0.6262317724169427,0.24589466462361015,0.15433948693016175,0.19052567642260432]}
{"id": 1, "drone": 1, "position":(25.0,41.666666666666664,1.0), "time":672.4049033071716,"sensors":[29,31,23,9,47,15,38,12,16],"power":[0.07471731973288358,0.16574449560228,0.04633539044066933,0.12148911767833498,1.0541848805212075,0.0721703824352737,0.18377300672516617,0.19735708464231402,0.5682572090125987]}
{"id": 2, "drone": 2, "position":(8.333333333333334,25.0,4.0), "time":812.7415084448718,"sensors":[5,4,20,17,8,1,2,48,49,28],"power":[0.12505129271308713,0.07184471668193998,0.29403439420766364,0.23259870178837252,0.2594271321959397,0.0578817325903854,0.07248378587327947,0.15376568947453315,0.20005492539184722,0.16146077845316342]}
{"id": 3, "drone": 5, "position":(8.333333333333334,33.333333333333336,1.0), "time":220.00907746267706,"sensors":[5,4,20,17,1,2,48,49,28],"power":[0.23799824970953484,0.07815528331806001,0.02209252477850441,0.5472732660435958,0.14772231203059732,0.22614219957083764,0.22321694503212766,0.01421835744851417,0.02341384326048824]}
{"id": 4, "drone": 5, "position":(8.333333333333334,8.333333333333334,1.0), "time":617.3014071832948,"sensors":[44,30,13,8,24,26,40,11,7],"power":[0.1613612928165694,0.15,0.15943152863030308,0.0695540592890646,0.13458253232367934,0.7770942918781081,0.516872394093521,0.5338473432654078,0.9371096197567531]}
{"id": 5, "drone": 3, "position":(41.666666666666664,41.666666666666664,1.0), "time":530.5808194956406,"sensors":[23,35,39,45],"power":[0.5106206467471119,0.33358578944716266,0.15000000000000002,0.6116393426974922]}
{"id": 6, "drone": 0, "position":(41.666666666666664,8.333333333333334,1.0), "time":757.638012320995,"sensors":[0,14,34,32,37,6,27,10],"power":[0.1145579569296074,0.2766588172978678,0.17164709783224277,0.26816049454516055,0.13687701947933992,0.9906466283003417,0.15,0.2694278852059881]}
{"id": 7, "drone": 7, "position":(33.333333333333336,8.333333333333334,1.0), "time":672.4049033071716,"sensors":[25,0,14,34,37,6,43,3],"power":[0.1674469430671374,1.176551577834544,1.464424624409853,4.097673714526575,1.5497202782686283,0.06267183062589225,0.06893494642540951,0.15]}
{"id": 8, "drone": 4, "position":(16.666666666666668,41.666666666666664,1.0), "time":106.68759774765704,"sensors":[29,31,1,9,2,47,38,12,16],"power":[0.07528268026711642,0.012454245829087775,0.03034816609371083,0.050796400847979914,0.025429817898908483,0.05737223207639509,0.054136052258382354,0.01903713188797917,0.012791544940471947]}
{"id": 9, "drone": 6, "position":(25.0,25.0,1.0), "time":585.1889654150053,"sensors":[21,31,41,42,22,33,19,46,15,12],"power":[0.15472223532898563,0.11295105837742535,0.12847226338383794,0.25430010941348574,1.4527011473706193,1.8818891558537527,0.2804809050333561,0.08495519423787824,0.12521197443398996,0.08695431532007211]}
{"id": 10, "drone": 6, "position":(41.666666666666664,25.0,5.0), "time":844.8539502131613,"sensors":[21,36,42,46],"power":[0.10031423438999394,0.15,0.06506917038567486,0.13359918266684143]}
