LP RESULTS :
 Obj = 0.1*lambda1+0.9*lambda2 = 117.93311044499524 (lambda1 = 1161.3311044499524, lambda2 = 2.0) Resol time = 2777 ms

{"id": 0, "drone": 0, "position":(41.666666666666664,25.0,1.0), "time":142.029672427602,"sensors":[41,33,15,1,42,13,36,28,35],"power":[0.009222486244296892,0.024614996167528016,0.029736587178107614,0.01595783652170354,0.009076584195862115,0.022392169346042847,0.036895260557316636,0.019330687535846363,0.12724034817816585]}
{"id": 1, "drone": 0, "position":(33.333333333333336,8.333333333333334,1.0), "time":153.61001399032767,"sensors":[32,40,46,41,24,12,26,42,13,38,28,49,47],"power":[0.03469584736476379,0.029207905636480357,0.04510805392988812,0.049683409326127075,0.05075708808624257,0.07921282805617093,0.7564910537612293,0.01943591147112717,0.028192693829247294,0.020967992207658066,0.012337443459261811,0.040789305678884835,0.4375773977462239]}
{"id": 2, "drone": 2, "position":(41.666666666666664,8.333333333333334,1.0), "time":564.6702731742907,"sensors":[40,46,41,24,12,26,42,13,38,28,49,47],"power":[5.6467027317429075,0.045172894271843,0.40003573317854463,0.05392933453224904,0.07347806277979546,0.16874577465829332,0.660494069788042,0.0747870187561739,0.12903200779234195,0.17086384376522212,0.10921069432111517,0.15942161151451623]}
{"id": 3, "drone": 2, "position":(41.666666666666664,16.666666666666668,1.0), "time":33.998831201817666,"sensors":[32,40,46,41,33,24,12,26,42,13,28,35,47],"power":[0.0030027636878707234,0.007116087080030623,0.004251989670590762,0.016087810762191755,0.0033775177382186724,0.00486372339760841,0.005527872713784677,0.00421808347348748,0.01752647214745773,0.014540994781703906,0.06339516051587471,0.0032549399497712917,0.0028771388494549907]}
{"id": 4, "drone": 5, "position":(25.0,41.666666666666664,1.0), "time":30.84167130895223,"sensors":[16,48,22,17,14,23],"power":[0.003239428194028336,0.008125215927768768,0.02338108266689573,0.005139951475982582,0.0032563780901870448,0.004650778632384221]}
{"id": 5, "drone": 5, "position":(8.333333333333334,16.666666666666668,1.0), "time":463.3346664436267,"sensors":[31,37,0,7,25,5,27,9],"power":[0.11319776726685116,0.12641870129926366,0.09390010955884272,0.06266919412891414,0.5530453947080254,0.05987857772074042,0.5882474480940105,1.6227047462768456]}
{"id": 6, "drone": 1, "position":(25.0,25.0,1.0), "time":142.02967242760133,"sensors":[32,22,46,33,24,21,34,39,2,5],"power":[0.01891039275766185,0.01006229445105516,0.013677015523266025,0.037157851056244785,0.012295623810574918,0.12243067732822459,0.06835991103371891,0.07111017943269186,0.06878181105719831,0.031174997854322452]}
{"id": 7, "drone": 1, "position":(41.666666666666664,41.666666666666664,1.0), "time":1019.3014320223501,"sensors":[16,48,17,20,15,1,43,45,36,23],"power":[0.2754639787469069,0.17286952860724802,0.2741766571566928,3.4098159147627203,0.1921847263090698,0.18179578323571713,0.14999999999999997,0.957890643977786,0.1175912931384685,0.1785899851548794]}
{"id": 8, "drone": 4, "position":(8.333333333333334,41.666666666666664,1.0), "time":109.45993420994515,"sensors":[8,14,18,4,30,11,19,44,10],"power":[0.06625195351779797,0.015307800409399433,0.03243725402910443,0.011499278236136874,0.011737281573364958,0.012084388016409837,0.1357946347394417,0.06480481031991044,0.08219912913070496]}
{"id": 9, "drone": 4, "position":(16.666666666666668,25.0,1.0), "time":165.01601976424809,"sensors":[21,4,34,39,2,25,30,11,5],"power":[0.14003014497572533,0.022318968289613546,0.022042783998914357,0.017970781403464264,0.08837970700137714,0.019750526929736143,0.02741698146338789,0.02140689513994261,0.08737669570136421]}
{"id": 10, "drone": 3, "position":(25.0,33.333333333333336,5.0), "time":111.18800111864978,"sensors":[48,22,33,21,2],"power":[0.007446687592270267,0.03299809288818172,0.0074699520699418225,0.012756638000398463,0.024327243710649996]}
{"id": 11, "drone": 3, "position":(33.333333333333336,16.666666666666668,1.0), "time":267.02231365591433,"sensors":[32,40,46,41,33,24,34,12,26,39,42,13,28,35,47],"power":[0.28348267053235915,0.022424295800381012,0.5254459883427338,0.07530624140938245,0.07879186673150758,0.6024786798717406,0.05959730496736673,0.4357901154683219,0.05797880058571986,0.07259132677317479,0.029924315659793612,0.5911395938664029,0.032790624696717764,0.01950471187206295,0.03765841924311006]}
{"id": 12, "drone": 6, "position":(16.666666666666668,41.666666666666664,1.0), "time":770.3803586354832,"sensors":[22,8,14,18,19,44,10],"power":[0.08355852999386733,0.050637499522690976,0.2308764692266167,0.063955529641659,0.15069932770575178,0.0650466901848968,0.07007632009350494]}
{"id": 13, "drone": 6, "position":(16.666666666666668,8.333333333333334,1.0), "time":390.9507458144692,"sensors":[7,6,29,5,3,27,9],"power":[1.9155131983441418,0.12595388102279012,0.12076710155474348,0.036936979508830195,0.19555195629700675,0.026536259650740385,0.040891797334781425]}
{"id": 14, "drone": 7, "position":(8.333333333333334,8.333333333333334,1.0), "time":307.0456921918565,"sensors":[31,37,0,7,6,25,29,3,27,9],"power":[0.036802232733148844,0.0947800839748735,0.06885123810748464,0.08638862987942687,0.02453181849603763,0.029007578078306954,0.029232898445256523,0.03990660828446416,0.08596822548111878,0.0970847265436255]}
{"id": 15, "drone": 7, "position":(8.333333333333334,33.333333333333336,1.0), "time":225.93472605022112,"sensors":[8,18,4,2,25,30,11,19,44,10],"power":[0.033110546959511045,0.5139301510648662,0.34907042139975086,0.015358058275236374,0.014943885531600172,0.39877812475469215,0.3845396635900246,0.1469973457399735,0.09707517972222955,0.08265910349071048]}
