LP RESULTS :
 Obj = 0.1*lambda1+0.9*lambda2 = 140.77842268439892 (lambda1 = 1389.784226843989, lambda2 = 2.0) Resol time = 768 ms

{"id": 0, "drone": 7, "position":(41.666666666666664,41.666666666666664,1.0), "time":390.24123396674395,"sensors":[40,17,48,15,6,12,32,7,42,9,14,24,8],"power":[0.02709363333448389,0.38954924647708555,0.21295045210146238,1.0526694567426917,0.14722471309995344,0.08612051053030853,0.12123657026903284,0.05433558035238517,0.061987381024942834,0.08328525798475267,0.03995356316104021,0.02859050533217743,0.10313845749878069]}
{"id": 1, "drone": 7, "position":(33.333333333333336,33.333333333333336,1.0), "time":5.404541901382572,"sensors":[40,48,27,34,31,47,42,19,9,3,24,41,8],"power":[7.580484676104956E-4,0.0011916470380996904,4.46246143923056E-4,0.0015332597595801608,9.262143495056392E-4,0.004111408263735434,0.001184982571853637,4.7275327893785927E-4,0.006270992976595493,0.009183295527380786,0.0037371333641850225,0.005210830840619731,0.002317220931812658]}
{"id": 2, "drone": 4, "position":(8.333333333333334,16.666666666666668,1.0), "time":291.67504446050793,"sensors":[43,30,35,39,4,1,25,22,21],"power":[0.028907682012646672,0.16530812399645362,0.026263286518189287,0.1226606115443724,0.1339516911270824,0.05787820801703904,0.6689260653392218,0.11925802814257423,0.061909210600486785]}
{"id": 3, "drone": 4, "position":(41.666666666666664,33.333333333333336,1.0), "time":94.78673985091577,"sensors":[40,17,48,15,12,47,7,42,9,3,24,41,8],"power":[0.061538121237506786,0.009130522914102183,0.1365131225123748,0.01884417562214675,0.013403858548302677,0.00719269164913815,0.019554141907328217,0.007580804305960292,0.05253384793886312,0.02097688623198725,0.03382252904340824,0.008182312889954229,0.1520298158275153]}
{"id": 4, "drone": 1, "position":(8.333333333333334,41.666666666666664,1.0), "time":999.542992877245,"sensors":[46,2,29,11,20,26,37,18,36],"power":[0.3110759417977031,0.20237467195089004,0.14277696986979213,0.11853394249336709,0.6776983963503961,0.09835930631764488,0.15,0.5597779450190119,1.1251449063542671]}
{"id": 5, "drone": 1, "position":(16.666666666666668,25.0,1.0), "time":215.72901566075944,"sensors":[43,11,27,34,38,31,4,1,25,22,21],"power":[0.18090941840242372,0.054095874520730634,0.027743915656225072,0.02210067887521851,0.08046758634463155,0.028894727398145668,0.01633441075064266,0.031300242538485054,0.02340963980295328,0.036089226828478906,0.11127951702510133]}
{"id": 6, "drone": 3, "position":(33.333333333333336,41.666666666666664,2.0), "time":389.76985130782725,"sensors":[44,17,48,15,6,31,47,32,42,19,9,14,3,10,24,41,8],"power":[0.04596964609299813,0.043702533993959014,0.06964692683573796,0.04711475601235478,0.12471822989784201,0.026683991526695438,0.0589026158803542,0.054836798496924063,1.1542264396118402,0.07796403769682593,0.09301441381980992,0.1477118049010554,0.03990206661993791,0.040264423721688355,0.03271583123312953,0.05225531808884911,0.07241931054193555]}
{"id": 7, "drone": 3, "position":(41.666666666666664,8.333333333333334,1.0), "time":1000.0143755361618,"sensors":[33,0,28,13,5,23,16],"power":[0.504341903711066,0.1961461471527536,0.3106600077034045,0.19227557885526106,0.08358478352794954,0.25841289332974043,0.18910264559336715]}
{"id": 8, "drone": 0, "position":(41.666666666666664,41.666666666666664,5.0), "time":119.34062585037543,"sensors":[17,48,15,6,12,32,7,42,9,14,8],"power":[0.04251134500140163,0.033901525799604496,0.05810362885400081,0.028711138095119527,0.019427084045069282,0.02611169231839139,0.01282588782402952,0.014399424654495174,0.018318582120651326,0.009346706635206169,0.022869600178875397]}
{"id": 9, "drone": 0, "position":(16.666666666666668,8.333333333333334,1.0), "time":401.25820048142464,"sensors":[49,30,35,1,25,45,21],"power":[1.0872687680783186,0.10366905538465425,0.13058312519652607,0.13071812830953128,0.06878728770715684,0.10464146652927607,0.04247872809419583]}
{"id": 10, "drone": 5, "position":(8.333333333333334,25.0,3.0), "time":174.51221830598462,"sensors":[43,11,39,38,4,18,25,22,21],"power":[0.06646046411366485,0.03267002686766495,0.027339388455627632,0.014901806887683656,0.06588048148379501,0.014296535017437504,0.024686769569810002,0.1894591942162725,0.027310607707603362]}
{"id": 11, "drone": 5, "position":(25.0,16.666666666666668,1.0), "time":187.26912208493746,"sensors":[49,27,34,13,5,1,21],"power":[0.026820939195069456,0.06509859783877432,0.01618021418962273,0.01787985799563512,0.056303900402321354,0.03987219031577586,0.03201116790600996]}
{"id": 12, "drone": 6, "position":(25.0,8.333333333333334,1.0), "time":174.51221830598456,"sensors":[49,0,5,1,45],"power":[0.06899443820109803,0.02284486345363492,0.0728301111402249,0.023555176450278815,0.04535853347072391]}
{"id": 13, "drone": 6, "position":(25.0,25.0,1.0), "time":119.34062585037508,"sensors":[43,27,34,38,31,47,3,1,24,41,21],"power":[0.010793097385151582,0.20402886686742577,0.08366339771024646,0.024457738027773766,0.031212903116731257,0.02239694790375826,0.015754349578201758,0.00903424709075023,0.010032184815722505,0.025398191291555405,0.016376548764385764]}
{"id": 14, "drone": 2, "position":(25.0,41.666666666666664,1.0), "time":390.24123396674406,"sensors":[46,44,2,29,34,38,31,47,26,42,19,14,10,41],"power":[0.05163092691581304,1.0076336497280114,0.05844681049362669,0.11826678576856467,0.026522449465332144,0.03017286873991098,0.06750774916331337,0.06565048810019421,0.1439130536151133,0.11516466064022073,3.902412339667441,0.08119408700662807,0.10973557627831163,0.05124403884910008]}
{"id": 15, "drone": 2, "position":(41.666666666666664,33.333333333333336,5.0), "time":390.2412339667444,"sensors":[40,17,48,15,12,7,9,3,24,41,8],"power":[0.11860902146067669,0.029346948221007245,0.15339624997314943,0.057654846728464444,0.04212391180279119,0.0632843899162571,0.11401511322428622,0.06418340204249227,0.09387206279793418,0.0263470526077357,0.16106235291041468]}
