LP RESULTS :
 Obj = 0.1*lambda1+0.9*lambda2 = 135.12105393041483 (lambda1 = 1333.2105393041481, lambda2 = 2.0) Resol time = 1888 ms

{"id": 0, "drone": 1, "position":(8.333333333333334,8.333333333333334,5.0), "time":797.1234508925273,"sensors":[14,39,44,32,43,2,17],"power":[0.28426361072024026,0.2586686702317227,0.14451316615473248,0.15226839013215807,0.10920589981074764,0.07422327778211694,0.08817415818450478]}
{"id": 1, "drone": 1, "position":(8.333333333333334,16.666666666666668,2.0), "time":132.02992862046722,"sensors":[14,39,40,44,18,29,43,49,30,2,17],"power":[0.011240262425430404,0.009741285142016672,0.028485147621215783,0.055509618344417255,0.01667290610343982,0.01927089305819534,0.045891754754602554,0.014162599432579049,0.01797993186321179,0.012121741968173949,0.29924678168845764]}
{"id": 2, "drone": 5, "position":(8.333333333333334,41.666666666666664,4.0), "time":898.924745274509,"sensors":[22,16,33,47,0,36,6,48],"power":[0.08389112865180395,0.15,0.22946309984508462,0.178719056607054,0.16795354741027996,0.2688151151797683,0.5318099705572102,0.3041854321516131]}
{"id": 3, "drone": 5, "position":(25.0,41.666666666666664,1.0), "time":119.54480423278687,"sensors":[42,23,35,9,26,41,36,27,25],"power":[0.05156223603098563,0.04528897934877104,0.007815563335411932,0.08032526722482354,0.15847223030176,0.020134542047757227,0.011669120101782874,0.02124138738777642,0.007854029142256674]}
{"id": 4, "drone": 0, "position":(33.333333333333336,41.666666666666664,1.0), "time":464.6630392377062,"sensors":[19,4,42,15,23,1,9,26,46,28,25],"power":[0.04180803093822221,0.048654792148952464,0.9948245374210819,0.17417517538973548,0.945940377302678,0.12247015648856806,0.23964373000396705,0.04425959577807075,0.053585651406248345,0.05099154727945235,0.04525578431094495]}
{"id": 5, "drone": 4, "position":(41.666666666666664,41.666666666666664,1.0), "time":119.54480423278693,"sensors":[19,4,42,15,23,1,9,46,28,24],"power":[0.08982290354399898,0.07397080643904003,0.013848270085267653,0.35016410745887006,0.014622107685657689,0.02752984351143193,0.008245822246421751,0.009769323553916435,0.04189730589482245,0.012243615877530553]}
{"id": 6, "drone": 7, "position":(41.666666666666664,8.333333333333334,1.0), "time":786.2618527966052,"sensors":[31,38,21,10,13,45,20,12],"power":[0.18266986041869063,0.10072572260397082,1.646065883999814,0.15000000000000002,0.09853307290393697,0.22049160765954307,0.15131385846407358,2.5283171814195105]}
{"id": 7, "drone": 7, "position":(16.666666666666668,33.333333333333336,1.0), "time":47.823715870846044,"sensors":[22,35,9,26,41,18,0,36,27,49,30,6,48],"power":[0.01080467203546403,0.0076035894947265766,0.0031137089415165476,0.008713607469599255,0.07599458352026799,0.0040202095414486475,0.004802302147618717,0.014694031338597572,0.08728151591212566,0.010324832373996545,0.008497277133898086,0.006192051293521796,0.007050596082436036]}
{"id": 8, "drone": 2, "position":(25.0,8.333333333333334,1.0), "time":395.25826690178553,"sensors":[37,40,5,13,2,7],"power":[0.06429497353853086,0.024944730667556984,0.11686779847558831,0.13848340965454442,0.12132366951929335,0.036214503540343466]}
{"id": 9, "drone": 2, "position":(16.666666666666668,16.666666666666668,1.0), "time":8.798892889367966,"sensors":[37,40,44,5,11,49,30,2,17],"power":[0.003750234606389385,0.03319189056798004,5.650749873917229E-4,0.001380079193922152,6.853213320624861E-4,0.0018649607459079946,0.0022550946011296435,0.0035045294512682994,0.001617565073186428]}
{"id": 10, "drone": 3, "position":(41.666666666666664,33.333333333333336,1.0), "time":357.9991099388353,"sensors":[19,4,3,15,23,34,46,28,25,24],"power":[0.13048365236762025,0.027374401412007504,0.022637503609857758,0.07572155386639358,0.02632512334480389,0.10339173622537738,0.11467336649034313,0.8789047034834141,0.04277817582531371,0.5466201862054897]}
{"id": 11, "drone": 3, "position":(41.666666666666664,16.666666666666668,1.0), "time":546.9486865075429,"sensors":[31,3,34,38,21,45,20,7,8,12],"power":[0.07822305740090991,0.12736249639014227,0.053295743507232506,0.19858155322730847,0.12091873150059106,0.04292671245102338,0.08592003652678408,0.07133406918966723,0.06671709206191076,0.08120076234060117]}
{"id": 12, "drone": 6, "position":(8.333333333333334,25.0,4.0), "time":386.46207815879313,"sensors":[40,44,22,18,0,29,43,49,30,17,48],"power":[0.045132781154122746,0.031051173874913227,0.11949420839907395,0.24416242335757782,0.05144335232976822,0.13072910694180467,0.03489649100528538,0.08236263705408041,0.08594275483127958,0.10177161068572409,0.03245110743318347]}
{"id": 13, "drone": 6, "position":(25.0,25.0,3.0), "time":391.0035858948197,"sensors":[37,40,5,35,41,46,11,27,49,30,25,7,8],"power":[0.08262261994475552,0.04319018065668144,0.05262205125840681,0.30604386081830587,0.05387087443197478,0.033125478860557694,0.20655390181047995,0.04403150501465998,0.06233035059895908,0.0580195016704273,0.08026893407538331,0.06503972096733564,0.08328290793808923]}
