LP RESULTS :
 Obj = 0.1*lambda1+0.9*lambda2 = 126.71299600081397 (lambda1 = 1249.1299600081397, lambda2 = 2.0) Resol time = 1371 ms

{"id": 0, "drone": 2, "position":(8.333333333333334,16.666666666666668,2.0), "time":376.1217538426763,"sensors":[43,46,13,18,33,16,25,35,1,10,36,49],"power":[0.024249834940484005,0.026231366438122055,0.4112132441387382,0.12571626214666595,0.13753615634583874,0.07562007486909758,0.09160555903149666,0.025413979169547914,0.02373699918689957,0.03895417298680138,0.025307791098767386,0.45986737292747637]}
{"id": 1, "drone": 2, "position":(33.333333333333336,25.0,3.0), "time":164.15152707224962,"sensors":[2,11,44,19,15,37,34,30],"power":[0.04465835212484131,0.022210025452807067,0.06444036982681836,0.026975342820467596,0.274844147059883,0.012799468440006456,0.02128152627757726,0.0461651445110326]}
{"id": 2, "drone": 4, "position":(16.666666666666668,8.333333333333334,1.0), "time":496.88645232278714,"sensors":[43,5,24,20,33,22,16,35,1,10,36,49],"power":[0.11383167970781251,0.07520931946188254,0.11393697368522174,0.563674149099754,0.050334091737708225,0.07967670878334678,0.3831158491113478,0.07376436062934259,0.8433484933164044,0.20879352430987907,0.1308284188692316,0.03303268673125532]}
{"id": 3, "drone": 4, "position":(41.666666666666664,25.0,1.0), "time":145.72569072555305,"sensors":[21,14,2,11,44,19,15,37,30],"power":[0.0234898863419973,0.01285331369297806,0.012913252760812408,0.018054553090678455,0.04093195393271143,0.09390950409813482,0.026657307367790224,0.08898656156404365,0.010647462492092351]}
{"id": 4, "drone": 3, "position":(33.333333333333336,41.666666666666664,1.0), "time":328.3484637069874,"sensors":[17,31,9,14,44,7,47],"power":[0.09647732444995916,0.020972241895686115,0.3689392312605408,0.020737851210116662,0.026460085797238683,0.10079747670726388,0.5062583932144292]}
{"id": 5, "drone": 3, "position":(41.666666666666664,41.666666666666664,1.0), "time":546.4082521234304,"sensors":[17,26,9,23,14,44,7,47],"power":[2.8495991155538016,0.15404545963283725,0.06831036877884711,0.14999999999999997,0.18005107525665143,0.035087932167538055,1.1732049466977224,0.30548993673105557]}
{"id": 6, "drone": 6, "position":(8.333333333333334,8.333333333333334,1.0), "time":376.1217538426763,"sensors":[43,46,13,24,18,20,33,16,25,1,10,49],"power":[0.20764176839332799,0.14809314429920206,0.03666787614991704,0.024701432683374307,0.07031874063561346,0.03361485638540271,0.3337839815882205,0.3711140818574787,0.11603165258232595,0.04208510203735849,0.36422348732018617,0.0991434324675642]}
{"id": 7, "drone": 6, "position":(16.666666666666668,41.666666666666664,1.0), "time":321.01702810034294,"sensors":[27,8,31,12,42,3,29,32,48,0,4],"power":[0.047549029349549,0.07313496072893168,0.04761549009716539,0.05882986954237766,0.04722936589029473,1.0866599262559016,0.05805118078379906,0.024368959689528274,0.021926298384448737,0.07416987702561222,0.0504404596960907]}
{"id": 8, "drone": 5, "position":(25.0,8.333333333333334,5.0), "time":329.25506958213845,"sensors":[45,5,24,20,41,2,22,35,1,34,30,36],"power":[0.03123508105372755,0.08269327139722364,0.04012037628078966,0.09859029150559138,0.03579220486700451,0.023876938314431922,0.09522126818515293,0.04083126971109967,0.08624646462624608,0.0526459904849237,0.023146935188718267,0.0679506457036187]}
{"id": 9, "drone": 5, "position":(16.666666666666668,33.333333333333336,1.0), "time":6.030685621771607,"sensors":[27,8,12,42,28,3,29,48,0,4],"power":[0.010305519696646464,0.014013451529578553,0.05591359694578229,0.0013057970022605598,0.0013064047776458676,0.0021060777182077394,0.026676707775951512,0.0010779780428638458,7.851624444579001E-4,4.558294625202286E-4]}
{"id": 10, "drone": 0, "position":(8.333333333333334,41.666666666666664,1.0), "time":99.43838695350628,"sensors":[8,39,12,42,28,3,29,32,48,0,38,4],"power":[0.016025944877003623,0.006580692173085928,0.008453056398214807,0.037604737933779026,0.010001371628679574,0.02086341374267342,0.006639899976241551,0.07006468413373579,0.01621711742601202,0.4761624867547176,0.037754424534710306,0.46864326937999823]}
{"id": 11, "drone": 0, "position":(25.0,41.666666666666664,1.0), "time":374.3732441777219,"sensors":[27,8,31,9,12,3,29,47],"power":[0.04291380170391495,0.024740710586360966,0.08141226800714849,0.10109927314670228,0.031233324607111822,0.07336861094428022,0.0394159531917767,0.03813963356289662]}
{"id": 12, "drone": 7, "position":(8.333333333333334,33.333333333333336,1.0), "time":448.27061515479704,"sensors":[27,13,8,39,12,42,28,3,29,32,48,0,38,4],"power":[0.04923164924988959,0.028348488384577406,0.17952871756941152,0.14341930782691406,0.09732937685560014,1.2270773979910314,0.6519241897220723,0.061694230536924154,0.06955300405958162,0.055566356176735936,2.2356086236758226,0.1353546973451688,0.11224557546528968,0.10055129736006471]}
{"id": 13, "drone": 7, "position":(25.0,16.666666666666668,2.0), "time":46.86668426053786,"sensors":[45,20,2,11,22,15,35,1,34,30,36],"power":[0.005093749163677654,0.009132528303712297,0.015005076088942738,0.004883733203213868,0.0538373075751595,0.004006424672096527,0.042893341953858154,0.008552080732535189,0.030690934157845774,0.01963022111523836,0.030894576409558967]}
{"id": 14, "drone": 1, "position":(41.666666666666664,8.333333333333334,5.0), "time":273.4827325357958,"sensors":[6,45,41,40,11,19],"power":[0.09601623201571309,0.052902719364408525,0.059745639734944435,0.04649209269952259,0.03828300174029051,0.020043201417372092]}
{"id": 15, "drone": 1, "position":(41.666666666666664,16.666666666666668,1.0), "time":563.1309883676611,"sensors":[6,21,45,41,2,40,11,19,15,37,34,30],"power":[0.06737784500667425,0.1265101136580027,0.1286147461302615,0.054462155398051056,0.0696182315824763,0.10427663816415782,0.2718118725210395,0.6781309518023902,0.042297241985088205,0.04821396999594988,0.045381549079653284,0.050410236692918435]}
