LP RESULTS :
 Obj = 0.1*lambda1+0.9*lambda2 = 129.7414646709699 (lambda1 = 1270.414646709699, lambda2 = 3.0) Resol time = 66298 ms

{"id": 0, "drone": 5, "position":(33.333333333333336,33.333333333333336,4.0), "time":235.96421567271946,"sensors":[9,12,45,33,46,5,1,7,42],"power":[0.014915340683993385,0.02291586591117427,0.048013939606855995,0.016503678792803775,0.023083332266038866,0.015187063134728618,0.01894877874353249,0.06779492396598975,0.017635604686277558]}
{"id": 1, "drone": 5, "position":(25.0,25.0,3.0), "time":151.83526026591835,"sensors":[20,9,14,21,18,45,33,46,5,7],"power":[0.01915354732603075,0.07070881406043389,0.11022095250682312,0.11453862109464723,0.012274100760469935,0.026203279496685845,0.0797078020954214,0.13828893462264857,0.2660820352853461,0.03824231148512563]}
{"id": 2, "drone": 5, "position":(8.333333333333334,8.333333333333334,1.0), "time":336.98187979815145,"sensors":[31,20,10,39,2,8,29,49,48,22],"power":[0.1346055949802743,0.02186301696871005,0.05062402487006218,0.07569265842081006,0.10251514137390923,0.07480869565073602,0.09349377741709124,0.049836631117478436,1.040789344530141,0.09888285958007287]}
{"id": 3, "drone": 0, "position":(41.666666666666664,41.666666666666664,1.0), "time":916.5683440494398,"sensors":[40,4,41,36,23,15,42],"power":[0.3592693163420843,0.13161196927687363,1.4386744039948085,0.15,4.989513996288132,1.0629627878234675,0.08380388953596218]}
{"id": 4, "drone": 0, "position":(25.0,41.666666666666664,1.0), "time":110.02282855392849,"sensors":[4,19,12,43,1,7,26,42],"power":[0.01529887435519057,0.024331538900748052,0.6519526268279365,0.05676961553418881,0.11316442277886038,0.014533452082215756,0.039567040970426334,0.04433608076637566]}
{"id": 5, "drone": 0, "position":(33.333333333333336,25.0,1.0), "time":150.04722689069843,"sensors":[13,9,14,24,21,27,45,33,46,5,7],"power":[0.03045969310342114,0.05689889824957761,0.04252493215737268,0.02093032513581193,0.020171407401837857,0.041047435650037024,1.181271335616565,0.06478941558923627,0.06670792868020672,0.027595937561445096,0.030696689212118895]}
{"id": 6, "drone": 2, "position":(33.333333333333336,8.333333333333334,1.0), "time":715.2191811742618,"sensors":[28,6,13,3,44,32,11,24,37,27,18,47,30],"power":[0.11194028681637559,0.1534766938451016,0.06185723796754961,2.1837157936749914,0.06631888028340362,0.058054155528498935,0.35825579019741555,0.12357271009497789,0.18155310997802487,0.09624275080635745,0.10730606089774798,0.1049123154858575,0.05386301211142992]}
{"id": 7, "drone": 2, "position":(33.333333333333336,41.666666666666664,1.0), "time":7.859258433611316,"sensors":[4,41,12,43,23,1,15,7,42],"power":[0.003089156367935796,0.0011407816890345475,0.0016418395021760093,5.324666824483624E-4,0.0013225247287813589,0.003352398573317479,7.288294846686118E-4,8.094465880517635E-4,0.005150665802436989]}
{"id": 8, "drone": 2, "position":(25.0,8.333333333333334,1.0), "time":389.798789412857,"sensors":[28,6,20,10,39,3,44,11,18,30,22],"power":[0.11483380554146094,0.06474943482710495,0.0518257416481972,0.04854986352162281,0.03304962288048686,0.07156423507359908,0.13911038072597728,0.6909997641767396,0.27859182196705257,0.09613698788857006,0.060156915932549994]}
{"id": 9, "drone": 1, "position":(16.666666666666668,16.666666666666668,1.0), "time":2.53768631873518,"sensors":[31,20,10,9,39,14,8,29,21,18,48,33,46,5,22],"power":[4.3179066358124804E-4,0.00812901802463142,0.007678952930654491,2.043075177435641E-4,0.0030530433771543616,2.59447523936975E-4,0.0012934920025199754,6.239316553405883E-4,5.348477284800834E-4,5.081420178512474E-4,2.3253636399141482E-4,1.8882635480350226E-4,1.69733377555514E-4,3.078401114286806E-4,6.605879318807346E-4]}
{"id": 10, "drone": 1, "position":(41.666666666666664,25.0,1.0), "time":236.4163536381156,"sensors":[13,24,27,45,38],"power":[0.07856735083805264,0.039498145860724816,0.04888325592814932,0.05815742900047137,0.05499179560309136]}
{"id": 11, "drone": 6, "position":(25.0,25.0,1.0), "time":11.023729537926355,"sensors":[20,9,14,21,27,18,45,33,46,5,7],"power":[0.001528796543101224,0.00727263948825153,0.013534011968166185,0.01475512377503456,7.598221431568757E-4,0.0010219750252620488,0.002052071155982432,0.0081793799780017,0.019303910154917017,0.07594541798601927,0.0031557420577709525]}
{"id": 12, "drone": 6, "position":(8.333333333333334,33.333333333333336,2.0), "time":7.8592584336113305,"sensors":[0,16,25,17,19,34],"power":[0.001658238471242962,0.008152402698095832,0.00154061611361441,0.0012636120089025117,0.001054326621989198,0.010406792565877438]}
{"id": 13, "drone": 6, "position":(8.333333333333334,25.0,1.0), "time":38.53527847041568,"sensors":[31,20,10,39,16,8,17,29,49,34],"power":[0.004666985932895943,0.0026262162780822684,0.0026631879715157355,0.0032047279886915367,0.019203097714068803,0.006403277596599463,0.01217839914894308,0.006702863071627192,0.0025921308005001052,0.007228084083106995]}
{"id": 14, "drone": 3, "position":(8.333333333333334,8.333333333333334,2.0), "time":162.8589898038448,"sensors":[31,10,39,2,8,29,49,48,22],"power":[0.06087125838168004,0.02351366200152667,0.03552332471773416,0.04748485862609076,0.03505725259787511,0.04207437084584105,0.022781087863771823,0.3326413970919916,0.04577913842215532]}
{"id": 15, "drone": 3, "position":(41.666666666666664,8.333333333333334,1.0), "time":157.70815546869648,"sensors":[13,3,32,24,37,27,47],"power":[0.018989848328188355,0.036830071065496045,0.13987317863672935,0.03462765354905273,1.0545822306236592,0.017337436431671842,0.04508768451414248]}
{"id": 16, "drone": 4, "position":(41.666666666666664,33.333333333333336,1.0), "time":345.98704422664764,"sensors":[40,41,45,23,15,38],"power":[0.035186394354850686,0.03707260274359677,0.04128284657113223,0.07073952839507146,0.07953902352448439,0.09500820439690863]}
{"id": 17, "drone": 4, "position":(8.333333333333334,16.666666666666668,1.0), "time":339.7020229056947,"sensors":[31,20,10,39,8,17,29,49,48,22],"power":[0.7727447689990232,0.044873663211247056,0.07648695433982734,0.11635332282788882,0.5461850291935881,0.033701742756010324,2.0150822319615367,0.07479015021824963,0.0990024666731999,0.04987965962661084]}
{"id": 18, "drone": 4, "position":(16.666666666666668,41.666666666666664,1.0), "time":147.5710945369209,"sensors":[0,16,19,12,35,43,1,26],"power":[0.02366351557799367,0.009392735789086955,0.15561523402924152,0.03215674131333916,0.018933437534538376,0.1182413948072712,0.014534399904289673,0.07851001601381265]}
{"id": 19, "drone": 7, "position":(8.333333333333334,41.666666666666664,1.0), "time":393.6027780632124,"sensors":[0,16,25,19,34,35,43,26],"power":[2.087369806128737,0.04026873480391727,0.07756445363672237,0.05683893411599449,0.07776980048470637,0.13106656246546164,0.03437337857124089,0.03192294301576102]}
{"id": 20, "drone": 7, "position":(8.333333333333334,33.333333333333336,1.0), "time":611.3586871220258,"sensors":[0,16,25,17,19,34,43],"power":[0.13233120521036335,0.8129906305801043,0.12421179387928173,0.10285624608614415,0.08185080800697053,1.0605317525942408,0.03888322985836937]}
