LP RESULTS :
 Obj = 0.1*lambda1+0.9*lambda2 = 143.47799491970238 (lambda1 = 1416.7799491970236, lambda2 = 2.0) Resol time = 904 ms

{"id": 0, "drone": 4, "position":(41.666666666666664,16.666666666666668,1.0), "time":724.4164805771758,"sensors":[22,13,18,12,39,23,20,27,1],"power":[0.1548237617244155,0.15,0.15334705843739568,0.1712154380966301,0.12263929167681592,0.12349651143256118,1.1691156224930985,3.1274498701296882,0.20466765471308881]}
{"id": 1, "drone": 0, "position":(25.0,16.666666666666668,1.0), "time":320.1461960948699,"sensors":[19,26,30,10,18,11,39,31,9,21,25],"power":[0.06113565403041185,0.13907626602704648,0.05932180184978466,0.024123595503400628,0.05299510703347298,0.023191035833200056,0.05206593807885875,0.12996566759273828,0.04477279499143294,0.03420512412969841,0.03701674367993899]}
{"id": 2, "drone": 6, "position":(25.0,33.333333333333336,1.0), "time":216.39160075873167,"sensors":[15,30,10,41,38,44,47,4,31,37,0],"power":[0.10437294311405154,0.01670919196929135,0.06427120524776622,0.1334281525123984,0.05078310263961507,0.21615080143342108,0.03849270413933521,0.02349557325981657,0.02545034598990953,0.03274185566503251,0.07373806939850502]}
{"id": 3, "drone": 6, "position":(41.666666666666664,41.666666666666664,1.0), "time":1028.5266883733711,"sensors":[15,14,43,5,45,6,17,33],"power":[0.0696093216604472,0.2446798034906286,0.39590320564075376,0.22940939042707817,1.7222554240059278,0.23917279100742117,0.12766241907703701,0.430130932445269]}
{"id": 4, "drone": 7, "position":(8.333333333333334,41.666666666666664,1.0), "time":525.2909030990005,"sensors":[48,16,36,29,32,38,24,4,0],"power":[0.08505112873795467,0.049893759581182015,0.15193364618295485,0.2578532319468868,0.15,0.05598075109946947,0.17013078373136759,0.13615425561382413,0.04591708481229513]}
{"id": 5, "drone": 1, "position":(16.666666666666668,41.666666666666664,1.0), "time":374.83842377545295,"sensors":[36,41,38,44,4,37,0],"power":[0.12150776729925208,0.11271807084988578,0.10267703968142075,0.08141585271263799,0.17826930413069175,0.18296499454517154,0.13483599743940894]}
{"id": 6, "drone": 1, "position":(8.333333333333334,8.333333333333334,1.0), "time":783.6093740147368,"sensors":[7,11,8,2,42,34,28,49,25],"power":[0.15,0.21004705712494826,1.9497904774238781,1.1289523801630912,0.3392434696096856,0.10355565602209757,0.18341220299729066,0.1660796527999986,0.05857576222486877]}
{"id": 7, "drone": 5, "position":(8.333333333333334,25.0,4.0), "time":591.2300245341846,"sensors":[16,35,30,42,40,21],"power":[0.20816199090737822,0.2019815665475786,0.07396900618092397,0.05699452648292489,0.6017806260639116,0.12124577808420392]}
{"id": 8, "drone": 5, "position":(41.666666666666664,41.666666666666664,3.0), "time":216.39160075873178,"sensors":[14,43,5,45,6,17,33],"power":[0.045734081326929056,0.06931979307652243,0.04308565571236443,0.19054329223155544,0.04476860072733771,0.0241333174957003,0.0726078872652504]}
{"id": 9, "drone": 2, "position":(25.0,8.333333333333334,1.0), "time":313.0243790874169,"sensors":[19,26,3,11,34,49,9,25],"power":[3.130243790874169,0.03124259691410193,0.14999999999999997,0.05468141312597376,0.060575908794069946,0.035014370695285686,0.23428820368570152,0.23697563697793647]}
{"id": 10, "drone": 2, "position":(41.666666666666664,8.333333333333334,2.0), "time":692.3634686198478,"sensors":[22,12,20,46,27,9,1],"power":[0.051632257014480196,2.8055843917992953,0.09618218245780212,0.15,0.10527826993238233,0.05830805355134742,1.2521166572876956]}
{"id": 11, "drone": 3, "position":(33.333333333333336,33.333333333333336,1.0), "time":171.86166006492067,"sensors":[15,10,18,39,23,41,44,43,47,5,31,45,33],"power":[0.20315268740376927,0.06709204552413169,0.011264698733334223,0.01627475638831018,0.026503488567438813,0.015635375986186157,0.015179982080371928,0.03204251014984275,0.135605338555453,0.013213858684303373,0.012291249086534848,0.02071966423918631,0.026967508918357048]}
{"id": 12, "drone": 3, "position":(8.333333333333334,33.333333333333336,1.0), "time":300.25902156383853,"sensors":[48,16,35,29,38,44,24,4,0,40,21],"power":[0.06494887126204532,0.3399221900115152,0.10382178760525397,0.041161289590847916,0.05782722490197622,0.020885829859701024,0.04851475193779588,0.09308906996866993,0.03383071664885383,0.06467228726522062,0.024566344097093525]}
