LP RESULTS :
 Obj = 0.1*lambda1+0.9*lambda2 = 146.5119377255933 (lambda1 = 1447.119377255933, lambda2 = 2.0) Resol time = 796 ms

{"id": 0, "drone": 0, "position":(8.333333333333334,16.666666666666668,1.0), "time":634.0824067086996,"sensors":[9,17,10,48,35,14,49,3,23,21,27,1],"power":[0.10291660862465912,0.13520219505420863,0.06844074961269378,1.1959207615187226,0.049568630549243604,0.12630120755601068,0.05369562099270195,0.04889741158904883,0.0711564312313223,0.1358179403524057,2.3181090695555566,0.14306282814783058]}
{"id": 1, "drone": 0, "position":(8.333333333333334,8.333333333333334,1.0), "time":71.06166300341118,"sensors":[9,48,14,3,27],"power":[0.017417062845272106,0.012001893018550345,0.017940684749147312,0.028353899997865827,0.018035773153034063]}
{"id": 2, "drone": 5, "position":(41.666666666666664,25.0,1.0), "time":196.19338219244207,"sensors":[30,29,20,38,46,36,26,45],"power":[0.39859786828627686,0.035774844612298434,0.03401422253802426,0.017613002025551838,0.07297996175988884,0.03329950601443805,0.02410741052044113,0.02526815986440863]}
{"id": 3, "drone": 5, "position":(25.0,25.0,1.0), "time":506.46173245086106,"sensors":[19,10,0,6,31,8,23,26,32,45,7],"power":[0.034835337505821136,0.037069569148520755,0.35275957517849515,0.3694755517144989,0.08814707616559761,0.32583553724122366,0.11872293061031841,0.18586857510571167,0.03492679769626298,0.10703666556213193,0.1751340452296569]}
{"id": 4, "drone": 3, "position":(41.666666666666664,16.666666666666668,1.0), "time":545.7819253513801,"sensors":[30,20,38,46,26,4,5,45],"power":[0.17443862639074262,0.11598577746197572,0.38700087088010027,1.776538883617364,0.042394162590691654,0.0812497716959134,0.04757193057884854,0.08165694711760216]}
{"id": 5, "drone": 3, "position":(8.333333333333334,41.666666666666664,5.0), "time":401.34875542242025,"sensors":[28,37,39,34,42,41,11,43,22,40],"power":[0.0803290775744311,0.11945967512160267,0.13122821677034682,0.05075357933693211,0.03476414004305386,0.12466834892328449,0.07759792363781731,0.08166938670640427,0.04459053790091157,0.08103036218015205]}
{"id": 6, "drone": 7, "position":(8.333333333333334,41.666666666666664,1.0), "time":709.2929230816094,"sensors":[28,35,37,39,49,34,42,41,11,43,22,40],"power":[0.19830499069858132,0.0485510644602275,0.41418497186298764,0.577684934507264,0.055825097276137874,0.12003441174294727,0.07708101920496464,0.5104360027057923,0.1956403567908026,0.199549844751273,0.10540946209908841,0.20385249625435575]}
{"id": 7, "drone": 7, "position":(16.666666666666668,8.333333333333334,1.0), "time":39.320192900519544,"sensors":[9,19,16,14,12,3,13,23,27],"power":[0.10692224378632922,0.008215124702454975,0.005680372403097537,0.054944401007672915,0.0035345463051850677,0.02412627720349464,0.008776458912532238,0.004020298937189706,0.003200668746791749]}
{"id": 8, "drone": 4, "position":(33.333333333333336,8.333333333333334,1.0), "time":198.6823372612497,"sensors":[19,16,12,38,46,13,2,4,44,5,45,7],"power":[0.032174478622814036,0.026058109346626786,0.027410901835388406,0.056914059619177046,0.012887076785800772,0.040589288588172255,0.165904142718392,0.3832204686367946,0.04382893733412043,0.5451311207276754,0.01847325782922541,0.016464594749220542]}
{"id": 9, "drone": 4, "position":(41.666666666666664,41.666666666666664,2.0), "time":1032.580507125781,"sensors":[24,15,29,36,47,25,18],"power":[0.15,0.35322561538185643,0.23661334826458436,0.1514856686543385,0.17679532475526827,0.08251317207374494,0.36748510634984854]}
{"id": 10, "drone": 6, "position":(25.0,8.333333333333334,5.0), "time":528.9155269863413,"sensors":[9,19,16,0,14,12,3,13,2,4,44,5,7],"power":[0.06709427845914799,0.19850188116150863,0.1295221339088684,0.034864656870383454,0.05783598861515133,0.09731548394086527,0.033932849778895983,0.31803798414349316,0.06367207577686876,0.046255115761965865,0.07422868057294256,0.11403786713808482,0.043402416913771745]}
{"id": 11, "drone": 6, "position":(33.333333333333336,41.666666666666664,1.0), "time":88.28976130498074,"sensors":[29,36,47,32,33,25,18],"power":[0.006755609597957374,0.015746913869764928,0.466445655381839,0.027148223275522507,0.013058578549368526,0.033073341908884946,0.09407491300825847]}
{"id": 12, "drone": 2, "position":(8.333333333333334,25.0,1.0), "time":93.51545753889127,"sensors":[17,10,48,35,8,39,49,34,42,23,21,27,1,40],"power":[0.014797804945791347,0.06813203717108882,0.02131534672115981,0.060077320823103984,0.007546745533047505,0.00637474577925169,0.0908658219034021,0.0232447139869118,0.034825381450890903,0.008491170888573363,0.16552463064692813,0.016357706728246987,0.03312513349495216,0.012718051057776061]}
{"id": 13, "drone": 2, "position":(25.0,41.666666666666664,1.0), "time":326.249108825171,"sensors":[31,47,32,33,41,25,43,18],"power":[0.04500273062749978,0.08260203395850814,0.22604685302995964,0.13694142145063146,0.02067340559567382,0.08057502181527602,0.054827119624248966,0.034964894286662794]}
{"id": 14, "drone": 1, "position":(16.666666666666668,33.333333333333336,1.0), "time":10.22858992673239,"sensors":[10,35,37,31,8,39,49,34,42,32,41,43,40],"power":[0.002632977924458081,9.490124952276064E-4,6.839955139079885E-4,0.016850193206902276,0.0027810311579305907,0.001024579371103912,0.0020507210564998466,0.0034943017924297442,0.0033294593010905985,9.759055714357485E-4,0.0028114198844734523,0.0023091135983132538,0.0012193321649527024]}
{"id": 15, "drone": 1, "position":(25.0,8.333333333333334,1.0), "time":173.73958765696148,"sensors":[9,19,16,0,14,6,12,3,13,23,2,4,44,5,7],"power":[0.02939169896761302,0.20269022514024013,0.06411148753057817,0.014839977203750927,0.025072960336229824,0.012225988091832972,0.043652147695649415,0.014689561430694692,1.7373958765696147,0.013648940897030153,0.02768152542953853,0.019462421896712424,0.03194238209293697,0.05345872506906017,0.01796565572899441]}
