LP RESULTS :
 Obj = 0.1*lambda1+0.9*lambda2 = 182.7548223529662 (lambda1 = 1809.5482235296618, lambda2 = 2.0) Resol time = 7006 ms

{"id": 0, "drone": 6, "position":(25.0,41.666666666666664,1.0), "time":783.0513175903761,"sensors":[25,38,10,7,40,1,6,47,21,30],"power":[0.22032927365706378,0.19296756052564049,0.8932815648561925,0.15,0.10419225351129792,0.10628850340400917,0.11105205984984437,0.04983670300049471,0.15070145569944862,0.7669958285376622]}
{"id": 1, "drone": 3, "position":(41.666666666666664,41.666666666666664,3.0), "time":1026.4969059392856,"sensors":[9,35,40,20,4,31,43,8,11,14],"power":[0.24892906835300393,0.08045038567683847,0.2362117828570806,0.29056290757992675,0.3838242483202898,0.39997487374825225,0.5515759982392813,0.2808591523985088,0.08636107039899142,0.19759294487788673]}
{"id": 2, "drone": 7, "position":(41.666666666666664,8.333333333333334,1.0), "time":891.4301618471601,"sensors":[12,3,23,0,32,49,17,34],"power":[0.08443482409246872,0.09751731065817004,0.4765969352365161,3.0977309534737594,0.3198284571035763,0.0719585033445251,6.050795637496628,0.15]}
{"id": 3, "drone": 2, "position":(16.666666666666668,8.333333333333334,1.0), "time":808.8290111093721,"sensors":[36,28,42,19,45,41,46,18,24,2,5,15],"power":[0.3585005868833639,0.13417953763287696,0.45270973948351567,0.137481113246202,0.07477161952194644,0.8536575868308334,0.2991871437764094,0.372461901164749,0.40295101252325594,0.23691696413315222,0.08626635699521236,0.15]}
{"id": 4, "drone": 1, "position":(8.333333333333334,25.0,1.0), "time":559.2747582304596,"sensors":[28,27,29,5],"power":[0.07839418047053222,0.15,0.7981929173773245,0.057359036556342294]}
{"id": 5, "drone": 4, "position":(41.666666666666664,25.0,1.0), "time":495.31115680813235,"sensors":[12,3,35,44,23,49,26,43,11,37],"power":[0.33032770070282713,0.06054232676197777,0.3957847243294577,0.04818493922339552,0.047000848462375684,0.11432814910965554,0.15,0.040412207370544885,0.35165291046702896,0.06505308783384088]}
{"id": 6, "drone": 0, "position":(25.0,16.666666666666668,2.0), "time":441.44445418983,"sensors":[42,16,44,45,2,37,5,48],"power":[0.10352832053969026,0.6538542608662498,0.12327808994888396,0.8660670888312936,0.04680105929914368,0.09021059950639589,0.1174010122600668,0.09524368990148233]}
{"id": 7, "drone": 0, "position":(33.333333333333336,25.0,1.0), "time":287.7401607822437,"sensors":[12,25,35,16,44,45,6,21,11,37,48],"power":[0.046862812015438855,0.02792155058772156,0.044698259507296854,0.05108018453260015,0.10684817150270859,0.02652458864494554,0.05739222604848504,0.042472105213087634,0.0502458906949873,0.40774486682136235,0.08975079203286984]}
{"id": 8, "drone": 5, "position":(8.333333333333334,8.333333333333334,1.0), "time":7.956656988409804,"sensors":[36,28,42,19,41,46,18,24],"power":[0.0026663689227075103,0.002635043083185556,5.221475431068646E-4,0.012518886753798013,0.0010447830259595941,0.0088170921332783,0.007440254665062544,0.0023265882476948244]}
{"id": 9, "drone": 5, "position":(8.333333333333334,41.666666666666664,1.0), "time":1026.4969059392856,"sensors":[13,1,47,22,39,33,30],"power":[0.31370334625953106,0.1430733335194043,0.8345798444543358,0.4541056908532675,4.760796327545724,0.15,0.07368157127619529]}
