LP RESULTS :
 Obj = 0.1*lambda1+0.9*lambda2 = 167.43947358767983 (lambda1 = 1656.394735876798, lambda2 = 2.0) Resol time = 227 ms

{"id": 0, "drone": 4, "position":(25.0,25.0,4.0), "time":376.6253250895103,"sensors":[44,39,24,8,12,29,11,34,18,27,6,25],"power":[0.10449704686797837,0.0868753502051516,0.03849060297565334,0.11226343277547356,0.23353832665664173,0.0635544684669405,0.23812981783119835,0.08714666139221981,0.10246963412375061,0.04439824581288603,0.10150133840134379,0.1288475335415719]}
{"id": 1, "drone": 4, "position":(8.333333333333334,16.666666666666668,1.0), "time":892.6283618940622,"sensors":[35,39,21,16,23,0,36,29,2,26,15,47],"power":[0.06612361821400559,0.08627194752158501,0.22103426643720134,0.09675033722115549,0.10328854697008885,2.3674142023413287,0.12794398619647282,0.06605130024755554,0.1237312653273091,0.06529843351452526,0.3085606258519441,0.6614419463836394]}
{"id": 2, "drone": 7, "position":(16.666666666666668,41.666666666666664,1.0), "time":681.7104519673502,"sensors":[44,5,28,8,40,42,27,6,1],"power":[0.04321429183373222,0.1144995612135392,0.05206276396411131,0.04360641790199181,0.06637562201973837,0.12336377927923416,0.09319001061930524,0.054041287489995864,0.06407192411819972]}
{"id": 3, "drone": 7, "position":(16.666666666666668,41.666666666666664,3.0), "time":376.62532508951045,"sensors":[5,28,40,42,27,6,1],"power":[0.05701015988813625,0.02612441976832478,0.033047934643594505,0.06203378353675986,0.04569933535089764,0.027213065705393162,0.032732233408144594]}
{"id": 4, "drone": 3, "position":(8.333333333333334,33.333333333333336,2.0), "time":583.7236756586777,"sensors":[35,4,44,28,16,8,7,2,42,20],"power":[0.0838763817859944,1.0738028941813467,0.04591078729119125,0.4269821192374925,0.05587749195868678,0.037390957930534145,0.15,0.17962121609093185,0.2034603473072359,0.6849776237567143]}
{"id": 5, "drone": 3, "position":(25.0,8.333333333333334,1.0), "time":262.6108404805717,"sensors":[19,37,31,39,49,38,24,36,29,34,18,30,15],"power":[0.628746705853152,0.09596594110788473,0.060864533200499144,0.018515576616437095,0.09663697898639398,0.02988268200901198,0.07813653235126998,0.02307057066799261,0.04373194038541761,0.03521446070875905,0.03400191327403096,0.5070545206661613,0.022401441064924785]}
{"id": 6, "drone": 0, "position":(8.333333333333334,8.333333333333334,1.0), "time":486.8202503409043,"sensors":[21,49,23,46,0,36,26,15,47],"power":[0.11375006290656585,0.06101215291318912,0.4987442706938445,0.15,0.08416851944921665,0.35073980722122433,0.2740296216334315,0.1253745458552573,0.05488693734594338]}
{"id": 7, "drone": 0, "position":(41.666666666666664,33.333333333333336,1.0), "time":536.8705959479579,"sensors":[17,41,45,3,33,10],"power":[0.05183214185695045,0.04352396104252235,0.06542830265270654,0.11192684230099641,0.19267638084916586,0.11782102440989801]}
{"id": 8, "drone": 5, "position":(41.666666666666664,8.333333333333334,1.0), "time":846.3444134320742,"sensors":[41,48,22,38,13,43],"power":[0.06226783887100973,0.15,1.0262942305592058,0.15773252757520875,2.3783776758295985,1.715406518145132]}
{"id": 9, "drone": 6, "position":(41.666666666666664,25.0,1.0), "time":84.56211019085873,"sensors":[41,45,38,3,33],"power":[0.06545803187657973,0.06445692102409659,0.0056628909276059194,0.016314761903881387,0.009198290506762834]}
{"id": 10, "drone": 6, "position":(41.666666666666664,41.666666666666664,2.0), "time":912.4257893596728,"sensors":[17,32,9,33,14,10],"power":[0.2474784149372067,0.15,0.28314880405598886,0.14985500461490722,0.19034092027009747,1.70410669956295]}
{"id": 11, "drone": 2, "position":(16.666666666666668,25.0,1.0), "time":14.335283161259781,"sensors":[4,44,39,8,12,0,29,11,34,2,18,42,15,27,6,47,25],"power":[0.0011297028427227204,0.008859760088969368,0.00635746367733154,0.006003992937495228,0.005813336882386309,0.0023018649456617783,0.0026269408483685828,0.001615742979363746,0.0010865155032068802,0.00424762102976379,0.0018052028245736085,0.003221654872733507,0.0013707980590172077,9.303855822251463E-4,0.0043847475734294745,0.0036575887156133353,0.021152466458428037]}
{"id": 12, "drone": 2, "position":(41.666666666666664,25.0,3.0), "time":122.5362403783089,"sensors":[41,45,3,33],"power":[0.06482827501231542,0.06262015737751961,0.021758395795122194,0.01246632275167407]}
{"id": 13, "drone": 1, "position":(33.333333333333336,8.333333333333334,1.0), "time":462.87737177329336,"sensors":[19,37,31,22,38,24,13,34,43,18,30],"power":[0.0595557884877069,0.1029258155221474,0.08913546679950085,0.041686516760568816,0.20080340065832902,0.10562608742047568,0.09640393480770036,0.046538914494131146,0.18862186939620187,0.031122808819905767,0.22300104941332344]}
{"id": 14, "drone": 1, "position":(25.0,41.666666666666664,5.0), "time":207.0983505691673,"sensors":[17,5,14,40,27,6,1],"power":[0.02488227194289065,0.08035788779953816,0.023111585323477953,0.05057644333666711,0.04827938833012768,0.013832290901733681,0.05669387378437843]}
