LP RESULTS :
 Obj = 0.1*lambda1+0.9*lambda2 = 154.927095537793 (lambda1 = 1531.27095537793, lambda2 = 2.0) Resol time = 1253 ms

{"id": 0, "drone": 1, "position":(16.666666666666668,16.666666666666668,1.0), "time":709.8916550588954,"sensors":[5,47,29,22,13,41,34,27,10,2,26],"power":[0.09134870374251859,0.05669227204164077,1.6036340183483129,0.06451190176773457,0.07468614569777,0.18338304652791318,0.19043604610779186,0.09328343699533635,0.05654811016775875,0.13710471409050878,0.2024095489287976]}
{"id": 1, "drone": 1, "position":(16.666666666666668,8.333333333333334,1.0), "time":109.52796700068996,"sensors":[5,47,25,29,34,27,15,10,2],"power":[0.10878420659338038,0.07692297444035491,0.008263186496920727,0.027247948350447623,0.02141681697954472,0.009609987863066105,0.01154634952073026,0.03646635458220775,0.019980755263871008]}
{"id": 2, "drone": 4, "position":(8.333333333333334,41.666666666666664,1.0), "time":1337.139852796633,"sensors":[17,23,14,43,33,28,18,35,38],"power":[0.11687459880707479,0.4830090956601972,0.20521815729299062,0.13928113906359818,0.27200214325176164,0.1724025798550929,0.14999999999999997,1.0356755602977705,0.8315070415188547]}
{"id": 3, "drone": 4, "position":(16.666666666666668,41.666666666666664,1.0), "time":22.33007634755043,"sensors":[16,17,23,19,36,43,33,28,35,38,48,7],"power":[0.003318601815448252,0.005766968305415835,0.00634887890967408,0.002148175746105114,0.004772517435623132,0.006198888403892336,0.09548283329817286,0.03741265658446256,0.0017810081889521564,0.0016500739811348775,0.0014851277658948006,0.006659860041202141]}
{"id": 4, "drone": 3, "position":(25.0,41.666666666666664,1.0), "time":35.3108044344599,"sensors":[45,16,17,19,36,43,39,24,33,28,48,7],"power":[0.004711512474380493,0.006670500239176505,0.005044170153224926,0.004335798145698275,0.023062454544084125,0.004519972532509481,0.003829379335123297,0.004327308555148497,0.0075259943412575555,0.01051787925434696,0.008462619148052578,0.1827674784547023]}
{"id": 5, "drone": 3, "position":(33.333333333333336,41.666666666666664,1.0), "time":921.7066611549296,"sensors":[3,45,21,31,40,36,39,24,1,48,42,7],"power":[0.26777792751457213,0.21570361939948401,0.06715443329622768,0.1069590999550591,0.129547632247833,0.11450349962118221,0.19977161598857304,0.19156115750469044,0.13989880104398075,0.15728882054772433,0.3064239773337286,0.14611731962551713]}
{"id": 6, "drone": 2, "position":(25.0,33.333333333333336,1.0), "time":109.52796700069013,"sensors":[32,45,16,17,13,19,36,39,24,41,33,28,7,26],"power":[0.008386946084171513,0.03193051760610135,0.18382547984660008,0.031010748323812374,0.024485507887625015,0.13753040699161964,0.007661528399110523,0.0271844658069033,0.033658693401046796,0.012115832488531077,0.01403558062767464,0.008779503212331332,0.022669075025462507,0.01102272519342975]}
{"id": 7, "drone": 2, "position":(41.666666666666664,16.666666666666668,1.0), "time":908.7531366993458,"sensors":[32,12,4,0,20,8,9,11],"power":[0.08075275602203827,0.2967175852501094,0.16721204757517386,0.3059955387790873,0.07318953134736304,0.23523425106234103,3.213818350207941,0.13235120948535956]}
{"id": 8, "drone": 7, "position":(41.666666666666664,33.333333333333336,1.0), "time":464.7255227878503,"sensors":[3,45,21,37,31,40,46,39,24,1,8,42],"power":[0.05832523997854246,0.07388636564945887,0.15039829113024886,0.4317814133961104,0.06221331142335646,0.11904781991364856,0.14999999999999997,0.08827727364864639,0.07079373588089628,0.1413399561910928,0.0809027283689324,0.12487079028588355]}
{"id": 9, "drone": 0, "position":(8.333333333333334,16.666666666666668,1.0), "time":517.7202307370477,"sensors":[6,5,29,22,34,2,26],"power":[0.08467099987914833,0.06086537174450089,0.2055694194698231,0.08070029227099997,0.8181226671059609,0.6030861338247664,0.040045885462466985]}
{"id": 10, "drone": 0, "position":(8.333333333333334,25.0,2.0), "time":167.16884778270014,"sensors":[6,29,22,13,14,41,34,2,26],"power":[0.06532900012085165,0.019033746008379933,0.3451129766480732,0.01865439413967051,0.047374227457416734,0.010844014540751859,0.017707306170608287,0.01490736057802526,0.019343174309246553]}
{"id": 11, "drone": 6, "position":(16.666666666666668,25.0,1.0), "time":26.96225479859678,"sensors":[16,17,29,22,13,14,19,41,34,26],"power":[0.0042272991025894815,0.004670287700447408,0.0045068606112699024,0.007803755233731954,0.03217395227493446,0.0027654102002455396,0.005985619116576962,0.014995856707977588,0.0018361888594158721,0.04840710226463368]}
{"id": 12, "drone": 6, "position":(33.333333333333336,8.333333333333334,1.0), "time":343.04760866947333,"sensors":[49,25,12,4,0,20,30,44,27,15,10,9,11],"power":[0.7915436807101329,0.2567355769031891,0.10996486904063149,0.27790613518497576,0.048753746721319234,1.1494306273559596,0.14305044418616222,1.0725900228375846,0.061665904859808815,0.1462961104672484,0.038940618424160175,0.027755001248815664,0.06448264138408312]}
{"id": 13, "drone": 5, "position":(33.333333333333336,16.666666666666668,2.0), "time":157.79229589073384,"sensors":[32,49,25,12,4,0,20,8,44,27,15,9,11],"power":[0.06086029789379009,0.027568568540522247,0.040278670402906835,0.21469931680337526,0.02664820984327037,0.01444162339356131,0.021280998671629893,0.01330497787547878,0.022148583405439185,0.04823784360359976,0.014372978757909396,0.02171675373784032,0.38537051440089765]}
{"id": 14, "drone": 5, "position":(25.0,8.333333333333334,4.0), "time":72.81153044205439,"sensors":[5,49,47,25,12,4,20,30,44,27,15,10,11],"power":[0.005400948106267449,0.0212017882772683,0.01638475351800431,0.026793681256878855,0.005338928518372976,0.00480574876980028,0.01050704451023775,0.006949555813837742,0.016719453256893186,0.017390579602840375,0.03549515648310428,0.03770678228023912,0.00741442449384319]}
