LP RESULTS :
 Obj = 0.1*lambda1+0.9*lambda2 = 124.63477292380529 (lambda1 = 1228.3477292380528, lambda2 = 2.0) Resol time = 1928 ms

{"id": 0, "drone": 2, "position":(25.0,41.666666666666664,1.0), "time":212.4576719171497,"sensors":[30,46,23,36,0,7,9,21,25,41,45],"power":[0.05270673801412828,0.03690417448745593,0.08309761590419378,0.017544351601769412,0.17905849767953314,0.044228495874752256,0.03471755426391751,0.3384801692934252,0.08009970216640575,0.03375063975079878,0.13182753772927142]}
{"id": 1, "drone": 2, "position":(8.333333333333334,25.0,1.0), "time":212.45767191714992,"sensors":[17,20,10,31,34,4,19,33,35],"power":[0.018014942213806062,0.016052800820238244,0.023160389424836617,0.027183767318317703,0.055011363140670004,0.04619903723871053,0.025073370411701244,0.03912802920862496,0.9565965519869116]}
{"id": 2, "drone": 3, "position":(41.666666666666664,8.333333333333334,3.0), "time":513.0891345908342,"sensors":[8,48,32,39,16,13,2,42],"power":[0.034810443881341094,0.30532367178402553,0.08270815082440976,0.057092587694097495,0.0560364226166283,0.03330801207228633,0.23757296319724794,0.1255014067421094]}
{"id": 3, "drone": 3, "position":(33.333333333333336,8.333333333333334,2.0), "time":276.6968648569633,"sensors":[14,44,8,12,48,32,39,43,16,49,13,2,42],"power":[0.04145367175673271,0.08432718536579684,0.17502067792936152,0.0483438341662911,0.0944761969704171,0.06638632988865548,0.04781227116311561,0.05996845388056442,0.05907377795314941,0.06640523926528477,0.16305351244376848,0.11198070900924188,0.0244985932578906]}
{"id": 4, "drone": 5, "position":(41.666666666666664,41.666666666666664,1.0), "time":342.45107518294515,"sensors":[26,46,1,0,5,47,28,37,45],"power":[0.06412591306864716,0.08810630560017758,0.23419056331041874,0.025603149041136627,0.09915584684671361,0.05335320702584659,0.02584563659188931,0.12167574625872085,0.027252590665012788]}
{"id": 5, "drone": 1, "position":(25.0,25.0,1.0), "time":265.0287507693345,"sensors":[30,27,7,39,3,18,9],"power":[0.050356810793924414,0.1540718229040906,0.03064576224461236,0.018755938140899854,0.024414375298389204,0.03471353838205045,0.04209781862418606]}
{"id": 6, "drone": 1, "position":(25.0,8.333333333333334,2.0), "time":438.5617297902553,"sensors":[14,44,8,12,38,6,32,27,29,43,16,49,13,2],"power":[0.5605566912234965,0.6199174370212271,0.3514611983621217,0.14542883559008662,0.053315864273055055,0.07582779877271939,0.028650757337750785,0.03911624980675029,0.15108693344914648,0.19865444951512878,0.0348897994302223,1.4619803138069358,0.4023943021783019,0.027793166217679435]}
{"id": 7, "drone": 4, "position":(41.666666666666664,25.0,1.0), "time":173.53297902092078,"sensors":[26,39,3,18,47,28],"power":[0.03139084752624168,0.02683349819041473,0.12223721394858554,0.05616096720180699,0.021060372890662815,0.07335814597497006]}
{"id": 8, "drone": 4, "position":(33.333333333333336,41.666666666666664,2.0), "time":348.4665062524507,"sensors":[26,30,46,23,1,0,5,9,28,37,21,45],"power":[0.05506722314904905,0.038027554129648033,0.9179545549563377,0.02417000007721501,0.023922342986510105,0.21415466156749213,0.0508441531532864,0.06480476878913015,0.023370983659719263,0.057732432140328166,0.04295668379874549,0.18841950185823086]}
{"id": 9, "drone": 0, "position":(8.333333333333334,8.333333333333334,2.0), "time":662.6185953193626,"sensors":[17,20,34,4,38,6,19,29,22],"power":[0.2096278654690117,0.5189548298882987,0.10747071337275564,0.13367690794919776,0.2574816500594604,0.0741722012272806,0.2298381960082678,0.05326225210742234,0.9896346677445401]}
{"id": 10, "drone": 0, "position":(16.666666666666668,25.0,4.0), "time":353.27146200154027,"sensors":[30,34,4,27,7,35],"power":[0.025946740667546077,0.024453854208547152,0.0321210784064432,0.03690830049081573,0.04059281306011629,0.04660230619581234]}
{"id": 11, "drone": 6, "position":(8.333333333333334,41.666666666666664,1.0), "time":667.4235510684525,"sensors":[40,11,23,10,31,36,33,15,24,25,41],"power":[0.15000000000000002,0.2902374895328367,0.04273238401859122,0.19325809846564362,0.04954240300445688,0.22429954917926562,0.11598975582257867,0.47884856225816397,1.8009254329422353,0.0845546974904001,0.15819504408921187]}
{"id": 12, "drone": 7, "position":(41.666666666666664,33.333333333333336,1.0), "time":324.97247588550727,"sensors":[26,46,1,3,18,47,9,28],"power":[0.4075655747795793,0.028380122089511954,0.04751008863340466,0.053454272010142106,0.06050787107750788,0.11431385289743817,0.03361063046402476,0.1574964728528433]}
{"id": 13, "drone": 7, "position":(8.333333333333334,33.333333333333336,1.0), "time":348.4665062524507,"sensors":[10,31,36,33,7,15,24,25,41,35],"power":[0.29217261201569333,0.07327382967722543,0.11425595839450778,0.3882853144300008,0.03453292882051908,0.025558494873066086,0.044203303928692164,0.024942129898450082,0.0643280764305446,0.08356855391195446]}
