LP RESULTS :
 Obj = 0.1*lambda1+0.9*lambda2 = 127.0366716950329 (lambda1 = 1252.366716950329, lambda2 = 2.0) Resol time = 1248 ms

{"id": 0, "drone": 4, "position":(33.333333333333336,33.333333333333336,1.0), "time":2.772974374904372,"sensors":[28,25,2,48,26,40,43,13,44],"power":[0.013363543561951513,4.0290418695031606E-4,2.6486020107946326E-4,4.389755623382837E-4,1.8518676539002626E-4,1.7855188526810138E-4,2.449700946053173E-4,7.028746895518936E-4,4.511166527231014E-4]}
{"id": 1, "drone": 4, "position":(25.0,8.333333333333334,3.0), "time":277.79847777442467,"sensors":[29,19,21,5,7,14,18,27,38,15],"power":[0.02112024475324572,0.3204152859381554,0.044321239036905914,0.05480847686877939,0.061442480753847645,0.14918467854642684,0.024763758808807945,0.017985433974184797,0.0732594665049897,0.24990150834167993]}
{"id": 2, "drone": 6, "position":(25.0,25.0,2.0), "time":503.1275803902838,"sensors":[28,33,5,32,43,13,6],"power":[0.05543112935670236,0.69795156635304,0.09683582326239856,0.07576746702961487,0.20861186443854998,0.04827906094352447,0.08801473944039438]}
{"id": 3, "drone": 6, "position":(25.0,41.666666666666664,1.0), "time":277.7984777744248,"sensors":[36,28,25,49,42,2,48,26,40,41,43,30,44,20],"power":[0.08426451728036989,0.01887869232734061,0.318709206019592,0.054373789969707785,0.03855033012036005,2.294829047981213,0.4195469116217067,0.24598482676279107,0.08861051256099796,0.0432662758417973,0.022091611224623404,0.04997401850180225,0.1190682823606355,0.0865896799234286]}
{"id": 4, "drone": 7, "position":(33.333333333333336,41.666666666666664,1.0), "time":132.64569303812158,"sensors":[28,25,23,37,2,48,26,40,44,20],"power":[0.020954845181110907,0.08989290709728441,0.012347153334279567,0.012836354418302722,0.02519610875475526,0.07544146138986346,0.03993373138267265,0.057697291504436025,0.25562170452910093,0.010084964186068102]}
{"id": 5, "drone": 7, "position":(8.333333333333334,16.666666666666668,1.0), "time":974.5682391759043,"sensors":[4,0,39,21,31,11,47,16,22,1,10,27],"power":[0.41771880952574736,0.2703020227606898,0.08371699124210219,0.11460158433991091,0.08844567454782394,0.37422626258665487,0.27584427022702257,0.15305459936271673,0.4392214935312047,0.3747463311756072,0.7360435157268154,0.1569290232953477]}
{"id": 6, "drone": 3, "position":(8.333333333333334,41.666666666666664,5.0), "time":505.9005547651882,"sensors":[36,9,17,49,42,46,41,3,34],"power":[0.0579535325500699,0.08313540223861897,0.29798463527356905,0.08911965625572665,0.039030907935487004,0.14276329954515055,0.09936442946768695,0.11414871655203211,0.08662442640640391]}
{"id": 7, "drone": 3, "position":(33.333333333333336,8.333333333333334,1.0), "time":124.51612511095806,"sensors":[29,19,12,45,5,8,7,14,18,6,38,15],"power":[0.08146683795554396,0.02365015581837865,0.0339515406951906,0.010451243617614337,0.015137936223276784,0.014778981772793279,0.04386196200415336,0.01033050874143946,0.044470139396710434,0.012451758079476707,0.6224195840225594,0.023387453523065514]}
{"id": 8, "drone": 1, "position":(41.666666666666664,41.666666666666664,5.0), "time":783.699032539613,"sensors":[23,37,44],"power":[0.23721637849786606,0.1271116042804405,0.07203896743236349]}
{"id": 9, "drone": 1, "position":(16.666666666666668,41.666666666666664,1.0), "time":468.66768441071605,"sensors":[36,25,9,17,49,32,42,2,46,48,26,41,3,43,34,30,20],"power":[1.6525986817447982,0.04625231719194272,0.03976192723045851,0.12326422116935175,2.6341615911629668,0.030259958875894298,0.13149982390398351,0.11706371933084057,0.11446587554527617,0.04701353445704705,0.0500161205253838,1.3531883850411262,0.0692818926833746,0.031525368873175974,0.06337557359359608,0.10002598149819776,0.10989617975561496]}
{"id": 10, "drone": 2, "position":(41.666666666666664,41.666666666666664,1.0), "time":45.692114339456815,"sensors":[28,25,23,37,48,40,44],"power":[0.003580396951363958,0.0031861456126733513,0.029882875340856603,0.010052041301256746,0.0029529396763442145,0.0035136440492979175,0.005239782788261118]}
{"id": 11, "drone": 2, "position":(41.666666666666664,25.0,1.0), "time":290.32987703313756,"sensors":[28,12,35,13,6],"power":[0.03779139262153064,0.03178539625474723,0.7051924267096771,0.14556490635965566,0.038692058895361384]}
{"id": 12, "drone": 0, "position":(33.333333333333336,16.666666666666668,1.0), "time":7.564910057262068,"sensors":[29,19,12,45,33,35,5,8,13,6,38,15],"power":[0.002422716031882914,0.0010432888918578134,0.005456640537135006,5.631471380255405E-4,8.363272479652973E-4,5.617965772013594E-4,0.002210251304987809,5.548690047557622E-4,0.0010590320770029833,0.010841443584767522,0.0016662531185384448,0.0011270860259078208]}
{"id": 13, "drone": 5, "position":(41.666666666666664,8.333333333333334,1.0), "time":829.9558047489712,"sensors":[29,12,45,24,8,7,18,38],"power":[0.4040984948088028,0.2158800359990684,0.5182544526638593,0.15,1.7986713761801016,0.06364482433807625,0.15781639850755774,0.1340641280517387]}
{"id": 14, "drone": 5, "position":(8.333333333333334,25.0,1.0), "time":277.79847777442455,"sensors":[4,0,39,9,31,47,32,16,46,3,22,1,10],"power":[0.03459173349959581,0.17925339685597907,0.2474311967520221,0.05884717628297027,0.06155432545217605,1.6236760744649152,0.06215989829868742,0.2642121616412897,0.024875469747291615,0.03848543142361503,0.02376111156328737,0.04231194318437608,0.020887610174561377]}
