LP RESULTS :
 Obj = 0.1*lambda1+0.9*lambda2 = 120.22553415592829 (lambda1 = 1184.255341559283, lambda2 = 2.0) Resol time = 4710 ms

{"id": 0, "drone": 1, "position":(25.0,8.333333333333334,1.0), "time":359.56705385441336,"sensors":[15,18,38,2,8,46,4,0,39,23,42,43],"power":[0.04151918033823727,0.43839297690901613,0.028940547877385283,0.023640638459936816,0.07995927133956308,0.02740931245129918,0.08056820665171836,0.031040184221214413,0.2713050710166822,0.025949499475007732,0.35238733125038896,0.15]}
{"id": 1, "drone": 3, "position":(41.666666666666664,8.333333333333334,3.0), "time":680.4316520791665,"sensors":[5,35,33,21,48],"power":[0.1416999661564696,0.09637740914643633,0.18549713821672018,0.31847679903245935,0.11824472457461074]}
{"id": 2, "drone": 3, "position":(25.0,25.0,5.0), "time":19.48775284278372,"sensors":[12,38,41,32,2,40,47,29,28,16],"power":[0.003967501826888959,0.0021697216103303664,0.008380904060586274,0.0019835487378035686,0.007436968691162771,0.010284019903998087,0.001464302120868292,0.0015177356727472547,0.0028842925046120827,0.0038994547730569085]}
{"id": 3, "drone": 4, "position":(41.666666666666664,33.333333333333336,1.0), "time":129.59048593783643,"sensors":[26,22,11,47,29,7,24,9,13],"power":[0.009107932341768507,0.8329483851127105,0.01850204198547725,0.017045747875492817,0.03560798840710974,0.031094339990606536,0.024080490558845903,0.013048913732547195,0.008918826349944174]}
{"id": 4, "drone": 5, "position":(8.333333333333334,33.333333333333336,1.0), "time":308.80515205075193,"sensors":[44,27,20,36,6,37,16],"power":[0.08270396678010392,0.024759486776042477,0.4154975473860724,0.11801380993702708,0.12224394356109676,0.1935017061307478,0.027317762600512222]}
{"id": 5, "drone": 5, "position":(8.333333333333334,8.333333333333334,1.0), "time":614.8416536918463,"sensors":[10,15,1,3,49,8,46,4,0,25,23,34,31],"power":[0.0695183871243082,0.2704164843384231,0.10572163319607387,0.11983230314203544,0.11352969228451248,0.10628856882373806,0.2966893485128213,0.10715569441908482,0.25215468889678516,0.34954833829905374,0.46044547587491225,0.15000000000000002,0.25302012421482795]}
{"id": 6, "drone": 2, "position":(25.0,25.0,1.0), "time":246.90584363581655,"sensors":[12,38,41,32,2,40,47,29,36,28,42,16],"power":[0.07298791747511747,0.03766329158123842,0.44072536475408863,0.03233455175316868,0.3420356983357372,0.9219176913382358,0.02310250871389347,0.024933495929490637,0.018909079986540598,0.04949173591312133,0.017315041193258003,0.06893258890659978]}
{"id": 7, "drone": 2, "position":(25.0,41.666666666666664,1.0), "time":503.8236894801164,"sensors":[12,32,17,47,9,30,45,19,13],"power":[0.07577738724536058,0.18297898907512272,1.4259875832747533,0.09606589493045131,0.1411213746975149,0.36926817075642926,0.34737062743697505,1.624918471181423,0.05330742943554978]}
{"id": 8, "drone": 0, "position":(8.333333333333334,25.0,1.0), "time":415.3331460600195,"sensors":[10,1,44,49,14,20,36,6,37,28,31,16],"power":[0.10918763611805246,0.1040777210682782,0.03338006839261599,0.07014201317666857,0.11037624175070174,0.059307917079075914,0.09834124624729396,0.09088431634132633,0.03763558800771645,0.07507956917229115,0.04885399184113506,0.06899773155395128]}
{"id": 9, "drone": 0, "position":(8.333333333333334,41.666666666666664,2.0), "time":213.21119981269493,"sensors":[44,27,20,36,6,37,45],"power":[0.033915964827280105,0.12524051322395754,0.052332190303758394,0.01824977858582567,0.01962281490269865,0.067621366354281,0.01769811184194064]}
{"id": 10, "drone": 7, "position":(41.666666666666664,41.666666666666664,1.0), "time":284.4475696627298,"sensors":[26,22,47,29,9,30,13],"power":[0.1819172615092993,0.0518277487754452,0.0243838299126772,0.023253993411825147,0.028107949938268758,0.022812363846649943,0.08777374421450604]}
{"id": 11, "drone": 7, "position":(8.333333333333334,16.666666666666668,1.0), "time":154.08054180741712,"sensors":[10,15,1,3,49,14,46,4,0,25,23,28,31,16],"power":[0.12201110508685559,0.026056049094821104,0.5027129887319433,0.030167696857964565,0.15709071507824646,0.03962375824929824,0.012656988699103545,0.01991470537502116,0.04442163171971133,0.03350681784593165,0.04260621326989033,0.02325793318464142,0.3286739754817612,0.010277786467576063]}
{"id": 12, "drone": 6, "position":(41.666666666666664,25.0,2.0), "time":503.82368948011646,"sensors":[5,38,22,11,29,35,7,24,48],"power":[0.04778972447476164,0.05224088200852478,0.12394738206875706,0.7703388690308697,0.08423518670604307,0.07134416881586349,0.11890566000939345,0.6581192950596365,0.07772827703205351]}
{"id": 13, "drone": 6, "position":(33.333333333333336,16.666666666666668,5.0), "time":54.471001746152695,"sensors":[38,41,2,11,40,42],"power":[0.028985556922521173,0.007854376958798896,0.0065652666438021185,0.00750746181034524,0.005649084413525993,0.005219525672758514]}
