LP RESULTS :
 Obj = 0.1*lambda1+0.9*lambda2 = 125.2758203160016 (lambda1 = 1234.758203160016, lambda2 = 2.0) Resol time = 1145 ms

{"id": 0, "drone": 2, "position":(33.333333333333336,16.666666666666668,1.0), "time":520.8974090781933,"sensors":[11,1,47,20,33,32,23,26,22],"power":[0.3465795387662855,0.11520449173859386,0.034639770338153984,1.656754275937639,0.1480286047284843,0.09527863575500027,0.039523891052719605,0.12064495125668565,0.09588275371232605]}
{"id": 1, "drone": 2, "position":(16.666666666666668,8.333333333333334,1.0), "time":96.18214117460394,"sensors":[1,5,27],"power":[0.009745821122830923,0.008687985906897611,0.033719838533524026]}
{"id": 2, "drone": 0, "position":(25.0,33.333333333333336,1.0), "time":336.0763897529963,"sensors":[25,12,7,2,23,31,15,22,45],"power":[0.20368226485331212,0.23929664135511444,0.43438773497003247,0.22025976813060955,0.04652008198122812,0.1636123576477343,0.07107195516600406,0.024695832482150216,0.08065728886874295]}
{"id": 3, "drone": 0, "position":(41.666666666666664,41.666666666666664,1.0), "time":898.6818134070196,"sensors":[30,9,8,4,36,38,46,10,13,6,41,24,16],"power":[0.3317326562834186,0.15147505124062902,0.1689034357496417,0.2957926160272921,0.29150018019725915,1.0952705102823805,0.14270479790706908,0.14800311772815233,0.17120260641503082,0.5000786537271457,0.09494505050600019,0.08818609229459386,0.060353097587148526]}
{"id": 4, "drone": 3, "position":(8.333333333333334,8.333333333333334,1.0), "time":555.1344947315366,"sensors":[29,34,44,0,49,5,27],"power":[0.16092737895231748,0.055377259602376175,0.0464937657060914,0.07977624964298331,0.19854427458994495,0.12129304493400483,0.11628016146647598]}
{"id": 5, "drone": 6, "position":(8.333333333333334,41.666666666666664,1.0), "time":626.211328747517,"sensors":[28,40,19,21,43,35,3],"power":[0.20940059979604597,1.6492732891983137,0.16921447284162006,0.06539120961351418,0.10475243620392893,0.39500434570351656,0.2502507050511806]}
{"id": 6, "drone": 6, "position":(25.0,41.666666666666664,3.0), "time":608.5468744124989,"sensors":[25,12,7,2,14,15],"power":[0.052178256338247915,0.11945198742377064,0.11236034545106599,0.3776837201683257,0.15,0.9626656152162223]}
{"id": 7, "drone": 5, "position":(41.666666666666664,8.333333333333334,1.0), "time":678.8088244035864,"sensors":[42,18,47,20,33,32,48],"power":[0.15891904828985726,0.16390039177478694,0.11208328389008221,0.08386915498688598,0.3950229494186573,0.23385128629691537,0.7797126967067625]}
{"id": 8, "drone": 5, "position":(8.333333333333334,25.0,1.0), "time":200.00065688193843,"sensors":[34,17,21,44,43,0,39,5,37,3,45],"power":[0.033730907038488245,0.11108402250071983,0.018950418655324465,0.10622042113382643,0.043567513850718796,0.060329792547654394,0.06438430746557729,0.04303809066664448,1.127948295450431,0.016956302309643737,0.02371037630424749]}
{"id": 9, "drone": 4, "position":(41.666666666666664,41.666666666666664,1.0), "time":45.94145075847564,"sensors":[30,9,8,4,36,38,46,10,13,6,41,24,16],"power":[0.016958482152704436,0.007743545606343719,0.00863450084408808,0.015121193843258416,0.01490176052839944,0.055991247919644875,0.007295202092930907,0.007566057133648981,0.008752036588478923,0.025564486231752868,0.00485367935292449,0.0045081551181892715,0.003085306522905765]}
{"id": 10, "drone": 4, "position":(8.333333333333334,16.666666666666668,1.0), "time":189.4881125520202,"sensors":[29,34,17,44,0,49,5,37],"power":[0.01713366697258646,0.06089183335913556,0.027514075814070414,0.1479825079273787,0.5025097669630388,0.02435653119032871,1.894881125520202,0.03214082966010361]}
{"id": 11, "drone": 1, "position":(25.0,16.666666666666668,1.0), "time":27.637802859558477,"sensors":[11,1,20,31,22],"power":[0.004514023780114151,0.27637802859558475,0.0064892307521434755,0.0024967742079004956,0.029421413805523742]}
{"id": 12, "drone": 1, "position":(8.333333333333334,33.333333333333336,1.0), "time":290.13493899452067,"sensors":[40,12,17,21,44,43,39,35,37,3,45],"power":[0.07748899548301201,0.024195018436794915,0.05173170070196351,0.06747913139037201,0.019947395647743348,0.4336024458567526,0.1000442362289868,0.02362140597313973,0.08018219786522753,0.18845015956798117,0.04563233482700955]}
{"id": 13, "drone": 7, "position":(41.666666666666664,16.666666666666668,3.0), "time":7.414166818677558,"sensors":[11,18,47,20,33,32,48,26],"power":[0.0010830234934355919,7.573423664244388E-4,0.0032769457717638246,0.0012567615257191942,0.0036324692672942828,0.009721708451266145,0.0015499824542062988,0.0020028139853221594]}
{"id": 14, "drone": 7, "position":(41.666666666666664,33.333333333333336,1.0), "time":290.13493899452067,"sensors":[30,9,25,7,4,36,38,10,13,6,41,23,26,24,16],"power":[0.07408787032419706,0.08186916022315888,0.019390628877312757,0.020166833215160482,0.14967156287168487,0.0658830459634182,0.1742068134045305,0.43689766192153245,0.42844584685585174,0.036682841461604825,0.5092535218037617,0.06395602696605228,0.03414397637486597,0.3886139509433804,0.0865615958899457]}
