LP RESULTS :
 Obj = 0.1*lambda1+0.9*lambda2 = 141.3888778470347 (lambda1 = 1395.888778470347, lambda2 = 2.0) Resol time = 1398 ms

{"id": 0, "drone": 2, "position":(25.0,25.0,1.0), "time":784.2616983442138,"sensors":[26,35,10,3,48,49,8,30],"power":[0.18986108220421546,0.1992794903544333,0.2102179853530419,1.3177296336430537,0.1486809740117926,0.05559022303848091,0.19412474161171012,0.07206507433923363]}
{"id": 1, "drone": 2, "position":(16.666666666666668,41.666666666666664,2.0), "time":476.9223450326861,"sensors":[29,13,9,44,20,28,31],"power":[0.13063891105405892,0.05828592618572817,0.07779641997031671,0.051877723006819525,1.6380177715986795,0.031029394840243776,0.1263283682838254]}
{"id": 2, "drone": 6, "position":(25.0,16.666666666666668,1.0), "time":197.80898731956015,"sensors":[37,11,35,10,3,48,49,8,5,30,22],"power":[0.02516569808989535,0.05249527353063178,0.3180019716161829,0.0690782907668367,0.05204482724204944,0.12616295811578862,0.0849509653140912,0.0811444292095991,0.01490462576528923,0.017408702606941478,0.05943789927665201]}
{"id": 3, "drone": 6, "position":(41.666666666666664,25.0,1.0), "time":216.009105487013,"sensors":[37,43,14,10,38,8,42],"power":[0.014304870440511397,0.0699678029188066,0.2545328661497644,0.017797961439258096,0.07073715536349934,0.015710105654339737,0.041060349752529215]}
{"id": 4, "drone": 0, "position":(41.666666666666664,41.666666666666664,1.0), "time":695.0334554279167,"sensors":[18,2,19,45,15,34,4],"power":[0.14999999999999997,0.15102851855329552,0.07090004860415815,0.1434753336223902,0.05032616953962971,0.13074628440205738,0.12807702548275665]}
{"id": 5, "drone": 1, "position":(41.666666666666664,25.0,2.0), "time":197.80898731956017,"sensors":[43,14,10,38,8,42],"power":[0.05923567501024294,0.18536699256721753,0.01608571852760919,0.0602816412892564,0.014040261130977375,0.036682274319329286]}
{"id": 6, "drone": 1, "position":(8.333333333333334,41.666666666666664,2.0), "time":652.8727504088353,"sensors":[13,9,7,0,12,27,20,28,31],"power":[1.2315193466706478,1.7424459742412732,0.2166558565950129,0.15,0.26171058255028307,0.1611365131614453,0.1127367235076763,0.21457199736123875,0.6451570994270774]}
{"id": 7, "drone": 3, "position":(8.333333333333334,25.0,1.0), "time":266.09368302882564,"sensors":[24,25,41,16,30,28],"power":[0.08246578351464083,0.03468710039376671,0.03295325703342556,2.6609368302882563,0.0862327715860191,0.02277839644456035]}
{"id": 8, "drone": 7, "position":(33.333333333333336,41.666666666666664,1.0), "time":443.1207691428092,"sensors":[29,26,2,44,19,45,15,34,4],"power":[0.06464765496900876,0.05263448655342764,0.07741189699386122,0.16895316228038884,0.10138149779982059,0.24969169584349796,0.09967383046037027,0.11249016839082515,0.23823889762506598]}
{"id": 9, "drone": 7, "position":(16.666666666666668,8.333333333333334,1.0), "time":110.19871699648525,"sensors":[11,25,46,48,21,23,1,49,41,5,30,47],"power":[0.0735256478097881,0.010881709456903506,0.028641642588000026,0.017220987453273533,0.014322718276777346,0.03659451283062667,0.02457479501185702,0.041328368776237,0.017228329773433235,0.05757082950494452,0.0075000717486609185,0.01723919936161022]}
{"id": 10, "drone": 5, "position":(8.333333333333334,8.333333333333334,2.0), "time":1019.5963784450362,"sensors":[24,33,11,25,46,21,23,1,41,5,39,47],"power":[0.06753421648535916,0.31866019297329506,0.0730083529041252,0.31360693995493616,0.14277343852092034,1.8394092510546822,1.980355685298306,1.2038738020609585,0.36245340136807863,0.07752454472976623,0.36160538597987385,3.0084391833986035]}
{"id": 11, "drone": 4, "position":(41.666666666666664,8.333333333333334,1.0), "time":982.070685663774,"sensors":[37,32,6,36,38,40,17,22,42],"power":[0.22278268715175573,0.760841977487305,1.348710933315585,0.19919337119003475,0.10944943475073943,0.22371242572563171,0.15,0.09056210072334799,0.21309288987936184]}
{"id": 12, "drone": 4, "position":(41.666666666666664,33.333333333333336,1.0), "time":257.734553899621,"sensors":[18,43,14,4],"power":[0.016275131572593138,0.020796522070950507,0.04275999025469351,0.05739530256923347]}
