LP RESULTS :
 Obj = 0.1*lambda1+0.9*lambda2 = 116.5459303320573 (lambda1 = 1147.4593033205729, lambda2 = 2.0) Resol time = 1440 ms

{"id": 0, "drone": 0, "position":(41.666666666666664,25.0,1.0), "time":434.9207624412347,"sensors":[16,22,25,14,24,9,48,26,27,31,23,34],"power":[0.0983655016493699,0.035614232433687124,0.09840189284737745,0.060078494294161656,0.245812414174446,1.4160811764195296,0.3148387214408132,0.06928621223040578,0.81208188731599,0.11741271171258821,0.17421512106006398,0.04444165161697885]}
{"id": 1, "drone": 3, "position":(41.666666666666664,41.666666666666664,1.0), "time":638.4174341283057,"sensors":[49,14,35,46,1,7,48,30,0],"power":[0.15,0.22108722751437945,0.06557141168159146,0.11047179517966708,0.19434957878660214,0.2663381409550208,0.052476865098282935,0.09539696053886063,0.5284402593404289]}
{"id": 2, "drone": 3, "position":(33.333333333333336,41.666666666666664,1.0), "time":43.91107744091801,"sensors":[36,14,35,46,1,7,15,21,42,30,0],"power":[0.00712462951288795,0.0052853715434953005,0.06943621650470656,0.1075437138585264,0.22064545902901142,0.02096171903788823,0.003653857325361035,0.0056271530200505855,0.0035863008590044706,0.012387262949674661,0.008033674412691361]}
{"id": 3, "drone": 4, "position":(25.0,8.333333333333334,1.0), "time":570.3262146238429,"sensors":[13,12,41,40,47,44,17,39,32],"power":[1.6941602298832776,0.12362870849581638,0.1402493751930976,0.154596098634663,0.09216728946490008,0.14606827607962,0.04853244830872142,0.06898705137111631,0.4022873181576023]}
{"id": 4, "drone": 4, "position":(16.666666666666668,25.0,1.0), "time":192.06633582394403,"sensors":[37,8,22,6,15,4,20,44,3,45],"power":[0.0381392730235836,0.012413287210698853,0.015937864349418206,0.048569981133022556,0.020818309390493953,0.08147338157957684,0.22316987572480101,0.016518083394209678,0.24066098805313282,0.5076959340889942]}
{"id": 5, "drone": 2, "position":(25.0,33.333333333333336,1.0), "time":6.080144497926713,"sensors":[36,22,35,46,1,5,6,7,15,20,3,21,42,43,45],"power":[0.013562610205183942,0.0013529493141653038,0.0011084360170732397,9.749139782899989E-4,4.4276385548989587E-4,9.259478861167524E-4,0.0020541331038258777,4.1233560565504657E-4,0.02438844393297267,0.00130926633025127,0.0010093477413590142,7.87464369585047E-4,0.002269715767686964,0.001491955201510768,4.6889601473675273E-4]}
{"id": 6, "drone": 2, "position":(8.333333333333334,8.333333333333334,1.0), "time":577.1330886967299,"sensors":[8,40,47,28,18,32],"power":[0.20129622166694086,0.04522579620575202,0.07905690849414833,0.15,0.059272166449343695,0.05101621436874991]}
{"id": 7, "drone": 5, "position":(25.0,41.666666666666664,1.0), "time":459.05064725342254,"sensors":[36,35,46,1,5,6,7,15,21,42,30,43],"power":[0.10620750080988514,0.2310922002302162,0.10815706113690675,0.07109681837948577,0.09662499189235998,0.05027121235466004,0.0333246878819547,0.06769367745433764,0.8280909917372116,0.27562069875149675,0.04221577651146472,0.15199965503606466]}
{"id": 8, "drone": 5, "position":(8.333333333333334,41.666666666666664,1.0), "time":421.98610574645556,"sensors":[37,38,2,29,5,11,43,19],"power":[0.04351329631541563,2.05280128684365,0.662124509921464,0.45723405041135995,0.07910117698551015,0.15,0.04521735936761018,1.5525157317824518]}
{"id": 9, "drone": 7, "position":(33.333333333333336,8.333333333333334,4.0), "time":90.9031965405809,"sensors":[16,13,12,41,26,44,10,17,39,32,34],"power":[0.008582199757890503,0.013892603951860082,0.0854419558940889,0.00975062480690244,0.014426683409752174,0.008413693331175113,0.017355426000424612,0.04181401505409558,0.024435301233910234,0.005742151802290239,0.015897186220485093]}
{"id": 10, "drone": 1, "position":(41.666666666666664,8.333333333333334,1.0), "time":486.22989215614905,"sensors":[16,12,25,33,26,10,17,39,31,23,34],"power":[0.04149929408967176,0.10063067283288313,0.051598107152622565,0.15,0.07782818973793762,1.3101325082724244,0.3426634175362298,0.06970540464599398,0.06766935786713416,0.04945652678914477,0.23277725298891094]}
{"id": 11, "drone": 1, "position":(25.0,25.0,1.0), "time":135.40545218260831,"sensors":[16,36,22,6,15,20,44,3,45],"power":[0.011087156272543534,0.023105259472042887,0.10878485768714219,0.02176396898748642,0.04232381823652587,0.03348157865439196,0.024987159604207273,0.08975249931413157,0.03459855150271162]}
{"id": 12, "drone": 6, "position":(8.333333333333334,25.0,1.0), "time":354.8567235626714,"sensors":[37,8,29,6,4,20,3,18,45],"power":[0.1734592994385284,0.04859960817814478,0.025729215009854974,0.02734070442100512,0.7148128464092718,0.04737271134933598,0.03374315311768217,0.10277502438805913,0.05795688398918404]}
