LP RESULTS :
 Obj = 0.1*lambda1+0.9*lambda2 = 133.4582303174196 (lambda1 = 1316.5823031741959, lambda2 = 2.0) Resol time = 599 ms

{"id": 0, "drone": 6, "position":(8.333333333333334,41.666666666666664,1.0), "time":679.8426516942985,"sensors":[20,34,40,44,19,37,29,48,21,30,8],"power":[0.42635271709435196,0.1379941974912989,0.5842293095225525,0.26877109879753347,0.05554883280031186,0.4621100155961889,0.1848653185893011,0.15,0.15836070835972596,0.20390030966981046,0.06254546718285761]}
{"id": 1, "drone": 6, "position":(25.0,8.333333333333334,1.0), "time":290.80783374773,"sensors":[16,31,9,26,15,2,1,0,13,39],"power":[0.033951528107047796,0.030828035584418677,0.10458949269325114,0.2051977191244469,0.048573350067375363,0.050086614917684555,0.02178096120147238,0.037286683323418376,0.023457287144885,0.7985865600944986]}
{"id": 2, "drone": 7, "position":(41.666666666666664,16.666666666666668,1.0), "time":383.7777837787806,"sensors":[16,31,46,41,23,15,1,5,3,10],"power":[0.0953561821096499,0.08331274051246548,0.031233719039571357,0.1226358945011037,0.05947275685307276,0.044519066308541744,0.1442203997205299,0.10627761426713461,0.12381024759207077,0.1118251587436367]}
{"id": 3, "drone": 7, "position":(8.333333333333334,25.0,5.0), "time":353.14249607867714,"sensors":[17,20,42,4,29,38,36,35,11],"power":[0.05782854637744651,0.023406331355522662,0.058328448137179634,0.0448769698210424,0.04673124574286805,0.03231318089721457,0.0908329666065877,0.0993532578288871,0.03197530176977805]}
{"id": 4, "drone": 2, "position":(25.0,25.0,1.0), "time":56.16961132261736,"sensors":[31,17,28,45,42,47,4,7,36,35],"power":[0.004830484078960582,0.012197847297628626,0.00430053571144949,0.005688379427300879,0.010963230236773432,0.2874793211796241,0.01575603094317319,0.005377013331997987,0.006033332236209497,0.005285437626843824]}
{"id": 5, "drone": 2, "position":(41.666666666666664,8.333333333333334,1.0), "time":585.8270743250679,"sensors":[16,31,25,9,15,2,1,5,3,10],"power":[0.12648860051645472,0.0632033827278184,0.15,0.0772146274069588,0.1627898152894599,0.10241034491962107,0.20138905719431374,0.04372238573286538,1.9910176624331537,0.03895476456768847]}
{"id": 6, "drone": 5, "position":(8.333333333333334,8.333333333333334,1.0), "time":398.4818760477309,"sensors":[49,26,0,38,13,22,11,14],"power":[0.07259175038153355,0.03362563965030759,0.040475859853884,0.06520009160921734,0.30492011217855297,1.8603989848428844,0.12121098632529818,0.09191168946881452]}
{"id": 7, "drone": 5, "position":(33.333333333333336,41.666666666666664,1.0), "time":220.32805918218367,"sensors":[32,12,28,45,24,7],"power":[0.08224588604648148,0.025083204071348147,0.08455832687649804,0.036372850372796785,0.04349533594628933,0.03148210247022395]}
{"id": 8, "drone": 0, "position":(16.666666666666668,41.666666666666664,1.0), "time":264.4948517738209,"sensors":[20,34,40,19,37,29,43,21,30,8],"power":[0.03173694876466046,0.09614361840099502,0.05362269243202426,0.0749061155539773,0.17701679380410573,0.03202904326234853,0.06962958948898734,1.3894684138050892,0.6776070270778205,0.1885355985472383]}
{"id": 9, "drone": 0, "position":(41.666666666666664,41.666666666666664,1.0), "time":113.36011188269559,"sensors":[46,32,12,28,45,18,24,27,7,6,33],"power":[0.009048665935893506,0.013805240292794577,0.0807594496774536,0.008524309860967224,0.010045430796466494,0.013430366649125633,0.16494153178271762,0.013053578154099897,0.00981259497556555,0.00872111804487697,0.015935358059496797]}
{"id": 10, "drone": 4, "position":(16.666666666666668,25.0,1.0), "time":19.10230362739935,"sensors":[17,42,34,47,4,29,36,35,11],"power":[0.19102303627399353,0.06831895083326679,0.002287309123332933,0.0034596993243190244,0.10845679510555988,0.001690338303488506,0.025400362075936746,0.017084342108827522,0.0018422296991035011]}
{"id": 11, "drone": 4, "position":(16.666666666666668,8.333333333333334,1.0), "time":265.92274999955407,"sensors":[26,0,13,22,39,11,14],"power":[0.24839174004797693,0.07223745682269762,0.2252776144785483,0.04089513325942532,0.03351820624336132,0.06112011875458479,0.058088310531185454]}
{"id": 12, "drone": 1, "position":(41.666666666666664,33.333333333333336,1.0), "time":573.5820247080221,"sensors":[46,41,12,28,45,23,18,24,27,7,6,33],"power":[0.4517447445356007,0.04217762350242737,0.04415734625119822,0.052345144832338236,0.14348472343944338,0.17295701604137362,0.13656963335087435,0.05633593006304326,1.0692428928512343,0.16839146169293487,0.1738692585907328,0.30570974408574153]}
{"id": 13, "drone": 3, "position":(25.0,41.666666666666664,1.0), "time":353.14249607867725,"sensors":[32,28,45,34,19,37,43,21,30,8],"power":[0.053948873660723956,0.09938701157249316,0.02433816576741924,0.0330169859721673,0.06217056154627742,0.026754848674092686,0.08037041051101267,0.06709245241392836,0.05015693798387386,0.1322656866818684]}
{"id": 14, "drone": 3, "position":(8.333333333333334,16.666666666666668,1.0), "time":279.9328774208345,"sensors":[49,17,42,4,38,36,13,22,35,11],"power":[0.07740824961846644,0.03040139219679298,0.03897404980088527,0.023233598670451737,0.10652499187480022,0.0622230724629559,0.06391097360685769,0.06524362925541168,0.028276962435441748,0.3147405215593131]}
