LP RESULTS :
 Obj = 0.1*lambda1+0.9*lambda2 = 129.0454408901835 (lambda1 = 1272.454408901835, lambda2 = 2.0) Resol time = 1253 ms

{"id": 0, "drone": 6, "position":(25.0,8.333333333333334,1.0), "time":583.9669725999253,"sensors":[19,12,25,43,48,9,30,22,5,46,1],"power":[0.18885668227276783,0.1394587778967651,0.1304589729019635,0.08665110623603915,0.16495018159591465,1.263195469263805,0.06042706518996961,0.15,0.29297035565168017,0.04850961060446892,0.5935496622305515]}
{"id": 1, "drone": 6, "position":(25.0,25.0,1.0), "time":124.38439075763687,"sensors":[15,32,12,25,7,18,30,39,47,46,33,2,49,41,3,36,20],"power":[0.44978581095800557,0.012574396686618274,0.024305956246694113,0.025778820899992085,0.010076251198688296,0.009775327206727734,0.05220395146461861,0.014829776514159908,0.07211095993472316,0.01769796018393544,0.011341625252505785,0.02856119603389431,0.016151270019975843,0.012334056464614867,0.010372719925685014,0.01598932187542553,0.08254228765575158]}
{"id": 2, "drone": 3, "position":(25.0,16.666666666666668,1.0), "time":121.2821550293827,"sensors":[15,19,12,25,11,9,30,47,5,46,33,1,20],"power":[0.020535972058758845,0.011545604976187477,0.9727050912901558,1.2128215502938269,0.00799752047843555,0.015391745987306396,0.16057779899657584,0.00939825700203107,0.024453843682569327,0.030557377059935595,0.011234125641207373,0.047881830717687,0.03871059066927453]}
{"id": 3, "drone": 3, "position":(8.333333333333334,33.333333333333336,1.0), "time":566.0660321338746,"sensors":[28,32,7,26,27,39,13,49,41,40,34,3],"power":[0.06220962598124174,0.11914011726382723,0.09805816972809205,2.226361162817875,0.47856125102558233,0.08992868531124795,0.14145467433847722,0.09192532054755569,0.08520965831844551,0.32918958056253655,0.22458315245276386,0.06894444928271791]}
{"id": 4, "drone": 4, "position":(25.0,33.333333333333336,1.0), "time":9.862663621045195,"sensors":[15,32,18,21,39,47,2,49,41,3,36,20],"power":[0.0025371140458031755,0.002226732645885864,0.0067751464010375835,0.0028525608470710163,6.316591025120872E-4,0.005041984591497203,0.09862663621045195,7.18952942815868E-4,0.0029701116073514743,0.003208430163277071,0.0012823350907554413,9.417657112244913E-4]}
{"id": 5, "drone": 4, "position":(16.666666666666668,41.666666666666664,1.0), "time":496.56914212796306,"sensors":[32,18,21,2,41,40,34,3,23],"power":[0.10673315902928836,0.13344952639223465,0.1834911279573145,0.05217075347345137,0.1360274690357732,0.15397924743567237,0.04979967661569414,0.1716903579992604,0.15]}
{"id": 6, "drone": 0, "position":(16.666666666666668,16.666666666666668,1.0), "time":197.76218187670526,"sensors":[28,12,25,7,30,39,46,33,1,49,6,20],"power":[0.016024994585909655,0.03593388333774635,0.048754981030715606,0.03496617535815618,0.024563793253360833,0.035268335864119,0.855942003648156,0.1028583352538521,0.01770944557894668,0.03334748727131659,0.054004309095099456,0.012672937508972467]}
{"id": 7, "drone": 0, "position":(41.666666666666664,41.666666666666664,1.0), "time":830.2715937529119,"sensors":[44,4,35,24,42,29,45],"power":[0.057851588246751115,0.3338797746884432,0.07989559065036039,0.06256087050881985,0.24147146849338377,0.09373035837712171,0.15000000000000002]}
{"id": 8, "drone": 5, "position":(41.666666666666664,16.666666666666668,2.0), "time":558.0838136072889,"sensors":[31,38,11,43,5,16,10,0,17],"power":[0.1584775983425199,0.7609585227565764,0.58883655599548,0.04043148714595958,0.03735495472734798,0.8295334578006912,0.06274291510136958,0.18014604554871871,0.061498891442921415]}
{"id": 9, "drone": 5, "position":(33.333333333333336,8.333333333333334,1.0), "time":9.121467665238082,"sensors":[19,12,25,31,38,11,43,48,9,30,5,1],"power":[0.022056977012681066,0.0011082751533288073,8.093600111306945E-4,0.0026346031185513954,0.0017797276009337863,0.001286812653416837,0.018016784448400363,5.824853734216124E-4,0.0026093216237666893,6.635888402762105E-4,0.012326644089817922,0.002984039927721936]}
{"id": 10, "drone": 1, "position":(8.333333333333334,8.333333333333334,2.0), "time":1003.8249447710261,"sensors":[14,8,37,6],"power":[0.5096118840704881,0.15,0.4550463319645908,0.5138322515565711]}
{"id": 11, "drone": 1, "position":(8.333333333333334,25.0,1.0), "time":70.8672822541036,"sensors":[28,32,7,26,27,39,46,33,13,49,40,6],"power":[0.07128482418970172,0.006648492460178382,0.06004309638983769,0.01770880712718074,0.018035689433608986,0.030236028140394226,0.007479850853882427,0.02214950037368797,0.008545325661522793,0.025735319797780633,0.006147705856150736,0.0058671043632088325]}
{"id": 12, "drone": 7, "position":(41.666666666666664,33.333333333333336,1.0), "time":442.182815148923,"sensors":[44,35,10,17,24,42,29,36],"power":[0.09214841175324888,0.2036611201938468,0.0796564804189798,0.16745150306388848,0.15517460646441436,0.032025347611017434,0.1000774571155736,0.10123236424701895]}
{"id": 13, "drone": 7, "position":(41.666666666666664,16.666666666666668,4.0), "time":75.54943139284251,"sensors":[31,38,11,43,16,10,0,17],"power":[0.018248003995179767,0.048670534001296395,0.04074850895025184,0.004900622169600896,0.048023829537080585,0.007600604479650602,0.02013052530271493,0.007503085516509513]}
{"id": 14, "drone": 2, "position":(33.333333333333336,25.0,1.0), "time":196.63834875278053,"sensors":[15,12,25,38,11,30,47,16,2,17,36,20],"power":[0.061083328245155985,0.02014234759154539,0.01654157823856404,0.01713571458349839,0.03557142598834308,0.042270956474704476,0.06304315779674816,0.012489119683129133,0.017973762138390113,0.057204193373905615,0.15941245657545114,0.09779981402869227]}
{"id": 15, "drone": 2, "position":(16.666666666666668,25.0,2.0), "time":4.704898007211764,"sensors":[28,15,32,12,25,7,26,30,39,47,46,33,2,49,41,40,3,20],"power":[4.805552431468966E-4,6.623290502764446E-4,9.886850459811445E-4,3.5626705174398275E-4,4.773769380654058E-4,0.0036193362714119245,3.5720050644744833E-4,4.5544692981039104E-4,0.007473582042656045,4.0564067500040233E-4,0.0013775507481394531,0.0024164134787467736,4.784413737561952E-4,0.008649156426276661,7.467589644719223E-4,3.329726067359525E-4,5.227392403429834E-4,3.6639388894687934E-4]}
