LP RESULTS :
 Obj = 0.1*lambda1+0.9*lambda2 = 150.37829275394927 (lambda1 = 1485.7829275394924, lambda2 = 2.0) Resol time = 2654 ms

{"id": 0, "drone": 3, "position":(16.666666666666668,41.666666666666664,1.0), "time":793.0038206252783,"sensors":[36,18,23,40,30,28,42,33,9,20,16,47,14,3],"power":[0.1617863112133421,0.06502884212934594,0.537809457082418,0.09831032498219612,0.15,0.14268704190860879,0.17555776036230727,0.25566173575104595,0.5692961047811095,0.12431084098106229,0.13082492476862015,0.2173189833966851,0.07367595277118194,0.09621861247785542]}
{"id": 1, "drone": 6, "position":(41.666666666666664,25.0,1.0), "time":729.842731765692,"sensors":[37,43,4,1,25,6,15,10,38,46,32,12],"power":[0.055266146202882456,0.04653408046105509,0.1452119539072533,0.07035020908555656,0.22686589555577136,0.07773111086509855,0.17434235932219283,0.07524164014452153,0.05198163306353765,0.05746996315885473,0.10049809069663161,0.06028788285341512]}
{"id": 2, "drone": 6, "position":(16.666666666666668,16.666666666666668,1.0), "time":14.937429466388583,"sensors":[2,5,24,45,44,19,39,17,29,26],"power":[0.004154848659495859,0.021848741932609758,0.009794955131990205,0.0011648794404806517,0.0013753825949497174,0.0038335085542428836,0.0017008564699914634,0.0014455245728811998,0.0046190725540067685,0.0012206475931552103]}
{"id": 3, "drone": 2, "position":(8.333333333333334,8.333333333333334,1.0), "time":1155.5622509016764,"sensors":[22,7,2,24,45,44,39,48,21,26,11],"power":[0.4165873094431439,0.3347020800091575,0.5790834370434053,0.11237434210368367,0.40756461369532393,0.08794543039900722,0.8977146163997156,0.3417321584396755,0.11864060810067069,3.883293051842554,0.16241723601330804]}
{"id": 4, "drone": 2, "position":(8.333333333333334,25.0,2.0), "time":298.6667394902828,"sensors":[24,31,44,8,19,29,21,14,3],"power":[0.08176364313360368,0.1482529647034366,0.12933890030706688,0.6856648663155861,0.05050111863348178,0.06483064158886064,0.03613480693641077,0.08429002080421188,0.02833886160733339]}
{"id": 5, "drone": 7, "position":(41.666666666666664,41.666666666666664,1.0), "time":300.300706325558,"sensors":[13,43,35,0,25,10,46,12,34],"power":[0.0573038589651368,0.03835463969855096,0.15,0.2535372084507819,0.03919925019834651,0.11344064569283258,0.041839192669161175,0.13369164929258984,0.05890107621707013]}
{"id": 6, "drone": 5, "position":(33.333333333333336,41.666666666666664,1.0), "time":328.9861936625806,"sensors":[13,18,43,40,0,25,10,46,20,12,34],"power":[0.0926961410348632,0.13743889574052578,0.1140407461179302,0.12481540156512264,0.025970718367961942,0.029827113603562595,0.07986711158705365,0.10511223651833206,0.03400321360726935,0.026428924951797376,1.716105647945696]}
{"id": 7, "drone": 5, "position":(25.0,8.333333333333334,1.0), "time":130.91121429962857,"sensors":[2,5,45,39,17,11],"power":[0.013053004036001022,0.01871976495795614,0.010685103519107002,0.009773044454455117,0.02130179490447082,0.00859958137353321]}
{"id": 8, "drone": 0, "position":(25.0,25.0,3.0), "time":669.9593752233857,"sensors":[5,19,33,6,17,29],"power":[0.10943149310943408,0.1581950058031573,0.04854491371687729,0.1867554199295444,0.12493125754562666,0.1196401395525985]}
{"id": 9, "drone": 1, "position":(41.666666666666664,16.666666666666668,1.0), "time":33.126333041564735,"sensors":[37,4,1,6,15,27,38,17,32,41],"power":[0.007112556407890899,0.004788046092746648,0.025921124423507386,0.0031388149550506325,0.11906282228350352,0.00416781818418632,0.01777605536967165,0.00232142297702128,0.015527607364293797,0.00478261373460287]}
{"id": 10, "drone": 1, "position":(41.666666666666664,8.333333333333334,1.0), "time":722.8138627322356,"sensors":[37,1,15,27,38,32,49,41],"power":[0.09224448504968927,0.24294695979190029,0.13164720358687615,0.9249815188865831,0.46253376509722094,0.11396687104848544,0.15,0.14521738626539715]}
{"id": 11, "drone": 4, "position":(8.333333333333334,33.333333333333336,1.0), "time":16.616507681144743,"sensors":[36,23,31,44,8,19,28,42,33,9,29,16,47,14,3],"power":[0.004877416444797896,0.004220689522353496,0.0017470352965633954,0.0011259510085030575,0.004667063080867714,0.0011509666474512163,0.0013586574641256453,0.002422666558538597,0.0030238702303688157,0.0035618411477112695,0.0012433795283314222,0.003753096948820351,0.0065251519761429745,0.03624391724904762,0.022175216042065946]}
{"id": 12, "drone": 4, "position":(8.333333333333334,41.666666666666664,1.0), "time":6.203224009683749,"sensors":[36,23,28,42,33,9,16,47,14,3],"power":[0.03273977717097462,0.004710953098584904,0.005954300627265563,0.025215856571418626,7.324107106465269E-4,0.0012260772502111544,0.03667012051519876,0.011604227123453327,8.748688979613975E-4,0.0032673098727452506]}
