LP RESULTS :
 Obj = 0.1*lambda1+0.9*lambda2 = 164.9106154580419 (lambda1 = 1631.1061545804187, lambda2 = 2.0) Resol time = 3264 ms

{"id": 0, "drone": 1, "position":(16.666666666666668,8.333333333333334,5.0), "time":330.842107304785,"sensors":[8,24,13,33,45,25,31,17,22,34],"power":[0.03039609691386463,0.043443747237415155,0.09687219364573034,0.06945310723647569,0.029669645517383974,0.044094697569638644,0.13101109560884994,0.03867410182771458,0.04656495040195144,0.028821825176974764]}
{"id": 1, "drone": 1, "position":(16.666666666666668,8.333333333333334,1.0), "time":614.31547426187,"sensors":[23,41,8,24,13,33,45,25,31,17,22,34],"power":[0.04453013401411448,0.04460544018283107,0.0751180323822473,0.10610138893996945,0.3561081043988001,0.18528827071127515,0.07180028161071991,0.10799402602492604,0.849047760884053,0.09585346851221282,0.11399639314446827,0.06814767861310624]}
{"id": 2, "drone": 7, "position":(25.0,41.666666666666664,1.0), "time":484.66338688717514,"sensors":[15,16,21,43,40,36,11],"power":[0.1870480114375026,0.09016799488265816,0.11047568089544699,0.06705170833330942,0.03968301356184041,4.069918324433277,0.09638745770068935]}
{"id": 3, "drone": 7, "position":(8.333333333333334,16.666666666666668,1.0), "time":680.3356272935057,"sensors":[27,23,41,2,39,19,33,45,25,5,17,34],"power":[0.15,0.1578266392668346,0.3922610162698011,0.07797878845704086,0.12219700361038036,0.11831854582264349,0.2219799168169812,0.14169203002600697,0.13650639259287445,0.12842719284452295,0.26524723492913194,0.11180289409618943]}
{"id": 4, "drone": 2, "position":(41.666666666666664,41.666666666666664,1.0), "time":776.4118668072402,"sensors":[10,30,28,32,37,12,16,14,7,43,40,11],"power":[0.2532501742881653,0.298069527775511,0.14047857973299605,0.05889306202069479,0.15,6.832132500346773,0.06355625399670395,0.1659755052837511,0.1029600436015622,0.23792100630476273,0.1975411886565333,0.053612542299310645]}
{"id": 5, "drone": 6, "position":(8.333333333333334,41.666666666666664,4.0), "time":777.0890778972123,"sensors":[47,0,1,35,44,4,26],"power":[0.08033741743731351,0.1430281400126611,0.6594462255711947,0.5130670834114651,0.15,0.1232457611644288,0.22288603557761322]}
{"id": 6, "drone": 4, "position":(25.0,16.666666666666668,1.0), "time":5.612945720257901,"sensors":[8,24,9,33,25,31,38,20,34],"power":[0.0444858707038881,4.548638226153531E-4,8.278873989266562E-4,7.638871014191503E-4,0.0012796862841112126,0.0010661647351637453,4.489946068357047E-4,0.0012719499984140336,0.0013073482627394544]}
{"id": 7, "drone": 4, "position":(16.666666666666668,33.333333333333336,1.0), "time":143.71537847640798,"sensors":[47,0,39,19,1,35,5,21,4,49,36],"power":[0.04325445910301883,0.0564365317531625,0.012552940900630768,0.010936547860607685,0.01653830961672187,0.010248225228100222,0.00975329336571103,0.012727036594887534,0.031704320721849956,0.09897323816750629,0.01335931556401169]}
{"id": 8, "drone": 5, "position":(41.666666666666664,33.333333333333336,1.0), "time":370.03090088600334,"sensors":[46,10,28,32,12,42,21,14,7,43,29],"power":[0.07620078299002532,0.05135162816618149,2.387266924861964,0.27504170187755467,0.06969297614463935,0.07710243871620684,0.026797282509665475,0.10392954307994477,0.15909323164887637,0.03371173358604322,0.0404592680630805]}
{"id": 9, "drone": 5, "position":(41.666666666666664,25.0,1.0), "time":484.6633868871752,"sensors":[46,9,28,32,42,14,7,29,20],"power":[0.07379921700997467,0.06945576117029005,0.1224598448150673,0.44639041239229654,0.08310166467536584,0.03455893517918764,0.07716686334490662,0.7414909819371519,0.044119939738040216]}
{"id": 10, "drone": 0, "position":(41.666666666666664,8.333333333333334,1.0), "time":1076.879029038413,"sensors":[48,9,38,18,6,3,20],"power":[0.2377265948560076,0.12131907365308636,0.18962959435403395,0.5479524597451773,0.4324925245169792,0.180704078049575,0.10460811026354576]}
{"id": 11, "drone": 0, "position":(8.333333333333334,33.333333333333336,2.0), "time":554.2271255420058,"sensors":[47,0,2,39,19,1,35,5,4,49,26],"power":[0.7718007822455213,0.9984468863860956,0.1489116475265467,0.1301850773336405,0.13243398477052587,0.16700247890433007,0.13899593706569183,0.11755067511166269,2.1200837435873723,0.14339246961183472,0.0415809166052932]}
