LP RESULTS :
 Obj = 0.1*lambda1+0.9*lambda2 = 121.18666324205665 (lambda1 = 1193.8666324205665, lambda2 = 2.0) Resol time = 647 ms

{"id": 0, "drone": 7, "position":(25.0,25.0,1.0), "time":189.69248489982374,"sensors":[48,23,3,11,15,12,2,41,43,10,38,27,37],"power":[0.020735977870799824,0.014315101156137114,0.931640143816607,0.07762567759360345,0.10401688694904081,0.11088036508058446,0.03281493783502854,0.05521260086296108,0.09918125979001811,0.037873166881260065,0.23631406749823358,0.014544264786768756,0.030646272223109165]}
{"id": 1, "drone": 7, "position":(8.333333333333334,8.333333333333334,1.0), "time":578.7706286645131,"sensors":[33,31,45,29],"power":[1.2007851292535427,0.15,0.14842559946430017,0.3223932860550585]}
{"id": 2, "drone": 3, "position":(33.333333333333336,16.666666666666668,1.0), "time":67.71155004831645,"sensors":[48,23,24,3,40,21,11,49,15,12,43,5,0,10,28,39],"power":[0.04152232124242548,0.12859637566494783,0.019456639097438982,0.007256097882769283,0.005228326097613316,0.005900951362201236,0.01098463956796238,0.05907313482265021,0.007410857027263468,0.008716553853750357,0.01621068879316769,0.013755316286521182,0.024005681827269244,0.02607080306778867,0.07432785872991604,0.005285090251591017]}
{"id": 3, "drone": 3, "position":(41.666666666666664,8.333333333333334,1.0), "time":809.021722453084,"sensors":[23,24,40,21,49,5,0,44,28,39,6],"power":[0.08295327993660831,0.4543491285962508,0.4592629613316143,4.0498718276846235,0.09092686517734977,1.267806263675471,0.15341490839156616,0.20141361200272065,0.16347616402800397,0.1366822323327462,0.20254281278705416]}
{"id": 4, "drone": 1, "position":(41.666666666666664,33.333333333333336,1.0), "time":1.391169388974049,"sensors":[11,8,36,46,22,10,13,27],"power":[9.34122203824621E-5,1.378794525457326E-4,1.6778841314816576E-4,4.8767166160839043E-4,1.3911684642104144E-4,9.02311635558572E-5,1.7084702797004527E-4,5.158781402835584E-4]}
{"id": 5, "drone": 1, "position":(8.333333333333334,25.0,1.0), "time":615.0960037560534,"sensors":[1,14,30,2,17,18,45,25],"power":[0.11760785679421804,0.05769301983057987,5.54768942726641,0.0687366446186107,0.11997769625269557,1.4737973272274831,0.08878699316394069,1.851429903089905]}
{"id": 6, "drone": 6, "position":(41.666666666666664,25.0,1.0), "time":252.5246091378708,"sensors":[48,11,12,10,28,39,27],"power":[0.07018979734084677,0.029869998972062117,0.022854865087766893,0.054004326145680154,0.034056871744138205,0.04458390796356811,0.07528993203833702]}
{"id": 7, "drone": 6, "position":(25.0,33.333333333333336,1.0), "time":4.636168694274033,"sensors":[3,32,19,11,8,42,26,15,12,2,7,41,43,38,27,20,37],"power":[7.391845311984925E-4,0.0011632646919662792,4.415112473008909E-4,8.118948016797398E-4,0.001327540240878263,5.243334972376814E-4,4.940706683855101E-4,3.1205533046327707E-4,0.0010348211940505807,0.0011795166915315439,8.810642064436154E-4,0.005000721755478559,3.131833456861522E-4,0.0016350402949695125,4.058576541873961E-4,7.218337655727709E-4,0.014798770379283574]}
{"id": 8, "drone": 2, "position":(25.0,41.666666666666664,4.0), "time":442.21709403769444,"sensors":[32,19,47,8,42,26,34,7,41,35,20,37,4],"power":[0.3538731218168306,0.2303438219174517,0.08933983970613978,0.10033943045121275,0.15343974975482372,0.21282671760284194,0.04162295405207787,0.15277680556569803,0.04550771606537314,0.047927077352555955,0.28140173084658926,0.09391608155268577,0.12974557245212703]}
{"id": 9, "drone": 2, "position":(16.666666666666668,41.666666666666664,1.0), "time":1.3911693889742764,"sensors":[32,19,1,47,42,26,2,7,41,9,20,37,16,4],"power":[1.9646246739600642E-4,2.337591514426119E-4,1.8104323843393642E-4,0.0017140902746137156,9.512159075719979E-5,1.4403866126842167E-4,1.68228937719112E-4,0.0018735456963715547,1.4699679460068103E-4,1.5663126944205454E-4,6.072912252260304E-4,2.2227742372700514E-4,3.7704227761954206E-4,1.0796850059889996E-4]}
{"id": 10, "drone": 4, "position":(25.0,25.0,5.0), "time":220.35204918302372,"sensors":[48,3,11,15,12,2,41,43,10,38,37],"power":[0.018045658099333322,0.12178969353870815,0.05708882631449598,0.06276833406571675,0.06441178946387799,0.02852446665753423,0.04413196452158652,0.06331869659263158,0.03196147274171527,0.08306366254495058,0.027157508667909166]}
{"id": 11, "drone": 4, "position":(8.333333333333334,41.666666666666664,1.0), "time":414.6807027771214,"sensors":[1,47,14,7,9,16],"power":[0.09557634050676406,0.058946070019246434,0.05359143152636414,0.04026361624210931,0.14984336873055795,0.8020050643542878]}
{"id": 12, "drone": 5, "position":(33.333333333333336,41.666666666666664,1.0), "time":298.3146467477178,"sensors":[32,19,8,42,26,34,7,46,22,35,13,27,20,37,4],"power":[0.09890577146950898,0.06240065220812393,0.18903997309796527,0.27443192716489,0.10975550599176434,0.12597333568814137,0.020684318317296987,0.07879102181856301,0.09894310623076684,0.06701489290044049,0.019625609028071814,0.02600707160569919,0.03297007645564443,0.024333556402807013,0.09223145504714432]}
{"id": 13, "drone": 5, "position":(8.333333333333334,33.333333333333336,2.0), "time":162.69875649841742,"sensors":[1,14,30,2,17,18,16,25],"power":[0.45879424732084845,0.039395031976785184,0.0310305236889052,0.02486705379845689,0.030022303747304455,0.021833011662801906,0.01896570639733436,0.02850194154959142]}
{"id": 14, "drone": 0, "position":(41.666666666666664,41.666666666666664,1.0), "time":447.30755355190604,"sensors":[8,42,34,36,46,22,35,13,27],"power":[0.046354281989575655,0.039497515933486944,0.08287209648594893,0.14983221158685178,1.106520622668654,0.43960071761691166,0.035058029747003554,0.2579132754340396,0.033236995774723874]}
