LP RESULTS :
 Obj = 0.1*lambda1+0.9*lambda2 = 131.5115580557058 (lambda1 = 1297.1155805570577, lambda2 = 2.0) Resol time = 588 ms

{"id": 0, "drone": 5, "position":(41.666666666666664,25.0,1.0), "time":168.32894972801688,"sensors":[26,33,42,19,46,40,8,7],"power":[0.2425214495021512,0.1392037498578811,0.015468675690104178,0.025754741372027996,0.34125206477885545,0.037838072908341465,0.03693803433239545,0.25995668294248736]}
{"id": 1, "drone": 5, "position":(33.333333333333336,8.333333333333334,1.0), "time":491.07256852761407,"sensors":[5,21,44,27,24,22,16,45,30,42,37,4,9,13,23],"power":[0.042904720141848665,0.1383739471195904,0.11527971173232668,0.04579239287035049,0.11119375550472317,0.04393504285206824,0.15864843324748332,0.040415701869230936,0.11286869908157166,0.09148441118674336,0.23140965535332647,0.12829876202551477,0.578034995312188,0.11149354523615444,0.04187350174260053]}
{"id": 2, "drone": 7, "position":(16.666666666666668,33.333333333333336,2.0), "time":705.9908888870098,"sensors":[49,0,34,20,43,17,32,35,41],"power":[0.23162096054503828,0.16447924624074026,0.09390103579243007,0.10179294848134646,0.05949432782470139,0.04725917584469179,0.052038161075491925,0.1399778404741036,0.13252116628010965]}
{"id": 3, "drone": 7, "position":(25.0,25.0,1.0), "time":63.10502968538111,"sensors":[0,21,34,20,4,43,17,19,40,35],"power":[0.0058777021712705406,0.006291649580571258,0.015184129339143421,0.2253703613233075,0.003987339001051833,0.01425414241465,0.026465638177226563,0.01118248713003106,0.005311531177414119,0.016712147290454355]}
{"id": 4, "drone": 6, "position":(8.333333333333334,16.666666666666668,1.0), "time":36.857607919089105,"sensors":[14,0,39,34,18,2,12,3,43,17,6,11,35],"power":[0.022896690546610157,0.004419319990426012,0.016625310505650016,0.0042275970709745436,0.018740777969607096,0.010555908669163758,0.20806826290159552,0.023469118410198116,0.004975455599500675,0.0023832493782971974,0.004218260594253006,0.008771858102512471,0.0031221207337890043]}
{"id": 5, "drone": 6, "position":(8.333333333333334,41.666666666666664,1.0), "time":579.7597918535737,"sensors":[49,36,31,32,28,41],"power":[0.06803305627047734,0.7312163254335656,0.1471883435168488,0.08880698298235332,0.18911409341715898,0.8087917203444012]}
{"id": 6, "drone": 0, "position":(8.333333333333334,8.333333333333334,1.0), "time":647.7473714843997,"sensors":[25,14,39,10,18,2,12,22,45,3,6,11,1],"power":[0.144911173237702,0.1571077332474233,0.1159362339251315,0.09811491185914767,0.11380534719931021,2.9335721555693715,0.12989711340618126,0.04242327906034235,0.04721005497076642,0.09394233439330948,0.1129902213927345,0.09193253483832732,0.13844670521483635]}
{"id": 7, "drone": 0, "position":(41.666666666666664,8.333333333333334,1.0), "time":204.16641186353434,"sensors":[5,44,27,24,16,30,42,37,9,23],"power":[0.17847620213094895,1.3626311464766516,0.11357480275576042,0.03880624449527684,0.0788193583408822,0.015778981206489802,0.15114398190966508,0.013546501980543555,0.04138480312618523,0.1312708103499834]}
{"id": 8, "drone": 1, "position":(16.666666666666668,25.0,1.0), "time":158.2956405450439,"sensors":[14,0,34,12,20,3,43,17,35],"power":[0.01883520881973579,0.1782203702980553,0.5468742393732681,0.01991470051410802,0.05007229536482956,0.033068644902460656,0.1529010124462285,0.06302659048927105,1.228738327118667]}
{"id": 9, "drone": 1, "position":(41.666666666666664,33.333333333333336,1.0), "time":695.2389803911492,"sensors":[26,33,38,15,47,48,29,19,46,40,8,7],"power":[0.35518615209035453,0.09431839291437766,0.0655198864541264,0.12006745509442393,0.14628032345465355,0.11337654702116255,0.07849533698048608,0.11960670491119756,0.10896473047693289,0.24152548425009632,0.07529551916238307,0.07046675553158799]}
{"id": 10, "drone": 2, "position":(41.666666666666664,41.666666666666664,1.0), "time":370.4426207525105,"sensors":[38,15,47,48,29,40],"power":[0.0844801135458736,0.11428242569193578,3.704426207525105,0.2852201617262441,0.14241209718897582,0.030878012022375428]}
{"id": 11, "drone": 4, "position":(41.666666666666664,16.666666666666668,2.0), "time":433.54765043789143,"sensors":[5,26,21,33,44,27,42,46,8,23,7],"power":[0.04760188237955509,0.04318058207796121,0.027963845613493507,0.09205743364536897,0.07216078437130266,0.03072442645862967,0.3667150912586385,0.1078868072917242,0.03776644650522146,0.03811397201178217,0.215185728220175]}
{"id": 12, "drone": 4, "position":(25.0,8.333333333333334,1.0), "time":158.2956405450439,"sensors":[21,22,45,30,37,4,17,6,9,13,1],"power":[0.0501045047796024,0.11310855482468549,0.14046057626727224,0.021352319711938537,0.08736623497804814,0.18707621806703711,0.010865346110512831,0.03832312354054433,0.025903405962290564,0.2765612905661794,0.018082719153829224]}
{"id": 13, "drone": 3, "position":(16.666666666666668,41.666666666666664,1.0), "time":11.36489981647432,"sensors":[49,36,31,32,28,41],"power":[0.01572691635697784,0.00164275271731805,0.0028116564831511936,0.00915485594215475,0.004085837211887057,0.002558027578368868]}
{"id": 14, "drone": 3, "position":(8.333333333333334,8.333333333333334,5.0), "time":454.2149606085248,"sensors":[25,14,39,10,18,2,12,3,6,11,1],"power":[0.07492718325285913,0.07947634428574715,0.06292520876167676,0.051885088140852326,0.06037929645820152,0.24598539953826107,0.06779710232274232,0.048991716531097906,0.059962113422562136,0.04929560705916009,0.07197252061169564]}
