LP RESULTS :
 Obj = 0.1*lambda1+0.9*lambda2 = 128.92711946459784 (lambda1 = 1271.2711946459783, lambda2 = 2.0) Resol time = 1157 ms

{"id": 0, "drone": 0, "position":(33.333333333333336,16.666666666666668,2.0), "time":22.16177961520329,"sensors":[6,10,14,1,11,12,45,49,33],"power":[0.0023637753819703063,0.0029723570803248363,0.0022509254196437516,0.001428863565122114,0.002680693351385555,0.0027481032420381387,0.0014123031571934904,0.02263825201885949,0.006729025157699998]}
{"id": 1, "drone": 0, "position":(8.333333333333334,25.0,1.0), "time":373.04095458528406,"sensors":[0,37,46,4,23,44,16,13,32,39],"power":[0.11989658440107534,0.03193261751557627,0.07072203394054226,0.05478152958024511,0.04831438259876509,0.03778195359098833,3.7304095458528406,0.07059027715086566,0.05538403783240865,0.11814870264831755]}
{"id": 2, "drone": 2, "position":(25.0,8.333333333333334,1.0), "time":649.9844922950166,"sensors":[27,12,37,43,45,47,49,40,33],"power":[0.15,0.16308621667506473,0.06412905531903904,0.1578162618580513,0.18419961237048174,0.1856174715482803,0.04765349873492396,0.18542866330438076,0.21878866966794608]}
{"id": 3, "drone": 2, "position":(16.666666666666668,16.666666666666668,1.0), "time":11.849854291093054,"sensors":[0,37,43,9,44,16,32,39],"power":[0.005089125021429957,0.023962050491145,0.002396884672893259,0.00134418880281042,0.0010301674455540418,0.0012332069984154217,7.557073357471237E-4,0.0036480846440353266]}
{"id": 4, "drone": 7, "position":(25.0,41.666666666666664,1.0), "time":373.9825261936354,"sensors":[5,19,26,15,17,18,3,20,24,48,31,28],"power":[0.10284908473058953,0.5701136892399019,0.04953559687968835,0.0706878320587372,0.15493882269887793,0.03581961389952831,0.19997563182198233,0.13677816817989452,0.0721639926621243,0.4929135287637505,0.07985460416891345,0.1604324623696352]}
{"id": 5, "drone": 7, "position":(41.666666666666664,16.666666666666668,1.0), "time":13.71373420677813,"sensors":[6,14,42,1,11,38,49,7,33],"power":[0.0022461590086391607,0.0017645784188724948,0.0025701035877546204,0.0011659165063733848,0.003594832943954767,0.0023891718075930604,0.0016510517302775565,0.005504552246706849,0.0011640700481589585]}
{"id": 6, "drone": 5, "position":(8.333333333333334,41.666666666666664,1.0), "time":702.1577637506756,"sensors":[22,46,30,23,3,24,13,2],"power":[2.267983153371496,0.17446546987834355,0.16545830454222057,0.14254538860048996,0.0715838599722453,0.07301558517789428,0.14070809043930113,0.15]}
{"id": 7, "drone": 4, "position":(8.333333333333334,8.333333333333334,1.0), "time":373.0409545852837,"sensors":[29,43,9,47,4,44,35,34],"power":[0.15000000000000002,0.07215173127224016,0.4506996221244624,0.024421272456357168,0.03204945924977807,0.11999610025592308,0.21159396320534676,0.19145713994101202]}
{"id": 8, "drone": 4, "position":(16.666666666666668,33.333333333333336,1.0), "time":63.17913547923449,"sensors":[22,0,46,17,23,3,16,24,48,13,28,32,39],"power":[0.009848481515698324,0.00622097373313276,0.01137883429866406,0.011532501762574622,0.0689159102838449,0.011243014052870835,0.005456353005859397,0.10436652954934923,0.011253239231812718,0.03307407234622773,0.007019313459835401,0.09386025483184421,0.00884205346212478]}
{"id": 9, "drone": 6, "position":(33.333333333333336,25.0,2.0), "time":197.34083795511637,"sensors":[6,10,14,1,11,8,49,17,28],"power":[0.06256001286952978,0.2599474119569906,0.08153802173317247,0.05637603527367209,0.04526364814871811,0.013844709277500004,0.07327772939608888,0.012968976849260575,0.014422610581577183]}
{"id": 10, "drone": 6, "position":(8.333333333333334,16.666666666666668,2.0), "time":236.39589347458502,"sensors":[0,37,43,9,4,44,16,34,39],"power":[0.056410308094669306,0.029976276674239685,0.019436375954462994,0.031536398031203054,0.06316901116997682,0.15338444565990061,0.05510306010145922,0.0316261223605562,0.04050985960288293]}
{"id": 11, "drone": 1, "position":(41.666666666666664,25.0,1.0), "time":49.73081610843903,"sensors":[6,10,14,1,11,8,49,41,7,21],"power":[0.14342984285186697,0.005624798329291497,0.06444647442831128,0.04009379440548734,0.34607218409193424,0.0040661512135076235,0.00477946811985009,0.006046986749761152,0.0044601508501899674,0.003413445132572657]}
{"id": 12, "drone": 1, "position":(41.666666666666664,41.666666666666664,1.0), "time":897.2886684523429,"sensors":[5,1,26,15,8,25,41,18,20,31,21],"power":[0.07126784878393455,0.0623267093060368,0.21496679032135463,0.1996760977143606,0.3577123506457715,0.44817133126844877,0.14395301325023885,0.3305940871302807,0.11326236558753384,0.19384917153014797,0.5892178072070545]}
{"id": 13, "drone": 3, "position":(41.666666666666664,8.333333333333334,1.0), "time":585.4111885289803,"sensors":[42,12,38,45,7,36,40,33],"power":[2.37683071545017,0.09689719359984557,0.14761082819240695,0.04882889886319571,0.1400352969031032,0.1554057350797781,0.04585006021999355,0.07139813536020899]}
