LP RESULTS :
 Obj = 0.1*lambda1+0.9*lambda2 = 135.58644643237292 (lambda1 = 1337.8644643237292, lambda2 = 2.0) Resol time = 1305 ms

{"id": 0, "drone": 3, "position":(33.333333333333336,16.666666666666668,1.0), "time":450.4971443199709,"sensors":[1,14,42,41,48,47,31,10,23,12,24,6,29],"power":[0.8111786878803804,0.19800557739395558,0.2803936878739687,0.03826672204126712,0.2379576611408064,0.0318331432128631,0.21563137907097388,0.09987056809240705,0.08563379865244163,0.045739448987528616,0.04537620993609857,0.05849647715696854,0.07803290858644833]}
{"id": 1, "drone": 4, "position":(8.333333333333334,8.333333333333334,1.0), "time":1029.9905368485697,"sensors":[35,0,22,39,25,5,45,32,33,28],"power":[0.30257607635798894,0.37103756995979764,0.08604272251442648,0.10673615823684254,0.11080139255463542,0.2861166833459307,0.15,1.3643953175154417,0.11632931560118333,0.09505485791742581]}
{"id": 2, "drone": 4, "position":(25.0,25.0,3.0), "time":243.54946428858148,"sensors":[1,46,42,38,48,47,10,27,21,6,29],"power":[0.042765458481007684,0.03676196230945064,0.05819457830483614,0.020238563293709586,0.06914278204427737,0.03374154887519798,0.15044417733901666,0.18187771352230164,0.025684590201012616,0.018136261026381623,0.03081308506751018]}
{"id": 3, "drone": 5, "position":(16.666666666666668,25.0,1.0), "time":42.952604616520716,"sensors":[30,46,35,22,39,38,5,10,27,21,33,29],"power":[0.015577012735936901,0.06617610252924352,0.004169778702335863,0.00325721681952538,0.0028982869396112707,0.006547881318952678,0.0043906019885395975,0.005522190100433888,0.02318216679819758,0.06110491951238558,0.011678895063403758,0.0032877656368676717]}
{"id": 4, "drone": 5, "position":(41.666666666666664,8.333333333333334,1.0), "time":839.5606656749832,"sensors":[14,19,31,23,34,12,24,17],"power":[0.3012834044172948,0.15,0.28119643503483577,0.06975730813929953,0.4563522028048912,8.395606656749832,0.07385072745812606,0.2800803374766008]}
{"id": 5, "drone": 7, "position":(41.666666666666664,41.666666666666664,1.0), "time":1053.3948650098325,"sensors":[40,9,15,36,11,43,20,2,7,3],"power":[0.2015519744874769,0.15315889052706325,0.13920646913209211,0.21286227201649432,0.15,0.41285974181498225,3.617887348255377,4.852651450128024,0.27726899143703193,0.6671956392205615]}
{"id": 6, "drone": 7, "position":(8.333333333333334,25.0,1.0), "time":17.954784640788617,"sensors":[30,46,35,5,13,27,21,33,18],"power":[0.013404178420603584,0.0038505110745557973,0.0019465127562771538,0.0025890922446370293,0.0022336923603423313,0.0011412427204888353,0.0062270414332820595,0.004393517227281358,0.002398716308363659]}
{"id": 7, "drone": 1, "position":(33.333333333333336,33.333333333333336,1.0), "time":67.92706163517178,"sensors":[26,9,15,8,42,48,47,20,2,7],"power":[0.008303776782289187,0.008348160150599053,0.012231971072010864,0.005402317540628095,0.005515548630782166,0.00493912474900723,0.08442530791193892,0.005266825248026573,0.005338135495199999,0.011684310799037805]}
{"id": 8, "drone": 1, "position":(16.666666666666668,8.333333333333334,1.0), "time":246.96653821785037,"sensors":[35,0,22,39,25,41,5,32,33,28,6,29],"power":[0.06134836666883912,0.04736513095857386,0.11348238114850408,0.1716389679824291,0.3670267876578721,0.051031529221176486,0.04524507442471328,0.026934739771659895,0.029358079397752555,0.05318658568885303,0.05535612699242522,0.03842342537347012]}
{"id": 9, "drone": 2, "position":(8.333333333333334,41.666666666666664,1.0), "time":268.7735964156707,"sensors":[16,4,38,13,37,18,44,49],"power":[0.06828940234579023,0.489930135719255,0.02599682173053737,0.09878065666370324,0.25395292582016177,0.07608945066498556,0.9043333766229363,0.07989667415908701]}
{"id": 10, "drone": 2, "position":(25.0,8.333333333333334,1.0), "time":17.954784640788283,"sensors":[1,22,39,25,41,10,24,28,6,29],"power":[0.001562603697419031,0.006012435849273271,0.005746566121819522,0.007236430314489936,0.15151037236397288,0.0012363377814640856,0.00798200937831652,0.0017585563937211638,0.014180090951238629,0.006099804642538463]}
{"id": 11, "drone": 0, "position":(16.666666666666668,33.333333333333336,2.0), "time":468.13640680825756,"sensors":[30,26,46,8,4,38,13,27,21,18,44],"power":[0.12101880884345984,0.08331124340169062,0.04752435057620183,0.09698719879824269,0.04532608441232701,1.064229437421879,0.06627743554452754,0.05428698834891097,0.05698344885331986,0.04798156169941175,0.052957045222431165]}
{"id": 12, "drone": 6, "position":(16.666666666666668,41.666666666666664,1.0), "time":314.4523921946988,"sensors":[26,16,8,4,38,13,37,18,44,49],"power":[0.07595781807375296,0.08171059765420977,0.11582096919842093,0.11740890934979727,0.0921346125554191,0.03257461612964777,0.027884563727901553,0.023944755378431954,0.10581078071154949,0.07010332584091299]}
{"id": 13, "drone": 6, "position":(33.333333333333336,8.333333333333334,1.0), "time":29.8518696879868,"sensors":[1,14,42,41,48,31,34,12,24,6,29,17],"power":[0.003852149563951353,0.009809870868831838,0.002204979754815006,0.006553367488237443,0.002229876287092923,0.009268180519982952,0.0029677769075344175,0.006486421296319644,0.022791053227458846,0.003831043872985946,0.0033239514395237,0.008670036397343006]}
