LP RESULTS :
 Obj = 0.1*lambda1+0.9*lambda2 = 175.20866125166953 (lambda1 = 1734.086612516695, lambda2 = 2.0) Resol time = 2506 ms

{"id": 0, "drone": 1, "position":(41.666666666666664,16.666666666666668,1.0), "time":813.1750183708996,"sensors":[32,27,38,10,31,5,4,43],"power":[0.23797924635204737,0.1697275935725657,0.26744182211798595,1.193452298225894,0.07621241396654356,0.9688556549567408,0.07942539051681856,0.25230216006108536]}
{"id": 1, "drone": 1, "position":(16.666666666666668,8.333333333333334,2.0), "time":587.176666065812,"sensors":[24,15,1,6,7,34,22,33,14,48,17],"power":[0.06694480514655814,0.1076380886284379,0.07047538703688638,0.22281581467402745,2.161576988057878,0.5882757649276891,0.057439518007308205,1.468749528355735,0.053996980222479965,0.1412969831375174,0.049645621177181985]}
{"id": 2, "drone": 6, "position":(8.333333333333334,8.333333333333334,3.0), "time":578.8365060587086,"sensors":[24,1,44,7,28,34,33,48,17],"power":[0.08119356482995593,0.474551712530021,0.14999999999999997,0.11397279075041783,0.06206299847020125,0.05482014488445947,0.08037178415808253,0.16277038097975957,0.18074307567882927]}
{"id": 3, "drone": 6, "position":(8.333333333333334,41.666666666666664,1.0), "time":443.0443563545482,"sensors":[36,35,29,41,0,11,45,9],"power":[0.12481891226486187,0.04189840167084816,0.0339382342222906,0.14949299519542145,2.488771803415345,0.060161865559847136,0.3234910205396712,0.15]}
{"id": 4, "drone": 7, "position":(25.0,8.333333333333334,1.0), "time":333.4957473562921,"sensors":[15,6,7,34,4,33,14],"power":[0.03905597787358073,0.2060582158486504,0.0718138814888495,0.14342868391248476,0.029450026550578438,0.10340896677240902,0.09600301977752003]}
{"id": 5, "drone": 5, "position":(33.333333333333336,25.0,1.0), "time":676.1070242418405,"sensors":[32,18,19,39,31],"power":[0.0778567344044922,0.05075788727704226,0.5010218386397498,1.2802394877590493,0.06413461445162179]}
{"id": 6, "drone": 5, "position":(16.666666666666668,25.0,1.0), "time":59.13304499350569,"sensors":[36,24,15,18,11,13,25,12,20,28,42,22,30],"power":[0.0047560804916137196,0.010606701556264028,0.014107143515087083,0.0572399383587592,0.013292589607736634,0.04598920816798762,0.19486137365171521,0.005711089325806215,0.0062625609567945086,0.005286948068817147,0.3122516266459154,0.035492167040301684,0.012336053463988899]}
{"id": 7, "drone": 3, "position":(25.0,41.666666666666664,1.0), "time":1286.4182292678172,"sensors":[35,49,29],"power":[0.7884996439830432,0.8236461683904402,0.15]}
{"id": 8, "drone": 2, "position":(41.666666666666664,8.333333333333334,3.0), "time":587.415846789503,"sensors":[26,38,47,10,5,4,43],"power":[0.16018156421240393,0.6915674647944532,0.15,0.1866977856479528,0.20927982085947916,0.21606661332397306,0.3495524987820549]}
{"id": 9, "drone": 0, "position":(41.666666666666664,41.666666666666664,1.0), "time":1489.28204261274,"sensors":[23,3,46,21,40,2,16,8],"power":[2.1629001518281883,0.22175089367725842,0.15,0.7712846074412992,0.09490935433140742,0.5989266041499691,0.27829501432841713,0.35423183239248474]}
{"id": 10, "drone": 0, "position":(41.666666666666664,33.333333333333336,1.0), "time":244.80456990395476,"sensors":[32,19,23,3,39,31,21,40,2,16],"power":[0.03206794624286159,0.059961343758537074,0.06411956770258875,0.2485830784428551,0.03601349089420706,0.09299848472082323,0.23322229300072214,0.055090645668592564,0.6484067716129973,0.15827921826792082]}
{"id": 11, "drone": 4, "position":(8.333333333333334,25.0,1.0), "time":508.9403953986685,"sensors":[36,24,15,18,41,11,37,13,25,45,12,20,28,42,22,30],"power":[0.08670203133653027,0.12352518387862883,0.039251548104088804,0.04200217436419855,0.07153090803198756,0.0900036089402611,0.15,0.16809049024471917,0.1555529345207922,0.042942656575195415,0.44132072162702357,0.7462792527508939,0.18090399642968635,0.10965538315462883,0.07627110321075738,5.089403953986685]}
