LP RESULTS :
 Obj = 0.1*lambda1+0.9*lambda2 = 117.42598560845427 (lambda1 = 1156.2598560845427, lambda2 = 2.0) Resol time = 1930 ms

{"id": 0, "drone": 4, "position":(16.666666666666668,8.333333333333334,1.0), "time":113.0744874222766,"sensors":[28,44,34,43,0,32,42,4,47,25],"power":[0.011150136778047695,0.028184250966233833,0.052323776291474444,0.012193231918031414,0.1234933294874608,0.007870245420099859,0.008728756271696628,0.023297989967975698,0.01524086724308208,0.7951022558874933]}
{"id": 1, "drone": 4, "position":(41.666666666666664,41.666666666666664,1.0), "time":848.156260293359,"sensors":[9,13,30,22,38,2,45,15,29,16,5,17,7,20],"power":[0.9019646376168586,0.0855899864638088,0.6045856206378902,0.3791894117130971,0.25977543187675495,0.42261541421396626,1.7997775291954738,0.4685233619007294,0.13706604776220493,0.18871893405395154,0.14159259322819678,0.15,0.19313374599916633,0.4555499818331812]}
{"id": 2, "drone": 3, "position":(8.333333333333334,41.666666666666664,1.0), "time":657.7226694361763,"sensors":[21,8,18,3,14,31,37,41,40],"power":[0.04190784522728536,0.14739373472350362,0.09751322607243017,0.2406151647067991,0.18468044112427273,0.6218506174206231,0.05875545840875214,0.2950794560398773,0.15]}
{"id": 3, "drone": 3, "position":(41.666666666666664,33.333333333333336,1.0), "time":8.593745040891285,"sensors":[9,30,26,2,45,15,1,29,16,46,5,6,7,20],"power":[7.811545825662903E-4,8.521259853564518E-4,0.0037996448158988073,0.0010237903753217872,0.0010033653182863103,5.871167880951527E-4,6.287355743607266E-4,5.869351173122999E-4,0.0010415770377522897,0.0013304468033414534,0.0024971234327249878,0.002878362557768799,0.001149156946515448,0.013362749771375297]}
{"id": 4, "drone": 5, "position":(41.666666666666664,25.0,1.0), "time":65.51539049295435,"sensors":[26,48,46,5,6,33,20],"power":[0.07798802325647015,0.01749360312581458,0.015338609647800478,0.005910283339078251,0.14589600502378614,0.009407831570941785,0.006780140879307133]}
{"id": 5, "drone": 5, "position":(41.666666666666664,16.666666666666668,1.0), "time":3.190772145048868,"sensors":[26,11,48,46,6,33],"power":[3.333855212694974E-4,2.2875465309106334E-4,0.02975751943290152,2.2345774626058624E-4,4.315025773356357E-4,3.880351710086661E-4]}
{"id": 6, "drone": 6, "position":(33.333333333333336,25.0,1.0), "time":568.8632611120997,"sensors":[36,49,26,39,11,1,48,46,6,27,33],"power":[0.10555109086366915,0.12231128208855575,0.06787894640636155,0.11528847324092012,0.06811616910542251,0.05965743404736229,0.060106375298313135,1.7796897265635203,0.17062035788838414,0.15835939226149134,0.6917605320339598]}
{"id": 7, "drone": 6, "position":(33.333333333333336,8.333333333333334,1.0), "time":518.4280581011477,"sensors":[49,24,11,35,48,42,33],"power":[0.04384025969867746,0.14479648146315355,0.11635604471123595,0.1511216714793183,0.04264250214297143,0.26854922805041326,0.033575364188619214]}
{"id": 8, "drone": 0, "position":(25.0,8.333333333333334,2.0), "time":65.51539049295411,"sensors":[44,34,0,49,24,11,27,42,4,25],"power":[0.009298881314078284,0.00418882693885962,0.006672856364783082,0.007714196203469642,0.005203518536846441,0.015229991257428646,0.004880825144076149,0.03496279598337101,0.005880427898484449,0.014203045907104883]}
{"id": 9, "drone": 0, "position":(8.333333333333334,33.333333333333336,1.0), "time":153.7287969741526,"sensors":[21,8,18,3,14,12,31,37,41],"power":[0.034780135741455664,0.03148645979537437,0.07148673511027591,0.09696638940199875,0.05806114170517082,0.030306342672184797,0.036476234170947,0.029453164667528158,0.27022997829013584]}
{"id": 10, "drone": 7, "position":(33.333333333333336,41.666666666666664,1.0), "time":233.994460257338,"sensors":[9,36,13,23,30,22,38,2,45,15,1,29,7,20],"power":[0.041085527483266576,0.02763626830300686,0.05724849693754678,0.040020616920419874,0.018861768249753243,0.03874987167571631,0.04638523867944606,0.3379723498612804,0.03880066072977982,0.06107677046096711,0.05967797343073974,1.1850921908051073,1.1765696814896591,0.03276373393678218]}
{"id": 11, "drone": 7, "position":(16.666666666666668,33.333333333333336,1.0), "time":279.03062494796734,"sensors":[21,36,23,8,3,12,39,31,37,1,41],"power":[0.5757227266126879,0.030604485283816783,0.02181440385090296,0.195843451056888,0.023247159947390406,0.08214515080953745,0.03271467585713139,0.061034805987949706,2.7903062494796735,0.022542129414363836,0.04356177529739934]}
{"id": 12, "drone": 1, "position":(25.0,41.666666666666664,1.0), "time":65.51539049295434,"sensors":[36,13,23,8,2,31,37,1,29,7],"power":[0.009856373281348245,0.007161516598644324,0.22508541024201215,0.0093220838120274,0.006819101564390158,0.004985700775698754,0.007123165706088437,0.017644810927825983,0.018611903908425396,0.01279061462813954]}
{"id": 13, "drone": 1, "position":(8.333333333333334,16.666666666666668,1.0), "time":502.3691799204879,"sensors":[19,28,44,34,43,0,12,10,4,47,25],"power":[0.31708761236036714,0.48417841717730836,0.07315607588032451,0.15032652634515314,0.14323762899968923,0.041850207791258295,0.050231111857649835,0.10612353898035434,0.10644906169228846,2.328964671335017,0.03840975679317039]}
{"id": 14, "drone": 2, "position":(25.0,25.0,1.0), "time":0.2623742332920853,"sensors":[21,36,44,43,12,49,39,37,11,1,46,27,4,33],"power":[3.303579029266126E-5,6.388269550692318E-5,2.8858668128181975E-5,2.7276434018910138E-5,3.0644305131693905E-5,9.042688649180347E-5,0.001996850901948494,2.7562169882266486E-5,3.317523941465646E-5,3.0007186726791516E-5,4.689288587647756E-5,1.5765350966943781E-4,2.6417987807905115E-5,6.526309232793101E-5]}
{"id": 15, "drone": 2, "position":(8.333333333333334,8.333333333333334,1.0), "time":475.0384240155321,"sensors":[19,28,44,34,43,0,32,10,4,47,25],"power":[0.0965031422386562,0.05700153564791209,0.0393319331712352,0.4487420581334919,0.03635017676657171,0.16959053715528438,0.14212975457990012,0.06474782935357362,0.042425244993468045,0.11544066551366304,0.09619426906631483]}
