LP RESULTS :
 Obj = 0.1*lambda1+0.9*lambda2 = 134.15013275721557 (lambda1 = 1323.5013275721556, lambda2 = 2.0) Resol time = 788 ms

{"id": 0, "drone": 1, "position":(8.333333333333334,25.0,5.0), "time":694.835140123905,"sensors":[32,3,26,28,16,11,19],"power":[0.1836100199210871,0.269939674361966,0.3611154289233408,0.12420622431091338,0.09501076719453065,0.2164267033854439,0.08726469500479399]}
{"id": 1, "drone": 1, "position":(41.666666666666664,25.0,1.0), "time":628.6661874482505,"sensors":[44,12,22,18,25,23,30,15,29,6],"power":[0.1889645330392476,0.16061969915990035,0.044985189266132417,0.6113629210316787,0.10679314522674761,0.04035672400644271,0.10530674578590823,0.15,0.27513365826335495,0.059450620694899696]}
{"id": 2, "drone": 7, "position":(33.333333333333336,8.333333333333334,5.0), "time":507.853595785669,"sensors":[42,45,47,49,23,31,17,48,35],"power":[0.1214126074167613,0.07720541091494258,0.18316915284435412,0.097599372690205,0.049383132249704746,0.10859989591934915,0.18306129212506048,0.22920861792386724,0.041736338472676535]}
{"id": 3, "drone": 7, "position":(8.333333333333334,33.333333333333336,1.0), "time":89.31392824113198,"sensors":[32,5,3,26,24,27,28,16,11,34],"power":[0.009482118701670927,0.013562523272202158,0.011546039094514052,0.021789275983467585,0.03522614356703847,0.017634556448105625,0.01218079835505918,0.02279014055404549,0.015178063136056075,0.028385078887522418]}
{"id": 4, "drone": 4, "position":(8.333333333333334,8.333333333333334,2.0), "time":362.69837936506656,"sensors":[13,2,37,14,33,43,21,0,4,7],"power":[0.1343893499087314,0.1000494339190138,0.031525291340586785,1.3355225606182821,0.03968893571013486,0.047000186694969893,0.09453719061017411,0.0779372087541381,0.3547036477547574,0.05403049714087439]}
{"id": 5, "drone": 4, "position":(25.0,41.666666666666664,1.0), "time":597.4734057407628,"sensors":[5,20,41,38,1,27,36,10,46,34],"power":[0.04638865136783782,0.18467123348608397,0.24303956488642986,0.11358156513022162,0.2950992143336395,0.0714962715651337,0.14345916291480829,0.19874548959470714,0.16757510312659443,0.04671341445500714]}
{"id": 6, "drone": 2, "position":(25.0,25.0,1.0), "time":20.80268993398297,"sensors":[32,25,42,23,38,27,28,36,10,8,19],"power":[0.002243829409841041,0.002071062938498901,0.0015196635997057944,0.004531452618558842,0.001616942097522977,0.0017743036564823024,0.003762847035531378,0.004283412178173364,0.00284539474269531,0.12116039620844127,0.0032494069406875654]}
{"id": 7, "drone": 2, "position":(16.666666666666668,25.0,1.0), "time":76.55904444915916,"sensors":[32,3,26,27,28,36,11,8,19],"power":[0.11040441445914967,0.00814944942534921,0.02453296199170419,0.013415051401458242,0.3596460653148025,0.00694418774729075,0.005506527212177309,0.015674130192199015,0.04258547074550719]}
{"id": 8, "drone": 5, "position":(33.333333333333336,16.666666666666668,1.0), "time":166.17885440425312,"sensors":[18,42,47,49,23,31,6,17,48,8],"power":[0.013219872674951656,0.3968829300015533,0.10709692706537147,0.03177382872801873,0.18647364243165546,0.023251296291918144,0.015391963615623878,0.014281415434073168,0.03483803970661153,0.013165473599359708]}
{"id": 9, "drone": 5, "position":(8.333333333333334,41.666666666666664,1.0), "time":539.3522592071185,"sensors":[5,39,24,27,16,34],"power":[0.5210937152511554,0.15,0.32190384088372975,0.0571064422568809,0.03772408481936911,0.23290522899447993]}
{"id": 10, "drone": 0, "position":(8.333333333333334,8.333333333333334,2.0), "time":794.8450418525038,"sensors":[13,2,37,14,33,43,21,0,4,7],"power":[0.2945111269582492,0.21925600172212184,0.06908694094218641,2.9267665531009635,0.08697737723788102,0.1029998133050301,0.2071760490319945,0.17079757583283198,0.7773247739303809,0.11840657473140681]}
{"id": 11, "drone": 0, "position":(41.666666666666664,8.333333333333334,1.0), "time":528.6562857196518,"sensors":[42,45,47,30,9,6,17,48,35],"power":[0.05686187672219651,0.11467659820573657,0.11881838243605862,0.06461470658255355,0.15,0.19219131837263503,0.11331866866566281,0.0599450668666847,0.20600056195711428]}
{"id": 12, "drone": 6, "position":(41.666666666666664,41.666666666666664,3.0), "time":674.0324501899221,"sensors":[44,40,12,22,25,38],"power":[0.08885640250728687,0.8708008408942528,0.05053633194470343,0.2404128896771,0.052686841803105136,0.06148443349541098]}
{"id": 13, "drone": 3, "position":(16.666666666666668,8.333333333333334,1.0), "time":165.95790635458502,"sensors":[13,37,14,33,21,49,31,4,7,19],"power":[0.01588777216743558,0.04938776771722677,0.030303829411996854,0.298370276457429,0.2557157871154748,0.023529069949731543,0.025300658875311934,0.04566910951373791,0.06952691077853669,0.016900427309011236]}
