LP RESULTS :
 Obj = 0.1*lambda1+0.9*lambda2 = 133.15960220094487 (lambda1 = 1313.5960220094485, lambda2 = 2.0) Resol time = 323900 ms

{"id": 0, "drone": 1, "position":(25.0,33.333333333333336,1.0), "time":22.16056951774408,"sensors":[7,29,36,22,10,33,45,21,16,19,30,1,5,35],"power":[0.0035743610120569946,0.003381920891294816,0.033839187202222135,0.02448163493494647,0.0014496564935518883,0.07203558520631301,0.02180311897169015,0.0016959972418865922,0.0018468826525294157,0.00554433092327019,0.0028021182516234054,0.0026377682029116124,0.03194697708913743,0.0072337275168825235]}
{"id": 1, "drone": 1, "position":(33.333333333333336,8.333333333333334,1.0), "time":116.20057211722002,"sensors":[2,6,17,44,23,3,49,28,0,27,41,31],"power":[0.25309553407551183,0.019767471692360542,0.008592160489522186,0.022330819141901437,0.02273313666599478,0.013902299502428446,0.024558003888432454,0.009290431853274255,0.013047513027879314,0.01369092729356207,0.042331146868320915,0.011884301277628444]}
{"id": 2, "drone": 5, "position":(8.333333333333334,33.333333333333336,1.0), "time":547.0864788811831,"sensors":[15,14,18,10,42,21,32,48,39],"power":[0.5014109165486099,0.09138865062673787,0.20603020640175493,0.17495740005541532,0.052322723183902506,0.24879196814751017,0.04822921533221856,0.12550520480084162,0.08357979435027306]}
{"id": 3, "drone": 5, "position":(25.0,8.333333333333334,1.0), "time":211.47892693740056,"sensors":[2,6,13,17,23,26,49,24,28,0,41],"power":[0.02532353024104872,0.5991084750824373,0.040607532061801885,0.05929409250865351,0.04212748943429944,0.016373603595516137,0.022232035947595166,0.034904012941432375,0.17505287360031893,0.019091859260899482,0.014161583591762242]}
{"id": 4, "drone": 4, "position":(16.666666666666668,41.666666666666664,3.0), "time":154.982995050665,"sensors":[43,14,18,20,10,33,45,21,30,1,35],"power":[0.026662387508250913,0.024321972493765255,0.030943254078748685,0.049084910137140746,0.062179369664355826,0.01424881128603191,0.014118671886620242,0.01219992725501676,0.04604698812864871,0.1067238532863757,0.025955030056560004]}
{"id": 5, "drone": 4, "position":(25.0,41.666666666666664,1.0), "time":327.6794990546207,"sensors":[7,29,36,22,43,20,10,33,45,16,19,30,1,5,35],"power":[0.042866627154885574,0.028940732992596235,0.0340904626840355,0.03158292029102219,0.07310620806305389,0.025012961205792154,0.024608805169119275,0.10138483200218831,0.16013859035575898,0.023898411616096998,0.1700253042498139,0.558823113401826,0.18554466676172324,0.08233313018887974,1.2332777830863781]}
{"id": 6, "drone": 3, "position":(33.333333333333336,16.666666666666668,1.0), "time":20.168552835357218,"sensors":[2,6,44,23,3,49,0,27,31],"power":[0.0040945256513014025,0.00245525788641341,0.007128810319130102,0.017374066428561073,0.04704275637392955,0.20168552835357217,0.02241384142445916,0.0034918157137882938,0.0034020586752850188]}
{"id": 7, "drone": 3, "position":(16.666666666666668,8.333333333333334,1.0), "time":420.7227521391725,"sensors":[6,13,17,26,24,28,8,12,4],"power":[0.10230199899647517,1.11153183937488,0.08211374700182429,0.3262699887073447,0.14962002910345976,0.3906283773180715,0.0663223474530861,0.05389727190524001,0.03578431402636373]}
{"id": 8, "drone": 2, "position":(8.333333333333334,8.333333333333334,1.0), "time":565.1937708156554,"sensors":[13,26,24,9,28,8,12,4],"power":[0.1202561189908131,0.43215700231798737,0.061510686195155116,0.15,0.046730722704398805,0.06435782081981742,0.12166698069650901,0.2494722312445905]}
{"id": 9, "drone": 2, "position":(41.666666666666664,33.333333333333336,2.0), "time":261.6864795052358,"sensors":[7,29,38,46,40,25,16,34],"power":[0.056899039691343876,0.07336661692805019,0.07688474930345601,0.12546330682426954,0.23791259163439166,0.5796109022108529,0.10269954311855051,0.018758132512601437]}
{"id": 10, "drone": 6, "position":(41.666666666666664,8.333333333333334,1.0), "time":244.09311617838233,"sensors":[2,44,3,49,47,27,41,31],"power":[0.10608608835221987,0.07476907981557684,0.01563311648421467,0.021250885341836646,0.01623494375252582,0.09062995672978363,0.09350726953991684,0.07490569092618002]}
{"id": 11, "drone": 6, "position":(41.666666666666664,16.666666666666668,1.0), "time":392.5389728162523,"sensors":[2,44,23,3,49,47,0,27,41,31],"power":[0.05786104092022581,0.7005058183775604,0.03108474488103618,0.08571728423701194,0.07326998844732946,0.13376505624747417,0.039599738347698275,1.082982297596567,0.02478485742206191,1.449096986116818]}
{"id": 12, "drone": 0, "position":(41.666666666666664,41.666666666666664,1.0), "time":702.0694739318479,"sensors":[37,11,7,29,38,46,40,25,16,19,34],"power":[0.15,0.17660409784227823,0.13103871070686346,0.10222835965839112,0.07311525069654398,0.20403166472628767,0.07355745151033072,0.14784349670881825,0.2178748468617759,0.06035298552840652,0.21982380879540336]}
{"id": 13, "drone": 0, "position":(25.0,25.0,5.0), "time":329.1158811248365,"sensors":[36,22,33,23,3,49,45,0,5],"power":[0.09240233197453375,0.09393544477403135,0.037382433597319895,0.03763303518640074,0.03331695311977388,0.027322822602077083,0.024087698356197885,0.055847047939063775,0.03591116831329263]}
{"id": 14, "drone": 7, "position":(8.333333333333334,25.0,1.0), "time":327.6794990546206,"sensors":[15,42,8,21,32,48,39,12,4],"power":[0.1462442979533628,0.21629873519257134,0.05797981495473675,0.1020419598432649,0.10560717076136134,0.02449479519915837,0.881086884138505,0.06644701663753273,0.028725900534257838]}
{"id": 15, "drone": 7, "position":(16.666666666666668,41.666666666666664,1.0), "time":261.68647950523575,"sensors":[43,14,18,20,10,33,45,21,19,30,1,35],"power":[0.050231404428695184,0.04506712977178264,0.05642027922581642,0.10320741652293672,0.136988748133549,0.02568799276063382,0.026101236523825726,0.023381213982697668,0.01784894681354368,0.08949048922273868,0.3164580343794068,0.04689117327843157]}
