LP RESULTS :
 Obj = 0.1*lambda1+0.9*lambda2 = 120.47129474918493 (lambda1 = 1186.7129474918493, lambda2 = 2.0) Resol time = 4278 ms

{"id": 0, "drone": 3, "position":(25.0,41.666666666666664,1.0), "time":15.437392423521786,"sensors":[21,6,20,2,30,40,11,16,7],"power":[0.0016007002390487487,0.0022540048162667413,0.0013859097320520735,0.00247607834820434,9.972173392583628E-4,0.0014175399280240476,0.06866024127572591,0.0347027593257229,0.0014825641186757557]}
{"id": 1, "drone": 3, "position":(8.333333333333334,41.666666666666664,1.0), "time":109.07307645849431,"sensors":[46,6,30,13,3,7,14],"power":[0.14112116214909498,0.021869183968945237,0.02893128524038882,0.08401771301937137,0.01460075572567233,0.02006477052007971,0.01630810955526976]}
{"id": 2, "drone": 0, "position":(8.333333333333334,33.333333333333336,1.0), "time":640.7314338489967,"sensors":[46,5,6,24,34,30,25,13,3,7,14],"power":[0.05965780519884775,0.16822587729178667,0.12963951009600297,0.1565981074000007,0.06815324669722254,0.31452989910847345,0.18008123507021223,0.06598228698062863,0.8669750972362442,0.18973347928533282,0.13369189044473023]}
{"id": 3, "drone": 0, "position":(41.666666666666664,33.333333333333336,1.0), "time":21.895076950751083,"sensors":[27,21,29,17,23,44,2,39,48,40,36,47,0],"power":[0.0026025971056871616,0.003111911015605777,0.005331914091694556,0.007430390690560807,0.0020515148442517422,0.0020060803222346907,0.0015184564678188748,0.006674164113253751,0.01921890828887289,0.002802812428741772,0.0028585315347985155,0.0017075055571658605,0.017679847461005333]}
{"id": 4, "drone": 7, "position":(41.666666666666664,8.333333333333334,1.0), "time":470.69139603111563,"sensors":[10,37,9,41,33,1,22,42,19,32],"power":[0.05575802797861549,0.21248132247767157,0.48561530395211683,0.3985737459049993,0.06042201534563044,0.15,0.15903490992688954,0.8330131505769287,0.3752248765429077,0.06562495607935459]}
{"id": 5, "drone": 7, "position":(25.0,16.666666666666668,1.0), "time":3.2329407963056322,"sensors":[10,26,4,43,33,20,23,38,45,12,47,18],"power":[8.070389164683658E-4,6.695573026066774E-4,2.0956645685071305E-4,4.432105938544419E-4,5.999341988223165E-4,2.1698291971014805E-4,2.4869942759082295E-4,0.0013679834683619516,0.014013697563068939,5.891181842996616E-4,3.733183829973505E-4,0.012366628175109577]}
{"id": 6, "drone": 4, "position":(41.666666666666664,41.666666666666664,1.0), "time":836.3842583554319,"sensors":[21,17,35,44,39,48,28,36,0],"power":[0.46962677583220525,0.08583597285976077,0.15,0.7679973473477327,0.10620305421703775,0.06575489233655409,0.3530101671606487,0.20255968937777782,0.08015596824575459]}
{"id": 7, "drone": 1, "position":(25.0,33.333333333333336,1.0), "time":421.47104476083626,"sensors":[6,20,23,2,30,40,11,47,16,7],"power":[0.0628955109249113,0.4212112184751565,0.08677046636529896,0.49546366174922246,0.037301611302162634,0.14642157471140876,0.08133975872427408,0.03175047090011166,0.12142184169057402,0.059197563088709076]}
{"id": 8, "drone": 2, "position":(33.333333333333336,16.666666666666668,1.0), "time":384.3549984787617,"sensors":[10,27,26,37,9,33,23,38,45,42,19,32,47,18],"power":[0.3125703845630991,0.030014364086843548,0.4067968442519525,0.04551591701350093,0.05069889980352648,2.1658561969211925,0.04371022173148879,0.037394532658760825,0.060666962757807114,0.027777322002126834,0.08509534742855429,0.02545269405076823,0.11122093909609676,0.12586136001640577]}
{"id": 9, "drone": 2, "position":(16.666666666666668,8.333333333333334,1.0), "time":724.7411045896549,"sensors":[8,4,31,43,49,38,45,12,18],"power":[0.06543490810192075,0.17334301323126466,0.06620758051229228,0.41531290466138066,1.7337258436632583,0.2245962868108151,0.07531933967912392,1.2785276973030275,0.047253690613545674]}
{"id": 10, "drone": 5, "position":(41.666666666666664,25.0,1.0), "time":328.4336121856661,"sensors":[27,26,37,9,29,17,33,22,23,39,48,40,32,47,0],"power":[0.4381050120851364,0.047271448756188855,0.03279858985492428,0.02314418272625982,0.14466808590830546,0.056733636449678417,0.028308794910953047,0.021134893967057672,0.042792942392478606,0.03866974626226289,0.30967758268158213,0.02699883491359704,0.05922890234321423,0.07225076998534335,0.12593515759635487]}
{"id": 11, "drone": 5, "position":(8.333333333333334,16.666666666666668,1.0), "time":458.73890210588866,"sensors":[8,5,4,31,43,24,15,49,34,25,12],"power":[0.17298082031989812,0.04868623059672282,0.47380993979782554,1.4701141412523715,0.11454905454065639,0.08373460623284516,0.15,0.0634792278346338,0.20276014319574398,0.03851646191044625,0.05461478210179695]}
