LP RESULTS :
 Obj = 0.1*lambda1+0.9*lambda2 = 157.15145853016233 (lambda1 = 1553.5145853016231, lambda2 = 2.0) Resol time = 2889 ms

{"id": 0, "drone": 5, "position":(41.666666666666664,8.333333333333334,1.0), "time":1279.7845743639307,"sensors":[37,1,4,40,7,18,2,0,28,36,15],"power":[0.2915296301048891,0.24419404761134372,0.7780590939523999,0.18619592093253737,0.2693268278544296,0.14902456483757695,0.09406004110499347,0.36252638449269753,0.10634543359063744,0.6776583824022899,0.27341593935609587]}
{"id": 1, "drone": 5, "position":(16.666666666666668,25.0,1.0), "time":103.3344046502616,"sensors":[48,5,26,19,32,14,39,16,46,45,47,17,3,31],"power":[0.02293616630098236,0.019391691670059354,0.009883138862528215,0.013842167389198029,0.010150940387247905,0.013258040998068626,0.4489449660117927,0.00985294997514653,0.28916435609936153,0.010620772946525385,0.02265715860349681,0.023410966921621285,0.014800030830242629,0.0903529271824982]}
{"id": 2, "drone": 0, "position":(8.333333333333334,25.0,3.0), "time":795.8582718886656,"sensors":[32,14,39,42,46,47,31],"power":[0.08701032297189752,0.27241611357605616,0.11635492284426462,0.11762680083594985,0.09325638828285004,1.4679539106096644,0.3904340691636997]}
{"id": 3, "drone": 0, "position":(25.0,25.0,1.0), "time":10.929958367739017,"sensors":[48,5,41,26,19,39,16,46,2,24,17,3,31],"power":[0.0020904094546498535,0.0015204424104011463,9.212117453159791E-4,0.0011232253300129079,0.01919402231792046,0.0032318123369424277,0.01455802894146037,0.003960512340501162,0.0013292496147267196,0.0015458213774129435,0.0017153840208509574,0.001661839573401937,9.038265053026826E-4]}
{"id": 4, "drone": 6, "position":(33.333333333333336,16.666666666666668,1.0), "time":6.4890926052289615,"sensors":[37,1,11,40,19,16,2,28,29,3],"power":[0.0010240360636197604,0.0010377856113402686,4.6855229061957014E-4,5.806086257968077E-4,0.0012460264953099598,9.679323621206207E-4,0.03445239971849618,0.002303030633431184,8.118542888250759E-4,5.485440323367276E-4]}
{"id": 5, "drone": 6, "position":(25.0,33.333333333333336,1.0), "time":643.3919503949569,"sensors":[48,23,41,26,19,39,16,46,43,49,45,24,17],"power":[0.4043614015382237,0.06026719366248809,0.05678394010260992,0.5410781032859239,0.08011644074539782,0.09129381490356163,0.12752487442444965,0.08066204434368833,0.29649557114365954,0.04458754496999239,0.15695977428165495,0.2038637031481816,0.24308765218336337]}
{"id": 6, "drone": 3, "position":(8.333333333333334,41.666666666666664,1.0), "time":438.98701599285596,"sensors":[23,44,33,20,32,14,42,45,8,25],"power":[0.11599263034956935,0.06414206821363351,0.2447959168210274,1.7616815116672961,0.12928381621949367,0.05161341264115057,0.03237319916405013,0.053010863304137394,0.2999268105536036,0.24119771636609935]}
{"id": 7, "drone": 3, "position":(41.666666666666664,41.666666666666664,5.0), "time":613.7183914922572,"sensors":[22,13,10,21,35,9],"power":[0.15,0.1106221447759687,0.12777840281136169,0.13489555001757594,0.17113394277397778,0.3555468713605238]}
{"id": 8, "drone": 4, "position":(8.333333333333334,8.333333333333334,1.0), "time":120.75345562322966,"sensors":[38,27,34,30],"power":[0.01986290604275746,0.0658481186140375,0.024220573666604288,0.023190261527996334]}
{"id": 9, "drone": 4, "position":(25.0,41.666666666666664,1.0), "time":335.09887299614627,"sensors":[12,48,23,44,26,43,49,45,24,35,8,17,25],"power":[0.14116317814403395,0.04571658624978996,0.061181436398931054,0.0624873504022516,0.10638439882406245,0.48791940614334584,0.2302746491751771,0.06804364321595657,0.03765081198378668,0.028575100556827545,0.029179506076584056,0.041450050002666175,0.030918797876599333]}
{"id": 10, "drone": 1, "position":(33.333333333333336,33.333333333333336,2.0), "time":428.05705762511684,"sensors":[48,11,41,26,19,10,16,43,24,35,9],"power":[0.028665979103747467,0.11880719313407208,0.23245698398367276,0.03626898996035998,0.03560134305217381,0.1465674551969469,0.07070647327134955,0.08428457564396827,1.05887679955612,0.045569625347740825,0.035194138205601196]}
{"id": 11, "drone": 1, "position":(41.666666666666664,8.333333333333334,5.0), "time":10.929958367737527,"sensors":[37,1,4,40,7,18,0,28,36,15],"power":[0.0018606033389602676,0.001574605340139465,0.0032706214581158586,0.0012081345046933679,0.0017628956391718732,9.754351624230372E-4,0.002174020802140572,7.13794127015837E-4,0.003071269013044566,0.0017567921082031629]}
{"id": 12, "drone": 2, "position":(16.666666666666668,41.666666666666664,1.0), "time":32.7023412674024,"sensors":[12,48,23,44,33,26,20,32,43,49,45,8,17,25],"power":[0.008836821855966044,0.005003560715276169,0.19450202341574283,0.023370581384114877,0.00329243991199826,0.008617420309283369,0.005867607079158032,0.0072747605258783035,0.004452791613209828,0.005208266699632582,0.017589742133787403,0.03380730418910041,0.005915544850586557,0.031588860709978336]}
{"id": 13, "drone": 2, "position":(16.666666666666668,8.333333333333334,3.0), "time":1176.450169713668,"sensors":[6,5,38,27,29,3,34,30],"power":[0.09000902950574242,0.21986844857885388,0.685173991603279,0.08415188138596248,0.200341546174551,0.21539915441530055,2.3142462860119433,0.20731993114863106]}
{"id": 14, "drone": 7, "position":(41.666666666666664,33.333333333333336,1.0), "time":136.0367459176639,"sensors":[11,41,13,10,21,24,35,9],"power":[0.05813683856962828,0.048180582760502785,0.06658794409215527,0.23164789383191423,0.0313340879150855,0.020718583397285887,0.013744257076624158,0.03139202270763439]}
{"id": 15, "drone": 7, "position":(25.0,8.333333333333334,1.0), "time":256.3109599647257,"sensors":[37,6,40,5,38,2,28,29,3,34],"power":[0.04917605797717435,0.059990970494257584,0.056531506279699634,0.03925430011130933,0.04805449209275199,0.020158309561781232,0.11244346326444601,1.7508631527329923,0.05477817950058578,0.05949958329525183]}
