LP RESULTS :
 Obj = 0.1*lambda1+0.9*lambda2 = 129.69012289671616 (lambda1 = 1278.9012289671616, lambda2 = 2.0) Resol time = 429 ms

{"id": 0, "drone": 6, "position":(41.666666666666664,25.0,1.0), "time":155.00294290342035,"sensors":[15,26,34,43,40,18,7,48,39,20,44,14,36,24,25],"power":[0.015193616277688428,0.010401060917575108,0.04539644339256993,0.06196039711789535,0.13044689161145775,0.015784160126788953,0.05028782330096362,0.026411353553761594,0.03990235858802939,0.06760107402335674,0.14358814681090776,0.035073526632465254,0.07397581662512491,0.03423868309169558,0.031528188653273025]}
{"id": 1, "drone": 6, "position":(41.666666666666664,41.666666666666664,1.0), "time":363.04809027593626,"sensors":[15,26,21,8,17,18,4,7,48,14,2,36,25,28],"power":[0.18776680063003603,0.19163333586592726,0.029099197386854184,0.02625707222838466,0.0723924230488849,0.16344982416338505,0.1403209931767881,0.03061934448678094,0.08686828463676673,0.03969323407475663,0.024263234768438852,0.038891379791133926,0.07857453975813716,0.21706616264778386]}
{"id": 2, "drone": 5, "position":(8.333333333333334,25.0,1.0), "time":576.6487533889438,"sensors":[31,27,29,35,13,37,22],"power":[0.10843600308041976,0.10025777471071287,0.15,0.0428892292159015,5.0287248179683255,0.058718487765787135,0.053701540879457124]}
{"id": 3, "drone": 5, "position":(33.333333333333336,8.333333333333334,1.0), "time":302.0971238938021,"sensors":[33,49,41,38,23,19,6,24,30],"power":[0.03846940535183705,0.40334106361980543,0.06486568881444574,0.052881676845732764,0.05179411850914937,0.06204876380815284,0.09688017822908368,0.03782829629486263,0.06802635664618856]}
{"id": 4, "drone": 0, "position":(41.666666666666664,8.333333333333334,1.0), "time":474.8174528009107,"sensors":[3,49,23,6,24,5,30],"power":[0.1654288513811957,0.0779027804997199,0.898544121141385,0.04436827003925818,0.05581913219530184,0.08492201864887997,0.08197364335381145]}
{"id": 5, "drone": 0, "position":(33.333333333333336,41.666666666666664,1.0), "time":109.32059652274654,"sensors":[15,26,46,21,8,17,18,4,48,14,2,25,28],"power":[0.02447238254700757,0.008651212330491351,0.015786479522674653,0.09748116457059508,0.07887609243172354,0.03676531442534645,0.011374916421269239,0.009679006823211897,0.01779003610161781,0.013797291766942957,0.03989130130373902,0.013219717799793692,0.023799345696911625]}
{"id": 6, "drone": 1, "position":(25.0,8.333333333333334,1.0), "time":155.00294290342032,"sensors":[33,49,41,38,19,12,6,22],"power":[0.2891935385782135,0.032258808890484686,0.19213159910173044,0.08979660196379835,0.058948371917882915,0.01207490689351701,0.029078834044230083,0.01489683323488103]}
{"id": 7, "drone": 1, "position":(25.0,25.0,1.0), "time":125.3849774296543,"sensors":[34,31,46,27,38,44,10,12,22],"power":[0.019772598749453987,0.02805673325268881,0.02040743975592701,0.0353119675194074,0.012655769442334031,0.008859916613607443,1.0362764778342366,0.1168625033144665,0.017952740298744246]}
{"id": 8, "drone": 2, "position":(8.333333333333334,8.333333333333334,2.0), "time":202.52617073816472,"sensors":[35,37,16],"power":[0.08783793827214426,0.07925952815175966,0.1193269671860208]}
{"id": 9, "drone": 2, "position":(41.666666666666664,16.666666666666668,1.0), "time":346.9837093690285,"sensors":[34,3,49,43,40,23,39,20,44,24,5],"power":[0.04469067158165964,0.07411712136372359,0.049780785963931866,0.07097180310692919,0.12587845135968287,0.039038208283232824,0.06594955212897802,0.03173271635741815,0.09188209764232258,0.19102460555429948,0.06507798135112002]}
{"id": 10, "drone": 7, "position":(8.333333333333334,41.666666666666664,1.0), "time":822.1462194880414,"sensors":[42,1,0,9,47,45,32,11],"power":[0.13334766077515275,0.3438772867413005,0.12598168641688856,4.2771387727802255,0.3774008522317094,0.2383935185971454,0.20511625581845347,0.15000000000000002]}
{"id": 11, "drone": 7, "position":(16.666666666666668,16.666666666666668,1.0), "time":114.24722592271848,"sensors":[33,31,27,38,35,13,10,37,12,22],"power":[0.01035264571048872,0.016155299966511733,0.02858643005971138,0.019613082942845195,0.009558678681298933,0.008999476246613725,0.010122424010806756,0.03659476833375057,0.021062589792016504,0.49153957764999945]}
{"id": 12, "drone": 4, "position":(16.666666666666668,8.333333333333334,1.0), "time":307.6173293224248,"sensors":[33,41,38,35,19,37,16,22],"power":[0.10434252577631845,0.04842680419298194,0.04420648667210203,0.025322438196490184,0.029002864273964226,0.07166916775187158,0.03067303281397918,0.05032486336269014]}
{"id": 13, "drone": 3, "position":(25.0,41.666666666666664,1.0), "time":456.7550094791202,"sensors":[42,46,1,0,21,8,17,2],"power":[0.0804365609357781,0.12638661419443384,0.047359442351271146,0.10931754524837904,0.3992911008586922,0.49746903749735133,0.04084226252576864,0.16606099166353996]}
{"id": 14, "drone": 3, "position":(41.666666666666664,33.333333333333336,1.0), "time":651.5295992650586,"sensors":[15,26,34,43,40,18,7,48,39,20,44,14,36,25,28],"power":[0.6897842508679322,0.2912550746101035,0.07140621066531673,0.06636043879720309,0.06288675788991248,0.8349039720798384,0.3212984206409986,1.6017462102612654,0.04414808928299249,0.15766439562366527,0.07901403414396882,0.35062103475388384,1.0620181142102463,3.58193002928095,0.04448303240948266]}
