LP RESULTS :
 Obj = 0.1*lambda1+0.9*lambda2 = 129.9676278824739 (lambda1 = 1281.6762788247388, lambda2 = 2.0) Resol time = 1484 ms

{"id": 0, "drone": 6, "position":(25.0,25.0,1.0), "time":396.5075011699817,"sensors":[43,46,35,19,39,38,49,12,25,14,6,48,31,3],"power":[0.0546458106991643,0.060641068444899936,0.04304301746285915,0.19319835052578863,0.030699237787504604,0.33370182982154273,0.15703681234707528,0.04564939586282777,0.026262317470989956,0.035186060311673636,1.173928362107876,0.11197761891717503,0.24196635826173452,1.0660092128429413]}
{"id": 1, "drone": 6, "position":(41.666666666666664,25.0,1.0), "time":323.5933386316192,"sensors":[9,46,35,39,0,23,40,27,29],"power":[0.02445291105189405,0.03331079305393391,0.04823102629398601,0.26336796425816156,0.08041137742716409,0.0915560656319015,0.021343903337525512,0.028061909090280324,0.09652613898784854]}
{"id": 2, "drone": 2, "position":(41.666666666666664,33.333333333333336,1.0), "time":388.71672609196685,"sensors":[46,4,20,35,39,0,23,40,27,29],"power":[0.06709692066295299,0.1567109564111042,0.025981768281516996,0.101739632798099,0.04710065548639671,0.05522827146003989,2.2748571311602723,0.1846852579579313,0.10757120221172345,0.0551862380222503]}
{"id": 3, "drone": 2, "position":(8.333333333333334,25.0,1.0), "time":94.73924844668272,"sensors":[41,42,43,21,14,15,22],"power":[0.021319373590898614,0.019946906276162274,0.0063076648008668695,0.09386425673026902,0.059117768965643594,0.018536842529759,0.2466333813004071]}
{"id": 4, "drone": 4, "position":(8.333333333333334,8.333333333333334,1.0), "time":752.9566060639464,"sensors":[41,30,21,26,37,2,32,11,45,47],"power":[0.1550020538578179,0.8432566438869877,0.05688016563726118,0.20075447738984803,0.16774815089859768,0.15000000000000002,0.3145911613572218,0.23427877900455366,0.1671897774537574,1.1372292868482456]}
{"id": 5, "drone": 4, "position":(33.333333333333336,41.666666666666664,1.0), "time":78.11946448448788,"sensors":[46,4,20,35,25,23,40,48],"power":[0.011605480935660582,0.021189208187230926,0.08634612686325209,0.011474190063849171,0.012806172404738334,0.005985785428907052,0.007168076519881883,0.005721260854430502]}
{"id": 6, "drone": 7, "position":(8.333333333333334,41.666666666666664,1.0), "time":911.7893702568321,"sensors":[42,17,13,36,33,44,15,18,5,16],"power":[0.1439446918989256,0.12234659304482036,2.742678974292299,1.500366242749461,0.16393831215894186,4.5077688311160555,0.21609832738862414,0.15,0.0616312673412689,0.22124292344322388]}
{"id": 7, "drone": 7, "position":(16.666666666666668,16.666666666666668,3.0), "time":178.76324924093706,"sensors":[41,43,30,19,38,49,21,1,14,6,22,31,8,47,3],"power":[0.03368133840743547,0.2253165435025397,0.036643064874064595,0.022720466139592232,0.04108571525853408,0.02508094215584431,0.021837005459274122,0.013406795804237707,0.02332625216323301,0.013366706542846763,0.023568151251845578,0.0470570528587267,0.021155455991948534,0.030149420225138272,0.023489767949721976]}
{"id": 8, "drone": 1, "position":(41.666666666666664,8.333333333333334,1.0), "time":509.0393597868252,"sensors":[24,9,10,34,7],"power":[0.28162662652686515,0.11747645647361236,0.12654830416754806,0.04502315738236103,0.07877898126069346]}
{"id": 9, "drone": 1, "position":(16.666666666666668,41.666666666666664,1.0), "time":275.14766012122334,"sensors":[42,17,13,36,25,33,44,48,15,5,16],"power":[0.04067011701570268,0.18540862178117604,0.058462352541477185,0.14032956346189016,0.059602362176918604,0.16942718360399814,0.05054959187984352,0.022187113987435014,0.024610342605366695,0.07015267848529182,0.0852535915345313]}
{"id": 10, "drone": 0, "position":(25.0,8.333333333333334,1.0), "time":356.449104893965,"sensors":[43,19,49,12,28,1,31,45,8,34],"power":[0.04882767640791721,0.03654180917459003,0.043351104206390094,0.07774116796713991,0.08502821585799267,3.56449104893965,0.02335105636018528,0.03365638801079501,2.0019852794887405,0.21037185640776024]}
{"id": 11, "drone": 0, "position":(8.333333333333334,16.666666666666668,1.0), "time":255.21717507317277,"sensors":[41,43,30,21,26,14,22,11,47],"power":[2.552171750731728,0.03335217214168193,0.08109805046081607,0.17781503103725085,0.024708793459099255,0.03236991855945033,0.10084696471744425,0.053470429085103514,0.060725244900052155]}
{"id": 12, "drone": 3, "position":(33.333333333333336,8.333333333333334,1.0), "time":349.956423519855,"sensors":[24,19,49,12,28,1,8,34,7],"power":[0.028728389256165318,0.02421060704323923,0.026173751122947723,0.08989811998564595,0.06497178414200733,0.08621155643372659,0.06317229832709341,0.30100063023677237,0.07122101873930653]}
{"id": 13, "drone": 3, "position":(25.0,41.666666666666664,1.0), "time":94.73924844668363,"sensors":[17,46,20,25,33,48,5,16],"power":[0.018659516731153913,0.008080273367921928,0.012096550073741115,0.13075507527673438,0.014392245898528389,0.016289415350894922,0.018216054173439276,0.00659449946278966]}
{"id": 14, "drone": 5, "position":(41.666666666666664,16.666666666666668,1.0), "time":172.8587129311711,"sensors":[24,9,39,10,12,0,29],"power":[0.013432253946103357,0.05449006420814701,0.043750423662747985,0.035697797935352195,0.01573259904355053,0.014360351112796006,0.01805174964105657]}
{"id": 15, "drone": 5, "position":(41.666666666666664,41.666666666666664,1.0), "time":94.73924844668318,"sensors":[4,20,35,23,40,27],"power":[0.15844973723944863,0.02557555478148984,0.007840665107596278,0.015990675119569232,0.05821399404624173,0.014366888697996091]}
