LP RESULTS :
 Obj = 0.1*lambda1+0.9*lambda2 = 126.35477388637365 (lambda1 = 1245.5477388637364, lambda2 = 2.0) Resol time = 676 ms

{"id": 0, "drone": 4, "position":(41.666666666666664,41.666666666666664,1.0), "time":460.81598216307555,"sensors":[14,6,19,2,31,8,30,9,38,32,24,13],"power":[0.045281006014624224,0.038738215796303974,0.0563549827830278,0.4237911573736162,0.0650982490001302,0.41762204731398905,0.044448673925887645,0.28274471033266757,0.09031757387782705,0.05702690410629949,0.059458838480862926,0.06208461727829691]}
{"id": 1, "drone": 4, "position":(41.666666666666664,16.666666666666668,5.0), "time":364.1426433234243,"sensors":[41,25,45,49,15,22,10,44,11],"power":[0.023657000468043,0.1404658792105259,0.09512947568972123,0.05502638010840825,0.0487284516761129,0.13590571416769626,0.12050234331134257,0.023752878036187912,0.06536361564022711]}
{"id": 2, "drone": 5, "position":(8.333333333333334,16.666666666666668,1.0), "time":24.899666541313223,"sensors":[20,23,12,35,3,46,37],"power":[0.048976453119506755,0.012493221534058822,0.00986386062933252,0.004288152694759575,0.002799831302666492,0.01846792928114503,0.0025123156696589344]}
{"id": 3, "drone": 5, "position":(25.0,8.333333333333334,1.0), "time":479.8470079302102,"sensors":[21,49,47,35,3,5,29,37,34,11],"power":[0.09751323409712195,0.07313685459066505,0.033939777309013756,0.08439556960281175,0.1273232067059641,0.14999999999999997,2.3482320462787443,0.14001108387988753,0.0992089319400382,0.05211528343657321]}
{"id": 4, "drone": 2, "position":(25.0,25.0,5.0), "time":284.0866278081229,"sensors":[39,47,4,16,18],"power":[0.07255361691608757,0.0946910421664612,0.032217156078556686,0.06869029380635208,0.04383709063383872]}
{"id": 5, "drone": 2, "position":(16.666666666666668,41.666666666666664,1.0), "time":460.896657124007,"sensors":[27,17,4,42,33,36,26,48],"power":[0.08146965494467677,0.04953796382719698,0.09303547012099221,1.0287821577126417,0.19200663171491222,0.0755277379237881,0.05142537202490587,0.04225751117438976]}
{"id": 6, "drone": 7, "position":(25.0,41.666666666666664,1.0), "time":228.1169937524926,"sensors":[27,39,4,42,31,30,13],"power":[0.06853034505532322,0.014952166268337355,0.04272500879378917,0.032638197210497995,0.04595118714329504,0.08608084540809303,0.0171208788941573]}
{"id": 7, "drone": 7, "position":(8.333333333333334,25.0,1.0), "time":228.11699375249248,"sensors":[20,23,12,7,46,26],"power":[0.07914254018962119,0.033039219956709234,0.05616404865134074,0.11941118254888516,0.06496822168920727,0.053390711901980664]}
{"id": 8, "drone": 3, "position":(41.666666666666664,8.333333333333334,2.0), "time":380.8406416087056,"sensors":[25,45,49,15,22,40,10,34,11],"power":[0.1115664784214095,0.03755510383183935,0.08325347048574624,1.1005775968407365,0.21403012259988669,0.15000000000000002,0.029640866464569558,0.058014765080822345,0.11272210601237609]}
{"id": 9, "drone": 3, "position":(41.666666666666664,33.333333333333336,1.0), "time":31.15064247524856,"sensors":[14,41,39,6,19,2,31,8,9,10,38,32,44,24,18],"power":[0.017114059306792544,0.01133541039903545,0.0020851178127676007,0.029723325857121938,0.02191855034125699,0.027434339036311203,0.004619307741027897,0.0026518950312145527,0.02687861921582103,0.0025265543981514756,0.10729279913305229,0.01678587418066187,0.010528748864221673,0.006558200384872551,0.004309173907849557]}
{"id": 10, "drone": 0, "position":(41.666666666666664,25.0,1.0), "time":228.1169937524926,"sensors":[14,41,39,25,6,45,19,2,22,9,10,38,16,32,44,24,18],"power":[0.06021197676570599,0.1255794447672463,0.015005688892491988,0.02750504730181206,0.17540326314098093,0.04623690087317239,0.052283132909116674,0.018523159684295045,0.020702401156717887,0.019227116307879336,0.1910405129834691,0.049097624661631395,0.0219268112494575,0.04836265829539058,0.1209292031116358,0.01618260811692616,0.04448122351945891]}
{"id": 11, "drone": 0, "position":(25.0,25.0,1.0), "time":272.44746017911393,"sensors":[39,12,45,47,4,16,18],"power":[0.11214042379009373,0.020891540022425086,0.019489748784674476,0.2165939239413441,0.04170228491115345,0.10201241721427688,0.05737251193885285]}
{"id": 12, "drone": 6, "position":(41.666666666666664,41.666666666666664,1.0), "time":525.4641204729197,"sensors":[14,6,19,2,31,8,30,9,38,32,24,13],"power":[0.05163350430667864,0.044172822297841925,0.06426105562430522,0.4832450617885091,0.07423091967126108,0.47621048374204833,0.05068440387206181,0.3224111278344254,0.10298827809354379,0.06502724117521133,0.06780035301733839,0.07079450382754578]}
{"id": 13, "drone": 6, "position":(8.333333333333334,8.333333333333334,1.0), "time":720.0836183908167,"sensors":[43,1,20,23,12,21,35,3,46,37],"power":[0.20699487202293537,0.208377191497668,0.0894914541391343,0.12090860478554552,0.06308055069690165,0.0740315883726258,0.11641159124688273,0.0814143034032435,0.07631328923222376,0.08927672180245197]}
{"id": 14, "drone": 1, "position":(8.333333333333334,41.666666666666664,1.0), "time":556.534087987237,"sensors":[0,17,7,28,42,33,36,26,48],"power":[0.15000000000000002,0.5332237968592233,0.058555387569127454,0.25851687852058325,0.16304853062413624,0.4217363667124503,0.29812760762870383,0.10893883777866986,0.23764577133312792]}
