LP RESULTS :
 Obj = 0.1*lambda1+0.9*lambda2 = 152.32444593584367 (lambda1 = 1505.2444593584364, lambda2 = 2.0) Resol time = 806 ms

{"id": 0, "drone": 2, "position":(25.0,41.666666666666664,1.0), "time":543.1590716008324,"sensors":[49,41,6,17,23,44,9,0,10,43,2,28],"power":[0.13621630299955706,0.14968857680514058,0.06952581522205123,0.11522732689861585,0.10754341001429131,0.05469320564453799,0.10234825392159166,0.0948617744040066,0.06371537410236379,0.09727894186802932,0.03905879229655003,0.04204447183137894]}
{"id": 1, "drone": 2, "position":(41.666666666666664,33.333333333333336,1.0), "time":170.05344954521053,"sensors":[49,27,21,5,39,45,8,44,0,43,34],"power":[0.011457228556239239,0.37253216820639506,0.04324680050044489,0.014499285173974573,0.03793826446452325,0.5736431984817959,0.020102377132723368,0.02402060881797109,0.018877035846112184,0.013750261954828667,0.06671061339865422]}
{"id": 2, "drone": 3, "position":(25.0,8.333333333333334,1.0), "time":220.31418291937382,"sensors":[46,40,35,47,7,11],"power":[0.025871220961093504,0.20041311836846468,0.0656073051147064,0.017622312773612554,0.029713856423899968,0.11034146292679999]}
{"id": 3, "drone": 3, "position":(8.333333333333334,41.666666666666664,1.0), "time":956.9500351232631,"sensors":[42,6,22,23,9,4,24,16,10,2,28,32],"power":[0.5045886848260657,0.3543011537278596,0.6310058851851554,0.22546500471006062,0.08335645145834143,0.16569998557016968,0.15,1.5608984713270846,0.23214163104712163,0.7670681313297258,0.49552036510842484,0.37777742545344223]}
{"id": 4, "drone": 4, "position":(8.333333333333334,16.666666666666668,1.0), "time":317.43140655360975,"sensors":[30,20,31,14,26,37,15,13,7],"power":[0.06578734179849444,0.04894423559305486,0.03324564487393194,0.06606128358467625,0.11122466425548183,0.034448604274505586,0.03215472059661443,0.1170479994842511,0.035541967966410085]}
{"id": 5, "drone": 4, "position":(16.666666666666668,16.666666666666668,2.0), "time":538.236067093744,"sensors":[30,46,40,3,35,14,26,13,7,36,11,48],"power":[0.10056667629883184,0.12019388827256966,0.11402870678928795,0.08122935250614793,0.1073435207306515,0.0516307880169993,0.04968863154564379,0.04665834312690838,0.6996927524318495,0.07662278001932145,0.039658537073199995,0.10604642067470112]}
{"id": 6, "drone": 5, "position":(41.666666666666664,16.666666666666668,1.0), "time":173.61803007686933,"sensors":[1,33,38,12,8,47,29,19],"power":[0.09226792176233604,0.04434455863145015,0.014954407806915638,0.01780179784492752,0.06284907537707893,0.01306892030561741,0.016646162364428136,0.034154255210457916]}
{"id": 7, "drone": 6, "position":(8.333333333333334,25.0,2.0), "time":532.6102368386427,"sensors":[30,31,22,26,4,32,36],"power":[0.4567575572854665,0.11675435512606806,0.04581268156247339,0.7059821586323355,0.09632411207621491,0.04053972586077614,0.03425423088648119]}
{"id": 8, "drone": 6, "position":(41.666666666666664,25.0,1.0), "time":548.2944242351734,"sensors":[1,27,21,38,39,45,8,34,19],"power":[0.1790621116393378,0.08884088114351296,0.07939516298985341,0.06104319933378407,0.11206173553547681,0.07494754609635085,0.7676223687905465,0.08403096309240587,0.11584574478954207]}
{"id": 9, "drone": 0, "position":(33.333333333333336,41.666666666666664,1.0), "time":3.0742139999589995,"sensors":[49,27,41,17,5,45,44,0,43],"power":[0.015314327696983106,5.454934004197137E-4,3.1142319485941746E-4,3.58990234626061E-4,2.0306543089749333E-4,4.523098834266097E-4,0.004399552163627668,6.938380208089742E-4,0.012870211216703707]}
{"id": 10, "drone": 0, "position":(8.333333333333334,8.333333333333334,4.0), "time":649.5769857110827,"sensors":[20,14,37,15,13],"power":[0.1926820764256947,0.7005760078293104,0.1211943497744441,0.1408986672816129,0.3572539455058743]}
{"id": 11, "drone": 7, "position":(25.0,16.666666666666668,5.0), "time":429.26280279170874,"sensors":[38,46,40,3,35,7,36,48],"power":[0.07357586817483146,0.1960678537762991,0.07784716653139617,0.09342044609796027,0.2410791363392639,0.11766255872135847,0.05482160209679672,0.09598311252843081]}
{"id": 12, "drone": 7, "position":(41.666666666666664,41.666666666666664,1.0), "time":783.8223715780936,"sensors":[49,27,21,5,25,45,44,0,43,34],"power":[0.14336369883836889,0.202869159841834,0.06306221367621788,0.38161485443838533,0.15,0.2701198648106793,0.4431281222606308,0.05061806912381888,0.19521826594860214,0.09696516425438653]}
{"id": 13, "drone": 1, "position":(41.666666666666664,8.333333333333334,1.0), "time":495.50137086531,"sensors":[1,33,12,18,47,29],"power":[0.041649051943688765,0.2587390050230563,0.44143053663326853,0.15,0.19682507419335807,0.1796373013019184]}
{"id": 14, "drone": 1, "position":(25.0,33.333333333333336,1.0), "time":5.135352634340961,"sensors":[49,17,38,3,23,9,0,4,28,36,48],"power":[4.4583526494534057E-4,0.034413682866759575,4.2652468446882196E-4,7.742521115568789E-4,3.8330227210649974E-4,0.0016650030077438617,0.0023500483653916154,3.666359774426841E-4,3.390613986739941E-4,0.0010612637968989945,6.349659952676625E-4]}
