LP RESULTS :
 Obj = 0.1*lambda1+0.9*lambda2 = 134.4624713200393 (lambda1 = 1326.6247132003928, lambda2 = 2.0) Resol time = 1196 ms

{"id": 0, "drone": 7, "position":(8.333333333333334,41.666666666666664,1.0), "time":223.18591083625745,"sensors":[1,33,4,32,37,34,29,28],"power":[0.16240931979227657,0.02035415356084783,0.15680460483562186,0.0194119761609633,0.05065254967462445,0.07325054008252165,0.0827725156032222,1.7819611776706559]}
{"id": 1, "drone": 7, "position":(8.333333333333334,16.666666666666668,1.0), "time":370.5729008402229,"sensors":[11,31,23,27,9,6,36,25,20],"power":[0.04079483011058966,0.4447421336450676,0.04568190400492907,0.04830519128115517,0.07615775197139525,0.05700217242523479,0.05469072416494093,0.07500932670323852,0.11606533378166518]}
{"id": 2, "drone": 5, "position":(8.333333333333334,33.333333333333336,1.0), "time":443.6416442115491,"sensors":[1,33,4,23,27,32,37,6,17,34,26,29,28,5,36],"power":[0.03804312516950862,0.09424217729226599,0.03508700850460988,0.12113068774778082,0.1728145064189144,0.030359171838375183,0.12285687262300568,0.10297723808557244,0.04793561175653834,0.07674945991747834,0.03227664301228626,0.11862828931011826,0.08790171633067759,0.03607486077426089,0.0918474817000051]}
{"id": 3, "drone": 5, "position":(41.666666666666664,41.666666666666664,5.0), "time":170.9498494471727,"sensors":[22,0,14,30,10,39],"power":[0.062195340893216884,0.012861388697427015,0.019341699526722947,0.019727808488563557,0.015461199096643525,0.02126455219581872]}
{"id": 4, "drone": 1, "position":(16.666666666666668,25.0,1.0), "time":42.884565612539745,"sensors":[11,31,33,23,27,37,9,6,17,26,5,12,36],"power":[0.06476676336223335,0.0066475172192256415,0.009871533521500992,0.004227630280940073,0.008875248472898759,0.004115796785025105,0.009957052668087985,0.004231505363001567,0.009736087752129962,0.025243533776148314,0.004952273867830088,0.026637424452094896,0.003461794135053962]}
{"id": 5, "drone": 1, "position":(41.666666666666664,41.666666666666664,1.0), "time":833.9760246364839,"sensors":[2,22,0,14,30,10,39],"power":[0.06554475783306649,0.962702887064731,0.08000644920769438,0.12236365691585172,0.1302721915114364,0.0964788321054867,0.13942928073758906]}
{"id": 6, "drone": 3, "position":(33.333333333333336,8.333333333333334,1.0), "time":885.8859312894675,"sensors":[16,13,18,15],"power":[0.057327985798129866,3.239313198030474,0.09066765886101097,0.1937039093831897]}
{"id": 7, "drone": 3, "position":(41.666666666666664,33.333333333333336,1.0), "time":75.41811979808016,"sensors":[3,7,22,0,14,10,39],"power":[0.006649237059300873,0.008902988977191707,0.0116813075478838,0.06865820798544073,0.18545676878267564,0.03805996879786974,0.22705719931150278]}
{"id": 8, "drone": 9, "position":(8.333333333333334,8.333333333333334,1.0), "time":443.55912738270735,"sensors":[31,38,35,9,8,19,25,20],"power":[0.08570805355964954,0.0840163682363753,0.19879521760526012,0.03791097562383166,0.11937308512733402,0.06500013228182581,0.21260282562364843,0.0339346662183348]}
{"id": 9, "drone": 9, "position":(16.666666666666668,33.333333333333336,1.0), "time":341.6752858407961,"sensors":[21,1,11,33,23,27,32,37,17,26,29,28,5,12],"power":[0.023413304477962252,0.022994234640847537,0.03662232837668391,3.416752858407961,0.022303127236925645,0.04807496584012956,0.10782896673534648,0.36117359947571054,0.5806088345097589,0.1287497620719463,0.13571188440288712,0.02714421259882745,0.26669960940311543,0.06463710272262589]}
{"id": 10, "drone": 6, "position":(25.0,8.333333333333334,1.0), "time":152.13580960000996,"sensors":[16,13,9,18,19,25,15],"power":[0.03883848778285675,0.051370018260796534,0.014726914517452587,0.22553975965285697,0.04330247748895144,0.01580205107467421,0.012851917067095644]}
{"id": 11, "drone": 6, "position":(25.0,41.666666666666664,1.0), "time":246.36796924525282,"sensors":[21,2,33,32,37,24,17,29,5],"power":[0.5945248220839117,0.17085793320390694,0.02295837015393571,0.11692891918992214,0.026614577598898643,0.11553301013340597,0.031707836033738765,0.023248162333453073,0.06185394568336417]}
{"id": 12, "drone": 4, "position":(41.666666666666664,16.666666666666668,4.0), "time":976.0565366296591,"sensors":[3,7],"power":[0.28179549276673327,0.09503429996218404]}
{"id": 13, "drone": 4, "position":(16.666666666666668,8.333333333333334,1.0), "time":288.6029723109152,"sensors":[16,31,38,35,9,8,18,19,25],"power":[0.05383352641901339,0.051271683438169124,0.06598363176362461,0.05767850359698717,0.05731659145484549,0.030626914872665955,0.1559855785384531,0.6917033524149002,0.4263676451018529]}
{"id": 14, "drone": 8, "position":(25.0,25.0,1.0), "time":28.86933745399756,"sensors":[7,11,33,9,17,26,5,12],"power":[0.005044491382735134,0.007816078150493098,0.0030183150676236096,0.0030375416542130825,0.005089360229145999,0.011919410993056531,0.0032375479747322037,0.035999700248127896]}
{"id": 15, "drone": 8, "position":(33.333333333333336,25.0,1.0), "time":246.280719318656,"sensors":[3,7,0,14,12,39],"power":[0.022200027698694887,1.7517501492103666,0.06221179204696643,0.021036919835674354,0.022725772577151387,0.019028240012247555]}
{"id": 16, "drone": 2, "position":(33.333333333333336,41.666666666666664,5.0), "time":246.280719318656,"sensors":[21,2,22,24],"power":[0.031955016390172085,0.07763756151458312,0.017344175812890786,0.034466989866594085]}
