LP RESULTS :
 Obj = 0.1*lambda1+0.9*lambda2 = 149.06624237678892 (lambda1 = 1472.662423767889, lambda2 = 2.0) Resol time = 1586 ms

{"id": 0, "drone": 2, "position":(25.0,33.333333333333336,1.0), "time":470.13650995870654,"sensors":[14,26,31,11,30,2,20,16,6,34,18,25],"power":[0.11302903562827436,0.12440116654440954,0.7389230600426171,0.10704562111812847,0.09705637558316907,0.061045995015621926,0.10279343980287126,0.08943364613826198,0.5733670854371818,0.10443895407973182,0.09272098190769713,1.6493046557669622]}
{"id": 1, "drone": 4, "position":(25.0,16.666666666666668,1.0), "time":34.36387507265876,"sensors":[22,26,9,5,27,17,20,32,38,33,12,29,13],"power":[0.013147968280124211,0.0051057555620261106,0.0022208325024474,0.0022373175620031523,0.0030575680204701257,0.1392885692768221,0.005467308975034469,0.006888672186534828,0.0034922903145823683,0.04931056050059843,0.1719699047475146,0.0030629910561339774,0.002705262635111158]}
{"id": 2, "drone": 4, "position":(8.333333333333334,33.333333333333336,2.0), "time":518.2202009606343,"sensors":[23,14,15,30,2,16,34,18],"power":[0.11174652980648284,0.09077445567640278,0.10149610774524784,0.10701672945151508,0.17846201494131075,0.09306129459185093,0.08632052437908261,0.07196832487336402]}
{"id": 3, "drone": 5, "position":(25.0,8.333333333333334,1.0), "time":323.07296926796204,"sensors":[22,9,5,27,17,32,33,24,12,29,13],"power":[0.3264429332270627,0.029258906560567892,0.06366156961381911,0.3111908600457712,0.10189248131812395,0.041996022442561946,0.03738962400332366,0.15,0.053604224716754176,0.028723751789645164,0.27521993295405567]}
{"id": 4, "drone": 6, "position":(8.333333333333334,41.666666666666664,1.0), "time":430.01540358223025,"sensors":[23,14,15,30,2,3,16,34,18],"power":[0.028368379381923586,0.0508864311792835,0.06267495377912523,0.05573024709032664,0.06737103082218851,0.15,0.06563236491536073,0.05672178608254569,0.06627158413997522]}
{"id": 5, "drone": 9, "position":(41.666666666666664,8.333333333333334,1.0), "time":843.421123797294,"sensors":[9,5,10,21,32,29],"power":[0.4172208801625644,0.18554203901903832,0.24713658139715833,0.14999999999999997,0.11224007862062384,0.26262411719832357]}
{"id": 6, "drone": 3, "position":(41.666666666666664,41.666666666666664,1.0), "time":1002.5259138091826,"sensors":[35,11,7,36,19],"power":[2.6570547006087826,0.10501826501052708,0.2091639052004261,0.6569275988020356,5.197839628683429]}
{"id": 7, "drone": 7, "position":(8.333333333333334,8.333333333333334,1.0), "time":1351.0776283405928,"sensors":[0,28,1,4,38,37,39,8],"power":[0.15,0.11243851905547234,0.14007470901822675,2.1885430098435674,0.10283588518813817,1.9739177844130262,0.5410361554887586,0.2529993168928377]}
{"id": 8, "drone": 7, "position":(16.666666666666668,16.666666666666668,1.0), "time":29.442416364485556,"sensors":[22,26,17,20,28,1,38,33,12,37],"power":[0.007069721746107717,0.0031527794696165723,0.0072564787526875054,0.003986706789214632,0.0026735212983020613,0.009205790322438968,0.02632392632409132,0.0034537027852025023,0.005185532473985652,0.006152344780963452]}
{"id": 9, "drone": 0, "position":(33.333333333333336,25.0,1.0), "time":261.8412385331444,"sensors":[26,20,32,6,33,12,29,25],"power":[0.029774480370522053,0.025525974382877077,0.036434534226346675,0.028966350312172477,0.05637855578820365,0.03555959917737495,0.020305654011742755,0.03262912029567583]}
{"id": 10, "drone": 8, "position":(8.333333333333334,16.666666666666668,1.0), "time":47.815286893322366,"sensors":[28,1,4,38,37,8],"power":[0.031994451827059005,0.05451326279949963,0.005997155242004777,0.01651723506409063,0.017116330002578856,0.013914780692340138]}
{"id": 11, "drone": 8, "position":(25.0,25.0,1.0), "time":9.963217096829704,"sensors":[14,26,31,30,17,20,32,38,6,33,12,25],"power":[7.258239175721064E-4,0.017863668802225084,0.0010001620601405707,7.105309840359447E-4,0.0014915842146423722,0.01222657005000255,6.478589683040663E-4,8.306631090974816E-4,0.0013053055652390046,0.0034675569226717056,0.0028698240285457586,0.0034063704174056926]}
{"id": 12, "drone": 1, "position":(8.333333333333334,33.333333333333336,1.0), "time":44.32709216948837,"sensors":[23,14,15,30,2,28,16,34,18],"power":[0.009885090811593583,0.008146279026279079,0.009186619249166089,0.009511244586268461,0.01607433139340129,0.0028935078191665822,0.008033045893763297,0.007732935214617418,0.006397703566541288]}
