LP RESULTS :
 Obj = 0.1*lambda1+0.9*lambda2 = 109.64593687112531 (lambda1 = 1078.459368711253, lambda2 = 2.0) Resol time = 1168 ms

{"id": 0, "drone": 7, "position":(25.0,25.0,5.0), "time":312.4486140344852,"sensors":[23,0,32,22,14,7,30,38,5,18,13],"power":[0.1129097152054709,0.04653617891624864,0.05389466133657878,0.045212171371417344,0.08926948677499925,0.028145284832825742,0.022262769481010386,0.02225908053282111,0.05009412151049468,0.05725620753371588,0.049774633203163145]}
{"id": 1, "drone": 7, "position":(16.666666666666668,16.666666666666668,1.0), "time":62.61954118815754,"sensors":[37,23,0,20,6,32,22,26,18,39,24],"power":[0.005693712605112952,0.007906236381632667,0.006703561540876632,0.019915896162535016,0.015708640561108437,0.01689464951550092,0.005377968865292511,0.1514990461074304,0.05254379942316482,0.004421899240818004,0.019020124581632568]}
{"id": 2, "drone": 2, "position":(33.333333333333336,33.333333333333336,1.0), "time":49.89366341233639,"sensors":[17,14,38,5,13,10],"power":[0.006755144225161337,0.01609274446507978,0.00615685660103484,0.012090991457543087,0.05081275064377036,0.004421699317720558]}
{"id": 3, "drone": 2, "position":(41.666666666666664,8.333333333333334,3.0), "time":551.0088702252359,"sensors":[31,28,36,9,21,16,2],"power":[0.06599368749106027,0.3261481202068764,0.14213879518112102,0.7372347610307972,0.3287237544938993,0.09669839531570888,0.17888679880414837]}
{"id": 4, "drone": 8, "position":(8.333333333333334,33.333333333333336,1.0), "time":417.2926553913687,"sensors":[8,0,4,30,33,35,12,39,1],"power":[0.04828905148387504,0.06406468065632027,0.03925471229136204,0.05902273305955191,0.09172548184513628,0.06513291541298358,0.029218369470768436,0.03429269844816235,0.463106192341734]}
{"id": 5, "drone": 8, "position":(16.666666666666668,33.333333333333336,1.0), "time":15.16567114721106,"sensors":[8,0,14,30,35,13,1],"power":[0.0029071425020729515,0.007610588699309541,0.0010297742132348545,0.038746971808623264,0.004007636897212733,0.0011030975430357441,0.0013541033949910238]}
{"id": 6, "drone": 0, "position":(8.333333333333334,41.666666666666664,1.0), "time":326.71292215891464,"sensors":[25,8,4,30,33,35,12,1],"power":[0.15,0.10165078874691541,0.18711348430296548,0.02900306779684151,0.04446634585664187,0.10335305291478493,0.2104717937696664,0.05383962218222474]}
{"id": 7, "drone": 0, "position":(16.666666666666668,25.0,1.0), "time":6.839505979273497,"sensors":[37,23,0,32,14,30,26,18,39],"power":[5.235325706459516E-4,9.542508721286512E-4,0.01188377835652521,8.371567689916663E-4,5.492074352070264E-4,9.644578539729175E-4,0.0018527356982574635,0.0020950008043233883,5.50476616944111E-4]}
{"id": 8, "drone": 6, "position":(8.333333333333334,8.333333333333334,1.0), "time":805.1839706072833,"sensors":[37,11,20,6,27,26,24,3],"power":[0.07242178950710837,0.18903874705039042,0.43015835156420507,0.1976308055806332,0.15,0.08405987502786094,0.06629116249609482,0.14989889231706396]}
{"id": 9, "drone": 6, "position":(25.0,16.666666666666668,1.0), "time":12.17015614066711,"sensors":[29,19,23,6,32,22,14,7,26,5,18,15,24],"power":[0.0012503021641995812,9.572177230698542E-4,0.007313334457631464,0.0011597725846128203,0.0764079130677349,0.011682100365322148,0.0010317243007397627,0.005842141023648841,0.00162911668170115,0.0010476810155553588,0.005822032219392956,9.267130160692339E-4,0.0033572804213936177]}
{"id": 10, "drone": 9, "position":(33.333333333333336,16.666666666666668,1.0), "time":16.31527875906295,"sensors":[23,28,32,22,14,7,38,9,5,18,21,2],"power":[0.0033581380037034435,0.0019381805221158014,0.002784398052833535,0.013254008402341323,0.0012607610547170907,0.024901105068303057,0.004312922257237349,0.0010784262960542535,0.0031347853919514055,0.001060539055126226,0.0034579485796845657,0.004002551658462728]}
{"id": 11, "drone": 9, "position":(41.666666666666664,8.333333333333334,1.0), "time":268.4043871009997,"sensors":[31,28,7,36,9,21,16,2],"power":[0.035297430285321355,0.25220248188970146,0.01792537902795697,0.0773024807837178,0.9173759627017581,0.25744722304851164,0.05330160468429111,0.10616372447022507]}
{"id": 12, "drone": 1, "position":(16.666666666666668,8.333333333333334,1.0), "time":0.4277841629593674,"sensors":[29,19,20,6,32,26,18,15,24,3],"power":[7.056464645799713E-5,8.665025415877548E-5,1.867823663511231E-4,0.003881211380662817,4.4956275055336676E-5,6.587492385191226E-5,4.470584983015898E-5,5.527110392379493E-5,2.909341825133871E-4,1.0110768293603022E-4]}
{"id": 13, "drone": 1, "position":(33.333333333333336,25.0,3.0), "time":226.39010005008407,"sensors":[23,32,22,14,7,38,5,13],"power":[0.048740192495672005,0.01773800177685157,0.03860184077855639,0.07866093712198452,0.030421544360007654,0.14132365371360697,0.43365552662197615,0.04830951861003073]}
{"id": 14, "drone": 5, "position":(25.0,8.333333333333334,1.0), "time":198.05791661218575,"sensors":[29,19,23,20,6,28,32,22,7,18,15,24],"power":[0.2911086210616526,0.14895613202277136,0.013329483962755236,0.013436517031037433,0.037408697420092105,0.013942630935037087,0.038012669830397326,0.03243828170179776,0.03794789989394747,0.018215891619353823,0.15134345605860233,0.10393194690527184]}
{"id": 15, "drone": 5, "position":(41.666666666666664,25.0,1.0), "time":198.0579166121863,"sensors":[31,14,38,5,21,10,2],"power":[0.030636247820626857,0.012968091217358754,0.11121289477328002,0.04337617757228915,0.015019445352998952,0.040591890646843744,0.024193994449770363]}
{"id": 16, "drone": 3, "position":(41.666666666666664,16.666666666666668,1.0), "time":44.67291601376824,"sensors":[31,28,22,7,38,9,5,21,2],"power":[0.01807263440299151,0.005905420656558859,0.003433628515272517,0.004816645793309327,0.01026844055468205,0.006110535497294254,0.003961805783173841,0.03222290451831826,0.0977587373908379]}
{"id": 17, "drone": 3, "position":(8.333333333333334,25.0,1.0), "time":191.2184106329123,"sensors":[37,0,33,26,18,39,1],"power":[0.07270871308824219,0.03638974556473059,0.013808172298221816,0.032914980552599955,0.012961823495092804,0.11073492569407554,0.038013700499532725]}
{"id": 18, "drone": 4, "position":(41.666666666666664,41.666666666666664,1.0), "time":830.5077886867304,"sensors":[17,10,34],"power":[0.40607019109460163,0.13647018439012326,0.21879080147203556]}
