LP RESULTS :
 Obj = 0.1*lambda1+0.9*lambda2 = 107.91985769424642 (lambda1 = 1061.1985769424641, lambda2 = 2.0) Resol time = 14417 ms

{"id": 0, "drone": 7, "position":(25.0,25.0,1.0), "time":115.68776447892071,"sensors":[16,18,25,3,36,13,26,21,38,14,0],"power":[0.015457345814972484,0.020342668173419294,0.020493506513762583,0.012699398952877963,0.014555916903651881,0.044392331348171936,0.007908966707431096,0.18364189261588967,0.018440781838011278,0.14413042957843347,0.01939303521167899]}
{"id": 1, "drone": 7, "position":(25.0,8.333333333333334,2.0), "time":583.7953408525981,"sensors":[18,25,36,23,9,17,29,28,15,0,12],"power":[0.12095882330958661,0.12272708006008176,0.11987954332784237,0.08361776483019727,0.07352528620809988,0.1900363468774688,0.08348123905129443,0.13839492597873612,0.1994088953092905,0.12695771890167445,0.8572446558255747]}
{"id": 2, "drone": 2, "position":(33.333333333333336,16.666666666666668,1.0), "time":14.917215268521161,"sensors":[18,25,36,23,39,1,9,38,14,0,12],"power":[0.007427479404135895,0.0017132340745500678,0.015021236184446972,0.011638193566554928,0.003682510813870588,0.0010923292291478918,9.488979761737503E-4,0.0017654486725594983,0.00201714132694186,0.0015990384149498647,9.591832223851851E-4]}
{"id": 3, "drone": 2, "position":(8.333333333333334,33.333333333333336,1.0), "time":684.7568895594954,"sensors":[22,3,37,10,26,11,30],"power":[0.15000000000000002,0.12622039749305694,0.10813629959998201,0.29129359395956356,0.1556662127866494,0.06958128288316374,1.2518733271083358]}
{"id": 4, "drone": 3, "position":(25.0,16.666666666666668,2.0), "time":0.9620122218665941,"sensors":[18,25,36,13,23,21,14,0,34,12],"power":[0.0012710291128582107,0.0014890828950654047,5.433035840587645E-4,1.3812393464309827E-4,1.303980726157836E-4,1.0200291781287438E-4,1.4445865631121613E-4,0.001213688945523545,6.09829800742246E-5,2.2061916364844158E-4]}
{"id": 5, "drone": 3, "position":(8.333333333333334,8.333333333333334,1.0), "time":477.403236089866,"sensors":[27,31,2,20,35,6,28,33,34],"power":[0.08821904391881497,0.5552370932103512,0.0922140303817759,0.0617714817619678,0.08587878742880763,0.709582935475628,0.07283584615698396,0.08741643995894487,0.07131757887389377]}
{"id": 6, "drone": 4, "position":(41.666666666666664,33.333333333333336,5.0), "time":468.1837408548353,"sensors":[16,38],"power":[0.07361015472600903,0.061201157653637504]}
{"id": 7, "drone": 0, "position":(41.666666666666664,41.666666666666664,1.0), "time":575.6802906454423,"sensors":[24,7,8],"power":[0.15,0.06165287984558029,0.07285502498254005]}
{"id": 8, "drone": 0, "position":(16.666666666666668,25.0,1.0), "time":39.938976680211994,"sensors":[27,2,25,3,37,13,26,11,21,14,0,33,34],"power":[0.0027408119544821805,0.0048033061429428635,0.005173139589526434,0.06754594199138121,0.005057566231113224,0.10546954471718495,0.02447087412063987,0.005923072124271604,0.009517045745130421,0.0037079704383134455,0.00518865311491308,0.006383629974387134,0.007930817791713209]}
{"id": 9, "drone": 5, "position":(41.666666666666664,25.0,3.0), "time":462.4098563401872,"sensors":[16,32,1,38],"power":[0.06251401293823677,0.12769403550229436,0.08784284351756931,0.10170177959587497]}
{"id": 10, "drone": 6, "position":(8.333333333333334,16.666666666666668,2.0), "time":220.81494622383593,"sensors":[27,31,2,3,20,37,26,35,11,6,33,34],"power":[0.44363604493790704,0.11931785857758898,0.7624250527656243,0.025132465408241454,0.08822851823803218,0.05453282445377782,0.03178671200157319,0.2171390673902336,0.10624991795974618,0.04175982204298968,0.3304057216580191,0.2274145205353387]}
{"id": 11, "drone": 8, "position":(41.666666666666664,8.333333333333334,1.0), "time":461.5240085994782,"sensors":[32,23,39,1,9,29],"power":[0.03225591319996733,0.09784930505608584,0.47529502138052016,0.06106482725328279,0.08394870447228336,0.07419509787669529]}
{"id": 12, "drone": 1, "position":(16.666666666666668,41.666666666666664,2.0), "time":376.44168738296867,"sensors":[5,10,19,4,30],"power":[0.06474105901287994,0.09168192202054778,0.03389611072222556,0.09740969446554117,0.04180437956573755]}
{"id": 13, "drone": 9, "position":(25.0,41.666666666666664,1.0), "time":485.51828629702214,"sensors":[5,19,7,8,4],"power":[0.08525894098712006,0.1400697113164414,0.2625878832605119,0.17663770141450025,0.7580392208534975]}
