LP RESULTS :
 Obj = 0.1*lambda1+0.9*lambda2 = 145.10521811467842 (lambda1 = 1442.052181146784, lambda2 = 1.0) Resol time = 225 ms

{"id": 0, "drone": 0, "position":(8.333333333333334,8.333333333333334,1.0), "time":800.3981504525754,"sensors":[6,14,32,27,38,16,10,36,30,7,8],"power":[0.06106276816899269,0.13825544810136284,0.49333871398243473,0.35074160446692754,0.19455733969963135,0.1964819686247533,0.3115331686721828,0.11422048457660496,0.285914477478454,0.09377528331144337,0.0901979144694894]}
{"id": 1, "drone": 6, "position":(41.666666666666664,25.0,1.0), "time":641.7112966525624,"sensors":[28,31,3,26,4,15],"power":[0.042174715158743464,1.1828658353273973,0.13811388720582504,0.1326647371070036,0.063274081793939,0.15000000000000002]}
{"id": 2, "drone": 4, "position":(33.333333333333336,41.666666666666664,1.0), "time":800.3981504525754,"sensors":[11,12,17,18,29,0,21,24],"power":[0.4216115801299452,0.11194120599468341,0.18718331447793587,0.10873547653982316,0.097373098344665,0.389977627046993,0.1890421282775541,0.19455253344035298]}
{"id": 3, "drone": 9, "position":(41.666666666666664,33.333333333333336,1.0), "time":435.0114656313691,"sensors":[31,12,29,0,26,4],"power":[0.19795789709443165,0.05975024645380356,0.08384459806170967,0.14947928970018262,0.02971731311972218,0.2021881238512656]}
{"id": 4, "drone": 3, "position":(8.333333333333334,41.666666666666664,1.0), "time":1077.6766795489896,"sensors":[39,13,20,9],"power":[0.2523971358934974,0.15000000000000002,0.17079863632137354,0.18665131144990119]}
{"id": 5, "drone": 5, "position":(41.666666666666664,8.333333333333334,1.0), "time":800.3408844942217,"sensors":[28,3,25,23,35],"power":[1.1564503347177553,0.17000962954912135,0.108343699244904,0.15000000000000002,2.350129930002443]}
{"id": 6, "drone": 1, "position":(25.0,8.333333333333334,5.0), "time":641.6540306942087,"sensors":[6,1,14,32,25,5,19,8],"power":[0.1496085857350717,0.04544325787073021,0.07419823936958762,0.04447456778636579,0.08365383497499805,0.07751062223104356,0.12231441585427061,0.05980208553051059]}
{"id": 7, "drone": 8, "position":(25.0,25.0,1.0), "time":365.32941886285255,"sensors":[1,2,18,33,5,7,19,26,22,34,37],"power":[0.14879406284870467,0.04291545243002918,0.05700815492765754,0.7344252789277544,0.09666859325020707,0.0265329121486428,0.05791873827031139,0.07516975713216305,0.8560407187833582,0.48004219277704524,0.03996756190277627]}
{"id": 8, "drone": 2, "position":(16.666666666666668,25.0,1.0), "time":276.32461183135615,"sensors":[1,2,10,18,36,30,33,5,7,19,22,34,37],"power":[0.02309667097099036,0.2386296980087492,0.021979213643872297,0.019696933962979744,0.03577951542339504,0.019336018985125505,0.031555548227856015,0.023248086115181484,0.07125597232795065,0.02827400457034727,0.03467781261916613,0.04076388966850463,0.47902452223110775]}
