LP RESULTS :
 Obj = 0.1*lambda1+0.9*lambda2 = 109.57892436762498 (lambda1 = 1077.7892436762497, lambda2 = 2.0) Resol time = 637 ms

{"id": 0, "drone": 0, "position":(16.666666666666668,41.666666666666664,1.0), "time":271.81311416426644,"sensors":[22,2,7,20,24,16,39,4,17],"power":[0.11213634756318329,0.07732743776864485,0.02880217895345909,0.06941619163738628,0.14046580899241098,0.09187968122669875,0.02237513605940801,0.04547215901969738,0.21796775744113286]}
{"id": 1, "drone": 0, "position":(8.333333333333334,25.0,1.0), "time":96.35774256974264,"sensors":[35,31,20,16,36],"power":[0.02455010950185935,0.016858944811271783,0.007297980633533505,0.008171082365316551,0.08885905399527659]}
{"id": 2, "drone": 2, "position":(41.666666666666664,8.333333333333334,1.0), "time":36.41826352709309,"sensors":[13,38,27],"power":[0.05199015772886921,0.013028249992044702,0.006479980351486436]}
{"id": 3, "drone": 2, "position":(33.333333333333336,41.666666666666664,1.0), "time":588.9021649643781,"sensors":[25,30,22,19,2,0,32,7,9,23,1],"power":[0.14390181450784062,0.2032782388534154,0.04892079518112608,0.11323102010642162,0.09767625721362967,0.15,0.04842761316111281,0.20269295898700032,1.0181512350092434,1.1153616126766726,0.0764347655422069]}
{"id": 4, "drone": 9, "position":(8.333333333333334,33.333333333333336,1.0), "time":460.15767087881017,"sensors":[35,20,16,39,36,4,17],"power":[0.06722749879539493,0.09056177852795048,0.16113547130789296,0.07598389007987769,0.3997807420629398,0.04886328486182545,0.034154960801149194]}
{"id": 5, "drone": 9, "position":(33.333333333333336,25.0,1.0), "time":35.175656927544196,"sensors":[33,25,30,19,18,15,3,8,34,12,28],"power":[0.10934367973406217,0.0065267704545807406,0.004431567059549613,0.0027328675356162587,0.02097796580808992,0.04200414606239052,0.0039046734084209407,0.004924272442646473,0.003504205924553942,0.005824721656521746,0.009410940652594943]}
{"id": 6, "drone": 8, "position":(8.333333333333334,8.333333333333334,1.0), "time":509.09187933268174,"sensors":[11,5,29,31,26],"power":[1.2340833598165302,0.05261448849188927,0.1173325246508779,0.11536987508900032,0.45964022112704433]}
{"id": 7, "drone": 8, "position":(25.0,16.666666666666668,1.0), "time":93.28389771865986,"sensors":[37,5,18,15,3,10,38,34,12,28],"power":[0.011839539713359633,0.020265046647434157,0.014560023568285667,0.011535372741072433,0.09556610929493373,0.014462588718614122,0.0077081615336359694,0.03719518901008003,0.1123102453038855,0.02773818235167201]}
{"id": 8, "drone": 7, "position":(41.666666666666664,41.666666666666664,1.0), "time":285.1374697581042,"sensors":[25,30,19,32,8,21,9,6,23,1],"power":[0.038510149134349775,0.05250974387930125,0.10831963547433479,0.2001850683677422,0.030141091752894186,0.11970515230852881,0.03678645351566618,0.038925763288817444,0.06366953863396946,0.14562975073914902]}
{"id": 9, "drone": 7, "position":(8.333333333333334,41.666666666666664,1.0), "time":53.320231461613886,"sensors":[20,24,16,39,36,4,17],"power":[0.005323420150137778,0.009534191007589014,0.011599046018653863,0.051640973860714305,0.0041051676248270875,0.08953306667199082,0.004958597004537818]}
{"id": 10, "drone": 3, "position":(16.666666666666668,8.333333333333334,1.0), "time":4.38602300774248,"sensors":[11,37,5,31,14,10,26],"power":[0.001370786198877777,4.619600271904832E-4,0.005673927789181176,7.245467715643856E-4,4.3836988950774955E-4,5.410073215436712E-4,3.6330126879745983E-4]}
{"id": 11, "drone": 3, "position":(8.333333333333334,16.666666666666668,1.0), "time":271.8131141642663,"sensors":[11,5,35,29,31,36,26],"power":[0.03845474920553891,0.018864066287649497,0.02222191907581325,0.03266747534912209,0.5308080426293497,0.023358273973931316,0.057590014596529356]}
{"id": 12, "drone": 1, "position":(33.333333333333336,16.666666666666668,1.0), "time":42.08996236460345,"sensors":[33,37,18,15,3,10,38,34,12,28],"power":[0.005969739496527717,0.004349898854327659,0.005738846294878057,0.0243483895924927,0.005311197379522197,0.004620420947679669,0.01578763976954704,0.0034521973513307615,0.007489248549284122,0.006215449337406478]}
{"id": 13, "drone": 1, "position":(25.0,25.0,3.0), "time":196.14048460181667,"sensors":[33,18,15,3,20,34,12,28],"power":[0.029338529790125738,0.14801080226472882,0.025835172977066518,0.08110942396393511,0.016319750212064273,0.10584840771403514,0.09770415837424708,0.28610973061384254]}
{"id": 14, "drone": 4, "position":(33.333333333333336,8.333333333333334,2.0), "time":72.67552723673816,"sensors":[37,13,14,10,38,27],"power":[0.02822324131792268,0.008582616669607277,0.010191826432105951,0.02475087076862591,0.06138823860086264,0.012676114594414329]}
{"id": 15, "drone": 4, "position":(25.0,8.333333333333334,1.0), "time":122.22235076552968,"sensors":[37,5,3,14,10,38,12],"power":[0.16652685015211593,0.052582470783845876,0.011247232685098613,0.035644833338957016,0.2612692686879657,0.012785923293681046,0.010930090068940352]}
{"id": 16, "drone": 5, "position":(8.333333333333334,25.0,5.0), "time":196.14048460181667,"sensors":[35,31,16,36],"power":[0.03600047262693236,0.02515133080500408,0.013072205810152919,0.06761177088849184]}
{"id": 17, "drone": 6, "position":(33.333333333333336,8.333333333333334,1.0), "time":711.0992420636255,"sensors":[37,15,13,14,10,38,27],"power":[0.30018850332104885,0.04627691862697838,0.08942722560152351,0.10372497033942928,0.26188710853206604,0.7431070672089817,0.13084390505409924]}
{"id": 18, "drone": 6, "position":(41.666666666666664,33.333333333333336,1.0), "time":168.5739520262232,"sensors":[33,25,30,19,32,8,21,9,6],"power":[0.027489831953811272,0.04841839155184898,0.04927968837923235,0.2856253458490023,0.016269769175785483,0.2907534867639783,0.0302948476914712,0.014760025240321838,0.11107423671118255]}
