LP RESULTS :
 Obj = 0.1*lambda1+0.9*lambda2 = 125.30794163440207 (lambda1 = 1235.0794163440207, lambda2 = 2.0) Resol time = 6668 ms

{"id": 0, "drone": 2, "position":(25.0,25.0,3.0), "time":548.6484876042914,"sensors":[21,0,11,7,23,14,27,33,16,24,35,29,20],"power":[0.10023868648027898,1.024713720055905,0.05847565759755641,0.1200049828964899,0.08492036897518927,0.5820751415023222,0.08717228965226238,0.07651224707346921,0.11363108615815562,0.049061307270721,0.08553185252730777,0.09662758954926723,0.03619642636391501]}
{"id": 1, "drone": 2, "position":(25.0,41.666666666666664,1.0), "time":177.64632229044074,"sensors":[21,11,7,23,3,33,15,29,1,38],"power":[0.0112972202984261,0.052458918502790074,0.018727989286395973,0.028845198236500398,0.35218562311935186,0.052513091272611265,0.037498194127898406,0.040957258676089604,0.05106269939908088,0.03640990152269913]}
{"id": 2, "drone": 3, "position":(41.666666666666664,41.666666666666664,1.0), "time":649.712349238562,"sensors":[15,10,19,1,37],"power":[0.0535560414708117,0.15000000000000002,0.5273239630128889,0.04645858067454297,0.4068661983818495]}
{"id": 3, "drone": 3, "position":(8.333333333333334,16.666666666666668,1.0), "time":426.63031121060226,"sensors":[27,24,17,5,31,6,36,28],"power":[0.07281561713977064,0.1262085678411047,0.08582148510019826,0.06376193231928856,0.07848504350541177,0.05667005635541454,0.06018667674350273,0.2323608507462794]}
{"id": 4, "drone": 1, "position":(16.666666666666668,8.333333333333334,5.0), "time":358.8561450631845,"sensors":[25,2,22,17,20,12],"power":[0.07776423850006442,0.03086056314104663,0.034936957552263406,0.08764746288362299,0.04311663516265647,0.0885428652008456]}
{"id": 5, "drone": 1, "position":(16.666666666666668,33.333333333333336,1.0), "time":7.898574235021556,"sensors":[21,0,11,7,23,3,14,27,33,32,18,16,24,29,34,38],"power":[0.011068185633893541,8.801339037255584E-4,7.338351335728421E-4,5.692189016814481E-4,5.526937388395253E-4,5.70942784955448E-4,0.0012092058948190677,7.672259811461982E-4,0.0012022116044576048,0.012546803821370994,0.0019268880493424627,0.006414719211201783,5.649950275985781E-4,0.0022017518874802426,7.41536003883856E-4,9.735414769404461E-4]}
{"id": 6, "drone": 0, "position":(41.666666666666664,16.666666666666668,2.0), "time":672.3636436364368,"sensors":[8],"power":[0.15]}
{"id": 7, "drone": 4, "position":(33.333333333333336,8.333333333333334,1.0), "time":318.3087054571213,"sensors":[2,22,35,20,12],"power":[0.1389385723838229,0.12005148530143361,0.05446808409726963,0.06857707669976769,0.04010217567272771]}
{"id": 8, "drone": 8, "position":(8.333333333333334,8.333333333333334,1.0), "time":440.32688185081037,"sensors":[25,17,6,28],"power":[0.07129585858407177,0.060338164647731146,0.09332994364458547,0.03362305332679355]}
{"id": 9, "drone": 7, "position":(33.333333333333336,41.666666666666664,1.0), "time":407.72074481501807,"sensors":[11,7,23,3,33,15,29,19,1,37],"power":[0.09835804749800466,0.04610511165570093,0.0714161197771043,0.0604380041673554,0.06474571011159085,0.12718903667719744,0.033932751209619076,0.12025544217463915,0.1424501370947086,0.03889282184346224]}
{"id": 10, "drone": 7, "position":(8.333333333333334,25.0,2.0), "time":251.9020432941055,"sensors":[21,27,32,18,4,16,24,34,5,31,36,28],"power":[0.027395907587401385,0.048149055934701625,0.037569976325053246,0.042422416522835654,0.040498000698865985,0.02995419463064276,0.06795782518437864,0.019438898807594404,0.08623806768071143,0.0760922695545756,0.127351690543344,0.10306077667955496]}
{"id": 11, "drone": 9, "position":(41.666666666666664,16.666666666666668,1.0), "time":122.21179500570395,"sensors":[8,35],"power":[0.027836901041478936,0.008086890392966398]}
{"id": 12, "drone": 9, "position":(25.0,8.333333333333334,1.0), "time":9.2660782194237,"sensors":[25,2,22,17,35,20,12],"power":[9.399029158637248E-4,0.015037639878493455,0.024426759720299993,0.0012549532317972045,0.0019131729824562126,0.010646852019511583,0.021354959126426678]}
{"id": 13, "drone": 6, "position":(8.333333333333334,41.666666666666664,1.0), "time":975.2787988148937,"sensors":[39,13,32,18,4,34,30,9,26,38],"power":[0.22736862643790348,0.3505124671236958,0.15628110534210013,0.2627625025410931,0.13126346253451057,0.4803815194400028,0.15,0.7625569063804566,2.210907679070903,0.1906421309641666]}
