LP RESULTS :
 Obj = 0.1*lambda1+0.9*lambda2 = 129.6060245703735 (lambda1 = 1278.060245703735, lambda2 = 2.0) Resol time = 859 ms

{"id": 0, "drone": 3, "position":(33.333333333333336,16.666666666666668,1.0), "time":77.41324201940878,"sensors":[36,33,13,5,28,6,19,39],"power":[0.04706594502247544,0.021189906776297573,0.01234508091575888,0.009837456552982996,0.4013443152755734,0.011757761511540274,0.012895370436156656,0.045229261399723004]}
{"id": 1, "drone": 3, "position":(41.666666666666664,33.333333333333336,1.0), "time":447.3744700001522,"sensors":[23,21,33,25,15,14,32,29,8,19,34],"power":[0.041378845187830096,0.149101477098798,0.03541921852015812,0.04110916547177186,0.08463483350910102,0.2873003493515243,0.03735505277462356,0.1665483511861381,0.07002750499540344,0.044368067317268556,0.08870911988544977]}
{"id": 2, "drone": 7, "position":(8.333333333333334,41.666666666666664,1.0), "time":839.2789635305336,"sensors":[37,26,18,30,0,38,27],"power":[0.15,1.3585772613294336,0.7038995512994024,0.1616013105805731,0.7851011655490174,0.07788051088714971,0.07097757385272188]}
{"id": 3, "drone": 7, "position":(25.0,33.333333333333336,1.0), "time":120.70818701710745,"sensors":[9,33,13,30,32,24,29,6,35,8,19,34,27],"power":[0.0264643345720567,0.009814884670802331,0.01008139677723381,0.018981068672706682,0.00915076171111804,0.026877100660642448,0.015519938284969824,0.023165588764253526,0.40380548995746535,0.03107925165866485,0.01691541860752953,0.027419931324212138,0.008779020185080408]}
{"id": 4, "drone": 5, "position":(41.666666666666664,16.666666666666668,1.0), "time":19.946989335990665,"sensors":[22,36,33,14,10,5,28,19,20,39],"power":[0.001328781405184615,0.007965765238912634,0.0021811282911616318,0.0018184540116416334,0.005663398697784714,0.04812030769591851,0.004314952860698475,0.0013115654803854014,0.003534664836299765,0.001373445586949483]}
{"id": 5, "drone": 5, "position":(8.333333333333334,16.666666666666668,1.0), "time":407.1373190889726,"sensors":[2,12,31,16,3,7,11,1],"power":[0.06350488640531303,0.10628716607156023,0.08025272285011763,0.07448466490992832,0.04132974015287894,0.034052591969509945,0.13223681697903047,0.12876580837378077]}
{"id": 6, "drone": 0, "position":(25.0,8.333333333333334,3.0), "time":758.5670098216503,"sensors":[17,36,13,28,39],"power":[0.10668300742990419,0.0514165727716968,0.05539980195950802,0.08606582477936982,0.08086174614234187]}
{"id": 7, "drone": 0, "position":(33.333333333333336,25.0,1.0), "time":12.523163672655443,"sensors":[36,33,13,14,24,29,28,6,35,8,19,34,39],"power":[0.0010478619797252729,0.08846006133868949,0.002025654381835779,0.002802831673087835,8.3257044720341E-4,0.002792030946544163,0.002007173293305818,0.006306924971252445,0.0018594811198832998,0.0048956917289608454,0.058089043751325106,0.003655599414194169,0.0030389816574573824]}
{"id": 8, "drone": 2, "position":(16.666666666666668,8.333333333333334,1.0), "time":224.66173109992417,"sensors":[2,17,12,31,7,11],"power":[0.034550034296750895,0.043316992570095816,0.036973271795873,0.03603524312467622,0.028840994101794335,0.04690475358342376]}
{"id": 9, "drone": 2, "position":(33.333333333333336,41.666666666666664,1.0), "time":443.9368815449529,"sensors":[9,23,25,15,4,32,29,35,8,34],"power":[0.043677491064328715,0.30684937303239246,1.1068712488774741,0.03340431879833235,0.11405413101139522,3.3065550986711516,0.0837654571208404,0.030800528380397534,0.05461489824209374,0.07353578096817384]}
{"id": 10, "drone": 8, "position":(41.666666666666664,8.333333333333334,1.0), "time":346.80607535993425,"sensors":[22,36,10,5,28,20],"power":[0.15401380717393146,0.10408663069664571,0.26564162313230316,0.09204223575109848,0.04226530604816339,0.14646533516370022]}
{"id": 11, "drone": 1, "position":(41.666666666666664,41.666666666666664,1.0), "time":12.634036969386898,"sensors":[23,21,25,15,14,4,32,29,34],"power":[0.006765860287231734,8.985229012019977E-4,0.003993782211505186,0.009456719376323145,8.541832146619713E-4,8.693975425993003E-4,0.002942302683413902,0.0016321416868567535,9.018304293435172E-4]}
{"id": 12, "drone": 1, "position":(8.333333333333334,25.0,1.0), "time":438.7812821732015,"sensors":[12,0,24,16,38,3,1],"power":[0.06131412151493089,0.033897330030740004,0.04208562065180828,0.7148948833872613,0.12872474082166455,0.10867025984712106,0.028020833010437764]}
{"id": 13, "drone": 4, "position":(16.666666666666668,25.0,1.0), "time":45.09628603138371,"sensors":[13,30,12,24,16,6,35],"power":[0.008787168631887547,0.0030761854632313282,0.012858533693198648,0.046840212876527614,0.023653885990127087,0.004930598343101434,0.005540966003223089]}
{"id": 14, "drone": 4, "position":(8.333333333333334,8.333333333333334,1.0), "time":99.57986181615792,"sensors":[2,12,31,7,11,1],"power":[0.34237967021941923,0.008629715647330364,0.5246413589302166,0.08710641392869571,0.4163274352222896,0.03265236099311088]}
{"id": 15, "drone": 9, "position":(25.0,16.666666666666668,1.0), "time":4.223745571321395,"sensors":[36,33,13,12,24,28,6,19,39],"power":[3.5382170872255616E-4,4.972155982852697E-4,0.0033093645222347355,7.364391714661226E-4,4.832988012946813E-4,8.869534875950309E-4,7.917211257396066E-4,3.831593217919104E-4,0.0036391577766979356]}
{"id": 16, "drone": 9, "position":(25.0,41.666666666666664,1.0), "time":182.30348657670612,"sensors":[9,23,25,18,30,4,32,35,8,34,27],"power":[0.2530776943563713,0.014475064607321743,0.02616266128892483,0.013794070153121073,0.032179138582463955,0.03507647144600548,0.037592785913662836,0.025297243788489895,0.013277602971973817,0.014657870108233297,0.07024340596219772]}
{"id": 17, "drone": 6, "position":(41.666666666666664,41.666666666666664,5.0), "time":71.10318359542964,"sensors":[23,25,15,32,29],"power":[0.020063760623019563,0.01545064072198634,0.022504128316243467,0.012089772674836822,0.006897427088359794]}
{"id": 18, "drone": 6, "position":(25.0,25.0,1.0), "time":58.580019922774156,"sensors":[33,13,12,24,29,28,6,35,8,19,34,39],"power":[0.01301358938177433,0.05805153281154123,0.005851366242014671,0.03288119656252358,0.003926385048352096,0.004349005677776924,0.10304740528411271,0.02022744509521582,0.010283584016501479,0.01603737508554281,0.007548266281496016,0.015857407436830333]}
