LP RESULTS :
 Obj = 0.1*lambda1+0.9*lambda2 = 125.94923662978181 (lambda1 = 1241.492366297818, lambda2 = 2.0) Resol time = 9873 ms

{"id": 0, "drone": 3, "position":(41.666666666666664,16.666666666666668,2.0), "time":677.2194659019655,"sensors":[7,11,18,8,34,20,3],"power":[0.15000000000000002,0.051733954217419977,0.06367677325805633,0.23099587320919643,1.5575193557115938,0.14633743456784945,0.06918497545125415]}
{"id": 1, "drone": 3, "position":(8.333333333333334,41.666666666666664,1.0), "time":527.6569199311158,"sensors":[28,4,38,35,36,12,15,27,2,25],"power":[0.23688943935979806,0.1814569197766095,0.06618137972205186,0.10766191579299178,0.14753057347248705,0.1283337697045217,0.09275997316110442,0.06871922443120711,0.1483083817438997,0.05081729559141937]}
{"id": 2, "drone": 0, "position":(33.333333333333336,8.333333333333334,3.0), "time":564.2729003958526,"sensors":[11,29,8,34,26,20],"power":[0.12514636597879367,0.05310060930635715,0.08429560574242276,0.035975524741530374,0.28136792891629225,0.10761248226136508]}
{"id": 3, "drone": 2, "position":(41.666666666666664,41.666666666666664,1.0), "time":137.90556418452343,"sensors":[23,1,5,9,19,10,14,32],"power":[0.0294531090964127,0.03454733748081421,0.026373117895071616,0.019821883470649584,0.012198390785542412,0.015584276679040174,0.009302146315443393,0.041509313250208936]}
{"id": 4, "drone": 6, "position":(25.0,25.0,1.0), "time":258.402023691732,"sensors":[18,6,22,19,33],"power":[0.06612356741586965,0.07803226490612789,0.0641630016049411,0.023379088770419477,0.03010929535296936]}
{"id": 5, "drone": 1, "position":(41.666666666666664,33.333333333333336,1.0), "time":305.87087670412063,"sensors":[1,18,5,22,19,3,10,33,32],"power":[0.5577610362338778,0.022325174412502473,0.09941888579147956,0.026871511168958816,0.04087622192349834,0.11354546682077542,0.11018488204694957,0.021767712579300998,0.13987262454192564]}
{"id": 6, "drone": 1, "position":(8.333333333333334,33.333333333333336,1.0), "time":380.77877109758793,"sensors":[6,38,35,36,27,16],"power":[0.02824366249896342,0.08381862027794816,0.11646747887116461,0.12091177462397402,0.06081171800659403,0.17847684495284838]}
{"id": 7, "drone": 4, "position":(33.333333333333336,41.666666666666664,1.0), "time":444.6309894177385,"sensors":[23,1,22,9,19,17,14,33,32,37],"power":[0.1205468909035873,0.030393425284612023,0.052008887268045124,0.1338674435045277,0.13768624928229356,0.16236679182443517,0.2661432536558806,0.10910525327695712,0.15393506210699226,0.0811926716362771]}
{"id": 8, "drone": 5, "position":(41.666666666666664,33.333333333333336,4.0), "time":94.68291229970355,"sensors":[1,5,22,19,3,10,33,32],"power":[0.05894585328703635,0.024207996313448808,0.006956599958054963,0.010841023218248013,0.026268953294655534,0.026092183333094193,0.006070536343240276,0.028936761115232607]}
{"id": 9, "drone": 5, "position":(16.666666666666668,41.666666666666664,1.0), "time":333.0566752691143,"sensors":[28,4,35,36,12,15,17,14,27,37,2,25],"power":[0.03184401118391986,0.03674476254594532,0.1247964802965926,0.16744022192016544,0.0216662302954783,0.6575780582745107,0.03450501378945496,0.029523413450288763,0.1731946867153887,0.08661327924751003,0.027995840424382783,0.09918270440858062]}
{"id": 10, "drone": 8, "position":(8.333333333333334,8.333333333333334,1.0), "time":964.0544105246131,"sensors":[30,31,39,0,13,24,21],"power":[0.14999999999999997,0.11121301874403454,0.26353918367069623,0.1787446662453038,0.15667648299807851,0.7124790879050615,0.1930478183414207]}
{"id": 11, "drone": 9, "position":(25.0,8.333333333333334,1.0), "time":36.53588938535128,"sensors":[29,26,31,39],"power":[0.050292235716379995,0.02687683593477179,0.0140220075124934,0.004030419601267532]}
{"id": 12, "drone": 9, "position":(16.666666666666668,16.666666666666668,1.0), "time":240.9020663878538,"sensors":[29,6,31,39,16,13],"power":[0.04660715497726284,0.050766411758323846,0.03415610963525255,0.14855568124041926,0.01596189619825726,0.023242591211365585]}
