LP RESULTS :
 Obj = 0.1*lambda1+0.9*lambda2 = 146.73312061275078 (lambda1 = 1449.3312061275076, lambda2 = 2.0) Resol time = 2705 ms

{"id": 0, "drone": 9, "position":(16.666666666666668,16.666666666666668,1.0), "time":588.3258124408497,"sensors":[19,0,30,21,5,15,29,23,1,27,31,14],"power":[0.14340784923152078,0.040743519254563536,0.07187033631600447,0.0698883929227579,0.6054732752082104,0.1687835105274649,0.08714704880879286,0.08226454738031781,0.10150759934455372,0.15525434959898265,0.0429681869120706,0.1797635765142037]}
{"id": 1, "drone": 9, "position":(16.666666666666668,41.666666666666664,1.0), "time":15.400681451563784,"sensors":[39,22,11,36,13],"power":[0.0021518411083005385,0.019561576022331738,0.0048158771992011205,0.0011947653350469212,0.0014343086363465562]}
{"id": 2, "drone": 0, "position":(8.333333333333334,33.333333333333336,1.0), "time":252.8506226934647,"sensors":[39,2,1,36,31],"power":[0.030881395213208478,0.05539089017781393,0.03360922379744102,1.241888064886789,0.09935456432648866]}
{"id": 3, "drone": 0, "position":(33.333333333333336,33.333333333333336,1.0), "time":50.46307121620134,"sensors":[7,33,35,38,34,6,16,9],"power":[0.012330193602239374,0.0039047054977682963,0.008728140972386885,0.004499139467512111,0.015379347906060006,0.015013628695575596,0.039316957256693194,0.009002519304359798]}
{"id": 4, "drone": 5, "position":(41.666666666666664,33.333333333333336,1.0), "time":280.23363057577643,"sensors":[7,33,35,28,38,17,26,34,6,16,9],"power":[0.061067594534783554,0.1165041573031169,0.07444465968236277,0.027471517208342188,0.07641980690366672,0.018253892557100092,0.029078955713986665,0.024586108135635873,0.02382340783053423,0.025205730917231373,0.04970226863471166]}
{"id": 5, "drone": 3, "position":(8.333333333333334,41.666666666666664,1.0), "time":870.8199564216184,"sensors":[22,11,2,36,13],"power":[0.12887405152485965,0.16015957096822145,0.09460910982218607,0.1362759667407091,0.24156027907404065]}
{"id": 6, "drone": 3, "position":(8.333333333333334,16.666666666666668,1.0), "time":45.629049814229674,"sensors":[19,0,30,21,5,18,29,1,27,31,14],"power":[0.28392543159345074,0.027654383866836996,0.01857529411213865,0.10021746488835359,0.004520212253545837,0.0063369563308513935,0.013826284608395053,0.01555580827076757,0.020247031177666935,0.005526366519499889,0.016978326359733797]}
{"id": 7, "drone": 6, "position":(33.333333333333336,25.0,1.0), "time":31.642594570953765,"sensors":[4,25,35,12,23,38,34,32,16,37,9],"power":[0.002817335266221638,0.00796129052364779,0.010875915579256554,0.008058416909425025,0.006264892319688403,0.00498226381699198,0.06553560039330626,0.004239880423888035,0.010881203455836708,0.0024463998485472678,0.028744034850472822]}
{"id": 8, "drone": 6, "position":(8.333333333333334,8.333333333333334,4.0), "time":450.21251254294185,"sensors":[19,0,30,21,18,29,27,14],"power":[0.09766318991708565,0.08160209687859946,0.32056255021188834,0.08107382569038421,0.14366304366914862,0.40080398073474394,0.1887200051549086,0.15773549809149706]}
{"id": 9, "drone": 8, "position":(41.666666666666664,8.333333333333334,5.0), "time":365.1638313294866,"sensors":[20,4,3,8,12,32],"power":[0.05562074953966728,0.03716549649263948,0.028302081719409757,0.09493642357590273,0.0312188949308609,0.05134262952525767]}
{"id": 10, "drone": 8, "position":(25.0,8.333333333333334,1.0), "time":365.16383132948636,"sensors":[3,25,8,5,15,37,14],"power":[0.04039509508329013,0.03200851876391382,0.04236229707528411,0.03296453584974358,0.23491143545979468,0.12342689056492037,0.023875642545317256]}
{"id": 11, "drone": 1, "position":(16.666666666666668,33.333333333333336,1.0), "time":16.435369542727983,"sensors":[39,22,23,1,36,31],"power":[0.032083347595654524,0.0015643724528086051,0.0010509785524546271,0.0012828384353299868,0.0037803571624488034,0.0029632190511796387]}
{"id": 12, "drone": 1, "position":(41.666666666666664,41.666666666666664,1.0), "time":622.76437753008,"sensors":[7,33,24,10,28,6],"power":[0.384149438439784,0.39371217184578544,0.15,0.04330608020879538,0.6587783792238985,0.08213886707530614]}
{"id": 13, "drone": 4, "position":(16.666666666666668,25.0,1.0), "time":293.824576018133,"sensors":[39,19,5,23,1,36,31],"power":[0.08488341608283644,0.02564718093576945,0.09474699286027517,0.06041958174753918,0.07952758769351632,0.03880529380000829,0.0771540720553927]}
{"id": 14, "drone": 4, "position":(33.333333333333336,8.333333333333334,1.0), "time":334.90280323123,"sensors":[3,25,8,15,12,32,37],"power":[0.08130282319730013,0.06146340644964899,0.6990815805076579,0.026671307265188973,0.03434304679342649,0.03367608851503672,0.13942186848335075]}
{"id": 15, "drone": 7, "position":(41.666666666666664,16.666666666666668,1.0), "time":384.10074023730454,"sensors":[20,4,25,8,35,12,38,17,26,32,37,9],"power":[0.09437925046033273,0.7470041042957647,0.0761082113450409,0.06258406515615028,0.05955549988653479,0.33966455854122146,0.06288984534514576,0.05786096888968217,0.08387592991551068,2.010863498426623,0.029385644464175017,0.0644736632114828]}
{"id": 16, "drone": 7, "position":(41.666666666666664,25.0,1.0), "time":333.5212367585328,"sensors":[4,25,35,12,38,17,26,34,32,16,9],"power":[0.10851063173712784,0.033777837472341234,0.8456888139721132,0.09985547135430703,1.3929064416566528,0.07388513855321774,0.1433573337185431,0.04449894356499787,0.08584232688837129,0.025813266246218054,0.2913216555469428]}
{"id": 17, "drone": 2, "position":(33.333333333333336,41.666666666666664,1.0), "time":495.8701268054498,"sensors":[7,33,10,28,6,16],"power":[0.4940560128200541,0.04367886851897893,0.1066939197912046,0.06142247392532537,1.1176846781513385,0.04878284212402069]}
