LP RESULTS :
 Obj = 0.1*lambda1+0.9*lambda2 = 124.25290231852887 (lambda1 = 1224.5290231852887, lambda2 = 2.0) Resol time = 43831 ms

{"id": 0, "drone": 8, "position":(41.666666666666664,33.333333333333336,1.0), "time":515.1175582528915,"sensors":[13,23,6,0,1,11,38,7,16,33,8,21],"power":[0.03779336568744828,0.06420215951238882,0.04440000231408575,0.04697400580488843,0.06433885547567546,0.03633128609801676,0.062425456558236184,0.09451570780496868,0.7917360910401643,1.6009424128538476,0.1143520946530729,0.09126008785549322]}
{"id": 1, "drone": 8, "position":(8.333333333333334,33.333333333333336,1.0), "time":7.7811519307887345,"sensors":[4,19,36,39,27,5],"power":[0.0055866134430429025,0.026650539658283057,5.990754639785538E-4,0.001070832113291051,0.0014912277494120907,0.0040740301074576836]}
{"id": 2, "drone": 3, "position":(16.666666666666668,41.666666666666664,1.0), "time":914.6007259466098,"sensors":[4,19,36,35,28,39,27,10,26,5],"power":[0.18794689385656302,0.0764650287197672,3.523851111866572,0.23595803717906766,0.6346075304439289,3.213299151005784,0.1257695666446417,0.24352751609580084,0.06241747758736627,0.13749129821781417]}
{"id": 3, "drone": 0, "position":(16.666666666666668,25.0,1.0), "time":295.32404315776915,"sensors":[4,14,19,3,26,5],"power":[0.045145749111165624,0.03010019933270766,0.04587900121669102,0.07639843772430469,0.08758252241263369,0.0720959574938705]}
{"id": 4, "drone": 6, "position":(8.333333333333334,8.333333333333334,1.0), "time":177.1475187994348,"sensors":[14,24,29,12,37],"power":[0.03363222834236941,0.01497824632851335,1.2058398548972005,0.06089208028139272,0.01924384066616627]}
{"id": 5, "drone": 4, "position":(41.666666666666664,8.333333333333334,1.0), "time":321.897686018966,"sensors":[25,30,22,34,9,32,2,31,20,17],"power":[0.12234320340949961,0.03518946904728769,0.04288389725286672,0.04637511918617927,0.02646866759582145,0.023624396815704676,0.04559507746561101,0.2840700413771635,0.029149015500920073,0.07589952574753106]}
{"id": 6, "drone": 7, "position":(33.333333333333336,8.333333333333334,1.0), "time":383.3160294116921,"sensors":[25,30,22,34,9,32,2,31,20,15],"power":[0.02765679659050039,0.2822422095379845,0.10785908465452984,0.4825923252707399,0.12353133240417855,0.133099337909683,0.05410158013959354,0.07022483867541748,0.05545472179335486,0.12293779592794553]}
{"id": 7, "drone": 9, "position":(8.333333333333334,41.666666666666664,1.0), "time":6.823102150120998,"sensors":[4,19,36,35,28,39,27,5],"power":[0.0013010724201265845,0.0010054304052587164,9.768970056308892E-4,6.642498148200335E-4,7.443589867379564E-4,0.002323495882636595,0.022739205605946243,8.071685622810474E-4]}
{"id": 8, "drone": 9, "position":(41.666666666666664,16.666666666666668,1.0), "time":519.3153077546305,"sensors":[30,22,0,32,1,38,2,31,18,20,17,15,8,21],"power":[0.05733447796827124,0.13039712264160858,0.10363577093019442,0.0484351646066039,0.1923415758035961,0.10747691724839716,0.44666366971998495,0.4734124598275896,0.14999999999999997,0.15067632210675383,0.10297890856947416,0.03401291866646388,0.05207678290616888,0.058739912144506766]}
{"id": 9, "drone": 1, "position":(16.666666666666668,8.333333333333334,1.0), "time":130.85359260253117,"sensors":[14,24,29,12,37,15],"power":[0.06906872646759492,0.0909548747405793,0.035763724137490634,0.3808056541342191,0.16806461185023613,0.009472857576795328]}
{"id": 10, "drone": 5, "position":(16.666666666666668,16.666666666666668,5.0), "time":621.2038686255535,"sensors":[14,24,29,3,12,37],"power":[0.2421112907327659,0.04406687893090733,0.05389512025039091,0.07360156227569532,0.07736376074577833,0.05866472498492971]}
{"id": 11, "drone": 2, "position":(33.333333333333336,41.666666666666664,1.0), "time":2.299123122025054,"sensors":[6,11,7,16,10,33],"power":[0.005752593941341917,0.012214916812368568,0.003620488037305416,2.2028614390799393E-4,3.844033792227816E-4,3.040450359929807E-4]}
{"id": 12, "drone": 2, "position":(41.666666666666664,41.666666666666664,1.0), "time":707.1123418103721,"sensors":[13,23,6,11,7,16,33],"power":[0.15922311809285233,0.2250588469628279,0.09984740374457232,0.11580842871603628,0.1664759654693807,0.08953460614061083,0.25678179739757184]}
