LP RESULTS :
 Obj = 0.1*lambda1+0.9*lambda2 = 145.6146638898575 (lambda1 = 1438.1466388985748, lambda2 = 2.0) Resol time = 1127 ms

{"id": 0, "drone": 7, "position":(16.666666666666668,25.0,1.0), "time":459.0110395423278,"sensors":[26,27,39,5,22,24,13,29,8,31],"power":[0.057699473055564054,0.10283746801755186,0.13313329194318596,0.07254892306348931,0.13868050395081888,0.15322152282585183,0.32441719679191794,0.08253647240683014,0.038058223122795075,0.11470200677145463]}
{"id": 1, "drone": 7, "position":(33.333333333333336,16.666666666666668,1.0), "time":23.655154694518586,"sensors":[27,12,22,23,18,25,19],"power":[0.002873451024104768,0.009140573871150191,0.002290190862360982,0.004008778349142374,0.002023011513235505,0.03288585224206748,0.11935280055685567]}
{"id": 2, "drone": 3, "position":(16.666666666666668,41.666666666666664,1.0), "time":862.4894886364852,"sensors":[17,30,39,24,32,38,33,2],"power":[2.289934883764402,0.06262107506112327,0.086476637138213,0.11630472528031661,0.10029060743965855,0.30973028204124464,2.4892153466800417,0.1201617283537841]}
{"id": 3, "drone": 9, "position":(8.333333333333334,8.333333333333334,4.0), "time":647.8471824278952,"sensors":[16,26,37,14,29,0,8,31,35,34],"power":[0.2864912650909251,0.12193189349576136,0.07640299531467375,0.20520840668900328,0.07949032428449987,0.0597125834505695,0.15746869999719598,0.06667641773432796,0.15906965776299642,0.1348284528363437]}
{"id": 4, "drone": 6, "position":(41.666666666666664,8.333333333333334,1.0), "time":793.0503273833186,"sensors":[12,6,23,3,36,19,11],"power":[0.3231580930995564,0.057067988976328865,0.22456251116982207,0.07206542064830902,0.9438158304647444,0.06513405991774182,0.15]}
{"id": 5, "drone": 6, "position":(16.666666666666668,8.333333333333334,1.0), "time":34.102376769787895,"sensors":[16,26,28,37,15,14,5,29,8,31],"power":[0.0071924184215442786,0.008706142415934889,0.010913833678079637,0.011874194709165538,0.012534086204116406,0.004307376050432187,0.008728050560366013,0.008131800027229259,0.014273007037169853,0.00469817686383026]}
{"id": 6, "drone": 1, "position":(25.0,8.333333333333334,5.0), "time":635.426134904589,"sensors":[28,37,15,5],"power":[0.33836259596018115,0.06172280997616071,0.31220169084519545,0.08274577557131273]}
{"id": 7, "drone": 5, "position":(41.666666666666664,41.666666666666664,1.0), "time":1069.9926979892,"sensors":[20,9,1,10,4,7],"power":[0.1814496392917186,0.15,0.08797879990186952,0.15182834618965446,0.15215210349112673,1.0849495713946837]}
{"id": 8, "drone": 5, "position":(41.666666666666664,25.0,1.0), "time":55.301795376222515,"sensors":[20,6,23,18,3,25,10,21,19],"power":[0.007504848253068674,0.008836627197209228,0.00881907795158738,0.1545205917181795,0.009626475798455634,0.010907748932363855,0.0040002843192956435,0.027761862580302235,0.007418919506770265]}
{"id": 9, "drone": 8, "position":(8.333333333333334,41.666666666666664,1.0), "time":104.22506319645544,"sensors":[17,39,24,32,38,33,2],"power":[0.025704523435163433,0.010172285570746915,0.008175936030458601,0.1370637173211019,0.007905892646704755,0.01366354095533932,0.029838271646215903]}
{"id": 10, "drone": 8, "position":(25.0,41.666666666666664,1.0), "time":312.8521455331523,"sensors":[17,30,1,10,38,33,4],"power":[0.05195369249984978,0.08737892493887672,0.06202120009813049,0.0369340480830063,0.08068816844126532,0.11503911025800476,0.08399974101888953]}
{"id": 11, "drone": 4, "position":(41.666666666666664,25.0,5.0), "time":312.8521455331522,"sensors":[20,6,23,18,3,25,21,19],"power":[0.03274141590289889,0.0385030084503942,0.038377539872777235,0.15476728492631112,0.041140473579893304,0.047067623927611185,0.08879488329588917,0.03155233194682227]}
{"id": 12, "drone": 4, "position":(16.666666666666668,16.666666666666668,1.0), "time":105.58791505081098,"sensors":[26,27,28,15,14,5,22,13,29,8,31],"power":[0.09727403929262333,0.014876273888288553,0.011807530929234368,0.014051600144412413,0.01652280837058332,0.22236748198808126,0.021413476407606206,0.04458817963454989,0.37139941216915545,0.06365938783728094,0.12597080340094516]}
{"id": 13, "drone": 0, "position":(41.666666666666664,16.666666666666668,1.0), "time":240.86616838805665,"sensors":[12,6,23,18,3,25,36,21,19],"power":[0.07883644667392758,0.05896789919232947,1.011082443457915,0.03374598150997412,0.07460962882985436,0.0576706320836464,0.02242985793673283,0.03344325412380862,0.05773249585647248]}
{"id": 14, "drone": 0, "position":(25.0,25.0,2.0), "time":12.421047523306218,"sensors":[27,5,22,24,25,10,13,19],"power":[0.029412807070054805,0.0013552300559623895,0.01504979402493988,0.001308041604159147,0.0014681428143110498,7.839261841555743E-4,0.0011925417239640862,0.0013012937181990857]}
{"id": 15, "drone": 2, "position":(8.333333333333334,16.666666666666668,1.0), "time":191.59812510775285,"sensors":[16,26,14,5,13,29,0,8,31,34],"power":[0.016061422934195088,0.12001122697564756,0.32147857467995944,0.02338910335083789,0.05388154497115031,0.0643024052890433,0.0902874165494305,0.06948265526671255,0.10560950398939897,0.015171547163656282]}
