LP RESULTS :
 Obj = 0.1*lambda1+0.9*lambda2 = 95.99000602790274 (lambda1 = 941.9000602790273, lambda2 = 2.0) Resol time = 5041 ms

{"id": 0, "drone": 0, "position":(25.0,8.333333333333334,1.0), "time":241.50877882228804,"sensors":[9,35,33,8,6,16,31],"power":[0.019057882332465033,0.048345406075181424,0.016115688957949768,0.818077080079281,0.019869126570452457,0.021474768697269303,0.020429825016989478]}
{"id": 1, "drone": 0, "position":(25.0,41.666666666666664,1.0), "time":26.821727185102755,"sensors":[24,2,27,1,17,0,29,39,22,23],"power":[0.006723727261295035,0.06088609564844116,0.053113283374092574,0.0027204176278767434,0.006661699340596032,0.0053294294923916085,0.006732673039132321,0.00648129685476069,0.0039062008858945295,0.0021389476856442076]}
{"id": 2, "drone": 9, "position":(41.666666666666664,16.666666666666668,1.0), "time":385.96559052235693,"sensors":[26,9,37,20,3,4,19],"power":[0.03655856870424601,0.07747454671171897,0.7305693918636358,0.08176233904729026,0.05976418867596094,0.12031160015338965,0.13332006078267575]}
{"id": 3, "drone": 9, "position":(8.333333333333334,33.333333333333336,1.0), "time":201.67582833883873,"sensors":[5,15,34,18,0,36,10,25,12,7],"power":[0.017690359280838577,0.031398109433363706,0.0829946519991906,1.4839263700228116,0.017627954066789665,0.07693637042031369,0.018505627068462524,0.0347876140352853,0.11549674325841192,0.03864149276075116]}
{"id": 4, "drone": 7, "position":(41.666666666666664,33.333333333333336,1.0), "time":20.790089829733517,"sensors":[26,1,17,28,32,30],"power":[0.00804824381441267,0.0058964069486996005,0.0025277369849356,0.0035623089397067496,0.01686227885619738,0.002045780160942852]}
{"id": 5, "drone": 7, "position":(41.666666666666664,41.666666666666664,1.0), "time":783.7373499999393,"sensors":[24,11,38,1,17,28,32,29,22,30],"power":[0.10704265308557731,0.16297400161722297,0.15,0.1947545234812703,0.10387566018171039,2.3730638217142843,0.10175625191271966,0.13327074669104377,0.10351141738179027,1.007797944417035]}
{"id": 6, "drone": 3, "position":(8.333333333333334,25.0,1.0), "time":14.881071681244064,"sensors":[5,15,34,18,14,36,31,25,12],"power":[0.0040602586304284965,0.01890438479040155,0.011383235128304126,0.003214622059999497,0.0023141537415074585,0.03301847503652739,0.0014698039547347778,0.009532217161452439,0.004131000965259514]}
{"id": 7, "drone": 3, "position":(16.666666666666668,33.333333333333336,1.0), "time":39.832950483449466,"sensors":[5,15,34,27,18,0,36,39,10,25,12,23],"power":[0.006149980573298448,0.005262010632353857,0.010818188616978244,0.005975265638990408,0.010672959767373624,0.0074694884385440264,0.006951552213197079,0.0032299448348457535,0.002777026682552238,0.007991672315299568,0.002843801981987055,0.00860480174964504]}
{"id": 8, "drone": 4, "position":(25.0,16.666666666666668,1.0), "time":3.823656878286653,"sensors":[5,35,33,8,6,14,31,4,23],"power":[3.6953545594891756E-4,0.020684168364135665,0.0021932962939841716,7.668886214654134E-4,0.003583276902093805,6.605636923959177E-4,0.001078561822784942,5.096329541513332E-4,3.0793560722631324E-4]}
{"id": 9, "drone": 4, "position":(16.666666666666668,25.0,1.0), "time":11.940655503853122,"sensors":[5,35,15,34,33,6,18,14,36,31,25,23],"power":[0.04685993152609538,9.491669677933529E-4,0.007143523489261879,0.004129676421568977,0.003065420022041736,0.0019153642387564815,0.0013511656358485193,0.004024842331743396,0.0031999632203202717,0.003808627420661306,0.015592355544653642,0.002643535825752863]}
{"id": 10, "drone": 1, "position":(41.666666666666664,8.333333333333334,1.0), "time":256.8132411422964,"sensors":[9,37,20,3,4,19],"power":[0.23844004956450535,0.02804532581306422,0.06823766095270974,0.1617999984391846,0.022029162109219517,0.09343045775558521]}
{"id": 11, "drone": 1, "position":(41.666666666666664,25.0,1.0), "time":137.37262044935466,"sensors":[26,37,32,4],"power":[0.1053931874813413,0.065369975883724,0.03138146923108296,0.025937967304020215]}
{"id": 12, "drone": 5, "position":(16.666666666666668,41.666666666666664,1.0), "time":390.45149823657266,"sensors":[2,27,18,13,0,39,10,7],"power":[0.04747485436813243,0.07700129088969594,0.04324374567338805,0.0510702749799864,3.351145166501248,0.3141445315688143,0.11753292015563054,0.04559488720590845]}
{"id": 13, "drone": 5, "position":(16.666666666666668,16.666666666666668,1.0), "time":273.05450249309354,"sensors":[5,35,15,34,33,8,6,14,36,16,31,25],"power":[0.07865282745568566,0.044176710865086385,0.05216226394999278,0.019819793159898073,0.060600007313033506,0.03654848272067265,0.04631162216443605,0.8961261711783785,0.020317107212581818,0.021849774981809126,0.7672070031218783,0.04667272249303]}
{"id": 14, "drone": 6, "position":(8.333333333333334,8.333333333333334,5.0), "time":185.82800014135762,"sensors":[21,16],"power":[0.038403481351361346,0.04293364240610323]}
{"id": 15, "drone": 6, "position":(8.333333333333334,16.666666666666668,3.0), "time":238.76644361352947,"sensors":[21,5,15,34,14,36,31,25],"power":[0.040842645315240254,0.03196060504698501,0.048487113484218754,0.02085445467406041,0.052236581789746564,0.027104539699682455,0.03420251493184511,0.032832062467390996]}
{"id": 16, "drone": 2, "position":(8.333333333333334,41.666666666666664,1.0), "time":283.1180560350614,"sensors":[18,13,0,39,10,12,7],"power":[0.05984061192555716,0.0989297250200136,0.06533784753462415,0.03541664737214083,0.2532675472336701,0.02752845379434147,0.6443261251431044]}
{"id": 17, "drone": 2, "position":(25.0,25.0,1.0), "time":157.9249512867324,"sensors":[5,35,15,33,6,14,31,4,25,23],"power":[0.025815456621073044,0.03584454772780319,0.0102345764117422,0.16013787288451484,0.13289769328704815,0.017694484307531917,0.026516967322167115,0.01423128256462988,0.014904106635264293,0.1363047791317289]}
{"id": 18, "drone": 8, "position":(33.333333333333336,41.666666666666664,1.0), "time":110.55089326425183,"sensors":[24,11,2,27,1,17,28,29,22,30],"power":[0.11998066119122873,0.019085575211356547,0.04163904998342639,0.02110615731278262,0.05924776315419679,0.11258326773962399,0.03774981467672618,0.32524698167666294,0.04258238173231519,0.018302715207372023]}
{"id": 19, "drone": 8, "position":(8.333333333333334,8.333333333333334,1.0), "time":241.50877882228815,"sensors":[21,14,16],"power":[0.07075387333339841,0.018097865349236852,0.08022735672465434]}
