LP RESULTS :
 Obj = 0.1*lambda1+0.9*lambda2 = 128.39800962386423 (lambda1 = 1265.980096238642, lambda2 = 2.0) Resol time = 8766 ms

{"id": 0, "drone": 0, "position":(8.333333333333334,33.333333333333336,1.0), "time":482.8638580843877,"sensors":[2,24,35,11,20,10,23,0,38],"power":[0.03445091750372221,0.07935365636534876,4.828638580843877,0.05032717019854855,0.0987817955816778,0.07493554175561085,0.05701303617422222,0.12470136886541366,0.031314920339805964]}
{"id": 1, "drone": 2, "position":(8.333333333333334,41.666666666666664,1.0), "time":490.23451061213666,"sensors":[2,35,20,10,0],"power":[0.1155490824962778,0.09827964683425977,0.09736627484251216,0.7957900481086448,0.1824335033320225]}
{"id": 2, "drone": 2, "position":(25.0,25.0,4.0), "time":141.40930962930372,"sensors":[3,17,19,39,12,37,27,16,18,23,32,38],"power":[0.023706329445304628,0.01977678196371197,0.015111253496400119,0.015389835669949014,0.019331557134518576,0.009139484438403464,0.08012729013636802,0.01457394299840446,0.015212466119217744,0.017479883346603005,0.03501678796324064,0.02163337387766004]}
{"id": 3, "drone": 4, "position":(8.333333333333334,25.0,1.0), "time":292.8817275421177,"sensors":[25,24,35,13,11,23,32,38],"power":[0.03758284774285412,0.1512376427861992,0.06686090450752612,0.06722697876132719,0.0752619697318423,0.09243281546064175,0.03702170830033876,0.06439743710293881]}
{"id": 4, "drone": 5, "position":(25.0,8.333333333333334,1.0), "time":5.1685775193155905,"sensors":[17,19,30,29,12,37,33,16,26,36],"power":[5.47137184446981E-4,0.0015238077973529236,5.942891717265463E-4,5.345672042442296E-4,0.0014229725314641875,0.0012805508719660583,0.002757077892701938,0.002043408671152546,5.275261339288198E-4,0.0012217119837534055]}
{"id": 5, "drone": 5, "position":(41.666666666666664,41.666666666666664,1.0), "time":847.4504759132909,"sensors":[4,5,22,14,31,28,7,8],"power":[0.15000000000000002,0.765301021146258,0.2810658043550074,0.7558767116522666,0.19854607263062507,1.3793794169220575,0.07133693090681062,0.09465100736240775]}
{"id": 6, "drone": 7, "position":(16.666666666666668,8.333333333333334,1.0), "time":569.2814670947587,"sensors":[25,19,29,12,37,34,33,16,6,13,15],"power":[0.056664086593469436,0.04052463154764734,0.23950975646445294,0.08690337687642517,0.23072712577479812,0.11843097981971014,0.14724292210729806,0.07434087695175955,0.0499007361536301,0.0709168103958162,0.16463294805841586]}
{"id": 7, "drone": 8, "position":(41.666666666666664,25.0,1.0), "time":418.5296203253512,"sensors":[3,17,7],"power":[0.05784318571274085,0.031650334944658694,0.2204625696873924]}
{"id": 8, "drone": 3, "position":(41.666666666666664,8.333333333333334,1.0), "time":675.2640166674595,"sensors":[30,26,36,21],"power":[0.14940571082827345,0.15708490758262827,0.12936702235666264,3.9232386314571994]}
{"id": 9, "drone": 9, "position":(33.333333333333336,16.666666666666668,1.0), "time":198.1082634703855,"sensors":[3,17,19,12,27,16,36,21],"power":[0.015082251218190311,0.5064059895106686,0.08442293383421196,0.030061471947839775,0.038655538600764414,0.043618606126613835,0.06089650649169423,0.013821697118314623]}
{"id": 10, "drone": 9, "position":(8.333333333333334,16.666666666666668,1.0), "time":223.1773081995995,"sensors":[25,24,37,6,13,11,15,23,32,38],"power":[0.4775404148312297,0.032391077932188664,0.023568253436722357,0.014710585319355174,0.5988626611589016,0.024410860069609044,0.05241706594163276,0.0302621350230905,0.02097093677805327,0.03532081898915817]}
{"id": 11, "drone": 6, "position":(25.0,33.333333333333336,3.0), "time":218.33032683682706,"sensors":[3,39,9,27,18,20,1,8,0,32],"power":[0.041909036048503656,0.10515385071813466,0.04201671787636237,0.021879607578585685,0.22211728159785915,0.029889782701713722,0.028939245014826483,0.050534726841756486,0.01595594745124364,0.016140340181071366]}
{"id": 12, "drone": 6, "position":(8.333333333333334,8.333333333333334,1.0), "time":180.63959340216604,"sensors":[25,29,37,34,6,13,15],"power":[0.06283358347519866,0.03627696070663821,0.015655129501807686,0.03156902018028984,0.0853886785270147,0.03186335342783268,0.9026609688827265]}
{"id": 13, "drone": 1, "position":(25.0,41.666666666666664,1.0), "time":74.55140070529063,"sensors":[39,14,9,18,20,1,8,0],"power":[0.016331100623150796,0.004993028483881327,0.10798328212363761,0.027204033047705033,0.01159222110636469,0.29836608588755437,0.01400284278812151,0.00722856860170617]}
{"id": 14, "drone": 1, "position":(25.0,25.0,1.0), "time":125.64789278323343,"sensors":[3,17,19,39,12,37,27,16,18,23,8,32,38],"power":[0.025904919436550083,0.020812560438623947,0.015275186030104497,0.01618202575698164,0.02045846624603842,0.009479265066578446,0.19239366597425228,0.0154231652520696,0.015570627345591828,0.018499092201034142,0.008826173073907484,0.04085022677729594,0.022692883680631794]}
