LP RESULTS :
 Obj = 0.1*lambda1+0.9*lambda2 = 145.50129587116461 (lambda1 = 1437.012958711646, lambda2 = 2.0) Resol time = 4193 ms

{"id": 0, "drone": 2, "position":(41.666666666666664,25.0,1.0), "time":22.69957090639582,"sensors":[10,0,25,7,16,13,2,22,11],"power":[0.0400382146623559,0.011153497942513215,0.0034334910547542,0.001607460806316606,0.0014911218758176482,0.0034597647706100013,0.002410934727753315,0.005468756292549159,0.03898762527701473]}
{"id": 1, "drone": 2, "position":(16.666666666666668,33.333333333333336,1.0), "time":794.818255939714,"sensors":[18,3,27,29,4,28,6,20],"power":[0.3289828591229583,0.35528190818011757,0.3442666848372362,1.396527975579381,0.05723068439987221,0.13135978209506755,0.05877655748918288,0.6272118437438567]}
{"id": 2, "drone": 5, "position":(25.0,16.666666666666668,5.0), "time":94.36355936116358,"sensors":[39,37,31,33,34],"power":[0.02165680775819715,0.012826727393647756,0.008955460638523122,0.008900094081969767,0.011492321318653487]}
{"id": 3, "drone": 5, "position":(41.666666666666664,16.666666666666668,1.0), "time":909.6386176938181,"sensors":[10,19,0,7,23,16,2,22,11],"power":[0.10111367709171869,0.19236080996334945,0.22121608813370325,0.5031559515628222,0.05949932625575569,0.568806138049834,1.3743986024731398,6.9649797338055475,0.3140624165152084]}
{"id": 4, "drone": 4, "position":(16.666666666666668,8.333333333333334,3.0), "time":41.88732537200884,"sensors":[39,26,37,31,33,12,34],"power":[0.0043018002497687184,0.035481084947457296,0.025707355367916795,0.06228876999422287,0.004413079583833384,0.005828175378034769,0.0035504069244909242]}
{"id": 5, "drone": 4, "position":(41.666666666666664,41.666666666666664,1.0), "time":1395.1256333396373,"sensors":[25,36,32,9,15,30,13,8],"power":[0.10408620508628687,2.725471452248242,0.8724344716979029,1.6177798215620778,2.003849406661209,0.14931095406683595,0.1831332633154786,0.15548023112906947]}
{"id": 6, "drone": 9, "position":(8.333333333333334,8.333333333333334,1.0), "time":658.5673712065416,"sensors":[26,35,37,5,17,21,31,33,12,1],"power":[0.08380701724369036,0.15000000000000002,0.05636702127525037,0.13224295373931497,0.05295582892191383,0.27502665998042647,0.09947265900276385,0.05282278182710748,2.987505079416509,0.09378714947706933]}
{"id": 7, "drone": 9, "position":(16.666666666666668,33.333333333333336,5.0), "time":63.236855757420585,"sensors":[18,3,27,29,28,20],"power":[0.01618777638515929,0.01678181469163112,0.016419249577186604,0.02678980219802336,0.007870465582585138,0.020336558439767494]}
{"id": 8, "drone": 0, "position":(33.333333333333336,33.333333333333336,1.0), "time":12.749475037867342,"sensors":[10,3,25,36,15,28,13,8],"power":[0.0014793656897751307,9.148025149151197E-4,0.04199996283668514,8.101799067898251E-4,0.0016071751784013043,0.0032852611977673488,0.029824159111823664,8.278595547723393E-4]}
{"id": 9, "drone": 0, "position":(8.333333333333334,41.666666666666664,1.0), "time":556.2582761081159,"sensors":[27,29,6,14,20],"power":[0.06625183891376007,0.05594777413818171,0.1443182102723149,0.15,0.13812795261299826]}
{"id": 10, "drone": 8, "position":(25.0,16.666666666666668,1.0), "time":11.033204180846077,"sensors":[39,18,26,37,4,31,33,34],"power":[0.003784840693938183,7.013251928104818E-4,9.075146459838291E-4,0.002014062681147063,8.313725881382756E-4,0.0013214051830347867,0.0013635476734380895,0.0017286438834549743]}
{"id": 11, "drone": 8, "position":(41.666666666666664,8.333333333333334,1.0), "time":433.35304434097264,"sensors":[19,7,23,16,2,22,34,24],"power":[0.2200978962770524,0.3638087835972874,0.108174750259359,0.5825272745643812,0.23169753921714545,0.08325376818428004,0.029407816779969186,0.15]}
{"id": 12, "drone": 7, "position":(25.0,8.333333333333334,1.0), "time":94.02129667685513,"sensors":[39,26,37,23,31,34],"power":[0.12025655129809594,0.029804383162868524,0.07805295820494175,0.013873784036049443,0.030115308465151362,0.11129371564385561]}
{"id": 13, "drone": 7, "position":(41.666666666666664,41.666666666666664,1.0), "time":6.438279427745556,"sensors":[25,36,32,9,15,30,13,8],"power":[4.803410222740878E-4,0.012577610476493795,0.004026144152869451,0.007465792538591641,0.009247441307722159,6.89045933164032E-4,8.451304266537823E-4,7.175161502144925E-4]}
{"id": 14, "drone": 1, "position":(8.333333333333334,16.666666666666668,3.0), "time":71.32172577045964,"sensors":[38,4,5,17,21,33,12,1],"power":[0.015269754104678396,0.021262171338562032,0.09644628323110954,0.032838606175959274,0.012784284952340758,0.019500171397143006,0.014703330107896559,0.04544206413342627]}
{"id": 15, "drone": 1, "position":(8.333333333333334,25.0,1.0), "time":22.69957090639548,"sensors":[38,18,3,27,4,5,17,33,6,1],"power":[0.004967329029626723,0.0041503807584634695,0.0014751239662500605,0.0068074648496730845,0.008272802656807639,0.004736718343667362,0.013066380267203612,0.004641073439168776,0.0024997680865462162,0.005020054106734613]}
{"id": 16, "drone": 3, "position":(41.666666666666664,16.666666666666668,3.0), "time":71.32172577045935,"sensors":[10,19,0,7,16,2,22,11],"power":[0.007368742556150924,0.013453210051142686,0.015568172518819407,0.028942402455479646,0.03198509742406335,0.059969704459419446,0.12854139354114635,0.020502213156345383]}
{"id": 17, "drone": 3, "position":(8.333333333333334,16.666666666666668,1.0), "time":537.1402019142308,"sensors":[38,4,5,17,21,31,33,12,1],"power":[0.12976291686569488,0.18560648079882552,1.8196601756555275,0.3469812849699189,0.10340003804926753,0.036922887293260286,0.17038474843990772,0.12421157305690503,0.5484732656212237]}
{"id": 18, "drone": 6, "position":(25.0,41.666666666666664,1.0), "time":22.69957090639548,"sensors":[3,29,28,8,20],"power":[0.0017505573244588704,0.004332126273131772,0.007484491124580088,0.005010616758199954,0.002536904016318594]}
