LP RESULTS :
 Obj = 0.1*lambda1+0.9*lambda2 = 155.106464759802 (lambda1 = 1542.06464759802, lambda2 = 1.0) Resol time = 170 ms

{"id": 0, "drone": 6, "position":(41.666666666666664,41.666666666666664,1.0), "time":688.6510970363486,"sensors":[31,13,8,17,35,14,3,30,36,9],"power":[0.07978023774450162,0.16712730176065016,0.7628812108113684,0.19825440103488332,0.32414563571774185,0.07369057703552646,0.1652924808374501,0.2558857627608209,0.15,0.09110812611461745]}
{"id": 1, "drone": 5, "position":(25.0,41.666666666666664,1.0), "time":617.6737696273486,"sensors":[8,17,35,14,30,9],"power":[0.04157074330546852,0.06009147092824546,0.04872429068627354,0.07630942296447353,0.0496266370767753,0.13800419624190086]}
{"id": 2, "drone": 0, "position":(41.666666666666664,8.333333333333334,1.0), "time":658.7753654418802,"sensors":[29,27,21,28],"power":[0.15942707877078166,0.21717373248351346,0.28013563649606926,0.15]}
{"id": 3, "drone": 1, "position":(41.666666666666664,25.0,1.0), "time":617.6737696273486,"sensors":[31,32,20,3],"power":[0.18151360485371149,4.233102749747183,0.09901627645747678,0.09217768803707024]}
{"id": 4, "drone": 2, "position":(8.333333333333334,33.333333333333336,1.0), "time":386.77733398493507,"sensors":[24,12,0,1,39,4,38,6,15,2],"power":[0.031421563822915714,0.08169494485408005,0.15992731851300476,0.15,0.051865832794982886,0.3990333401355228,0.0848650703485635,0.10593355859586902,0.13196842703806452,0.09383485270278545]}
{"id": 5, "drone": 7, "position":(8.333333333333334,41.666666666666664,1.0), "time":589.6373482709831,"sensors":[4,22,6,15,2],"power":[0.456341159619018,0.15,0.04446192067089167,0.17631397730625734,0.18901111428284206]}
{"id": 6, "drone": 9, "position":(8.333333333333334,8.333333333333334,1.0), "time":368.6004599212624,"sensors":[5,33,11,25,34,7,19,26],"power":[0.18231918129847324,0.13508297403708205,0.15,0.029748836123090483,0.06028895297446299,0.024792300465257048,0.0602964226635037,0.04073711233165949]}
{"id": 7, "drone": 4, "position":(41.666666666666664,33.333333333333336,1.0), "time":235.73978093432265,"sensors":[31,13,8,32,17,35,20,3,30],"power":[0.22637265884389512,0.048044438103539325,0.032286636178157496,0.06224605656675145,0.068044411261202,0.07653807311186932,0.050983723542523215,0.33635061715550907,0.01685570191258024]}
{"id": 8, "drone": 3, "position":(16.666666666666668,16.666666666666668,1.0), "time":1136.60614679938,"sensors":[33,37,18,24,12,10,25,34,39,38,7,19,23,16,26],"power":[0.3821996260767114,0.3241969446433586,0.20072846179831674,0.1813351742859466,0.11950165894173234,0.33211417887262573,0.24006632201822106,0.2424094008995644,0.1825253472142369,0.09587624809483425,0.0998181346339172,3.0432751810592955,0.1556927461939221,0.16515736183563412,0.12280337553999172]}
{"id": 9, "drone": 8, "position":(25.0,8.333333333333334,1.0), "time":36.858040877377704,"sensors":[37,18,10,25,34,7,19,23,27,16,26,21],"power":[0.004574001384038998,0.011946346063598678,0.010939886202137332,0.03201869937333673,0.01073490997624868,0.02538956490082574,0.002832273593308618,0.0591941443391265,0.0033434350469510933,0.004801729629721572,0.01241626371843505,0.0033926279831762228]}
