LP RESULTS :
 Obj = 0.1*lambda1+0.9*lambda2 = 89.46618128170131 (lambda1 = 876.661812817013, lambda2 = 2.0) Resol time = 10500 ms

{"id": 0, "drone": 2, "position":(33.333333333333336,33.333333333333336,1.0), "time":30.919783356626965,"sensors":[29,3,31,0,9,2,38,11,37],"power":[0.0019955770506184835,0.004635448910712636,0.0037837326057616983,0.002174734889196555,0.002515953130983784,0.00406113235283612,0.003673192837710499,0.003708849843983969,0.03472079436183453]}
{"id": 1, "drone": 2, "position":(41.666666666666664,8.333333333333334,1.0), "time":164.8646055408077,"sensors":[26,12,32,13,8,17,28],"power":[0.028489804126567573,0.021079699403388878,0.010545304102771977,0.03991457614125161,0.010561840229011335,0.032905439806880876,0.03711840068972693]}
{"id": 2, "drone": 9, "position":(8.333333333333334,8.333333333333334,1.0), "time":766.7799329383857,"sensors":[24,22,34,4,23,10,35,25,14,5,27,7],"power":[0.12127253592166505,0.23957971077444734,0.08915500292103831,0.4144855358594946,0.10701378753340435,0.4427684286173065,0.23365429357033113,0.2899678533479369,1.6964315470481106,0.3103107626951469,0.21078809049426173,0.1497363414809118]}
{"id": 3, "drone": 9, "position":(16.666666666666668,16.666666666666668,1.0), "time":18.64828545362662,"sensors":[24,22,31,34,39,4,23,10,14,16,5,7],"power":[0.012578982950490529,0.0039864854653026225,0.0012197911254324698,0.0019868393803212534,0.0031439420706813924,0.0030791364474343423,0.0013666419970330078,0.005803062376817227,0.001970051649487546,0.001422789325464164,0.005242244140799583,0.00592397354660563]}
{"id": 4, "drone": 7, "position":(25.0,25.0,1.0), "time":481.57117996437097,"sensors":[3,31,39,9,2,11,37],"power":[0.03228191759133855,1.1128451595969433,0.8976129164945081,0.1579913976202964,0.1551946863954816,0.07535264135659288,0.05384854303249387]}
{"id": 5, "drone": 7, "position":(25.0,8.333333333333334,1.0), "time":45.771144052361166,"sensors":[26,22,34,23,10,32,35,8,5,7],"power":[0.011760295719865022,0.006738879046102238,0.015187709503638739,0.00885071452032784,0.003013245746195304,0.04146429241270909,0.002936943559797514,0.006667284814103781,0.005347102026234864,0.010256217524893422]}
{"id": 6, "drone": 1, "position":(25.0,41.666666666666664,1.0), "time":241.70877803466738,"sensors":[29,15,33,18,9,2,6,11],"power":[0.33937209027206505,0.12355629126472735,0.034294161285106976,0.021400184709123752,0.02297255839207192,0.03132967342973794,0.02334207212677205,0.060981169044205474]}
{"id": 7, "drone": 1, "position":(33.333333333333336,41.666666666666664,1.0), "time":76.69092740898787,"sensors":[29,15,36,33,1,11,37,19,20],"power":[0.00802399721405967,0.02232092787298607,0.015184668037201792,0.035887432148903,0.0055944286858190945,0.005407053898016961,0.007268525518878054,0.005381519080757984,0.012919800777935832]}
{"id": 8, "drone": 8, "position":(16.666666666666668,41.666666666666664,1.0), "time":45.77114405235966,"sensors":[29,15,30,18,9,2,6,11,21],"power":[0.021921413515087997,0.004122780862286582,0.00457733278717831,0.04371736539903423,0.00398860172101223,0.003977899107306706,0.05111450144997859,0.008095845002284548,0.005659322834275807]}
{"id": 9, "drone": 8, "position":(8.333333333333334,41.666666666666664,1.0), "time":103.39978669327947,"sensors":[30,18,6,21],"power":[0.09851807098595024,0.0669410250629936,0.04774356492135342,0.20343431327811004]}
{"id": 10, "drone": 0, "position":(41.666666666666664,16.666666666666668,1.0), "time":39.35811664523591,"sensors":[26,3,12,17,28],"power":[0.0039481180826250566,0.007918898466009726,0.05509804934392346,0.054903162789355905,0.14833046817313683]}
{"id": 11, "drone": 0, "position":(8.333333333333334,33.333333333333336,3.0), "time":485.7821040367065,"sensors":[30,18,6,16,21],"power":[0.04690459622687145,0.053704713142447326,0.09859090892140018,0.15421810136053876,0.06399364260299557]}
{"id": 12, "drone": 4, "position":(41.666666666666664,8.333333333333334,3.0), "time":6.104333727403812,"sensors":[26,12,13,17,28],"power":[9.965237572390245E-4,6.890704676735689E-4,0.0013312106014860493,0.0011411260810898578,0.001241155591654178]}
{"id": 13, "drone": 4, "position":(41.666666666666664,41.666666666666664,1.0), "time":558.2621073733578,"sensors":[36,33,0,1,38,19,20],"power":[0.1348153319627982,0.08937161053573303,0.062230750827414284,0.4151512181522243,0.07553148599714134,0.15203403399949572,0.8948503989155886]}
{"id": 14, "drone": 3, "position":(8.333333333333334,25.0,1.0), "time":45.771144052361244,"sensors":[24,4,16],"power":[0.009402976200698939,0.004854087791129944,0.07765144681738564]}
{"id": 15, "drone": 6, "position":(16.666666666666668,8.333333333333334,1.0), "time":45.46245037263947,"sensors":[24,22,34,4,23,10,32,35,14,5,27,7],"power":[0.0067455049271454804,0.1937125033803177,0.05232769905739159,0.006264465965015078,0.03276885594923482,0.019447280876556887,0.004093871883449149,0.014375289811957946,0.006814030916977499,0.07519904785497109,0.009515451223037402,0.18759820900651117]}
{"id": 16, "drone": 6, "position":(41.666666666666664,33.333333333333336,1.0), "time":241.70877803466732,"sensors":[3,0,1,38,37,20],"power":[0.04129287153781741,0.15031374892373453,0.039040912106400115,0.41326143067842047,0.06551904924649096,0.02496214013981607]}
{"id": 17, "drone": 5, "position":(33.333333333333336,8.333333333333334,1.0), "time":620.5636128512044,"sensors":[26,12,32,13,8,17,28],"power":[2.8107725303304893,0.05891220229654999,0.3245912558179383,0.10875421325726241,0.1327708749568849,0.10884884477429901,0.044616288750683]}
{"id": 18, "drone": 5, "position":(41.666666666666664,25.0,1.0), "time":45.771144052360896,"sensors":[3,0,12,38,17,28,37],"power":[0.0638708634941218,0.01115404201385155,0.01422097848846412,0.013408522140287545,0.00802752239717099,0.008593986825110691,0.010272505001458588]}
