LP RESULTS :
 Obj = 0.1*lambda1+0.9*lambda2 = 107.46361530860909 (lambda1 = 1056.6361530860909, lambda2 = 2.0) Resol time = 12297 ms

{"id": 0, "drone": 0, "position":(25.0,33.333333333333336,1.0), "time":15.162957054763234,"sensors":[33,4,39,29,34,1,16],"power":[0.003981232019935148,0.0192043076372328,0.0021517365565267197,0.0013950005471902592,0.002577455978581594,0.001441368416184053,0.0018411752551621469]}
{"id": 1, "drone": 0, "position":(33.333333333333336,8.333333333333334,1.0), "time":380.63840712279557,"sensors":[2,37,17,8,23,26,10,7,3,9,28,0],"power":[0.3323999907087592,0.04001478111886517,0.39299713257857205,0.1033572649484982,0.05491258701931347,0.06945020688151085,0.09884052977435283,0.05866807429470593,0.038337394198691276,0.03403854328303832,0.08856251992613536,0.08767805410312035]}
{"id": 2, "drone": 4, "position":(25.0,41.666666666666664,1.0), "time":95.66995346960171,"sensors":[33,4,14,29,34,5,1,31,21,16],"power":[0.3623817443512168,0.0331777929311718,0.008578056795613971,0.01334830306922441,0.006705718042365534,0.015995662516521965,0.06774819327631505,0.009104208267188852,0.006671130889899652,0.03742249189778164]}
{"id": 3, "drone": 4, "position":(41.666666666666664,41.666666666666664,1.0), "time":683.590822450347,"sensors":[20,36,14,29,35,5,11,18],"power":[0.21633867264633833,0.22858939149339208,0.2945810569349599,0.20686271022317587,0.11718700532577506,0.059113858320416976,0.15,0.11954585185457955]}
{"id": 4, "drone": 6, "position":(16.666666666666668,41.666666666666664,1.0), "time":346.8207821266906,"sensors":[33,13,15,4,39,34,19,1,38,12,31,21,16],"power":[0.10496794494493429,0.06249003453389737,0.08622923430009867,0.0286119582605578,0.05463584596173281,0.06143712756254116,0.04977842388105394,0.15462564983948135,0.02851492400484794,0.06959935939305344,0.30935162154828905,0.08896627217507865,0.8424608460300694]}
{"id": 5, "drone": 6, "position":(33.333333333333336,25.0,1.0), "time":62.27822195240202,"sensors":[20,2,37,4,25,32,35,22,28,0],"power":[0.005685546590222105,0.004482946092796403,0.02389410425539339,0.005254565885864455,0.08131928074282431,0.00789818119509726,0.009460092713058366,0.01690479349000113,0.011345521523174095,0.006233233174228778]}
{"id": 6, "drone": 1, "position":(25.0,8.333333333333334,1.0), "time":48.55468857099879,"sensors":[24,2,37,17,8,26,7,3,6,28],"power":[0.0032400591149326346,0.012396040818701068,0.00379323459565085,0.0369232651371757,0.00525276178829786,0.04394632480467819,0.06523948036570615,0.028878170927558035,0.005311342275634168,0.007077308169389985]}
{"id": 7, "drone": 1, "position":(41.666666666666664,8.333333333333334,1.0), "time":320.83554672678514,"sensors":[2,17,8,23,10,9,28,0],"power":[0.038855813084881036,0.028082258643555572,0.038096716528210416,1.141068500130634,0.9075213982601316,0.10770179587233047,0.02468737939853502,0.09258771672247333]}
{"id": 8, "drone": 2, "position":(33.333333333333336,41.666666666666664,1.0), "time":262.21242011234256,"sensors":[20,33,4,14,29,35,5,1,18],"power":[0.060102947170678045,0.03965323038221454,0.058293356157057684,0.20900746552652152,0.609698869360613,0.02730393196752215,0.07489047916307189,0.02255409392156548,0.046241938554906825]}
{"id": 9, "drone": 2, "position":(16.666666666666668,8.333333333333334,5.0), "time":420.49621859744366,"sensors":[24,30,26,7,3,6],"power":[0.039467907404438805,0.04793060324694995,0.05332786682357506,0.06979510314595913,0.08278443487375069,0.09745996388287646]}
{"id": 10, "drone": 8, "position":(33.333333333333336,16.666666666666668,1.0), "time":40.85440098134262,"sensors":[2,37,17,23,25,10,22,7,28,0],"power":[0.02646314340040635,0.05016622999926389,0.007700070518112583,0.0031762810929219978,0.007476070785485641,0.006668453639617572,0.004278520031044396,0.00547301385383078,0.14643566722462803,0.018521863181632205]}
{"id": 11, "drone": 8, "position":(8.333333333333334,41.666666666666664,2.0), "time":225.80370876805978,"sensors":[13,15,39,27,34,19,38,12,31,21,16],"power":[0.06219047609296588,0.11634535580274699,0.022126726625691245,0.06611631108695258,0.02107975118392162,0.03971173890279495,0.04790876061454391,0.032619922343606285,0.08206008232923655,0.04070606364100154,0.027611374943854253]}
{"id": 12, "drone": 3, "position":(41.666666666666664,8.333333333333334,5.0), "time":36.408711344283006,"sensors":[2,17,8,23,10,9,0],"power":[0.00361370182064204,0.002471230328869346,0.0032932567349935175,0.018856664295732704,0.017705648056091962,0.00825966084463122,0.0074179241245451374]}
{"id": 13, "drone": 3, "position":(41.666666666666664,25.0,1.0), "time":48.55468857099904,"sensors":[20,37,25,32,35,22,0],"power":[0.005518784928617515,0.004456220060680075,0.031135854727409824,0.11437855958320012,0.01246629299036485,0.3122642231451464,0.005965993691888978]}
{"id": 14, "drone": 9, "position":(41.666666666666664,16.666666666666668,2.0), "time":167.0661763874834,"sensors":[2,37,23,25,10,32,22,28,0],"power":[0.018802052572797746,0.019525828971969493,0.038753600032493216,0.026622861359073706,0.0548624810199116,0.027723259221702615,0.03155569119077377,0.023005048842472533,0.15411383136444048]}
{"id": 15, "drone": 9, "position":(25.0,25.0,1.0), "time":36.40871134428365,"sensors":[24,37,4,39,25,34,7,28],"power":[0.005710025903871185,0.00814960099817719,0.004118093620868178,0.00307039679266622,0.0034459323852064883,0.0033075952759766603,0.002362796606072835,0.00426841090323317]}
{"id": 16, "drone": 7, "position":(16.666666666666668,16.666666666666668,3.0), "time":129.6837264692266,"sensors":[24,7,6],"power":[0.14897699940468037,0.022380535052981935,0.1555437213555779]}
{"id": 17, "drone": 7, "position":(8.333333333333334,8.333333333333334,1.0), "time":32.82318709226575,"sensors":[30,6],"power":[0.10206939675305005,0.005273628768602132]}
{"id": 18, "drone": 5, "position":(8.333333333333334,41.666666666666664,1.0), "time":324.5133222656232,"sensors":[13,15,39,27,34,19,1,38,12,31,21,16],"power":[0.09362918657345812,0.19214200035552326,0.03222688650168499,0.09920057709853147,0.031903814742764276,0.0567330487121346,0.020581322327102598,0.07357631538060815,0.04778071826334027,0.12866693282686156,0.06109665829705311,0.041274163898899624]}
{"id": 19, "drone": 5, "position":(16.666666666666668,33.333333333333336,1.0), "time":12.256718058032591,"sensors":[33,15,4,39,34,19,1,31,16],"power":[0.0018072413191981887,0.00332064904878901,0.0013399255084080694,0.03578840756182558,0.06582560656469157,0.0063747302152191475,0.0010626828605166418,0.0012461926253262857,0.0021684867870036843]}
