LP RESULTS :
 Obj = 0.1*lambda1+0.9*lambda2 = 126.02373969159282 (lambda1 = 1242.2373969159282, lambda2 = 2.0) Resol time = 2512 ms

{"id": 0, "drone": 1, "position":(33.333333333333336,16.666666666666668,1.0), "time":1.5531137111960494,"sensors":[39,1,36,35,9,20,18,10,34,38],"power":[1.1466232274500335E-4,0.0018824488606513092,0.003617167867411819,1.491294410594189E-4,1.5686396830830494E-4,1.2181484655450602E-4,0.005024699095896897,3.667484766748906E-4,0.0031737122220419863,3.16432933899569E-4]}
{"id": 1, "drone": 1, "position":(8.333333333333334,25.0,1.0), "time":283.58565216398125,"sensors":[2,5,11,31,27,6,29],"power":[0.36124232420781,0.02841624034006391,0.034440585485999244,0.1491443507618649,0.025093155088257244,0.04462878166127272,0.38342420790163895]}
{"id": 2, "drone": 8, "position":(33.333333333333336,8.333333333333334,1.0), "time":791.8209855041538,"sensors":[1,36,35,26,20,18,10,33,30,34],"power":[0.07411511974869132,0.1993097966037298,0.11636677324629992,0.1722266098985395,0.13938875610487608,0.22934275716704478,0.05842021502669243,0.08123863364758474,0.15839802708817163,0.3554815936819344]}
{"id": 3, "drone": 8, "position":(25.0,41.666666666666664,1.0), "time":86.01075349294882,"sensors":[5,7,23,4,15,37,21,22,8],"power":[0.007641490835166901,0.006516133843468185,0.006076433594516283,0.08740160756667877,0.03796639940847856,0.022003917300743872,0.021098975339887204,0.008300767267065363,0.28335718906588203]}
{"id": 4, "drone": 0, "position":(8.333333333333334,41.666666666666664,1.0), "time":778.6463646162277,"sensors":[5,16,15,11,28,24,3,19,6,14,25],"power":[0.12098735283628086,0.28147175593721974,0.07304210240360982,0.23901067052229166,0.13128352233979115,0.15,2.810084186494147,0.9736219164388237,0.13052689528700867,1.7888111890552827,0.18602222961847073]}
{"id": 5, "drone": 0, "position":(8.333333333333334,16.666666666666668,1.0), "time":2.312184479154041,"sensors":[2,31,27,12,29],"power":[2.705055656111624E-4,8.556492381350745E-4,8.267547513959334E-4,2.690508589165367E-4,6.942857477899647E-4]}
{"id": 6, "drone": 5, "position":(41.666666666666664,41.666666666666664,1.0), "time":443.9639573755717,"sensors":[7,37,0,21,32,22],"power":[0.036855985056659116,0.055895488717882115,0.14349495280776037,0.08260413627295628,0.12801785048178532,0.04803475887705566]}
{"id": 7, "drone": 7, "position":(41.666666666666664,25.0,1.0), "time":203.42141013583338,"sensors":[7,1,0,10,22,38],"power":[0.0242448440146938,0.029993150793762226,0.028323265927176836,0.07301449198943766,0.01930301151832606,0.09435838728509438]}
{"id": 8, "drone": 4, "position":(33.333333333333336,41.666666666666664,1.0), "time":282.56962156051827,"sensors":[7,4,37,0,21,32,22,8],"power":[0.049777573959469947,0.02948206342471525,0.2719613851274324,0.04505898328945496,1.8765978429233618,0.02198214951821468,0.06625717030218144,0.08329048538957677]}
{"id": 9, "drone": 3, "position":(25.0,25.0,1.0), "time":217.56503547864804,"sensors":[7,23,39,1,36,9,18,22],"power":[0.024152367962249132,0.14321508290489285,0.9335828066739185,0.039347912110235604,0.025199982698539628,0.15600431986498906,0.020052678668857404,0.018632806388119476]}
{"id": 10, "drone": 9, "position":(41.666666666666664,16.666666666666668,1.0), "time":27.876852086097077,"sensors":[1,36,18,10,30,34,38],"power":[0.0046613684866595355,0.003471505292068554,0.004362595186210215,0.07987193397305847,0.002403142783743328,0.005111644648844372,0.055325179781006054]}
{"id": 11, "drone": 9, "position":(25.0,8.333333333333334,1.0), "time":203.42141013583336,"sensors":[36,35,9,26,20,27,18,33,34],"power":[0.035533525435007464,0.5435234769851872,0.01441005518136896,0.015556434900583527,1.5782162284663785,0.016929450112733998,0.033066191799374,0.06876136635241527,0.032394818816349764]}
{"id": 12, "drone": 2, "position":(8.333333333333334,8.333333333333334,1.0), "time":752.9181501369598,"sensors":[17,27,12,13],"power":[0.22139966924180754,0.16553399041962646,1.2072413022292239,0.15]}
{"id": 13, "drone": 6, "position":(16.666666666666668,41.666666666666664,1.0), "time":93.99462664277036,"sensors":[5,16,4,15,11,28,3,19,14,8,25],"power":[0.025466144306848727,0.009869740033311356,0.033116329008605984,0.08310011146374018,0.02138700681732374,0.01871647766020884,0.012953213953871494,0.009226033127766797,0.011646827135414522,0.01440701911246155,0.007465918107201322]}
{"id": 14, "drone": 6, "position":(33.333333333333336,33.333333333333336,4.0), "time":8.70661887240783,"sensors":[7,23,39,37,0,21,22,8],"power":[0.008453095163459622,7.084835005908323E-4,9.988360207570028E-4,6.954563028219765E-4,0.0018363856093291985,0.001843324927054819,0.009249128558416057,0.0011476551862801766]}
