LP RESULTS :
 Obj = 0.1*lambda1+0.9*lambda2 = 110.24331919691804 (lambda1 = 1084.4331919691804, lambda2 = 2.0) Resol time = 17050 ms

{"id": 0, "drone": 1, "position":(33.333333333333336,8.333333333333334,1.0), "time":5.758387405522732,"sensors":[2,17,25,10,1],"power":[0.057583874055227316,0.0010130750504513688,0.009288115509289936,4.5063827166973283E-4,0.0011094760618199308]}
{"id": 1, "drone": 1, "position":(25.0,8.333333333333334,1.0), "time":238.41199594228362,"sensors":[22,3,2,25,1],"power":[0.057183317363671625,0.08542118809748818,0.05059380953339281,0.08763342659752847,0.20667971399434837]}
{"id": 2, "drone": 2, "position":(41.666666666666664,25.0,5.0), "time":573.0562907047504,"sensors":[16,23,29,9,39,38,27,19,17,33,10,30,36],"power":[0.12433948459913624,0.09059193350179362,0.12589370496100852,0.22023217267084536,0.10962475864000089,0.11082232185153021,0.32682130619687527,0.09453262550333799,0.03798128663335889,0.04264452446913179,0.0825422701853292,0.15146087185729742,0.20732513117555157]}
{"id": 3, "drone": 7, "position":(33.333333333333336,41.666666666666664,3.0), "time":498.00720677122035,"sensors":[32,12,6,33,35,13,18],"power":[0.1408357223107241,0.12632014420945678,0.14744622896161144,0.0670197399485226,0.09547071596066296,0.12849097460407696,0.09849290667507993]}
{"id": 4, "drone": 7, "position":(16.666666666666668,33.333333333333336,1.0), "time":64.08785942999663,"sensors":[15,12,20,8,14,21,18],"power":[0.11611202314387188,0.006170194110491985,0.12091885711697616,0.08157099006136602,0.004048245427435352,0.01575946993675526,0.009004304374928433]}
{"id": 5, "drone": 6, "position":(8.333333333333334,41.666666666666664,3.0), "time":570.6264699786195,"sensors":[11,31,4,21],"power":[0.05823368438626064,0.3017746674616211,0.1370849732874932,0.05165691597810795]}
{"id": 6, "drone": 4, "position":(41.666666666666664,41.666666666666664,1.0), "time":511.37690126443,"sensors":[32,24,38,6,35,13],"power":[0.19613439395679344,0.17868635680437792,0.0391776781484698,0.03789369207043846,0.25551563964907265,0.04093661003123535]}
{"id": 7, "drone": 9, "position":(8.333333333333334,8.333333333333334,1.0), "time":846.0211960268967,"sensors":[28,0,5,37,3,7,14,26],"power":[0.19472965973664777,0.1588593340307902,2.7686733800750187,0.07710151643210261,0.07449936281525674,0.15,0.057239802495451415,0.45371031289563524]}
{"id": 8, "drone": 3, "position":(16.666666666666668,41.666666666666664,1.0), "time":449.71886256056416,"sensors":[15,12,11,31,20,8,21,18],"power":[0.050611783934616045,0.04530331888868117,0.09966861806166287,0.03515936272148703,0.07022117261492566,0.041656116571783516,0.5441122072787367,0.0669745608365354]}
{"id": 9, "drone": 0, "position":(41.666666666666664,16.666666666666668,1.0), "time":259.3730014021112,"sensors":[16,23,29,9,2,39,27,19,17,25,10,30,36],"power":[0.03494252472038084,0.6639148278497355,0.04199620914008667,0.10774131498664598,0.024029128426089993,0.04037524135999911,0.07412041893265545,0.045355835143489856,0.25987583638712347,0.02088309870262852,1.2453272957394375,0.0361020125385148,0.13190319198870157]}
{"id": 10, "drone": 5, "position":(25.0,16.666666666666668,4.0), "time":238.63420536910917,"sensors":[22,2,19,25,1],"power":[0.1211454524189444,0.01779318798528989,0.025766787851783716,0.0413602042205126,0.016123175953027907]}
{"id": 11, "drone": 5, "position":(8.333333333333334,16.666666666666668,1.0), "time":67.8379880967108,"sensors":[28,22,5,37,34,14,26],"power":[0.3065496997460471,0.004427519301321189,0.009296204614906994,0.02920889159757089,0.018764568345115445,0.034599379187330324,0.10567578365444377]}
{"id": 12, "drone": 8, "position":(8.333333333333334,25.0,1.0), "time":170.57400784557277,"sensors":[28,15,37,34,20,8,14,4,26],"power":[0.03281853555800345,0.031804694791420896,0.0436895919703265,0.13123543165488455,0.011681605177206029,0.026772893366850462,0.12622799621175723,0.012915026712506819,0.017590574330191126]}
{"id": 13, "drone": 8, "position":(33.333333333333336,33.333333333333336,1.0), "time":13.369694493209632,"sensors":[32,9,12,27,6,19,33,30,18],"power":[0.005725307164698829,0.0010419698016276388,0.0038141425334127957,0.0011187776405142179,0.01069430891259514,0.001437804422395347,0.0403357355823456,0.0028883494121266086,0.002684605857264455]}
