LP RESULTS :
 Obj = 0.1*lambda1+0.9*lambda2 = 145.7218153104658 (lambda1 = 1439.2181531046576, lambda2 = 2.0) Resol time = 5476 ms

{"id": 0, "drone": 0, "position":(8.333333333333334,8.333333333333334,1.0), "time":532.9619663824631,"sensors":[25,1,29,35,12,24,8],"power":[0.12233115543390814,0.158740514664876,0.17075427543810703,0.06359118371725227,0.15,0.17051889845534612,0.2887503847050131]}
{"id": 1, "drone": 0, "position":(8.333333333333334,16.666666666666668,1.0), "time":38.72178020762831,"sensors":[17,25,38,28,1,9,29,35,4,24,8],"power":[0.007104712226002057,0.03616245202377454,0.004300716598706061,0.0025061138231840686,0.007494846494404461,0.0033500323423558713,0.014679587807080478,0.015967665860581886,0.008855278881403765,0.0025991944980548747,0.012939889294152438]}
{"id": 2, "drone": 5, "position":(16.666666666666668,25.0,1.0), "time":324.02942238871333,"sensors":[34,17,3,16,25,13,38,10,28,9,35,4,22,0,2],"power":[0.039766004595348084,0.694773544056347,0.06535695508470882,0.4258348095069173,0.04129207234521311,0.0327446808874615,0.09257876993685842,0.030515456017003954,0.07822867775571919,0.980471590230787,0.07891698083981903,0.20644379037392227,0.04077586410543479,0.023518341392693314,0.28244301926188486]}
{"id": 3, "drone": 5, "position":(25.0,33.333333333333336,1.0), "time":239.19173800192823,"sensors":[34,36,3,16,13,10,9,11,22,19,2],"power":[0.13745054971010232,0.03601927172055826,0.08343545598686325,0.04872038307044889,0.06834719478067965,0.149428264502466,0.024755862979179425,0.01716010366716512,0.03075986653080941,0.02131224158548304,0.04432340701609443]}
{"id": 4, "drone": 9, "position":(25.0,41.666666666666664,1.0), "time":280.21352291784706,"sensors":[34,36,3,7,10,11,19,37],"power":[0.0655432426921101,0.5326244068158603,0.03896904421162749,0.052169214367778306,0.08636739017883527,0.13366860780972997,0.07491951039089974,0.06032080649097999]}
{"id": 5, "drone": 9, "position":(33.333333333333336,33.333333333333336,1.0), "time":38.932809828382105,"sensors":[34,39,13,10,6,11,22,19,18],"power":[0.002632181962178079,0.00400355369656327,0.008665765989826988,0.0029934996345924903,0.0038331604857161326,0.0025358948049159615,0.00342468523493874,0.00597749193384307,0.008262585204494256]}
{"id": 6, "drone": 2, "position":(41.666666666666664,41.666666666666664,1.0), "time":414.88236675508045,"sensors":[20,23,6,19,32],"power":[0.13694856705851757,0.4021044150825152,0.03389110931657624,0.06953503172584358,0.09269586819357109]}
{"id": 7, "drone": 2, "position":(41.666666666666664,25.0,1.0), "time":286.37110077124015,"sensors":[39,15,6,5,14,27,18],"power":[0.07570167466548038,0.035223122630919146,0.15128775789200072,0.050832452020016884,0.04126096501274002,0.08597239133255248,0.19244641947630559]}
{"id": 8, "drone": 6, "position":(41.666666666666664,8.333333333333334,1.0), "time":991.6713895189821,"sensors":[15,33,31,5,14],"power":[0.29187814567967413,0.15,0.06607209493944996,0.07002717983539526,0.09996941442123689]}
{"id": 9, "drone": 6, "position":(16.666666666666668,41.666666666666664,1.0), "time":414.8823667550806,"sensors":[34,36,3,7,26,10,30,11,0,2,37],"power":[0.10830908659366696,0.16681402996501693,0.08734530640071789,0.09783078563222168,0.03859730415982857,0.11956168233697276,0.05484924602930913,0.03247641108432114,0.1026466543559219,0.035154839771725135,0.6331758359056505]}
{"id": 10, "drone": 4, "position":(16.666666666666668,25.0,4.0), "time":129.71159502360297,"sensors":[34,17,3,16,25,13,38,10,28,9,35,4,22,0,2],"power":[0.013900909789476633,0.0856675021578579,0.021797091391625258,0.06799012004751917,0.014133365110074365,0.011230624256663277,0.029893496561242804,0.010471273157213641,0.025698000296474025,0.09866473739959195,0.025833700083252732,0.04754790707478958,0.013631222182610914,0.008189321576392038,0.053757775239501746]}
{"id": 11, "drone": 4, "position":(8.333333333333334,41.666666666666664,3.0), "time":700.3063639608637,"sensors":[21,26,30,0,37],"power":[0.15,0.19053958986274244,0.14695188997888808,0.23781247057639998,0.10604420914407771]}
{"id": 12, "drone": 3, "position":(41.666666666666664,16.666666666666668,1.0), "time":110.62064079692276,"sensors":[39,15,6,31,5,14,27,18],"power":[0.022407061763725415,0.12881127554551125,0.007707195653760628,0.013039090187400135,0.02914036814458784,0.03260530093862317,0.025371166547611332,0.01583744429781073]}
{"id": 13, "drone": 3, "position":(41.666666666666664,33.333333333333336,2.0), "time":558.3380707481572,"sensors":[20,23,6,27,18],"power":[0.06565398580827829,0.10183785896470905,0.32498413699873635,0.03865644211983616,0.10156607696095937]}
{"id": 14, "drone": 7, "position":(25.0,8.333333333333334,2.0), "time":286.37110077123947,"sensors":[28,1,31,24],"power":[0.0312289193201583,0.0368306308969966,0.04863639485635578,0.02640138633175622]}
{"id": 15, "drone": 7, "position":(25.0,25.0,1.0), "time":12.25669818910325,"sensors":[34,17,39,3,16,13,10,28,9,35,4,31,22,2,14,18],"power":[0.0013762978360454348,0.0016735835711138873,0.0017514566418662134,0.0015621085606525864,0.0030574469458677037,0.014634042717973167,0.0011981653600494524,0.0034885843802585485,0.0019158951698082288,8.122089650299995E-4,8.543654592759807E-4,0.0014281833175078102,0.021344411472838005,0.0022236558424863434,0.001114166155031375,0.0010996028976335123]}
{"id": 16, "drone": 8, "position":(33.333333333333336,25.0,1.0), "time":30.073164204874587,"sensors":[39,15,13,28,6,31,22,14,18],"power":[0.04210714991890179,0.003144385325478691,0.013527202027727413,0.001987717329762683,0.002853919736306385,0.0048146314342980305,0.009866385732180431,0.007658676826035755,0.03429006708233034]}
{"id": 17, "drone": 8, "position":(33.333333333333336,41.666666666666664,2.0), "time":465.99771560141994,"sensors":[36,23,11,19,32],"power":[0.052726239588729004,0.03743863753424777,0.15539575680206913,1.1587933993431736,0.057304131806428904]}
{"id": 18, "drone": 1, "position":(16.666666666666668,16.666666666666668,1.0), "time":319.1463327462294,"sensors":[17,16,25,38,28,1,9,35,4,22,2,24,8],"power":[0.1044556311346244,0.031659047843809164,0.22300226409104504,0.02322701690319272,0.16566619965669926,0.1151648658248406,0.045497178491119686,0.6253077075886109,0.06598258636031291,0.028582473116782563,0.02463498139812951,0.02636276971619947,0.020680759621982816]}
{"id": 19, "drone": 1, "position":(33.333333333333336,16.666666666666668,1.0), "time":8.225159623535472,"sensors":[39,15,13,28,31,22,14,18],"power":[0.0040291033134629405,0.0037493337121305976,8.504893396680037E-4,7.406185636336881E-4,0.01600960526498828,0.001615091624405278,0.03700148508105272,0.0013035521418552167]}
