LP RESULTS :
 Obj = 0.1*lambda1+0.9*lambda2 = 124.28971388493197 (lambda1 = 1224.8971388493196, lambda2 = 2.0) Resol time = 4321 ms

{"id": 0, "drone": 0, "position":(41.666666666666664,25.0,1.0), "time":274.40062223628877,"sensors":[15,33,18,22,36,10,27,25,16,9],"power":[0.02485036398332914,0.09009120200551864,0.055463467911508614,0.04876296318314141,0.2584446683137958,0.023608545330701627,0.02021667092863171,0.08369304020995906,0.13389860635776749,0.02522948648878741]}
{"id": 1, "drone": 0, "position":(25.0,16.666666666666668,4.0), "time":64.38189333884526,"sensors":[29,18,22,21,0],"power":[0.014124715021174322,0.005059769722712657,0.009350267368940379,0.056212061285048624,0.04714254986707653]}
{"id": 2, "drone": 3, "position":(33.333333333333336,41.666666666666664,1.0), "time":521.5849888625212,"sensors":[2,8,13,35,7,27,17,37,23],"power":[0.09648274268711679,0.08401579680415003,0.06107826481917538,0.044697830989119135,0.06353281920461512,0.10875585398909458,0.2185974373193063,1.0575008847225134,0.041953048096326565]}
{"id": 3, "drone": 3, "position":(16.666666666666668,33.333333333333336,2.0), "time":95.51443245741498,"sensors":[2,29,35,32,20,19,26],"power":[0.007302404844121458,0.007889664009491898,0.014746985028712736,0.026975542184368102,0.007161588016508175,0.008415348228944436,0.016813945637086488]}
{"id": 4, "drone": 7, "position":(25.0,41.666666666666664,1.0), "time":91.34565402223555,"sensors":[2,8,35,27,17,37,19,4],"power":[0.016667556414069647,0.022198695740250386,0.01322550724545672,0.011227142157782147,0.2053007395337677,0.014821565207811842,0.008408062176101669,0.012495921142619784]}
{"id": 5, "drone": 7, "position":(41.666666666666664,8.333333333333334,1.0), "time":776.8661044310949,"sensors":[3,15,5,24,34,1,10,30,9],"power":[0.16455629103265917,0.49569868443621456,0.17528535600730524,0.18216216411188002,0.21001151807932608,0.5519724472419331,0.4773243706598448,0.15,0.2548854210905974]}
{"id": 6, "drone": 1, "position":(41.666666666666664,16.666666666666668,1.0), "time":173.6304121819361,"sensors":[3,15,5,33,18,22,36,1,10,25,16,9],"power":[0.035447022381675845,0.20090387601478846,0.01328751226888937,0.015193013938328477,0.014459646851506676,0.032692709418905695,0.017217471765999574,0.013814933625126606,0.14976218946224443,0.05183129949357417,0.011135496940123368,0.10520806308940889]}
{"id": 7, "drone": 1, "position":(16.666666666666668,8.333333333333334,1.0), "time":187.88555622344438,"sensors":[31,11,39,0,6,12],"power":[0.025511134300390852,0.02160131365579722,0.029725323187763324,0.017169466623917308,0.01628369693583451,0.04077788263133505]}
{"id": 8, "drone": 6, "position":(16.666666666666668,41.666666666666664,1.0), "time":598.7292507525137,"sensors":[8,28,17,19,4],"power":[0.04378550745559958,0.04172078058225111,0.07118483052368785,0.4315911742823544,0.13754026850705686]}
{"id": 9, "drone": 6, "position":(41.666666666666664,41.666666666666664,1.0), "time":98.88137959677726,"sensors":[13,7,27,37,16,23],"power":[0.026765085054291503,0.09006036099421551,0.00733308009675862,0.024909147157632813,0.010742017084952161,0.044197754810387097]}
{"id": 10, "drone": 4, "position":(8.333333333333334,33.333333333333336,5.0), "time":186.86008647965053,"sensors":[28,32,38,20,26],"power":[0.019276815885934138,0.043384684128417304,0.018556645714428516,0.047721211452384206,0.01700316139117227]}
{"id": 11, "drone": 4, "position":(8.333333333333334,41.666666666666664,1.0), "time":439.3078016171554,"sensors":[28,38,20,19,4],"power":[0.28835406329621044,0.13144335428557147,0.027761974923801478,0.17542546381929477,0.0341002960381174]}
{"id": 12, "drone": 9, "position":(41.666666666666664,41.666666666666664,4.0), "time":288.5284276360265,"sensors":[13,7,37,16,23],"power":[0.0621566501265331,0.12692975098143391,0.05806996601905133,0.025664662900418453,0.0872964340949478]}
{"id": 13, "drone": 9, "position":(25.0,33.333333333333336,1.0), "time":13.237245212049174,"sensors":[2,29,18,35,27,17,26],"power":[0.010422031951190082,0.0022920051175637206,0.0014715478939325787,0.04210294201725534,0.003962925946583354,0.0028864022441118116,8.579267539254853E-4]}
{"id": 14, "drone": 2, "position":(41.666666666666664,33.333333333333336,1.0), "time":224.5566887317591,"sensors":[2,33,18,36,7,27,25,37,16,23],"power":[0.0189761192112894,0.044715784056152875,0.022206254091265733,0.09640062475867772,0.02003542881706406,0.035007949038807065,0.014475660296466766,0.015381926440309834,0.3255633823231665,0.014628913918330952]}
{"id": 15, "drone": 2, "position":(25.0,16.666666666666668,1.0), "time":473.7997169607523,"sensors":[29,18,22,21,0,26],"power":[0.1322196996393923,0.0424337116521842,0.08159111455287747,1.8951071762757858,1.2775060112141736,0.03509499424984657]}
{"id": 16, "drone": 8, "position":(33.333333333333336,25.0,1.0), "time":0.8905601876891953,"sensors":[2,29,18,22,36,35,27,21,0,16],"power":[1.4914489221264535E-4,1.7060886457572735E-4,0.008905601876891954,6.475258323938802E-4,2.913181857439135E-4,1.413753248939234E-4,1.9224045529211452E-4,1.321640641569484E-4,8.437850521610224E-5,1.0522403591987075E-4]}
{"id": 17, "drone": 8, "position":(16.666666666666668,25.0,1.0), "time":348.43763740398003,"sensors":[29,11,35,32,21,20,39,14,6,26],"power":[0.08230693167758199,0.025209079808649136,0.03508535939456194,0.1602466955523869,0.02844425166892572,0.03037528857478002,0.025371533509416535,0.023440609138104813,0.069277068752836,1.2406796338568187]}
{"id": 18, "drone": 5, "position":(8.333333333333334,8.333333333333334,1.0), "time":581.5259248864226,"sensors":[31,11,39,14,6,12],"power":[0.1244888656996091,0.1694175161763718,0.21134794518939878,0.11095826708093467,0.07378003997629347,0.10922211736866488]}
{"id": 19, "drone": 5, "position":(8.333333333333334,25.0,1.0), "time":107.04802033547256,"sensors":[11,32,20,39,14,6,26],"power":[0.017213130799788062,0.06456075220675161,0.06474191195632759,0.0142814499316041,0.023933599428526166,0.03670559168011848,0.03573267633761822]}
