LP RESULTS :
 Obj = 0.1*lambda1+0.9*lambda2 = 115.53462342709011 (lambda1 = 1137.346234270901, lambda2 = 2.0) Resol time = 1477 ms

{"id": 0, "drone": 3, "position":(25.0,8.333333333333334,1.0), "time":641.7871215172922,"sensors":[22,23,34,4,35,19,25,21,7,13],"power":[0.4679210429898354,0.0692206452136834,0.12521614002481243,0.1668109643300894,0.07754571905758553,0.1627461218518049,0.051128606123847495,0.142570299398068,0.2693929382341179,0.23317335263580152]}
{"id": 1, "drone": 3, "position":(33.333333333333336,8.333333333333334,1.0), "time":36.072094588437,"sensors":[22,4,19,2,21,7,15,13],"power":[0.0028163923790660936,0.3005721958254525,0.015925828118025447,0.009090690719126325,0.0029116147932643516,0.007257304601770504,0.005010671744355932,0.0657565230649515]}
{"id": 2, "drone": 4, "position":(33.333333333333336,41.666666666666664,1.0), "time":199.62003447271078,"sensors":[14,17,11,32,1,30],"power":[0.030501311053946132,0.04450791594669885,0.025228321605009513,0.02773847183260204,0.05621816498725647,0.0776749863250858]}
{"id": 3, "drone": 4, "position":(25.0,41.666666666666664,1.0), "time":159.81640774227992,"sensors":[14,17,1,30,10],"power":[0.04664350286011276,0.035148880889086,0.055637430773858215,0.012660579112702507,0.0645119699551089]}
{"id": 4, "drone": 6, "position":(25.0,16.666666666666668,1.0), "time":13.21830100711368,"sensors":[22,4,19,27,25,28,13,36],"power":[0.0014588436978692399,0.0015445125900370462,0.004252129795786309,0.004470549551296369,0.010258509256167959,9.659542297788121E-4,0.002500813587787404,0.0011938338044888226]}
{"id": 5, "drone": 6, "position":(8.333333333333334,16.666666666666668,1.0), "time":227.85939806567933,"sensors":[16,23,5,20,0,35,29,18,39,9,28,6],"power":[0.09442142033839085,0.040364835773416305,0.0769457208481621,0.08021777809877008,0.03614197827079913,0.019609750099586667,0.029215955133923197,0.05938765943053511,0.07845010775455427,0.024130713282051672,0.06972132862813149,0.029426878352520558]}
{"id": 6, "drone": 0, "position":(25.0,41.666666666666664,5.0), "time":442.9757398484991,"sensors":[14,17,1,10],"power":[0.09042384639685407,0.07034320316421513,0.1020010082037068,0.11282354658186411]}
{"id": 7, "drone": 0, "position":(25.0,25.0,1.0), "time":4.088300249789597,"sensors":[11,32,1,19,27,31,25,28,36],"power":[3.3882734160326704E-4,2.6792469645287086E-4,3.737854805423862E-4,2.949634039079725E-4,0.007832626103031388,2.791199651647137E-4,0.0029787350383099595,3.4061189406215574E-4,0.0023309164606549926]}
{"id": 8, "drone": 8, "position":(41.666666666666664,8.333333333333334,1.0), "time":442.1804169082686,"sensors":[4,19,33,2,15,13],"power":[0.07946064249774719,0.04014200100338188,0.15,2.141643148820116,0.14498932825564406,0.05364890841740065]}
{"id": 9, "drone": 8, "position":(16.666666666666668,8.333333333333334,1.0), "time":38.62839649739317,"sensors":[22,16,23,34,35,29,18,9,21,7],"power":[0.025218778127284434,0.011587492304894578,0.06733679679390162,0.050461217785738345,0.061451206007241355,0.010236194516222515,0.005694715144537612,0.002534538125156631,0.0045180858086676145,0.003952753545758165]}
{"id": 10, "drone": 5, "position":(41.666666666666664,33.333333333333336,1.0), "time":655.0247592372284,"sensors":[11,32,8,30,37],"power":[0.227939810652021,0.3189208403569112,0.11304444805558413,0.2391144775707098,0.14178162027704685]}
{"id": 11, "drone": 7, "position":(8.333333333333334,41.666666666666664,1.0), "time":534.554086680122,"sensors":[24,12,26,3,31,38,10],"power":[0.2329741442661035,0.15,0.7975063276729618,0.24279998362781502,0.05523615460544365,0.10004065731625217,0.05245379297562801]}
{"id": 12, "drone": 1, "position":(41.666666666666664,25.0,1.0), "time":122.8850328186818,"sensors":[11,32,8,30,37],"power":[0.025085530466869062,0.026119793498176787,0.03695555194441587,0.009173551146179942,0.008218379722953128]}
{"id": 13, "drone": 1, "position":(16.666666666666668,25.0,1.0), "time":111.36493498181196,"sensors":[5,20,39,27,31,25,28,6,38,36],"power":[0.024224382472496,0.0117210797495374,0.008100953286291778,0.03465958212006599,0.03194924968648169,0.02704694957101236,0.06649456250368874,0.023160895216589907,0.017115269928361942,0.05747653605883449]}
{"id": 14, "drone": 2, "position":(8.333333333333334,8.333333333333334,1.0), "time":229.0713181905362,"sensors":[22,16,23,34,35,29,18,9],"power":[0.01694418975263024,0.29204096764478277,0.11037593979820672,0.03986359262979899,0.07470296300145392,0.5215693124870892,0.8230428845016009,0.1233347485927917]}
{"id": 15, "drone": 9, "position":(25.0,25.0,4.0), "time":155.72810749249055,"sensors":[11,1,27,25,28,36],"power":[0.011028700478616163,0.012790050404631867,0.10303724222560626,0.0585872000106622,0.010906915095740379,0.0544774004719824]}
{"id": 16, "drone": 9, "position":(8.333333333333334,25.0,1.0), "time":487.33891235917787,"sensors":[5,20,0,26,39,31,28,6,38,36],"power":[1.7424612516601945,0.5264650196169811,0.11385802172920087,0.031512871064651005,0.23329170071190444,0.10588473261416344,0.19928593759336635,1.3450136420412035,0.0955890064991489,0.03452131320403931]}
