LP RESULTS :
 Obj = 0.1*lambda1+0.9*lambda2 = 138.0512415576962 (lambda1 = 1362.5124155769618, lambda2 = 2.0) Resol time = 3548 ms

{"id": 0, "drone": 2, "position":(41.666666666666664,16.666666666666668,1.0), "time":501.6416343049275,"sensors":[25,32,1,29,13,9,30,36,16,4,20],"power":[0.07158594544585187,0.13744332696922756,0.059027667892660014,0.06678932569938167,0.09304874575477223,0.08555718373565795,0.08516917542032139,0.09378971855834371,0.11670421884892053,0.05536221641200187,0.21683288024413427]}
{"id": 1, "drone": 4, "position":(16.666666666666668,41.666666666666664,1.0), "time":324.6835176619621,"sensors":[2,24,39,21,28,37,12,23,34,6],"power":[0.10154130748256222,0.1099950612389964,0.16495684911155648,0.02786579440116146,0.03858257132656936,0.07995659998865216,0.031010499915354296,0.11345615668409981,0.03393747949893868,0.6896285655288982]}
{"id": 2, "drone": 7, "position":(25.0,8.333333333333334,1.0), "time":602.6964260649397,"sensors":[27,18,31,32,15],"power":[0.09606987755366998,0.13846690205611287,0.08025104197027225,0.05655508435117993,0.11017596467411514]}
{"id": 3, "drone": 1, "position":(8.333333333333334,25.0,1.0), "time":405.58629548795693,"sensors":[10,24,35,38,7,28,12,8],"power":[0.08191410083563494,0.0324600284674862,0.2799417974438342,0.2621785379273908,0.15080677705308607,0.030495739932490374,0.049793606606759924,0.03429912647544977]}
{"id": 4, "drone": 8, "position":(25.0,41.666666666666664,1.0), "time":320.36225682613326,"sensors":[2,26,24,19,39,3,21,28,34,0,6,14],"power":[0.16663420815752367,0.053277601291952914,0.03222115092668754,0.022006689248487265,0.104257840499622,0.029903764563089946,0.07221841167502561,0.02944070402766389,0.12075747125774104,0.05714926497434739,0.05155300408790669,0.0607138780014485]}
{"id": 5, "drone": 8, "position":(8.333333333333334,41.666666666666664,1.0), "time":311.88034560090944,"sensors":[24,39,37,12,23,6],"power":[0.055057786211706164,0.026254015610302,0.07004340001134783,0.10716459739482243,0.7199373235260745,0.07911117334542267]}
{"id": 6, "drone": 0, "position":(41.666666666666664,33.333333333333336,1.0), "time":24.0117569142285,"sensors":[26,19,1,3,29,13,9,30,36,0,4,14],"power":[0.003050648515588742,0.00820893332240539,0.008262972364854513,0.0024272633951006573,0.008003708262621288,0.0028721106514177134,0.0016796512232591313,0.004958374104429345,0.002825276165371218,0.003740921834033165,0.0060465686798603395,0.0031269660244030053]}
{"id": 7, "drone": 0, "position":(41.666666666666664,41.666666666666664,1.0), "time":300.6717607477335,"sensors":[26,19,3,0,5,14],"power":[0.022177006454603458,0.16701915859606414,0.14836800788721188,0.06783715864423341,0.0846961961249087,0.028526811826883294]}
{"id": 8, "drone": 9, "position":(33.333333333333336,41.666666666666664,1.0), "time":459.2819414229249,"sensors":[2,26,19,3,21,34,0,5,14],"power":[0.040185446554679365,0.11539971555662105,0.22250819682207712,0.46267598817172295,0.049915793923812894,0.0825101992121618,1.0793608354131248,0.06530380387509133,0.1583020688095206]}
{"id": 9, "drone": 3, "position":(8.333333333333334,8.333333333333334,1.0), "time":530.1709625208626,"sensors":[27,10,31,11,35,33,22],"power":[0.12300317552748839,0.03399693428603825,0.09841237557986356,0.20018447091569627,0.04772609674550105,0.6604695297423321,0.15]}
{"id": 10, "drone": 3, "position":(41.666666666666664,25.0,1.0), "time":258.1743552070945,"sensors":[25,32,1,29,13,9,30,17,36,16,4,20],"power":[0.03303314375267691,0.025215681818711845,0.4143357275361639,0.5351255999294098,0.1246001887780625,0.06276316504108291,0.35512867395860387,0.017231949660347846,0.12334248562991995,0.033295781151079465,0.16141257385351887,0.08998784548390175]}
{"id": 11, "drone": 5, "position":(16.666666666666668,8.333333333333334,1.0), "time":96.06008450273748,"sensors":[27,18,31,11,33,15],"power":[0.14568135958813058,0.011533097943887103,0.05623403003116124,0.03170465132765737,0.021441770959155424,0.020503133415270006]}
{"id": 12, "drone": 5, "position":(25.0,25.0,3.0), "time":258.1846996659414,"sensors":[2,26,25,38,7,13,28,17,8,34,15,14],"power":[0.01823233074288928,0.02651402610982521,0.04785759396026713,0.01807675495158821,0.0318189051576474,0.025450471836707907,0.051480984713276355,0.1577561256925866,0.11570087352455023,0.02911101665803674,0.03311920497086088,0.019944572627432232]}
{"id": 13, "drone": 6, "position":(8.333333333333334,16.666666666666668,1.0), "time":133.5849424884213,"sensors":[27,10,31,35,38,7,33,15],"power":[0.024270207192237804,0.03408896487832679,0.02961937025091419,0.15429593095816324,0.039242335655283116,0.017962470364609347,0.01278110934866754,0.012778889001151155]}
