LP RESULTS :
 Obj = 0.1*lambda1+0.9*lambda2 = 92.9134796287796 (lambda1 = 911.1347962877959, lambda2 = 2.0) Resol time = 1821 ms

{"id": 0, "drone": 9, "position":(25.0,8.333333333333334,1.0), "time":145.31624153691527,"sensors":[7,35,25,27,32,28,13],"power":[0.026356471485718406,0.029105361604901812,0.049172138152963785,0.017613621040294545,0.10495608654827857,0.03408058138717697,0.3043210127227949]}
{"id": 1, "drone": 9, "position":(8.333333333333334,25.0,1.0), "time":78.67344363191508,"sensors":[9,1,24,29,12,22],"power":[0.006651092320965164,0.02448723804769835,0.010209996496669057,0.007441384171164984,0.04941758236777867,0.0051386435982065356]}
{"id": 2, "drone": 6, "position":(41.666666666666664,16.666666666666668,1.0), "time":558.5244561324276,"sensors":[15,7,16,0,27,26,20,2,31,6,34],"power":[0.12352408977535352,0.09230771888424644,0.061142135426780646,0.047935482843014396,0.04885080027650878,0.13503737012842465,0.06407988906762925,0.12144216571109166,0.18659004295005835,1.4188796870798142,0.07836062479452717]}
{"id": 3, "drone": 6, "position":(16.666666666666668,41.666666666666664,1.0), "time":16.984655994894638,"sensors":[9,18,38,5,23,11,4],"power":[0.0023807801820073535,0.004439912705454668,0.0015266950770094396,0.004705176243098421,0.018523027992524022,0.002852209961772211,0.0021561616530060123]}
{"id": 4, "drone": 0, "position":(8.333333333333334,41.666666666666664,1.0), "time":558.3877941936107,"sensors":[9,18,39,21,23,12,4],"power":[0.4201274979954723,1.0835742789821594,0.15,0.15403877224277462,0.06732863792385231,0.048770732367669274,0.15621914916897855]}
{"id": 5, "drone": 0, "position":(16.666666666666668,33.333333333333336,1.0), "time":70.83844625950795,"sensors":[9,18,1,38,5,17,23,12],"power":[0.010288662196666961,0.013141088072936931,0.006435715148248781,0.019470859909863115,0.05132853362029403,0.0068359095803062694,0.03604087108550373,0.009451303142382557]}
{"id": 6, "drone": 5, "position":(25.0,33.333333333333336,1.0), "time":6.930036667330591,"sensors":[38,0,5,17,23,19],"power":[0.028646120885841585,6.326172512470819E-4,0.004337774055853403,0.0011273673029647895,0.0015935359113602447,0.0019227528466949548]}
{"id": 7, "drone": 5, "position":(41.666666666666664,41.666666666666664,1.0), "time":456.16416073471316,"sensors":[36,37,3,14,8,19],"power":[0.05851242896462826,0.14112676535739566,0.5236146561681592,0.15,0.32621310685305466,0.043520991925212214]}
{"id": 8, "drone": 3, "position":(33.333333333333336,25.0,1.0), "time":11.631123581257043,"sensors":[7,38,16,0,17,28,31,6,34],"power":[9.83772798411689E-4,0.0010855049482926425,8.130741799443584E-4,0.02261955212805717,0.0017789034390044219,0.00119428901864205,0.0011701513647670804,0.0020296635652254265,0.008143170724887624]}
{"id": 9, "drone": 3, "position":(25.0,41.666666666666664,1.0), "time":225.90586673037893,"sensors":[38,5,36,23,11,19],"power":[0.036991233326373586,0.05947947529411085,0.025425236726819015,0.06223115671156892,0.11577321325510855,0.07620047382669617]}
{"id": 10, "drone": 2, "position":(41.666666666666664,25.0,1.0), "time":153.2164225114119,"sensors":[15,16,0,26,31,6,34],"power":[0.014477876359532897,0.0909828739080116,0.01993524584834261,0.013686735611279085,0.16198755236902154,0.04690561338656846,0.15066152728738752]}
{"id": 11, "drone": 2, "position":(25.0,16.666666666666668,1.0), "time":7.900180974496728,"sensors":[7,35,1,25,0,24,32,17,28,13],"power":[0.0014814957901024355,6.508448948329695E-4,7.394012670317114E-4,6.604449926495195E-4,0.0015211878193308458,6.166691008486403E-4,0.006127308820995134,0.002146161689139738,0.054781221310069905,9.52352045112237E-4]}
{"id": 12, "drone": 7, "position":(25.0,25.0,1.0), "time":172.93257642087215,"sensors":[1,38,0,5,32,17,28,34],"power":[0.01824728408994387,0.04962416779629186,0.05735591411000823,0.018284907040078083,0.013633463396653046,0.6721702629758396,0.03332183532726755,0.013280308731883676]}
{"id": 13, "drone": 7, "position":(16.666666666666668,16.666666666666668,1.0), "time":65.73285636374911,"sensors":[35,1,24,32,17,29,28,30],"power":[0.012880831579719568,0.030554623354766802,0.0524809089020175,0.008135297018060102,0.0098816235961043,0.010464261612424239,0.01148682662237256,0.004544066657083266]}
{"id": 14, "drone": 8, "position":(41.666666666666664,8.333333333333334,2.0), "time":116.87386991409937,"sensors":[15,7,25,27,26,20,2,6],"power":[0.01199803386511355,0.018378076336493406,0.01303253317337595,0.03728003236302175,0.014209427936448176,0.16083426049312427,0.028557834288908318,0.016237886583912304]}
{"id": 15, "drone": 8, "position":(8.333333333333334,8.333333333333334,1.0), "time":669.768744535081,"sensors":[33,35,24,29,10,30,22],"power":[0.15,0.15590385353507866,0.1498197632692675,0.41617707124862807,0.15335266012052995,0.4570617749320878,0.21501463226926185]}
{"id": 16, "drone": 4, "position":(8.333333333333334,33.333333333333336,1.0), "time":32.08799644207272,"sensors":[9,18,1,5,23,12],"power":[0.031786823844931165,0.012502483293038647,0.0022133697273928905,0.0026113076385136996,0.003358944610067583,0.031284712171533134]}
{"id": 17, "drone": 4, "position":(33.333333333333336,41.666666666666664,1.0), "time":222.13473215537323,"sensors":[36,37,11,3,8,19],"power":[0.06606233430855273,0.01668641828628283,0.031374576783119244,0.04643624467734725,0.016278649354241174,0.15852769034324915]}
{"id": 18, "drone": 1, "position":(16.666666666666668,25.0,2.0), "time":89.05957078255375,"sensors":[1,38,24,5,17,12,28],"power":[0.06732236836491796,0.012655418056327725,0.011438550463752199,0.009252826108051596,0.025278948087531915,0.011075669950636378,0.006412005684629555]}
{"id": 19, "drone": 1, "position":(33.333333333333336,8.333333333333334,1.0), "time":70.88892414859981,"sensors":[7,25,27,32,20,28,13,6],"power":[0.056732090506874,0.08713488368101084,0.11321988511654889,0.017147844216012745,0.01877591148293181,0.008723240649841167,0.019351610498578805,0.006343102971479211]}
