LP RESULTS :
 Obj = 0.1*lambda1+0.9*lambda2 = 116.05082356949727 (lambda1 = 1142.5082356949727, lambda2 = 2.0) Resol time = 7026 ms

{"id": 0, "drone": 5, "position":(8.333333333333334,8.333333333333334,1.0), "time":439.0850958890285,"sensors":[30,5,21,15,16,22,31,25,3,39,24,12,6],"power":[0.04648795113778431,0.05597554830298004,0.054872175214753086,0.16100151046843392,0.06420876216485275,0.3083251380023254,0.5245612091582263,0.03635703169539456,0.0724150417828556,0.13720989326581318,0.255423352974301,0.13011388874762442,0.07545262363357792]}
{"id": 1, "drone": 5, "position":(33.333333333333336,41.666666666666664,1.0), "time":335.6436197976898,"sensors":[35,26,0,32,17,37],"power":[0.5197124300812316,0.04394436769363538,0.9994406143464374,0.02196792345905587,0.13902240936593988,0.034633369681609114]}
{"id": 2, "drone": 1, "position":(8.333333333333334,33.333333333333336,1.0), "time":517.0727787798169,"sensors":[33,34,1,11,25,29,19,14,4,8],"power":[0.16178502970040992,0.0579279058923103,0.190743016131938,0.0864631305108578,0.03348458342742477,0.18617860356709803,0.2720427651151267,0.8564715610232586,0.15481503233206642,0.09337697540060677]}
{"id": 3, "drone": 7, "position":(41.666666666666664,41.666666666666664,1.0), "time":289.791837117466,"sensors":[35,26,0,17,37],"power":[0.05922541233887779,0.4864990765849561,0.08453805228949869,0.10869868579199923,0.17491108053515764]}
{"id": 4, "drone": 7, "position":(8.333333333333334,16.666666666666668,1.0), "time":186.35036102612733,"sensors":[5,21,1,15,36,16,22,31,25,29,3,39,24,4,12,6],"power":[0.015866489058341083,0.47266562991306554,0.024003283086382086,0.01457862195988504,0.012782862945574956,0.08579123783514726,0.04440842850079498,0.109726574033417,0.13102138545316971,0.01448261615667725,0.07769805104462066,0.6242080620937308,0.015888728366619708,0.028470631252025466,0.10567404169228331,0.14449076839696431]}
{"id": 5, "drone": 3, "position":(41.666666666666664,16.666666666666668,1.0), "time":651.9074958117759,"sensors":[38,2,10,20,27,7,9],"power":[0.2374178851826783,0.15036772582435298,0.241325544666822,0.13639678761541604,0.3435716224014276,0.15,0.0858672480336635]}
{"id": 6, "drone": 4, "position":(25.0,41.666666666666664,4.0), "time":517.0727787798169,"sensors":[35,28,0,32],"power":[0.07564310808842009,0.04748976203505022,0.06403439317897267,0.08773800372925122]}
{"id": 7, "drone": 9, "position":(25.0,25.0,1.0), "time":335.6436197976898,"sensors":[34,36,13],"power":[0.08621034434552602,0.08757278036192631,0.2633671393659767]}
{"id": 8, "drone": 2, "position":(8.333333333333334,41.666666666666664,1.0), "time":335.6436197976898,"sensors":[33,28,11,19,14,8],"power":[0.0948193670993802,0.03372457442306279,0.06353686948914218,0.11351624954741656,0.03493299847994402,0.36981520953118885]}
{"id": 9, "drone": 0, "position":(41.666666666666664,8.333333333333334,1.0), "time":490.60073988319675,"sensors":[38,2,18,20,9],"power":[0.27415704172714,0.2547281677338563,0.05456548318929755,2.425441791673412,0.11227239896988449]}
{"id": 10, "drone": 8, "position":(25.0,8.333333333333334,3.0), "time":517.0727787798169,"sensors":[30,5,23,18,36],"power":[0.20226991576508638,0.14863963739362535,0.7801135296126552,0.15330410228142877,0.05916015227880152]}
{"id": 11, "drone": 8, "position":(16.666666666666668,41.666666666666664,1.0), "time":289.791837117466,"sensors":[34,28,19,32,8],"power":[0.023994678165941766,0.06878566354188698,0.09331287752478591,0.0402940728116929,0.2091042346243011]}
