LP RESULTS :
 Obj = 0.1*lambda1+0.9*lambda2 = 129.08310104637826 (lambda1 = 1272.8310104637824, lambda2 = 2.0) Resol time = 4782 ms

{"id": 0, "drone": 5, "position":(33.333333333333336,41.666666666666664,1.0), "time":547.9223624950566,"sensors":[24,15,10,13,27,12,39,18,36,1,4,6],"power":[1.201055667776301,0.08281314431178702,0.2841167680902156,0.03669795309593409,0.11168826896910637,0.5893626293181861,0.04025871034620893,0.035389358674622166,0.198853655913078,0.08587856825733836,0.07849368971370026,0.20036775577537067]}
{"id": 1, "drone": 6, "position":(41.666666666666664,25.0,1.0), "time":913.8440016630057,"sensors":[14,21,29,31,35,5,9,38],"power":[0.6910724572382023,0.13810465844004613,0.15484214779224734,0.393310961524973,0.05978341847371778,0.14533799950232623,0.44411979974462257,0.2861620142426117]}
{"id": 2, "drone": 7, "position":(8.333333333333334,16.666666666666668,1.0), "time":96.51259702242862,"sensors":[7,11,3,16,23,8,0,25,37],"power":[0.007049806170917193,0.020641585844938047,0.2770452518487289,0.10356097347313965,0.023664468886198158,0.022309222532116698,0.031377972570843495,0.01094672495288871,0.18255387724997246]}
{"id": 3, "drone": 7, "position":(25.0,41.666666666666664,1.0), "time":323.96850879584895,"sensors":[32,24,15,10,27,12,39,18,36,22,4,6],"power":[0.11968962781418063,0.0897392376558508,0.11047712061091589,0.20787927711829773,0.11153679822689085,0.05713330500715921,0.22678371989637963,0.10741741467332534,0.0409557019392581,0.11905196094498251,0.06484893887787484,0.025920489043202953]}
{"id": 4, "drone": 3, "position":(8.333333333333334,8.333333333333334,1.0), "time":1019.2715078690053,"sensors":[20,28,34,7,3,16,23,0,25,37],"power":[0.2760250818091069,0.15071216503447826,0.317022288974961,0.3441171064174188,0.23287278680905632,0.7015094260568,0.12633553111380186,0.19204175849636548,1.3764919039961994,0.18931692134572067]}
{"id": 5, "drone": 3, "position":(33.333333333333336,41.666666666666664,4.0), "time":41.95313037210008,"sensors":[24,15,10,27,12,36,1,4,6],"power":[0.02944918488324002,0.005173227920786024,0.014147929797259335,0.007241689529159062,0.02005135585238874,0.011326120652238906,0.005472175825697111,0.005211413013552439,0.01141672006244224]}
{"id": 6, "drone": 8, "position":(8.333333333333334,33.333333333333336,1.0), "time":540.79479031045,"sensors":[30,32,26,17,8],"power":[0.2314837474621664,0.04450644307827778,0.1650755255062666,0.17356797412032557,0.10893400398017627]}
{"id": 7, "drone": 9, "position":(16.666666666666668,25.0,1.0), "time":108.6803625208675,"sensors":[11,26,8,0],"power":[0.09652266838092068,0.029430444277726085,0.02203700729715617,0.014905034847661579]}
{"id": 8, "drone": 0, "position":(41.666666666666664,8.333333333333334,1.0), "time":113.84656714326712,"sensors":[14,31,35,19],"power":[0.009288262739444064,0.007877586390037359,0.09021658152628223,0.16720249888052857]}
{"id": 9, "drone": 0, "position":(41.666666666666664,33.333333333333336,1.0), "time":22.72472319792155,"sensors":[14,21,29,12,31,1,5,9,38],"power":[0.001743249523099023,0.03236890408156513,0.013006645354008934,0.0038234142029169044,0.0015678538702523627,0.0030900145472294283,0.004662000497673766,0.0027749663301315673,0.002631735719270382]}
{"id": 10, "drone": 4, "position":(16.666666666666668,41.666666666666664,1.0), "time":22.72472319792149,"sensors":[33,30,32,15,26,10,27,39,18,22,4],"power":[0.00610602203247957,0.00174138021661367,0.021083943811966706,0.002645623844237207,0.00364509991357824,0.0018048356575498519,0.0019541993904967263,0.0268873855927329,0.007193226652052495,0.024273827507432025,0.00144595839487245]}
{"id": 11, "drone": 4, "position":(8.333333333333334,41.666666666666664,1.0), "time":378.21541597495553,"sensors":[33,30,32,26,17,39,22],"power":[0.14389397796752043,0.18094513087774644,0.03756015171022957,0.037879161893692864,0.049752507194700625,0.034097621657849436,0.03952086987988572]}
{"id": 12, "drone": 2, "position":(41.666666666666664,41.666666666666664,1.0), "time":336.2622856028552,"sensors":[21,24,29,10,13,12,36,1,6],"power":[0.07851130764431041,0.04937186740022733,0.05037303294052183,0.02317555336850369,0.11330204690406591,0.060790928385885026,0.04782005997666055,0.9272061228748082,0.08407414075717705]}
{"id": 13, "drone": 1, "position":(25.0,25.0,1.0), "time":222.415718459588,"sensors":[11,26,31],"power":[0.03283574577414127,0.019072790598703558,0.014182657571859127]}
{"id": 14, "drone": 1, "position":(25.0,8.333333333333334,1.0), "time":48.366543051481045,"sensors":[2,7,0],"power":[0.15,0.004743481142797003,0.0041788953985062854]}
