LP RESULTS :
 Obj = 0.1*lambda1+0.9*lambda2 = 106.75930129445753 (lambda1 = 1049.5930129445753, lambda2 = 2.0) Resol time = 6116 ms

{"id": 0, "drone": 0, "position":(41.666666666666664,33.333333333333336,1.0), "time":53.330160802184835,"sensors":[33,4,26,0,22,16,36,28,11],"power":[0.008128251371529463,0.005317038894308368,0.0059683549564277655,0.03259137477401742,0.0034527861395026852,0.05840445915101599,0.0049340002442111305,0.006157282208720554,0.019028622342183325]}
{"id": 1, "drone": 0, "position":(41.666666666666664,41.666666666666664,4.0), "time":112.6701263305348,"sensors":[33,26,22,16,35,39,13,28,21],"power":[0.042954593304826025,0.018611721560372954,0.01015096985495778,0.012291889169307625,0.02938852362642013,0.020773601997349747,0.012133289239502243,0.015721188688822878,0.02424762147956902]}
{"id": 2, "drone": 1, "position":(25.0,25.0,1.0), "time":9.291296482200245,"sensors":[4,34,18,19,27,30,9,36,37,23,3],"power":[0.0011911468736717573,0.0029570462805655366,0.002434812209167741,0.0011545978606603273,0.0012667794105709822,0.011432795708383342,0.001451724140254607,0.002757721016720425,0.0014765854652240822,0.0015234569017591223,0.043174988354630774]}
{"id": 3, "drone": 1, "position":(8.333333333333334,16.666666666666668,1.0), "time":124.32972446285589,"sensors":[8,5,15,38,24,14,10],"power":[0.025211429905816044,1.1628568717315912,0.010994374766047236,0.015265322505518908,0.029995227656359726,0.007913901380587462,0.01694381679902157]}
{"id": 4, "drone": 3, "position":(25.0,41.666666666666664,5.0), "time":189.56429828722042,"sensors":[4,2,19,27,26,22,13,29,28],"power":[0.02657011004785558,0.027157027508723328,0.04578499794387396,0.02072469193703026,0.03130438137952392,0.051497481767597615,0.04666020791405832,0.017657203368827853,0.03491589834472982]}
{"id": 5, "drone": 3, "position":(25.0,33.333333333333336,1.0), "time":115.03842798079431,"sensors":[4,18,2,19,27,30,26,22,36,13,29,28,3],"power":[0.062147361150079815,0.040581241681701165,0.019315817289340852,0.2692133866077224,0.045882163826186186,0.01603628152207202,0.014431928501210266,0.022063841201753462,0.020368412195989404,0.014829173139071903,0.014717446974399128,0.019207994704292384,0.01736408446671617]}
{"id": 6, "drone": 8, "position":(41.666666666666664,41.666666666666664,1.0), "time":577.1820655931169,"sensors":[33,26,0,22,16,35,39,13,28,21],"power":[0.4056777547843393,0.11427140189897173,0.0419715918336768,0.060105498113039266,0.07407450692073318,0.19501707114047168,0.12922639800265026,0.07612235245157627,0.09401544066715146,0.15254901766126397]}
{"id": 7, "drone": 8, "position":(33.333333333333336,25.0,1.0), "time":276.05785013601184,"sensors":[20,4,34,19,30,0,9,16,36,37,23,31,11,3],"power":[0.018619429356394795,0.042888526813023915,0.05455916345195444,0.02114955758137966,0.14175314662432992,0.03402533437699083,0.01748787934933329,0.01764076876610367,0.6577389026861071,0.021833658494188567,0.027693614122960973,0.06348045686873413,0.11426508927187894,0.05808707531589406]}
{"id": 8, "drone": 2, "position":(41.666666666666664,8.333333333333334,1.0), "time":575.3564985769742,"sensors":[32,20,7,1,12,31],"power":[0.10917643969129726,0.2533777841643095,1.3673610228878423,0.0812655447982362,0.15,0.07455876561619873]}
{"id": 9, "drone": 2, "position":(25.0,8.333333333333334,1.0), "time":419.08078654927584,"sensors":[17,32,34,9,14,37,1,23],"power":[0.06187046385906313,0.08573162798422335,0.052454998279503375,0.12514229208731745,0.04670742271469313,0.12529606850198105,0.05623457738189942,0.11405755288270392]}
{"id": 10, "drone": 5, "position":(33.333333333333336,8.333333333333334,1.0), "time":34.326894867288615,"sensors":[32,20,7,34,9,37,1,23,31],"power":[0.07607317409404646,0.006624726429159984,0.004134735403357649,0.0030475482765203264,0.003621644664662821,0.004429157014336572,0.012499877819864369,0.005041000138049753,0.00485112185816625]}
{"id": 11, "drone": 5, "position":(8.333333333333334,33.333333333333336,1.0), "time":408.18729441773485,"sensors":[25,18,2,27,15,38,24,29,10],"power":[1.2414140303619308,0.041330012684911106,0.06362734462937991,0.05296523949558241,0.18424981322332096,0.13985888267054675,0.02955500701119482,0.10501778360928898,0.028116698001505534]}
{"id": 12, "drone": 6, "position":(33.333333333333336,25.0,2.0), "time":112.67012633053491,"sensors":[20,4,34,19,30,0,36,37,23,31,11,3],"power":[0.007319052908694843,0.016667604497619257,0.021393662768397298,0.008193655417790085,0.05184804804562383,0.014043496469522916,0.18780483475450227,0.008537229570486032,0.010878571426597502,0.024877116127615763,0.042706949489651924,0.022953099954797423]}
{"id": 13, "drone": 6, "position":(8.333333333333334,25.0,1.0), "time":488.42875128783544,"sensors":[25,18,5,15,38,24,10],"power":[0.17630629195346573,0.040703824889490266,0.08922431726655938,0.39863515379204456,0.8196995812498761,0.15058347155492166,0.1049394851994729]}
{"id": 14, "drone": 4, "position":(16.666666666666668,33.333333333333336,1.0), "time":28.64724277614914,"sensors":[25,4,18,2,19,27,15,38,29,3],"power":[0.0063265977825540136,0.0018156274969950749,0.024950108534765977,0.018099863260634536,0.004375256405293716,0.07731070241721745,0.002577122234853352,0.0025455789347029823,0.026941066620294763,0.0020824632029529822]}
{"id": 15, "drone": 4, "position":(8.333333333333334,41.666666666666664,2.0), "time":124.32972446285589,"sensors":[25,2,29],"power":[0.01583523534767738,0.02179994731192137,0.02717676920448866]}
{"id": 16, "drone": 9, "position":(8.333333333333334,8.333333333333334,1.0), "time":436.83453719388393,"sensors":[17,8,5,14,6],"power":[0.08812953614093687,0.12478857009418395,0.11047426201113177,0.13014221054487066,0.15]}
{"id": 17, "drone": 9, "position":(41.666666666666664,25.0,1.0), "time":30.352810082729036,"sensors":[20,30,0,16,36,31,11],"power":[0.0032842494981999253,0.0019687095444422507,0.027368202545793998,0.008178530275061885,0.004279998290865674,0.006180914804385443,0.02287010736726186]}
{"id": 18, "drone": 7, "position":(33.333333333333336,41.666666666666664,1.0), "time":1.80793395072412,"sensors":[33,4,19,26,22,35,13,28],"power":[1.3234487797320605E-4,4.1714234881847883E-4,3.167643681192083E-4,0.00941029677295072,0.0027294229231491956,2.6045535296829694E-4,0.005195327387527582,0.004503101394159765]}
{"id": 19, "drone": 7, "position":(25.0,16.666666666666668,1.0), "time":20.828832951036702,"sensors":[32,34,30,9,36,37,23,31,3],"power":[0.0030619230314449263,0.03531718809572506,0.005356840298434868,0.08988157393461911,0.0017694026773244045,0.10544185431137784,0.08265067295333504,0.001864252782738941,0.006338288705653893]}
