LP RESULTS :
 Obj = 0.1*lambda1+0.9*lambda2 = 156.77997639917186 (lambda1 = 1549.7997639917185, lambda2 = 2.0) Resol time = 14361 ms

{"id": 0, "drone": 3, "position":(33.333333333333336,41.666666666666664,1.0), "time":743.1550288462237,"sensors":[0,36,25,34,29,4,31,16,30,6],"power":[1.475034569358508,0.07375211031971264,0.2023351992193715,0.15422726583983987,0.2129649292825845,0.1551729923949151,0.14999999999999994,0.09348725102902078,0.06001160351554346,0.09798457367956344]}
{"id": 1, "drone": 5, "position":(8.333333333333334,25.0,1.0), "time":533.9817160541596,"sensors":[5,8,27,13,35,37,17,39],"power":[0.057314063479489655,0.09898619977689309,0.30593342306288446,0.11668108744732748,2.2140234080348047,0.09861050721243124,0.17671257555563014,0.22253606892605327]}
{"id": 2, "drone": 8, "position":(8.333333333333334,8.333333333333334,1.0), "time":710.4403582828719,"sensors":[8,24,27,13,15,28,14,18],"power":[0.05101380022310688,0.27893645925928556,0.07238628048190558,0.15248450650231174,3.5267651561081528,0.2330434662883306,0.2940328813729966,0.15]}
{"id": 3, "drone": 2, "position":(25.0,8.333333333333334,1.0), "time":533.9817160541596,"sensors":[11,20,22,38,7,14],"power":[0.08459894954827259,0.5333845333511901,0.42593609456229653,0.12303231706212704,0.916541409134787,0.06312823305092845]}
{"id": 4, "drone": 7, "position":(41.666666666666664,33.333333333333336,1.0), "time":467.4049440584715,"sensors":[36,25,34,10,4,32,16,30,2,6],"power":[1.4690610369748978,0.058981186580796485,0.2585460442240914,0.06772099093159514,0.07189930761882707,0.427159320004428,0.04243298209622789,0.09413275719751298,0.05196424082234504,2.367742200150905]}
{"id": 5, "drone": 1, "position":(41.666666666666664,8.333333333333334,1.0), "time":777.9484815046438,"sensors":[12,23,26,9,21],"power":[0.15017401826283708,0.2231329237260335,0.15,0.1676551629076057,0.23946739044600077]}
{"id": 6, "drone": 1, "position":(33.333333333333336,25.0,1.0), "time":10.381964136198443,"sensors":[36,25,34,23,32,38,9,2,6],"power":[0.0016999951168349858,0.0015306029579529544,0.001819146752113482,6.65106876054488E-4,0.0024325414682251256,0.0013393386641902603,0.0014271900546592902,0.04887768086306479,8.23643842163317E-4]}
{"id": 7, "drone": 6, "position":(41.666666666666664,41.666666666666664,1.0), "time":328.8578269508248,"sensors":[0,36,25,34,10,4,32,16,30,6],"power":[0.03961028842470669,0.05174935672849239,0.02545868147869193,0.056185810079333445,0.08227900906840485,1.561572066962734,0.0290957852808851,0.3256333042073653,0.2818571094186253,0.09753054480479015]}
{"id": 8, "drone": 0, "position":(8.333333333333334,41.666666666666664,1.0), "time":227.7821528095742,"sensors":[5,1,33,17,19],"power":[0.016955289733153658,0.16139173207315152,0.15,0.02108648665921654,0.04710065988242122]}
{"id": 9, "drone": 0, "position":(16.666666666666668,33.333333333333336,1.0), "time":302.04260050028324,"sensors":[5,29,3,35,37,17,19],"power":[1.987439351322935,0.030719947200292506,0.3351328120014675,0.03970715353498611,0.04038176369785169,0.024012674658648713,0.10289934011757869]}
{"id": 10, "drone": 9, "position":(25.0,16.666666666666668,4.0), "time":710.4403582828718,"sensors":[20,22,38,7,37,2],"power":[0.22465573956784624,0.22725561218056212,0.4008752385842307,0.07540222817891762,0.08748338502518337,0.04915807831459015]}
{"id": 11, "drone": 4, "position":(16.666666666666668,8.333333333333334,1.0), "time":305.37768965468695,"sensors":[11,24,20,22,13,15,28,7,14],"power":[0.0654010504517274,0.022980416712156816,0.08957958024468377,0.0319493475665216,0.02780443559423115,0.0586339662590606,0.06776170395923199,0.09914410497294347,0.6532428888909568]}
