LP RESULTS :
 Obj = 0.1*lambda1+0.9*lambda2 = 125.67417599699449 (lambda1 = 1238.741759969945, lambda2 = 2.0) Resol time = 2048 ms

{"id": 0, "drone": 5, "position":(25.0,25.0,1.0), "time":90.22848377386748,"sensors":[12,25,18,17,38,23,1,20,14,22],"power":[0.025940641499164818,0.10469010754103379,0.023479955943033735,0.09180521151563653,0.05788189793035425,0.014157410913315238,0.013908822634265702,0.020758158471095325,0.0137423732363684,0.0083525632949677]}
{"id": 1, "drone": 5, "position":(25.0,41.666666666666664,1.0), "time":216.95423320984398,"sensors":[12,3,25,22,5,15],"power":[0.032634411934342446,0.08205285939021512,0.013978348011141391,0.029292015505577657,0.04893155751877517,0.014916379342181095]}
{"id": 2, "drone": 3, "position":(33.333333333333336,41.666666666666664,1.0), "time":459.2648079370241,"sensors":[12,28,8,32,39,26,7,31,5],"power":[0.04480096377688201,0.09274833850077836,0.041137481565770094,0.04978319864602753,0.04539260870244791,0.044949106264028774,0.07793799898337507,0.03345896268094253,0.17566391860518524]}
{"id": 3, "drone": 3, "position":(25.0,8.333333333333334,1.0), "time":209.17340381189206,"sensors":[30,17,10,0,23,1,20],"power":[0.040288164901604195,0.015079400668367335,0.019702426036175388,0.027947231447783053,0.047338421887708954,0.05238706384565862,0.033808461608579136]}
{"id": 4, "drone": 0, "position":(8.333333333333334,25.0,3.0), "time":307.18271698371177,"sensors":[36,6,34,13,2,16,14,29],"power":[0.12799346699797454,0.03180244589608669,0.14042120209471065,0.029851572955653178,0.09947016491244862,0.05228626817090985,0.043771816019040274,0.060682710853274105]}
{"id": 5, "drone": 0, "position":(8.333333333333334,41.666666666666664,1.0), "time":664.3904862530508,"sensors":[3,37,9,36,13,16,22,15],"power":[0.07086327500339,0.15,0.19180207742184163,0.06559497991430634,0.2419921597527273,0.13454177831534309,0.06359123203518459,0.09288323606397651]}
{"id": 6, "drone": 7, "position":(8.333333333333334,8.333333333333334,1.0), "time":471.45930567569565,"sensors":[10,0,6,11,2,24],"power":[0.07935423054376388,0.060539992548013954,0.08406037334377535,0.6447573950667885,0.05250816771808863,0.11344611234164957]}
{"id": 7, "drone": 7, "position":(33.333333333333336,25.0,1.0), "time":179.07093820864088,"sensors":[4,12,28,25,32,18,30,17,33,38,23,20],"power":[0.06482270624597876,0.029663288387625514,0.03551138245987173,0.02430687943822116,0.013916600775882745,0.21913817620839848,0.014247102996409034,0.025212404410056097,0.012431821503389704,0.23209718160472873,0.024693506304243013,0.03116197870809589]}
{"id": 8, "drone": 4, "position":(16.666666666666668,41.666666666666664,1.0), "time":193.1204518150659,"sensors":[3,13,22,15],"power":[0.22280068451176907,0.04765237567313206,0.05212091779427221,0.0422003845938424]}
{"id": 9, "drone": 4, "position":(33.333333333333336,16.666666666666668,1.0), "time":134.35108685802658,"sensors":[4,21,18,30,17,38,23,1,20,27,19],"power":[0.04512409190719096,0.008530172746529868,0.013062435958728854,0.12020536146140241,0.017902983405940036,0.025057559507648566,0.0817333560303588,0.014808647745316419,0.06427140121223023,0.020341896918947604,0.01649494467473946]}
{"id": 10, "drone": 6, "position":(33.333333333333336,33.333333333333336,2.0), "time":58.68799194737866,"sensors":[4,12,28,25,32,18,38,26],"power":[0.0037569183840930713,0.016960694401985197,0.10624263555571846,0.00702466500960365,0.011716385740545917,0.027471564076720845,0.010541851148460877,0.004098935645563594]}
{"id": 11, "drone": 6, "position":(41.666666666666664,41.666666666666664,1.0), "time":406.6615679067882,"sensors":[28,8,32,39,26,7,31,5],"power":[0.05738152303826316,0.2662058624353873,0.10705284208078937,0.20622742062281912,0.42505076840536593,0.07206200101662494,0.12433510174241572,0.03802231816870495]}
{"id": 12, "drone": 9, "position":(16.666666666666668,8.333333333333334,2.0), "time":381.23082190182845,"sensors":[10,0,11,1,24,14],"power":[0.10772419024633836,0.11888850630968957,0.048651982964185374,0.06889546577475905,0.03655388765835042,0.038150753704053755]}
{"id": 13, "drone": 9, "position":(8.333333333333334,25.0,1.0), "time":74.04810491811675,"sensors":[36,6,34,13,2,16,14,22,29],"power":[0.04153195583692301,0.008391275705772293,0.04815411892084043,0.0078303985815764,0.02802431946678118,0.013741557497871464,0.011595931147422958,0.004947674946609038,0.016285185903313727]}
{"id": 14, "drone": 8, "position":(41.666666666666664,8.333333333333334,1.0), "time":344.2254586591984,"sensors":[4,21,30,35,27,19],"power":[0.023083208989368068,0.16354148739185426,0.05481762714212396,0.09408571868308624,0.221369620679354,0.7245134769087683]}
{"id": 15, "drone": 1, "position":(41.666666666666664,25.0,1.0), "time":135.05645397011315,"sensors":[4,28,32,18,33,38,27],"power":[0.06669882076748199,0.018928048094188545,0.0239203054867846,0.018137280497286874,0.08778154315537197,0.012948766647349582,0.012266028266443648]}
{"id": 16, "drone": 1, "position":(8.333333333333334,16.666666666666668,1.0), "time":193.12045181506562,"sensors":[36,6,11,34,2,14,29],"power":[0.012417723512129001,0.07909410097393008,0.08572421579240888,0.041426606387219546,0.2517002100593062,0.037194702597683225,0.03829971576000532]}
{"id": 17, "drone": 2, "position":(41.666666666666664,16.666666666666668,1.0), "time":371.9208724321871,"sensors":[4,21,30,35,33,23,27,19],"power":[0.16634466175905704,0.02569365903392998,0.06086223884556908,0.05591428131691377,0.04978663534123832,0.024109961328510413,0.42557842944634355,0.06436746791000136]}
{"id": 18, "drone": 2, "position":(8.333333333333334,16.666666666666668,3.0), "time":192.931180577355,"sensors":[6,11,34,2,14,29],"power":[0.06440521838178181,0.06828200509225298,0.03676029050949111,0.14247782787000818,0.03427012740963487,0.03473238748340687]}
