LP RESULTS :
 Obj = 0.1*lambda1+0.9*lambda2 = 187.77824754274363 (lambda1 = 1868.782475427436, lambda2 = 1.0) Resol time = 414 ms

{"id": 0, "drone": 0, "position":(8.333333333333334,41.666666666666664,1.0), "time":491.4003581393604,"sensors":[25,7,10,32,30,36,33,2],"power":[0.04756422566589243,0.045918002635778374,0.7072165297724419,0.14947228208135624,0.7599750557547511,0.1436984429316825,0.04362209866229176,0.03988558345263909]}
{"id": 1, "drone": 8, "position":(41.666666666666664,8.333333333333334,1.0), "time":824.6703083168145,"sensors":[34,16,31,18,38,27,5],"power":[0.06383290978946482,1.16184099413053,0.15,0.07415343908161039,0.21411264827487894,0.13218694764673763,0.14988235133777691]}
{"id": 2, "drone": 4, "position":(33.333333333333336,25.0,1.0), "time":431.33946108465057,"sensors":[6,8,14,23,9,20,3,24,5],"power":[0.050749317138067386,0.05574373254307169,0.9813612377621542,0.06611330564184023,0.2944477457833282,0.05913847442911992,0.11650356908227165,0.034298275968512315,0.07299029367900167]}
{"id": 3, "drone": 2, "position":(41.666666666666664,33.333333333333336,1.0), "time":580.1623898404446,"sensors":[6,8,14,23,9,20,22,3,35],"power":[0.23323906052896207,2.396347821328135,0.062423042558160946,0.1249487432248935,0.1083211557822567,0.8525531727755625,0.25936518772941053,0.09028732409512001,0.15]}
{"id": 4, "drone": 3, "position":(33.333333333333336,8.333333333333334,1.0), "time":612.772706025971,"sensors":[34,26,0,16,18,28,38,27,5],"power":[0.4696432849643195,0.04993479413371346,0.05242753184229178,0.22126853967057605,0.6546645195227243,0.048513598945790305,0.6884724572732908,0.1748629648531475,0.11412134101747266]}
{"id": 5, "drone": 9, "position":(8.333333333333334,33.333333333333336,1.0), "time":526.6094723112749,"sensors":[21,7,19,37,10,32,30,36,33,13],"power":[0.15,0.6855031904320672,0.05993351039227207,0.10086947037707604,0.1501227915853724,0.0388778398385399,0.06413533026455183,0.5268484701238004,0.13447903467992817,0.1704287356420341]}
{"id": 6, "drone": 1, "position":(25.0,41.666666666666664,3.0), "time":699.3207537078719,"sensors":[11,25,4,23,32,2,15,39],"power":[0.6666494176960669,0.10243577433410755,0.6742617444086808,0.07927146499551771,0.07485038598625084,0.35170428987194435,0.5122595626880937,0.15000000000000002]}
{"id": 7, "drone": 6, "position":(25.0,8.333333333333334,1.0), "time":431.33946108465057,"sensors":[12,34,26,0,18,28,38,27,24],"power":[0.1669494030267413,0.3094371525077661,0.14635346124963775,0.09757246815770824,0.3098359262380089,0.11177349714055447,0.05644008002766049,0.037766320025389634,0.053460541272326224]}
{"id": 8, "drone": 5, "position":(16.666666666666668,25.0,5.0), "time":403.05192758783465,"sensors":[7,19,37,36,29,33,24,13],"power":[0.04855078304435668,0.11894471015785077,0.14525169823858067,0.03129770422662813,0.1720215509813202,0.08044794500397441,0.062241182759161455,0.09092925518395487]}
{"id": 9, "drone": 7, "position":(8.333333333333334,8.333333333333334,1.0), "time":1437.4430143427855,"sensors":[12,17,1],"power":[0.15145976111296702,0.15,0.22244363854200289]}
