LP RESULTS :
 Obj = 0.1*lambda1+0.9*lambda2 = 117.76517594026375 (lambda1 = 1159.6517594026375, lambda2 = 2.0) Resol time = 2393 ms

{"id": 0, "drone": 2, "position":(8.333333333333334,25.0,1.0), "time":377.1867917743066,"sensors":[28,25,9,24,30,23,22,21,33],"power":[0.26908657274793885,0.040931359567214734,0.062453557459420786,0.07972117019920316,0.035804945850801066,0.1762261488983282,0.26915375220691984,0.15650429264323154,0.02754262964233733]}
{"id": 1, "drone": 2, "position":(41.666666666666664,41.666666666666664,1.0), "time":105.401628795677,"sensors":[16,38,12,14,1,26,0],"power":[0.009040755773157813,0.011737141753625962,0.05616866152095545,0.0314177392639036,0.1559890430683695,0.01586828124451491,0.01014661919543677]}
{"id": 2, "drone": 5, "position":(16.666666666666668,41.666666666666664,1.0), "time":597.9339335415007,"sensors":[31,30,2,3,7,29,15,8],"power":[0.14445897826790613,0.041225779388299466,0.27413197020383867,0.11384238483557631,0.08777597050604369,0.06831357825606214,0.1762481450825467,0.1687910652984144]}
{"id": 3, "drone": 5, "position":(25.0,25.0,1.0), "time":63.885155618306726,"sensors":[9,37,18,30,20,2,3,38,4,29],"power":[0.018223640023080107,0.006770436903372214,0.14228706647336228,0.020297683836799446,0.004373672627536441,0.004435798531198,0.009401994385589002,0.005429928527595782,0.013120486158115214,0.006924230615105045]}
{"id": 4, "drone": 8, "position":(41.666666666666664,33.333333333333336,1.0), "time":595.7545556268678,"sensors":[34,35,38,12,14,1,26,0],"power":[0.29521953848211896,0.15,0.14500682756426286,0.09383133847904454,0.22063734475939795,0.33949573422911494,0.19029300437150878,0.5021796385263128]}
{"id": 5, "drone": 8, "position":(41.666666666666664,16.666666666666668,1.0), "time":56.742832996269556,"sensors":[27,37,34,17,32,6,11],"power":[0.01233589903720685,0.012317346598223693,0.005913187950883828,0.05273323149493184,0.0038268204453267636,0.005276243991996239,0.004726488989038671]}
{"id": 6, "drone": 0, "position":(8.333333333333334,16.666666666666668,2.0), "time":41.820074971093334,"sensors":[5,28,25,9,24,22,21,33],"power":[0.008253317814079246,0.0031721040415559785,0.013851612858820344,0.003225761098587804,0.00821849611819119,0.020961423840463452,0.039117668051822214,0.014321263520929302]}
{"id": 7, "drone": 0, "position":(16.666666666666668,8.333333333333334,1.0), "time":437.10783864684976,"sensors":[5,25,13,20,4,36,32,19],"power":[0.5812696165333153,0.12027969450648962,0.5059876642520037,0.15917836226510204,0.03674625837367021,0.3535081379492362,0.028940029394592514,0.15]}
{"id": 8, "drone": 1, "position":(33.333333333333336,41.666666666666664,1.0), "time":394.610419361786,"sensors":[16,3,38,14,1,29],"power":[0.1409592442268422,0.02762087591163459,0.0891600054261114,0.17500896007965278,0.07804275161679472,0.07627224126055386]}
{"id": 9, "drone": 1, "position":(8.333333333333334,41.666666666666664,4.0), "time":41.82007497109424,"sensors":[31,28,39,2,7,23,15,8],"power":[0.005475187007596485,0.0026420366325797676,0.012244107604176633,0.003055204358610971,0.0292382633684082,0.0030196623363867824,0.03858435379637171,0.0026896406784598062]}
{"id": 10, "drone": 6, "position":(16.666666666666668,25.0,1.0), "time":3.8092243209255443,"sensors":[28,25,9,18,30,2,3,4,23,22,21],"power":[4.095191934451165E-4,5.573628561576556E-4,0.022222453061585264,5.701625581909661E-4,0.0024815485331900746,3.0277150474062675E-4,4.2023159277759125E-4,2.9095661677363025E-4,3.3206871095440817E-4,0.0010865651649377705,3.6235055818536755E-4]}
{"id": 11, "drone": 6, "position":(41.666666666666664,8.333333333333334,1.0), "time":342.716287740255,"sensors":[27,37,17,10,32,6,11],"power":[0.09629132146010459,0.030325735681174536,0.03419691269036386,0.08384654668116501,0.02693859579559526,0.439330738148273,0.09306703850733576]}
{"id": 12, "drone": 4, "position":(41.666666666666664,8.333333333333334,5.0), "time":373.2226830285429,"sensors":[27,37,17,10,6,11],"power":[0.07366481627588348,0.026903819261228857,0.028083622071194584,0.06615345331883499,0.1424103369730699,0.0744304618531369]}
{"id": 13, "drone": 4, "position":(25.0,16.666666666666668,1.0), "time":1.6780849795421062,"sensors":[5,27,25,9,37,18,13,20,4,36,32],"power":[1.0621872926547475E-4,1.778700002341094E-4,2.119115020324099E-4,1.9951201207449057E-4,3.7432466997681447E-4,2.1111355188856626E-4,2.4489421661491253E-4,7.216862023471785E-4,0.010795320124991596,4.2928527373840044E-4,5.448061008278462E-4]}
{"id": 14, "drone": 7, "position":(8.333333333333334,16.666666666666668,1.0), "time":298.04974470992005,"sensors":[5,28,25,9,24,23,36,22,21,33],"power":[0.05945706304866342,0.023856981540558826,0.10640780421638642,0.022957437989067943,0.06206033368260555,0.0191206292588221,0.019496144945022893,0.16975799170338624,0.35385925936233414,0.10813610683673336]}
{"id": 15, "drone": 7, "position":(8.333333333333334,41.666666666666664,1.0), "time":339.3728970662725,"sensors":[31,28,39,2,7,23,15,8],"power":[0.05405902338416452,0.026131595192318464,0.13775589239582336,0.028256211850591743,0.8260459915420992,0.02807219929152785,1.7170612739889877,0.02550910492589193]}
{"id": 16, "drone": 9, "position":(33.333333333333336,16.666666666666668,1.0), "time":321.40671503972123,"sensors":[27,37,18,20,4,17,32,11],"power":[0.1482421617244026,3.2140671503972125,0.024752623889787835,0.0252484032067561,0.08904697872644932,0.03498623374350972,0.11730592975143699,0.04764695678245508]}
{"id": 17, "drone": 9, "position":(16.666666666666668,33.333333333333336,1.0), "time":99.41302656011858,"sensors":[28,9,18,30,2,3,7,23,29,15],"power":[0.010279562359720716,0.020717638356183635,0.010389393074815517,0.050190042390909934,0.0628312793062401,0.04302161653708585,0.009950596318615144,0.009199655632359284,0.014911428661439702,0.01113522775336097]}
