LP RESULTS :
 Obj = 0.1*lambda1+0.9*lambda2 = 123.97890421944601 (lambda1 = 1221.78904219446, lambda2 = 2.0) Resol time = 3884 ms

{"id": 0, "drone": 5, "position":(25.0,41.666666666666664,4.0), "time":27.331395708678883,"sensors":[8,21,3,4,24,7],"power":[0.005659933201717272,0.002663068298360159,0.004631530573819625,0.0027198984998447937,0.026617541175269505,0.00416351892282419]}
{"id": 1, "drone": 5, "position":(33.333333333333336,8.333333333333334,1.0), "time":389.04746263794664,"sensors":[13,36,12,35,28,29,5,38,33,9,17,10,34],"power":[0.09192614521109266,0.047260172366028017,0.0733511129860184,0.5655100949339205,0.03000853318951487,1.0157231810509733,0.12886842934177684,0.3147352398688477,0.07398861537218177,1.7937430511150174,0.030021362463852216,0.08943980923916166,0.042731649043186506]}
{"id": 2, "drone": 2, "position":(41.666666666666664,16.666666666666668,1.0), "time":122.77835234825056,"sensors":[36,12,35,29,38,27,33,1,9,17],"power":[0.5739416434466826,0.24501312319005727,0.01411797958951393,0.010625404460277325,0.03226028772170384,0.09022614134517772,0.04382393906037255,0.23808850501066298,0.00812181680964741,0.01202410826128413]}
{"id": 3, "drone": 2, "position":(8.333333333333334,8.333333333333334,4.0), "time":811.1863238771826,"sensors":[31,14,19,25,39],"power":[0.10961076829991762,0.28324599652658355,0.2500705725683947,0.08781257026050271,0.1587086580064679]}
{"id": 4, "drone": 8, "position":(25.0,16.666666666666668,1.0), "time":77.56815321346016,"sensors":[31,13,2,28,29,38,26,16,18,9,17],"power":[0.005790611770170776,0.030819257705670126,0.015321641267857868,0.0071981204095595275,0.013785658716523602,0.006839049618460302,0.011155819970322962,0.010377110465438556,0.02986783762137339,0.006487140373684981,0.022637413481145098]}
{"id": 5, "drone": 8, "position":(8.333333333333334,25.0,1.0), "time":395.59129175122166,"sensors":[15,0,4,26,30,23],"power":[0.7518341985746482,0.054282767077392866,0.031259846325808145,0.049751368030725544,0.13551585892126228,0.10765510019401435]}
{"id": 6, "drone": 0, "position":(25.0,25.0,1.0), "time":27.331395708679096,"sensors":[21,2,0,4,26,16,18,17,37],"power":[0.0077064060344200856,0.27331395708679096,0.0061186143796635485,0.002331819508493868,0.010743210476026097,0.03883337591183047,0.01396842868127967,0.007864721098559499,0.0024215539638710623]}
{"id": 7, "drone": 0, "position":(41.666666666666664,41.666666666666664,1.0), "time":941.6633241101758,"sensors":[20,3,32,22,11,6,37],"power":[0.15,0.14348225310669105,0.17805041452857037,0.19947796257440042,0.07421867534996476,0.33288709843887343,0.09556689685052439]}
{"id": 8, "drone": 1, "position":(16.666666666666668,41.666666666666664,1.0), "time":45.53553048348023,"sensors":[8,0,4,24,7,23],"power":[0.44494211955676766,0.003515523669203736,0.012440579188198301,0.008398836443830273,0.07715337859172024,0.004363828615232792]}
{"id": 9, "drone": 1, "position":(33.333333333333336,16.666666666666668,1.0), "time":302.5592595023122,"sensors":[13,36,12,35,2,29,38,27,33,16,1,18,9,17],"power":[0.049548460459764694,0.06292755615361781,0.09982770442289716,0.04391143325983574,0.0282824926276241,0.0869526741932191,0.1304172469347088,0.024159120620790002,0.03877244369705522,0.033254964790348084,0.05475924385432251,0.10263190175024695,0.04661446337770153,0.19109740598324068]}
{"id": 10, "drone": 9, "position":(41.666666666666664,8.333333333333334,1.0), "time":329.8358144924907,"sensors":[36,12,35,29,5,38,27,33,1,9,10,34],"power":[0.10191840020955285,0.10102006003965891,0.1592183467434693,0.04471820248529298,0.02113157065822314,0.1119536935950861,0.035614738034032284,1.0190492480926012,0.037420215257010364,0.0605737444131169,0.08631729043633794,0.10726835095681349]}
{"id": 11, "drone": 9, "position":(8.333333333333334,16.666666666666668,1.0), "time":190.87511242836695,"sensors":[14,19,15,30],"power":[0.04949600665007542,0.014588184473227626,0.024949968728434493,0.014484141078737705]}
{"id": 12, "drone": 4, "position":(25.0,41.666666666666664,1.0), "time":4.701227021301287,"sensors":[8,21,3,4,24,37,7],"power":[0.001154673837273423,5.591132687285537E-4,9.499055384293868E-4,5.388587420624382E-4,0.026519221606281777,3.3902400496904525E-4,8.420796166228553E-4]}
{"id": 13, "drone": 4, "position":(16.666666666666668,8.333333333333334,1.0), "time":219.7276058889105,"sensors":[31,13,14,19,28,25],"power":[0.5641778050396417,0.03718682868591108,0.015480942286253173,0.015780238503672075,0.11279334640092559,0.11493351914730998]}
{"id": 14, "drone": 3, "position":(25.0,33.333333333333336,1.0), "time":85.97556350622777,"sensors":[8,21,2,3,0,4,24,26,16,18,37],"power":[0.008673689590488446,0.07322564121155403,0.020347735777094055,0.016796073945772958,0.018838082540097268,0.018366281955696288,0.02361935468767161,0.01198591975321185,0.02361059317237923,0.0067092812349196455,0.015010294544241796]}
{"id": 15, "drone": 7, "position":(16.666666666666668,33.333333333333336,1.0), "time":635.3226380148714,"sensors":[8,21,2,15,0,4,24,26,16,7,23],"power":[0.12606782083062934,0.054726535274505154,0.06437620849639714,0.05611469936104089,0.49884768886323455,4.298347785405888,0.06484504608694694,0.124332488254544,0.043923955660003663,0.0678410228688328,0.17351499784982827]}
{"id": 16, "drone": 7, "position":(41.666666666666664,33.333333333333336,1.0), "time":162.11753184807634,"sensors":[21,3,11,6,37],"power":[0.011119235912432029,0.024618069457412007,0.07578132465003522,0.20167192669889822,0.043351225735452026]}
