LP RESULTS :
 Obj = 0.1*lambda1+0.9*lambda2 = 120.03869810676109 (lambda1 = 1182.3869810676108, lambda2 = 2.0) Resol time = 5598 ms

{"id": 0, "drone": 8, "position":(41.666666666666664,8.333333333333334,1.0), "time":163.4520912040217,"sensors":[1,4,24,18,23,5,14,21,32,34,11,31,28],"power":[0.07484450265047163,0.022382212917570473,0.03288154070881012,0.05598456309090648,0.5915341445021338,0.05912129485873911,0.011293515597249405,0.03828694124795674,0.023666317517181335,0.034473201083254294,0.021263864931407455,0.015247162511534518,0.05204012620471649]}
{"id": 1, "drone": 8, "position":(16.666666666666668,25.0,1.0), "time":419.746024844432,"sensors":[30,6,26,17,29,8,2,37],"power":[0.10336337163773016,0.04590320352916309,0.1592494475916146,0.04202345996628159,0.05955895270385766,0.027389063592990665,0.03157957413139813,0.048607241765685864]}
{"id": 2, "drone": 7, "position":(41.666666666666664,16.666666666666668,1.0), "time":566.5789070525294,"sensors":[1,18,27,23,19,5,21,11,25,31,28],"power":[0.093614992298321,0.09401543690909352,0.05929179182313612,0.14629847343782668,0.04006011137593836,0.04168253755375244,0.23543834746879064,0.12873613506859252,0.07403145629849142,0.1835350922391612,0.07458065483096896]}
{"id": 3, "drone": 6, "position":(8.333333333333334,41.666666666666664,3.0), "time":517.3532323278827,"sensors":[22,13,15,33,12],"power":[0.1509420432919732,0.6193457073073738,0.15000000000000002,0.36481305812856424,0.23576098064193426]}
{"id": 4, "drone": 6, "position":(33.333333333333336,8.333333333333334,1.0), "time":271.0041995978074,"sensors":[1,3,4,24,6,23,19,5,14,21,32,34,31,2,28],"power":[0.5410800297321531,0.03610891951887214,0.1267170997584316,0.1504802640712546,0.021684928244073892,0.08406844150819372,0.04058222897928349,0.19129705421177623,0.09071308358392365,0.08566261775231497,0.1897380523449573,0.5613180585677243,0.036790642516676984,0.026443028228397513,1.1628717636439643]}
{"id": 5, "drone": 3, "position":(41.666666666666664,33.333333333333336,1.0), "time":452.3559828110597,"sensors":[27,36,9,10,16,25],"power":[0.1831066390239736,0.07884419550815874,0.06992546187418447,0.030305146490731558,0.23072149984776177,0.07761288864838094]}
{"id": 6, "drone": 2, "position":(25.0,33.333333333333336,1.0), "time":581.2891730099265,"sensors":[22,30,26,29,8,37],"power":[0.04790777462449067,0.18916688554591138,0.18374382485017232,0.278316249831122,2.0351463187221555,0.15358999925018324]}
{"id": 7, "drone": 4, "position":(25.0,25.0,1.0), "time":163.4520912040217,"sensors":[30,6,26,19,29,8,25,31,2,37],"power":[0.5634022798626556,0.028917060475076348,0.03606709686208523,0.0325619134166283,0.01891909055993756,0.03323782191609933,0.01756210320734441,0.013987044773229177,0.05070173237432074,0.3132970415361554]}
{"id": 8, "drone": 0, "position":(25.0,8.333333333333334,1.0), "time":163.4520912040218,"sensors":[1,3,4,24,6,19,39,17,5,14,21,32,34,35,2,28,7],"power":[0.018839048989541304,0.25581815334587293,0.02625655067406375,0.021064102814089065,0.04041711189061149,0.027015660045476845,0.024349426581292865,0.016053315193508586,0.015184444040617804,0.04799340081882695,0.012368720234238972,0.03117493633846496,0.030819335208298073,0.028829959142565188,0.019772447783816965,0.02427582512320101,0.02943097746784672]}
{"id": 9, "drone": 9, "position":(16.666666666666668,8.333333333333334,1.0), "time":18.104486158010506,"sensors":[3,38,6,20,39,17,35,7],"power":[0.005163624241340936,0.001295722745043154,0.0025985510746238216,0.004862123379253584,0.07054200158137848,0.008152404553785134,0.03711600298994593,0.020125872490461213]}
{"id": 10, "drone": 9, "position":(41.666666666666664,41.666666666666664,1.0), "time":730.0309982565511,"sensors":[36,9,10,16],"power":[0.40697601550805296,0.7742581193322817,0.2349949582102057,0.10225343130225537]}
{"id": 11, "drone": 5, "position":(25.0,16.666666666666668,1.0), "time":17.89969200923059,"sensors":[3,30,6,19,39,17,21,31,2,28,37],"power":[0.007168658090686975,0.002527100983844089,0.07553729055145325,0.02063353501066241,0.0012073629587935938,0.0021306658802492124,0.001815731952109661,0.002292228822813896,0.021503217482066562,0.0013018970034035155,0.00275102408427126]}
{"id": 12, "drone": 5, "position":(8.333333333333334,8.333333333333334,1.0), "time":563.1846868519158,"sensors":[38,20,0,39,17,35,7],"power":[0.34841392936351856,1.9132320978754611,0.15,0.1827784261162013,0.13289157877426377,0.1239215691374742,0.10044315004169205]}
