LP RESULTS :
 Obj = 0.1*lambda1+0.9*lambda2 = 163.3647435083061 (lambda1 = 1615.6474350830608, lambda2 = 2.0) Resol time = 7497 ms

{"id": 0, "drone": 2, "position":(33.333333333333336,41.666666666666664,1.0), "time":676.7921697637618,"sensors":[32,35,38,1,17,9,36,31,7],"power":[0.19481787833090988,0.13589165189757127,0.05011647013379898,0.05408643731755688,0.07299103763724263,0.11889871984944214,0.09571085407644844,1.4448625734025426,0.4542885253674907]}
{"id": 1, "drone": 2, "position":(25.0,41.666666666666664,1.0), "time":88.56619414946431,"sensors":[2,32,35,1,20,9,36,31,7],"power":[0.015268406331351306,0.011683753521433086,0.014108348102428735,0.00642971792087685,0.007831965799371357,0.021623871077609977,0.11547238387325061,0.01082558349322523,0.08965001829116563]}
{"id": 2, "drone": 6, "position":(33.333333333333336,16.666666666666668,1.0), "time":462.17983138730824,"sensors":[6,29,0,14,12,3,38,11,39,33],"power":[0.06171744265477782,0.13074971446552922,0.09834538008648122,0.03785061945820783,0.036307598949145384,0.0683370063203252,0.03758931017131689,0.09863528171030488,0.051212724926635055,0.030214810609122483]}
{"id": 3, "drone": 0, "position":(8.333333333333334,8.333333333333334,1.0), "time":589.8562336871175,"sensors":[26,18,21,37,22,15,30],"power":[0.2093951189839253,0.03908809463189677,0.3425540464018561,0.046425221242491724,0.13591985429004588,0.13660230823912092,0.44882041367131664]}
{"id": 4, "drone": 1, "position":(33.333333333333336,8.333333333333334,1.0), "time":658.1797935018702,"sensors":[29,0,14,16,28,37,3,13,5,11,8],"power":[0.05690701445727547,0.7430107317847747,0.061464287241368376,0.09557446241668559,0.0940655617072895,0.05485066722770805,0.05183419049757509,0.17543984329697868,0.15,1.585260111324779,0.044375939776350244]}
{"id": 5, "drone": 1, "position":(25.0,33.333333333333336,1.0), "time":88.56619414946431,"sensors":[23,2,6,19,38,1,17,20,9,36,7],"power":[0.0192116791557996,0.37283015364324956,0.011130811150604191,0.015357438709445555,0.02289147345855632,0.03552908812751316,0.010770688483983978,0.006872558798178984,0.16415049987679106,0.046449049068853075,0.012569511609842056]}
{"id": 6, "drone": 3, "position":(41.666666666666664,8.333333333333334,1.0), "time":311.16261636358047,"sensors":[29,0,14,16,28,12,3,13,11,8],"power":[0.04449144454612776,0.21248748418932575,0.238349150504545,0.0816100715451538,0.12495726507042834,0.05257995832021559,0.07476846009136418,0.05104042805927937,0.12894023933150334,0.10562406022364974]}
{"id": 7, "drone": 5, "position":(8.333333333333334,41.666666666666664,1.0), "time":566.5801789600223,"sensors":[25,4,10,20],"power":[0.31239146504347565,0.15000000000000002,0.3767272988284274,0.21507022078726365]}
{"id": 8, "drone": 4, "position":(41.666666666666664,41.666666666666664,1.0), "time":485.51853085755357,"sensors":[27,32,24,17,31,7],"power":[0.08887686951993196,0.0522103439358132,0.03723889839388736,0.038665974355154585,0.1844522762771887,0.03448448882204066]}
{"id": 9, "drone": 7, "position":(41.666666666666664,33.333333333333336,1.0), "time":364.7705403122811,"sensors":[27,34,24,38,1,17,31,33],"power":[0.06112313048006804,0.12720536896276957,0.11276110160611265,0.03953888334755547,0.028801422199965884,0.11770531672965215,0.04122326313181954,0.12745236682707256]}
{"id": 10, "drone": 8, "position":(41.666666666666664,16.666666666666668,1.0), "time":184.1251938303019,"sensors":[29,0,14,34,12,3,11,33],"power":[0.512196427583706,0.03455044765819323,0.07284341364975741,0.022794631037230395,0.1697768900375004,0.7453738144355733,0.027713443325849733,0.025075572297379743]}
{"id": 11, "drone": 8, "position":(16.666666666666668,33.333333333333336,1.0), "time":396.9523367080892,"sensors":[23,2,6,19,1,20,9,36],"power":[0.10909452700909325,0.11669832337938332,0.02545698548431367,0.42457921515234714,0.025153334434087238,0.16768051643243614,0.044309310548799864,0.07943131607346497]}
{"id": 12, "drone": 9, "position":(16.666666666666668,16.666666666666668,1.0), "time":367.6114078940731,"sensors":[23,6,26,18,19,21,37,22,15,39,30],"power":[0.048194408127370594,0.0516947607103043,0.1298461851813343,1.6771019203327937,0.027355621684277392,0.10582323897620906,0.05117767380528771,0.037850472544438164,0.36164303221725436,0.13887952202784135,0.029076750834024386]}
