LP RESULTS :
 Obj = 0.1*lambda1+0.9*lambda2 = 146.63115532589487 (lambda1 = 1448.3115532589484, lambda2 = 2.0) Resol time = 778 ms

{"id": 0, "drone": 1, "position":(25.0,8.333333333333334,1.0), "time":365.45943289944034,"sensors":[4,16,13,22,18,10,6,9,5,34],"power":[0.026357996179727637,0.10328051836442137,0.09060713955618391,0.0627954451345105,0.06848853129483846,0.03926530189220879,0.07245422901316638,0.09758603454083857,0.08718253365517417,0.02584132131001867]}
{"id": 1, "drone": 1, "position":(16.666666666666668,16.666666666666668,1.0), "time":141.23902554141094,"sensors":[4,16,24,13,22,31,32,7,10,6,5,35,34],"power":[0.06966310797963993,0.011411897985230061,0.010600039051511138,0.08280075644005051,0.12207319583126588,0.017362150279253988,0.009217977233355898,0.01229508376648746,1.4123902554141095,0.023669215669638276,0.1541799259652612,0.04542955626128417,0.014492831152158742]}
{"id": 2, "drone": 3, "position":(25.0,33.333333333333336,3.0), "time":454.0065324826599,"sensors":[33,24,25,2,31,7,12,0,34],"power":[0.032686906983924346,0.1455457520515358,0.13263945103349906,0.08908922379033539,0.1011759754850902,0.1093919358662293,0.1000812779313821,0.11668033400527264,0.0344958594183078]}
{"id": 3, "drone": 3, "position":(33.333333333333336,8.333333333333334,1.0), "time":298.0663893758897,"sensors":[16,38,26,18,21,28,9],"power":[0.07922207547629445,0.060749475297762916,0.04693614255501696,0.09017432384475493,0.0892194754346413,0.022812287047704286,0.05241396545916141]}
{"id": 4, "drone": 8, "position":(41.666666666666664,16.666666666666668,1.0), "time":165.33148282343893,"sensors":[16,33,38,27,26,30,18,28,29,3],"power":[0.012645718382480367,0.017592459586891596,0.1913644897774333,0.03106536855916217,0.0115973081826031,0.03829965863034719,0.020562891309793132,0.11155611630956234,0.07093735605224,0.023749917410011766]}
{"id": 5, "drone": 8, "position":(8.333333333333334,8.333333333333334,1.0), "time":524.5691092694045,"sensors":[23,13,32,1,10,6,5,35],"power":[0.04442308068582331,0.07137131076296696,0.06951679203324139,0.15,0.053865178330630814,0.12039813872979696,0.04214490569089902,0.07310611018496727]}
{"id": 6, "drone": 0, "position":(8.333333333333334,33.333333333333336,2.0), "time":580.6796478445226,"sensors":[8,7,36,14,12,15,20],"power":[0.16759619740017248,0.047207635666726984,0.08727047258442576,0.6095479248087358,0.08686383851854251,0.1117717002748845,0.054897876303946117]}
{"id": 7, "drone": 0, "position":(41.666666666666664,25.0,1.0), "time":450.68230085514375,"sensors":[33,38,27,30,28,29],"power":[0.14819292771263415,0.043989839836700295,1.8839399379569435,0.1117003413696528,0.16822575355935415,0.8505845959233581]}
{"id": 8, "drone": 6, "position":(16.666666666666668,41.666666666666664,1.0), "time":218.78284937685874,"sensors":[25,2,14,39,12,15,20],"power":[0.10673737539620706,0.17257611165291195,0.04585930640232294,0.04411927862339485,0.024229728156026902,0.01983158205578044,0.020921802987303017]}
{"id": 9, "drone": 6, "position":(8.333333333333334,41.666666666666664,5.0), "time":227.07061096397908,"sensors":[8,14,15,20],"power":[0.016255667847100627,0.05926711068088086,0.0818874598436751,0.07418032070875087]}
{"id": 10, "drone": 4, "position":(8.333333333333334,16.666666666666668,1.0), "time":331.82111759298846,"sensors":[4,23,13,22,32,36,10,6,5,35],"power":[0.025083474434945564,0.10557691931417669,0.03952760622503385,0.026203948088405364,0.18626080491138203,0.06272952741557423,0.07034276805459297,0.02759106518490055,0.03530052956348737,0.7062940563561391]}
{"id": 11, "drone": 4, "position":(25.0,25.0,1.0), "time":85.2228679557042,"sensors":[4,16,33,24,22,31,18,7,10,12,5,0,34],"power":[0.028895421405686864,0.009014547157140947,0.012080368866970037,0.20746556648563552,0.015491020956070543,0.08475979560097757,0.00832162875080722,0.02944858019509905,0.007497531685694818,0.015657159095902904,0.007055214259083683,0.11769290873836397,0.06608167822143847]}
{"id": 12, "drone": 9, "position":(25.0,33.333333333333336,1.0), "time":109.61965559920259,"sensors":[19,33,24,25,2,31,7,12,0,34],"power":[0.007316137098272092,0.008650108277115749,0.042309602100901414,0.037040147029164326,0.02355183810295006,0.027805945213943733,0.030145458124854,0.026972243458930283,0.0313025395562554,0.009088309898076304]}
{"id": 13, "drone": 9, "position":(25.0,41.666666666666664,2.0), "time":665.9025158002271,"sensors":[19,25,2,39],"power":[0.06539367802656085,0.2799342480906045,0.4784613083739865,0.10588072137660515]}
{"id": 14, "drone": 5, "position":(41.666666666666664,41.666666666666664,1.0), "time":672.7893818595187,"sensors":[11,19,37,17],"power":[0.1535450108772991,0.31646172908220704,0.15,1.0485183633827635]}
{"id": 15, "drone": 7, "position":(41.666666666666664,8.333333333333334,1.0), "time":534.231380204476,"sensors":[38,26,18,21,28,3],"power":[0.3224536979317217,0.36068633847939774,0.04497062677128564,0.17274680092531486,0.046637243138006546,0.1262500825899882]}
