LP RESULTS :
 Obj = 0.1*lambda1+0.9*lambda2 = 107.7748312011666 (lambda1 = 1059.748312011666, lambda2 = 2.0) Resol time = 8527 ms

{"id": 0, "drone": 2, "position":(25.0,41.666666666666664,1.0), "time":477.41981016810337,"sensors":[3,30,15,38,32,13,23,34,14],"power":[0.032797256478156886,0.03346564676555804,0.038842838716355285,0.14948058116133342,0.06492685049162968,0.3171290993859962,0.0324307008259511,0.2244428896707812,0.07830475044055096]}
{"id": 1, "drone": 2, "position":(33.333333333333336,25.0,1.0), "time":358.3231521671331,"sensors":[3,30,33,0,18,15,31,8,36,28,37],"power":[0.07315772663569685,0.07104080405855268,0.0545853154523331,0.02367810558337785,0.16331187914492548,0.13584889502260628,0.10053522670606689,0.10956316518418989,0.3068320500590158,0.43826334356978985,0.1357001813947976]}
{"id": 2, "drone": 1, "position":(41.666666666666664,8.333333333333334,1.0), "time":609.6691111163349,"sensors":[25,10,24,31,9],"power":[0.17411267632544888,0.15,0.1981477083260893,0.06513561202060704,0.178415642574963]}
{"id": 3, "drone": 1, "position":(8.333333333333334,8.333333333333334,1.0), "time":450.07920089533116,"sensors":[11,29,27,4,5,12,39],"power":[0.16623955308315858,0.4930907718352668,0.43187853897256856,0.13134343596603776,0.05346464896732849,0.1995204857471888,0.29311465880399723]}
{"id": 4, "drone": 3, "position":(41.666666666666664,25.0,2.0), "time":91.75604872819804,"sensors":[1,33,0,15,31,8,36,28],"power":[0.009293165232113628,0.09026252790050995,0.01705937542153791,0.006992209213727023,0.017302432053185095,0.021953184136692984,0.00774057734076921,0.028408872190194053]}
{"id": 5, "drone": 3, "position":(8.333333333333334,41.666666666666664,1.0), "time":576.5974950613763,"sensors":[26,7,20,21,32,6,17,2,34],"power":[1.5180533967367902,0.16589590802099882,0.15,0.11075072404199918,0.1937833703310604,2.3154151098518145,0.19365121937710417,0.16962913750694764,0.04137769570347862]}
{"id": 6, "drone": 5, "position":(25.0,25.0,4.0), "time":24.96791394732024,"sensors":[35,3,30,18,15,36,13,23,28,37],"power":[0.001881782584873681,0.013089604634543115,0.012241511713760032,0.016021125129898908,0.005317360492240603,0.00944500870421427,0.0018612816341907214,0.0039106502507789765,0.0024792322127779307,0.014730720903819671]}
{"id": 7, "drone": 5, "position":(8.333333333333334,25.0,1.0), "time":352.5921453849469,"sensors":[22,5,21,12,23],"power":[0.15577836482450624,0.07089766501214641,0.05674580154636812,0.04109810432945749,0.03983778904638977]}
{"id": 8, "drone": 0, "position":(16.666666666666668,41.666666666666664,1.0), "time":5.731006782186341,"sensors":[26,38,32,6,13,23,17,34],"power":[9.556829352536839E-4,5.194188386666059E-4,0.012837653950613226,0.0011467783462123403,0.0012180235729613547,6.604175400954646E-4,0.001589822233143738,0.0028170477529240205]}
{"id": 9, "drone": 9, "position":(25.0,8.333333333333334,1.0), "time":450.07920089533116,"sensors":[35,11,27,4,9,16],"power":[0.3209590248175134,0.048984751758313336,0.036355480525761354,0.04528771388863932,0.05688923921238394,0.9265594906489716]}
{"id": 10, "drone": 6, "position":(41.666666666666664,41.666666666666664,1.0), "time":582.3285018435627,"sensors":[1,33,19,0,8,14],"power":[0.14070683476788637,0.038358094710423334,0.15000000000000002,0.13151486674586294,0.054008488089705015,0.16601135273985557]}
{"id": 11, "drone": 7, "position":(16.666666666666668,25.0,1.0), "time":199.03743572910918,"sensors":[3,30,22,18,5,36,12,23,37],"power":[0.032469787950684524,0.03325203746212924,0.013555805867006566,0.022771480946669077,0.050167455743492094,0.014297836835819894,0.013000585965385607,0.08490505087687328,0.022655213503357686]}
