LP RESULTS :
 Obj = 0.1*lambda1+0.9*lambda2 = 143.5770413437457 (lambda1 = 1417.7704134374567, lambda2 = 2.0) Resol time = 3261 ms

{"id": 0, "drone": 3, "position":(25.0,33.333333333333336,2.0), "time":12.866922020275524,"sensors":[19,39,27,22,20,33],"power":[0.0013353907931589228,0.0030270583179684805,0.009652058695994304,9.723661214548877E-4,0.012007707722172438,0.0015149097928315897]}
{"id": 1, "drone": 3, "position":(41.666666666666664,33.333333333333336,1.0), "time":723.0133977442804,"sensors":[9,5,12,32,31,17,33,18,15,24,34],"power":[0.13150511738538048,0.35537615475129397,2.174282805622761,0.04715578374681569,0.07699525941015889,0.1791075819879968,0.1338952599839239,0.19302518511761782,0.06245521670406519,0.07367348175982211,0.1475463520624753]}
{"id": 2, "drone": 4, "position":(16.666666666666668,8.333333333333334,1.0), "time":1016.7927499911947,"sensors":[23,14,1,13,2,30,38,0,21],"power":[0.40523730166398986,0.10935420628218884,1.064196929634725,0.15,0.9516412133152726,0.1520734728056857,0.1798876237319361,0.10568725406007723,0.26752772300440547]}
{"id": 3, "drone": 8, "position":(41.666666666666664,8.333333333333334,1.0), "time":1088.048870811297,"sensors":[7,25,4,11,35,6],"power":[0.6090545128118895,0.23488874866491355,0.2897244850520287,0.15,0.08106378655327803,0.5445559600284194]}
{"id": 4, "drone": 8, "position":(8.333333333333334,16.666666666666668,3.0), "time":17.390582908315537,"sensors":[38,36,29,0],"power":[0.0014517332268478822,0.0024163566222836115,0.001895060868312344,0.0013334381582655677]}
{"id": 5, "drone": 5, "position":(41.666666666666664,41.666666666666664,1.0), "time":440.16844013150035,"sensors":[9,5,12,8,32,31,16,17],"power":[0.20201231301568975,0.033000233401930264,0.05822288237706359,0.1258574127940583,0.11348680117992202,0.15691060069859572,0.13677336649970256,0.772754873123277]}
{"id": 6, "drone": 7, "position":(8.333333333333334,33.333333333333336,1.0), "time":808.0925646830744,"sensors":[19,37,28,36],"power":[0.15,0.7681637756274271,0.2821343980220576,0.2117740790849256]}
{"id": 7, "drone": 7, "position":(33.333333333333336,25.0,1.0), "time":10.087257534304383,"sensors":[14,10,5,39,3,12,25,4,27,22,35,33,18,24,34],"power":[6.735410914395223E-4,0.0024730952773628994,7.407048036615245E-4,0.0015594242036869107,0.017414284662079553,0.0015106733807125218,0.0011790975821620994,9.481880219197532E-4,9.443138800257327E-4,0.01151379450966937,0.0012929050642054452,0.017006875759299652,0.0010608734961709179,0.019196458317623902,0.0016558994490641899]}
{"id": 8, "drone": 2, "position":(16.666666666666668,41.666666666666664,1.0), "time":596.8109267341067,"sensors":[19,26,27,20],"power":[1.1519825469636424,0.7151062858136584,0.04147344358879024,0.13931929818536706]}
{"id": 9, "drone": 9, "position":(8.333333333333334,8.333333333333334,1.0), "time":337.0248680001701,"sensors":[23,1,2,29],"power":[0.1328462639856584,0.03429178899213107,0.03660581887002289,0.14810493913168765]}
{"id": 10, "drone": 6, "position":(16.666666666666668,16.666666666666668,2.0), "time":63.95279544609188,"sensors":[23,14,10,1,39,2,30,38,0,21],"power":[0.004126002794185019,0.028056443387609563,0.0042697169348997616,0.0068799451044706415,0.006704407942973794,0.005989871011703928,0.008144380216020482,0.05953490320543563,0.039279805467187276,0.004574273873108765]}
{"id": 11, "drone": 6, "position":(33.333333333333336,41.666666666666664,4.0), "time":254.58857556167595,"sensors":[8,31,20,16,17],"power":[0.024142587205941705,0.17319210744742763,0.020160184104014767,0.022553585531387095,0.0767337847255297]}
{"id": 12, "drone": 0, "position":(41.666666666666664,25.0,1.0), "time":244.50131802737158,"sensors":[5,3,12,25,4,22,33,18,15,24,34],"power":[0.10188397206208583,0.040255962093750285,0.08533403725551776,0.05469516903319389,0.017910753414243995,0.02745146381253206,0.05956427538452511,0.36156853368889325,0.08754478329593474,0.09111713932117274,1.2754924278237443]}
{"id": 13, "drone": 1, "position":(25.0,25.0,1.0), "time":244.50131802737155,"sensors":[14,10,39,3,30,27,38,22,20,35,0,33,24],"power":[0.06607063648374821,0.04977391439716122,1.0878378290905149,0.05621039659225445,0.016854891011097654,0.11191510161600497,0.041347715669407765,0.08150608536066113,0.024716777980586097,0.02397333322845005,0.06622421783843858,0.03740592440296076,0.030205081843560612]}
{"id": 14, "drone": 1, "position":(33.333333333333336,16.666666666666668,1.0), "time":75.13296706448367,"sensors":[14,10,39,3,25,30,4,38,22,35,0,33,24,34],"power":[0.007235538937721345,0.09348327339057602,0.004873079551185251,0.036119356651915624,0.02082737887044522,0.014815069470181578,0.062286654701059006,0.005403050287804975,0.028556290195682538,0.103266414470093,0.005425475297649168,0.007981160671414795,0.020837145116627372,0.005758540093406498]}
