LP RESULTS :
 Obj = 0.1*lambda1+0.9*lambda2 = 96.3054578856057 (lambda1 = 945.054578856057, lambda2 = 2.0) Resol time = 9331 ms

{"id": 0, "drone": 9, "position":(16.666666666666668,33.333333333333336,1.0), "time":270.55749512660464,"sensors":[16,8,33,7,6,24,13,38,27,20,25,18,21,3],"power":[0.031111360787851386,0.021009854914214032,0.027007689369162393,0.055889222472159994,0.18521145518188503,0.06440984719440951,0.026318826338228497,0.13947149172438636,0.022719807979449166,0.07215120098336614,0.030098994525208828,0.11407494778002321,0.11453826448988334,0.47585357705732656]}
{"id": 1, "drone": 9, "position":(8.333333333333334,16.666666666666668,1.0), "time":72.28602081737938,"sensors":[30,8,7,34,4,24,28,26,27,35,19,32],"power":[0.018503738389087854,0.01094123200140495,0.005716161978029436,0.006798548123185915,0.00914055654214793,0.005758115428232117,0.09538446570384956,0.10376740584848403,0.011823682875914373,0.00836233176435591,0.05337664381262782,0.0051904744060960045]}
{"id": 2, "drone": 1, "position":(16.666666666666668,16.666666666666668,1.0), "time":461.1349307260647,"sensors":[30,8,7,34,0,4,24,28,26,35,19,25,32],"power":[0.05753664366026733,0.4604800759930398,0.10205816574181703,0.5968849568715596,0.032403149667453016,0.37567790063913115,0.09029744952635974,0.0810783347250927,0.13315265977804705,0.8480046989950234,0.04120562123346571,0.10706027003271437,0.20087630533082207]}
{"id": 3, "drone": 1, "position":(8.333333333333334,33.333333333333336,1.0), "time":19.853961813340657,"sensors":[16,33,7,6,24,28,27,20,21,14,3],"power":[0.031041104852262975,0.001864934089685828,0.0014321430178968197,0.0015163809138282135,0.001847041847661841,0.001417265540571466,0.005332747758296564,0.0021750276081808754,0.011429945665018095,0.0020679056885232546,0.01038901963033499]}
{"id": 4, "drone": 7, "position":(41.666666666666664,33.333333333333336,1.0), "time":694.6121751973845,"sensors":[10,22,2,12,36,1,17,9,15,31],"power":[3.625067436750773,0.07754540502012412,0.913936890566382,0.39825248129097035,1.5819983375371336,0.07909135492325131,0.08515018334496445,0.10291998370284576,0.15119126721089596,0.14183884931255333]}
{"id": 5, "drone": 7, "position":(25.0,41.666666666666664,1.0), "time":30.693460170128468,"sensors":[33,6,13,38,20,1,17,18,15],"power":[0.0023344015535318318,0.0033413259047895038,0.12048240118029052,0.005767291108190441,0.006753252139072726,0.005258947504826919,0.003515918773269772,0.004600374605299166,0.002282895093228204]}
{"id": 6, "drone": 5, "position":(8.333333333333334,41.666666666666664,1.0), "time":604.514725635873,"sensors":[16,33,20,11,21,14,3],"power":[0.07783021338453897,0.3546193692451213,0.1294969872796243,0.15,0.05126262121092965,0.9311675328964993,0.09393617433632054]}
{"id": 7, "drone": 5, "position":(33.333333333333336,41.666666666666664,1.0), "time":1.78877805184574,"sensors":[10,22,2,13,12,36,1,17,15],"power":[1.6678404131505872E-4,1.7465533130952543E-4,1.2932565294374637E-4,2.7707402293688545E-4,1.5774643986564847E-4,1.5830777802327748E-4,0.012360585382318946,0.0034823558636939583,2.956848605715624E-4]}
{"id": 8, "drone": 6, "position":(25.0,16.666666666666668,1.0), "time":32.85893891472518,"sensors":[29,8,7,34,4,24,35,25,32],"power":[0.0029226435645612,0.006620768150682815,0.00410513955915401,0.02116142271812194,0.007751122080197224,0.003187706277788245,0.012948926512699162,0.008435274189250259,0.012877543687129187]}
{"id": 9, "drone": 6, "position":(41.666666666666664,16.666666666666668,1.0), "time":50.42470247965436,"sensors":[29,37,5],"power":[0.022708617969020913,0.0870787683839545,0.2661049846198026]}
{"id": 10, "drone": 8, "position":(8.333333333333334,8.333333333333334,1.0), "time":303.41643404133004,"sensors":[30,0,4,28,26,19,32],"power":[1.883315434513571,0.06971104913679085,0.03723075190447199,0.029393535976932787,0.03206743030364636,0.10972408204934986,0.020885963133346494]}
{"id": 11, "drone": 4, "position":(41.666666666666664,25.0,2.0), "time":47.962917535641964,"sensors":[29,37,10,5,2,12,36,15,31],"power":[0.004213331862314357,0.005377124652337165,0.012284172848512251,0.009844116404506454,0.005738567578865866,0.0034853799809741915,0.01432244682891098,0.005671312724783223,0.008161150687446649]}
{"id": 12, "drone": 4, "position":(41.666666666666664,41.666666666666664,1.0), "time":152.72779053554285,"sensors":[10,22,2,12,36,1,17,9,15],"power":[0.026253248134012187,0.14290394906261022,0.04471105443805459,0.07911879034247067,0.02070423135572142,0.0426258783057352,0.0653116200883018,0.038190136401479495,0.0119487849474017]}
{"id": 13, "drone": 0, "position":(33.333333333333336,8.333333333333334,1.0), "time":568.4755592577887,"sensors":[29,37,5,23,39],"power":[0.17715061621365513,0.05754410696370834,0.04162498592861697,0.15,0.1571834504550263]}
{"id": 14, "drone": 3, "position":(25.0,33.333333333333336,1.0), "time":17.269457365513404,"sensors":[7,6,24,13,38,20,1,25,18,15,3],"power":[0.002012115803243574,0.011164609072651273,0.0019349676679804753,0.0029216984585440637,0.029355594919092183,0.0019678750462043117,0.0014035236384073906,0.0021010043748700092,0.03132467761467768,0.0036094454315862565,0.0018729525150900257]}
{"id": 15, "drone": 3, "position":(8.333333333333334,25.0,1.0), "time":32.8589389147253,"sensors":[16,8,7,24,28,26,27,35,19,25,21,3],"power":[0.010017320975346683,0.00479924498741068,0.005257307743820571,0.006481793322402171,0.020484164012318225,0.014457549631114097,0.11012376138633989,0.0023844781839660136,0.0030526428137578835,0.0023044568779565402,0.012082835969783545,0.004923245772047488]}
{"id": 16, "drone": 2, "position":(16.666666666666668,8.333333333333334,1.0), "time":75.3582543565575,"sensors":[30,8,34,0,4,26,35,19,32],"power":[0.01980677495295185,0.00654484655438131,0.013524786085499266,0.04788580119575614,0.05537141022959877,0.005249855351565439,0.010851530112441676,0.005592184954808347,0.030755040146941692]}
{"id": 17, "drone": 2, "position":(41.666666666666664,41.666666666666664,5.0), "time":47.962917535641964,"sensors":[10,22,2,12,36,1,17,9],"power":[0.006183347330775297,0.0165600485309954,0.009845040143671515,0.01330661384225023,0.004951456308077444,0.00925971024546024,0.012587454431332674,0.008889879895674748]}
