LP RESULTS :
 Obj = 0.1*lambda1+0.9*lambda2 = 113.60693646841938 (lambda1 = 1118.0693646841937, lambda2 = 2.0) Resol time = 5273 ms

{"id": 0, "drone": 7, "position":(16.666666666666668,8.333333333333334,1.0), "time":453.04298625049523,"sensors":[14,19,25,18,15,6,2,11,31,30,13,16,8],"power":[0.04295012824888605,0.08343771751608413,0.03210475879704787,0.14189966622626177,0.07517578969789934,0.27855564651687115,0.10393416012654201,0.04884166286517406,0.11679820500417204,0.1333095171380939,0.7276552654557272,0.037882832308103714,0.03838279596241894]}
{"id": 1, "drone": 7, "position":(16.666666666666668,25.0,5.0), "time":69.08135885258699,"sensors":[34,21,25,15,38,35,0,8],"power":[0.00436522715598319,0.007672193280865603,0.02482819735852587,0.012327235315216848,0.020789182992326013,0.007824807752622176,0.004469326111092934,0.004614956106167164]}
{"id": 2, "drone": 0, "position":(16.666666666666668,25.0,1.0), "time":5.669957619097087,"sensors":[34,21,25,15,38,35,11,0,8],"power":[4.606905543199996E-4,8.068886810672319E-4,0.006189249435582594,0.0014137619049422315,0.0035153626198441952,8.332926768470895E-4,4.4961005799190476E-4,4.908842178512734E-4,4.8630051515224454E-4]}
{"id": 3, "drone": 0, "position":(41.666666666666664,41.666666666666664,1.0), "time":276.1351423075149,"sensors":[4,17,27,24,22,32],"power":[0.050378955333765345,0.03972111904664422,0.07829039728855106,0.019959856538034247,0.029773575064227124,0.054051818185695426]}
{"id": 4, "drone": 3, "position":(41.666666666666664,8.333333333333334,5.0), "time":839.3909182922016,"sensors":[33,7],"power":[0.08356060824223727,0.2542867314438363]}
{"id": 5, "drone": 3, "position":(25.0,8.333333333333334,1.0), "time":36.38895102116169,"sensors":[18,15,6,2,31,13,8,7],"power":[0.002964681316723515,0.00434076661151419,0.0027308588208424618,0.004886485019454446,0.19186773954931843,0.004644439601970672,0.007569021693882359,0.0025458049967716644]}
{"id": 6, "drone": 5, "position":(33.333333333333336,41.666666666666664,3.0), "time":68.66271684079925,"sensors":[4,27,22],"power":[0.1251679064514431,0.004739001592490687,0.016973204379763126]}
{"id": 7, "drone": 5, "position":(8.333333333333334,8.333333333333334,1.0), "time":547.8617083460682,"sensors":[14,34,19,18,6,2,11,36,30,13,16],"power":[0.16069568823040473,0.056386654810327466,2.3909642971314717,0.11028836295601738,0.3104415392278922,0.04117935485400352,0.14646253614208019,0.15,2.138295864148472,0.17887155146596292,0.512370350409244]}
{"id": 8, "drone": 6, "position":(33.333333333333336,25.0,2.0), "time":68.66271684079919,"sensors":[21,23,10,35,24,8,39,1],"power":[0.004759788153546188,0.014990755666337188,0.03345695728834955,0.019038258223462466,0.022567609275737102,0.007411313394149338,0.08721875613926952,0.27580433215420547]}
{"id": 9, "drone": 6, "position":(33.333333333333336,41.666666666666664,1.0), "time":167.7250200242391,"sensors":[4,27,24,22],"power":[1.3917153837677705,0.012196659864419113,0.010861604358605434,0.04736127135553758]}
{"id": 10, "drone": 1, "position":(16.666666666666668,41.666666666666664,1.0), "time":260.9077312736957,"sensors":[21,37,29,5,12,28,20,0],"power":[0.03171384291346314,0.10854560213669626,0.027020202487116875,0.11720967773727127,0.024573148729880465,0.03080284915965162,0.05987883337478251,0.17616573023976792]}
{"id": 11, "drone": 1, "position":(8.333333333333334,41.666666666666664,1.0), "time":561.8635138253708,"sensors":[37,29,5,12,26,9,28,20,3,0],"power":[0.04145439786330374,0.12297979751288313,0.0459094340625441,0.17009591717473582,0.06209326317907743,0.07843076849802182,0.7528438317039174,0.20092725482524518,0.19827464694012467,0.06852516356347965]}
{"id": 12, "drone": 4, "position":(8.333333333333334,33.333333333333336,1.0), "time":219.07803925400592,"sensors":[12,38,26,9,28,3,0],"power":[0.54909864347152,0.05894937108196541,0.15760896547160144,0.06806872948695233,0.08013736284512502,0.022414580884031737,0.027611951359770903]}
{"id": 13, "drone": 4, "position":(8.333333333333334,25.0,1.0), "time":30.718993402064356,"sensors":[14,34,25,15,12,38,26,9,11],"power":[0.004712120458520251,0.011042003317729466,0.007290900514523821,0.0021444806582226646,0.0042955204205784615,0.025681794899248923,0.008311922535118487,0.0035005020150258507,0.005439601085818195]}
{"id": 14, "drone": 9, "position":(8.333333333333334,16.666666666666668,1.0), "time":80.77571906646875,"sensors":[14,34,19,25,15,6,38,11,30,13,16],"power":[0.2973699493831834,0.08211065131762305,0.02458996725709625,0.01680319807408713,0.009818474685316287,0.023550817762428785,0.009406822824478663,0.6072165913221139,0.01341483071455131,0.006892009840117168,0.01788287712540089]}
{"id": 15, "drone": 9, "position":(25.0,33.333333333333336,1.0), "time":1.4687638594373311,"sensors":[21,4,35,0,39,1],"power":[0.004776646132067612,1.754219514137133E-4,2.1072971252205025E-4,3.5280269713371614E-4,1.650517693738526E-4,1.261727664977695E-4]}
{"id": 16, "drone": 2, "position":(41.666666666666664,25.0,1.0), "time":278.6784463919921,"sensors":[23,17,10,27,33,24,39,1,32],"power":[0.21049396250150318,0.025154523498572445,0.03223223518043396,0.03908935676892398,0.06643939175776273,0.12464111162847114,0.030571058534714448,0.06065259250457658,0.04299139509611141]}
{"id": 17, "drone": 2, "position":(25.0,25.0,1.0), "time":442.3913984723197,"sensors":[21,25,15,10,38,35,8,39,1],"power":[0.10027064083899047,0.0627836958202327,0.07524916000949301,0.10018496451149178,0.031657465582136786,1.220142293011686,0.0982798352190857,0.19461839119795504,0.09584878445240679]}
{"id": 18, "drone": 8, "position":(33.333333333333336,41.666666666666664,5.0), "time":277.20968253255455,"sensors":[4,22],"power":[0.16687150148185603,0.05589194920047148]}
{"id": 19, "drone": 8, "position":(41.666666666666664,33.333333333333336,1.0), "time":326.8680391196459,"sensors":[4,23,17,27,24,1,32],"power":[0.028472974288931988,0.02484881722089065,0.08512435745478332,0.5493702731228777,0.1537853001961918,0.029969185482403998,0.30012632053796795]}
