LP RESULTS :
 Obj = 0.1*lambda1+0.9*lambda2 = 141.81155402455522 (lambda1 = 1409.115540245552, lambda2 = 1.0) Resol time = 5869 ms

{"id": 0, "drone": 4, "position":(41.666666666666664,41.666666666666664,1.0), "time":575.7191989146696,"sensors":[9,27,15,6,35,12,32,31],"power":[0.5232897542475312,0.9074151744252067,0.10356763357189579,0.07527574108237345,0.9619462618977124,0.14999999999999997,0.28969471800466423,0.09316769192031238]}
{"id": 1, "drone": 6, "position":(25.0,25.0,2.0), "time":765.1095816067448,"sensors":[10,19,13,16,11,28,37,7],"power":[0.09380737584062196,0.1223921403376659,0.06640103361750718,0.1955640156022414,0.11196937383115345,0.113039570803728,0.1080405670183719,0.16358697150262427]}
{"id": 2, "drone": 9, "position":(41.666666666666664,8.333333333333334,1.0), "time":1395.9835690546063,"sensors":[20,14,25,1,33,21,24,39,8],"power":[1.082838261206707,0.14917527659288574,2.8645752502478348,1.9887143038136907,0.40794900494538355,0.8003983857568168,0.19285042279297335,0.2634772214473086,0.14999999999989255]}
{"id": 3, "drone": 8, "position":(16.666666666666668,8.333333333333334,1.0), "time":644.0059586388072,"sensors":[30,38,13,29,22],"power":[0.14904485133281914,0.45780704318414056,0.10070238832148641,0.24430054763776154,0.35976313505162033]}
{"id": 4, "drone": 8, "position":(41.666666666666664,33.333333333333336,2.0), "time":3.0362063297619926E-7,"sensors":[9,27,15,6,35,16,32,4,31],"power":[1.673256418267338E-10,7.803806096375828E-11,3.6570752641966114E-11,5.68466031545081E-10,3.290665624478739E-11,1.943618599398178E-11,2.9252378710442964E-11,7.467870822461221E-11,7.276206578839287E-11]}
{"id": 5, "drone": 1, "position":(41.666666666666664,33.333333333333336,3.0), "time":657.6678650945073,"sensors":[9,27,15,6,35,32,4,31],"power":[0.2972112889632905,0.14919411747285666,0.07338389891944545,0.8110488960498351,0.06756153284412564,0.06276073411116465,0.14978545971391435,0.14654163208863022]}
{"id": 6, "drone": 2, "position":(8.333333333333334,41.666666666666664,1.0), "time":940.8380581467405,"sensors":[36,34,17,5,0,2,26,3],"power":[0.28759248631907247,0.22660226987640175,0.07545674766113061,0.17344490601360266,0.07772407054538068,0.05956333775302338,0.5152503875499418,0.291253127710521]}
{"id": 7, "drone": 3, "position":(33.333333333333336,16.666666666666668,1.0), "time":9.799890521820382,"sensors":[25,30,1,33,21,19,24,39],"power":[7.823263939560011E-4,9.551486671808552E-4,0.0016824212382190674,9.333922563055387E-4,0.0030315685089609946,0.027156179037008146,0.03268711665410596,0.010433905159158041]}
{"id": 8, "drone": 5, "position":(8.333333333333334,33.333333333333336,1.0), "time":468.27748209881145,"sensors":[36,23,5,0,37,26,3],"power":[0.04201346451436992,0.16015168884681558,0.6276938898399218,0.2649806761256819,0.061872527876973726,0.04490019782520615,0.17447473497657123]}
{"id": 9, "drone": 0, "position":(25.0,41.666666666666664,1.0), "time":175.72847653999577,"sensors":[10,15,16,18,17,32,11,2,28,37,7,31],"power":[0.0602524114090721,0.04025273123318193,0.02111780649961963,0.17159400406137454,0.08812168209065065,0.01610732272134441,0.044787878062646135,0.13963204042751684,0.0520260781254199,0.022548611390042224,0.03128234093488836,0.019849175089495904]}
{"id": 10, "drone": 7, "position":(41.666666666666664,16.666666666666668,1.0), "time":3.3320806691253995,"sensors":[20,14,25,1,33,21,19,24,39,4],"power":[2.592916470183658E-4,8.247234071142584E-4,4.0649929721109124E-4,0.0019793980398678367,0.0034139382772797816,0.0011114786987501991,4.5168062532592785E-4,6.959988665717835E-4,0.0023116418603611297,2.1454036076435065E-4]}
