LP RESULTS :
 Obj = 0.1*lambda1+0.9*lambda2 = 79.99096672151448 (lambda1 = 781.9096672151447, lambda2 = 2.0) Resol time = 4077 ms

{"id": 0, "drone": 5, "position":(16.666666666666668,25.0,1.0), "time":203.87143127094353,"sensors":[20,29,14,8,1,21,39,28,9,7,19,37,17,38,12],"power":[0.0227845620174349,0.21844377115058694,0.1727858453894849,0.06619757670284968,0.08196371593479046,0.034219990190043424,0.05209616041664414,0.07778288773525538,0.03805230078041558,0.4629998078670612,0.025184598424829837,0.119662211281558,0.0590875286752629,0.02566004772858659,0.025874100326026793]}
{"id": 1, "drone": 5, "position":(33.333333333333336,25.0,1.0), "time":209.1402849201487,"sensors":[33,4,27,34,12],"power":[0.025762693113355495,0.014865991123404674,0.07773886589154397,0.018335100270844992,0.06051778747458446]}
{"id": 2, "drone": 3, "position":(16.666666666666668,8.333333333333334,1.0), "time":308.6123253441708,"sensors":[29,8,9,32,2,36,5,34,24,26,3,30],"power":[0.02231504954876284,0.04495730298029559,0.054027223476829006,0.17754233224702753,0.08111383446132242,1.3059285085097643,0.18287797459445138,0.03013075235724824,0.13863424502042618,0.07582898372941584,0.25254919810113163,0.06071481855908418]}
{"id": 3, "drone": 3, "position":(8.333333333333334,33.333333333333336,1.0), "time":79.8865073251066,"sensors":[20,14,1,21,39,28,7,19,0,37,11,17,38,16],"power":[0.13687373535853445,0.017813842101475,0.010964804536630238,0.22429491188264417,0.009423324796989346,0.014604676791302371,0.014153835831632528,0.05661414355730938,0.02468566966783301,0.005747705098908953,0.053048892410017985,0.008387550880090478,0.15009841708211366,0.01506075416045789]}
{"id": 4, "drone": 4, "position":(25.0,41.666666666666664,1.0), "time":292.9925430133609,"sensors":[31,6,17,18],"power":[0.2881186145532248,0.05336957035753327,0.03101773618670529,0.07413431316972664]}
{"id": 5, "drone": 4, "position":(25.0,8.333333333333334,2.0), "time":229.074825774366,"sensors":[10,32,2,36,5,27,34,22,3,30],"power":[0.04003296403401058,0.014635320481321526,0.06888616553867759,0.033886601329193224,0.04203044832209176,0.017786871312413667,0.06541945689403554,0.03072334262591001,0.11569838015171485,0.1690110061573691]}
{"id": 6, "drone": 7, "position":(16.666666666666668,33.333333333333336,1.0), "time":35.08031472105762,"sensors":[20,29,14,1,21,39,28,7,19,0,37,11,17,38,12],"power":[0.014920121449355193,0.0031218077676002805,0.025256616026489383,0.0036510701005747115,0.011170074627696175,0.0025001726343257063,0.0044112482241973,0.011235765445762411,0.004123851622718842,0.00242529520732551,0.0028295421156733255,0.0034063819534967546,0.042510078036347876,0.015863263654706618,0.0037509589287085684]}
{"id": 7, "drone": 7, "position":(8.333333333333334,41.666666666666664,1.0), "time":422.22843292142767,"sensors":[20,21,19,0,11,38,16,35],"power":[0.1091162541301485,0.06540443873301664,0.03160047936353797,0.3787391751035444,0.2109950386599861,0.09683454456340887,0.5441513982017308,0.15]}
{"id": 8, "drone": 8, "position":(41.666666666666664,41.666666666666664,1.0), "time":261.3697462692337,"sensors":[23,4,6,18],"power":[0.15219650527839124,0.11246995070130575,0.054113333352273994,0.028565363392760532]}
{"id": 9, "drone": 8, "position":(25.0,16.666666666666668,1.0), "time":8.709907958717142,"sensors":[29,8,10,9,37,27,34,12,22,3,30],"power":[0.0013739183019277831,0.001597438109542118,6.058660885288266E-4,7.774063831165724E-4,6.692149607931383E-4,0.0022330234594326675,0.030477687466915013,8.696738045162627E-4,6.286306915112471E-4,0.002195397882758555,7.173315065678217E-4]}
{"id": 10, "drone": 0, "position":(16.666666666666668,16.666666666666668,1.0), "time":14.996449855944578,"sensors":[29,14,8,1,39,28,9,7,32,37,36,5,34,24,3],"power":[0.011080964644564956,0.001204701762148529,0.0589154924464408,0.0029693817803779043,0.0027314909004459574,0.0022812355562626414,0.017050747017158262,0.001988921860449306,0.0026412038511715815,0.006249233206748657,0.0026924900720921635,9.763507395909693E-4,0.0024784877926525895,0.0011980989154241574,0.004185187926808605]}
{"id": 11, "drone": 0, "position":(41.666666666666664,25.0,1.0), "time":237.78473373308287,"sensors":[13,33,4,27],"power":[0.022518338011979083,0.5945140712261003,0.024551514744694063,0.025848118554182224]}
{"id": 12, "drone": 2, "position":(33.333333333333336,16.666666666666668,1.0), "time":11.375873361797577,"sensors":[13,10,27,34,12,22],"power":[0.0012077004643776905,0.0019340390194882175,0.02639312078242745,0.003158515218303623,7.791207322098164E-4,0.002656220149257939]}
{"id": 13, "drone": 2, "position":(33.333333333333336,41.666666666666664,1.0), "time":73.61490229267949,"sensors":[23,31,4,6,18],"power":[0.021111551363280828,0.021340709418553122,0.01580960851925266,0.1237207623742572,0.04730032343751282]}
{"id": 14, "drone": 1, "position":(25.0,33.333333333333336,1.0), "time":129.2358899080667,"sensors":[14,7,31,17,12],"power":[0.016149294011569854,0.01234171320013993,0.01192136117509231,0.06046281875544717,0.0582083587339541]}
{"id": 15, "drone": 1, "position":(8.333333333333334,8.333333333333334,1.0), "time":204.8765718087593,"sensors":[8,9,32,36,5,24,26,3],"power":[0.015613559187260996,0.03311531975677924,0.2922003666215924,0.06212993210249182,0.027252809870541215,0.1236163451849794,0.0741710162705841,0.01701193357352831]}
{"id": 16, "drone": 9, "position":(41.666666666666664,8.333333333333334,1.0), "time":532.7490601202643,"sensors":[15,13,10,25,22],"power":[0.15,0.23365843669979758,0.13184517356978215,0.16024515884056753,0.1831739018370182]}
{"id": 17, "drone": 9, "position":(8.333333333333334,25.0,1.0), "time":40.842980976609354,"sensors":[20,29,14,8,1,21,39,28,9,7,19,37,11,17,38],"power":[0.0061007009166506015,0.007746742018500871,0.009602682243654638,0.005876447587855689,0.0660221401273117,0.011312344067992502,0.08324885125159484,0.1126127450561138,0.006977002585701318,0.012275765016553829,0.03247692703160396,0.014842093336317898,0.0033454223751847286,0.0027813564886304066,0.007044103009086771]}
