LP RESULTS :
 Obj = 0.1*lambda1+0.9*lambda2 = 104.16695225215241 (lambda1 = 1023.6695225215241, lambda2 = 2.0) Resol time = 5122 ms

{"id": 0, "drone": 8, "position":(8.333333333333334,25.0,1.0), "time":78.08681389618256,"sensors":[26,4,8,31,39,9,32],"power":[0.10536900482011403,0.008749722879237466,0.284215299514967,0.012054849648640018,0.006524618681055254,0.014036300399918142,0.006701268983181646]}
{"id": 1, "drone": 8, "position":(41.666666666666664,33.333333333333336,1.0), "time":232.1315054894869,"sensors":[12,27,22,37,17,15,3,35,0,18,2],"power":[0.3175641419416914,0.0694648662677281,0.038504066132813645,0.045588846522793526,0.029230461536621944,0.05294390731433615,0.037213852209206554,0.029452093877799842,0.027357577011592728,0.01613228177032699,0.21652694653013568]}
{"id": 2, "drone": 0, "position":(25.0,25.0,1.0), "time":134.06206415249108,"sensors":[5,19,27,30,17,15,35,32],"power":[0.19584419650632,0.0363779460409421,0.012998568155359417,0.01809280610401278,0.031521992213091835,0.017068733228437757,0.012639218761790975,0.021799498420570093]}
{"id": 3, "drone": 0, "position":(25.0,8.333333333333334,5.0), "time":697.423324865038,"sensors":[19,7,29,30,32,1,20,24],"power":[0.08904224927697459,0.13373106469803137,0.056052443561425434,0.14915584299212015,0.05207502019887323,0.24827093108330997,0.06825352572292445,0.1137688996192016]}
{"id": 4, "drone": 7, "position":(41.666666666666664,41.666666666666664,1.0), "time":263.06734247527424,"sensors":[12,27,22,37,35,18,2],"power":[0.04602149859866516,0.018020275151691238,0.056037974561984435,0.17569045664461824,0.021878410578109072,0.09047055022810463,0.030864347569325518]}
{"id": 5, "drone": 7, "position":(8.333333333333334,33.333333333333336,1.0), "time":283.45939932787917,"sensors":[16,26,4,8,23,31,9,10,38],"power":[0.0821295755638577,0.04048395861472174,0.11018238094596994,0.0464402625683109,0.02039204735582367,1.2721604114721345,0.25535759667335417,0.02038771383057583,0.03763883997595041]}
{"id": 6, "drone": 6, "position":(41.666666666666664,25.0,1.0), "time":212.14887804867362,"sensors":[5,12,34,27,14,17,15,3,13,0,2],"power":[0.014326604710977487,0.04206694449207358,0.018412548287112782,0.055697679264335775,0.08784051084386714,0.03180415358826537,0.05401630247300516,1.0238091832359786,0.08450116636123303,0.4413983045645742,0.06139557328574908]}
{"id": 7, "drone": 6, "position":(41.666666666666664,41.666666666666664,2.0), "time":273.54066776570977,"sensors":[12,22,37,35,18,2],"power":[0.04574987399678973,0.05545795930520191,0.1557756340385082,0.022096205765903577,0.08818255496869566,0.03137530741790767]}
{"id": 8, "drone": 2, "position":(41.666666666666664,8.333333333333334,1.0), "time":173.38686484414225,"sensors":[7,34,6,14,29,33,20,13,28],"power":[0.03039420272005728,0.0417866146534544,0.6683945651594019,0.013856199006208648,0.046995903686524225,0.5732442823716324,0.04131930437902653,0.014530920252114264,0.14309907378576986]}
{"id": 9, "drone": 2, "position":(33.333333333333336,25.0,1.0), "time":20.925538875502465,"sensors":[5,19,34,27,14,29,17,15,3,35,13,0,2],"power":[0.0115399397581453,0.0021515552531122246,0.0022237479520597434,0.010374515157408603,0.006752888761449206,0.0016387145912569025,0.02771259650285159,0.02019410709176213,0.005156370056054203,0.0028340750558935547,0.006632335885925432,0.004889956534008716,0.005092146327940202]}
{"id": 10, "drone": 4, "position":(16.666666666666668,16.666666666666668,1.0), "time":20.17703504637427,"sensors":[26,19,21,30,8,39,32,1],"power":[0.004147036565164247,0.004887496193607376,0.003189721753607816,0.006620145073169804,0.003077997320842434,0.016964127824449875,0.062035537025724966,0.0014758664553682756]}
{"id": 11, "drone": 4, "position":(16.666666666666668,8.333333333333334,1.0), "time":48.02055608205211,"sensors":[19,21,30,39,32,1,24],"power":[0.004237953880919852,0.01393309610176483,0.009026637464318227,0.016796658274839876,0.0073886753716502175,0.004925108159512,0.014693255493457198]}
{"id": 12, "drone": 5, "position":(8.333333333333334,8.333333333333334,5.0), "time":599.159475922481,"sensors":[25,21,39],"power":[0.09300277955433879,0.3079888561075825,0.1109056368623881]}
{"id": 13, "drone": 5, "position":(41.666666666666664,16.666666666666668,1.0), "time":28.872790436775404,"sensors":[7,34,6,14,29,3,33,13,28,0],"power":[0.0021678052917980663,0.011268261510748822,0.008000057047031515,0.015415694456564998,0.00787922163069053,0.008434026634643516,0.005538793774555964,0.017074533999224026,0.0034349091141782995,0.012762997968588343]}
{"id": 14, "drone": 3, "position":(25.0,33.333333333333336,5.0), "time":78.08681389618256,"sensors":[5,27,17,23,15,35,38],"power":[0.01313105326879578,0.006317586193447315,0.011143651831470338,0.005367429206497705,0.007316644604578614,0.017735449609569066,0.00633082913142392]}
{"id": 15, "drone": 3, "position":(33.333333333333336,16.666666666666668,1.0), "time":61.39178971703609,"sensors":[5,19,7,34,6,27,14,29,30,17,15,3,1,20,13,0],"power":[0.00816577902138408,0.011629920385011813,0.011041892067120269,0.06214318670393763,0.00939642716309537,0.003999834160285276,0.023813805737018922,0.04155579277931341,0.007861827794540971,0.0062513062312340864,0.005536660628130704,0.008174131889533927,0.014716316692160605,0.005001659430344271,0.02414329388020984,0.01072745607522244]}
{"id": 16, "drone": 9, "position":(8.333333333333334,8.333333333333334,1.0), "time":278.2256415744342,"sensors":[25,21,39,24],"power":[0.05699722044566119,0.9017085702648171,0.07223639038013104,0.021537844887341187]}
{"id": 17, "drone": 9, "position":(33.333333333333336,33.333333333333336,1.0), "time":21.855589866877146,"sensors":[5,12,27,37,17,15,3,35,0,18,2],"power":[0.00406214046218031,0.0020943460956071316,0.017196171082522586,0.0048684477126902884,0.012335838096465187,0.013316360035014782,0.0018070763224975516,0.04336454635093395,0.001411671878189833,0.0018343091378311203,0.010952775407280084]}
{"id": 18, "drone": 1, "position":(33.333333333333336,8.333333333333334,1.0), "time":41.66921378303232,"sensors":[19,7,34,6,14,29,30,33,1,20,13,28],"power":[0.0030140188883858365,0.25255937856908933,0.014165640892686118,0.012132613108000258,0.0030395489288739114,0.027625483003266532,0.0035539149624708314,0.005609628645310006,0.01689933337899185,0.03542551046770628,0.0031177496212934108,0.003466017100051835]}
{"id": 19, "drone": 1, "position":(8.333333333333334,41.666666666666664,1.0), "time":662.1233092974624,"sensors":[16,11,4,23,31,9,10,36,38],"power":[0.347598233148076,0.15,0.11594276900195642,0.12542904339647065,0.1983138652831281,0.11356303162558193,0.39287685673369926,0.15546626714052272,0.1643093667466574]}
