LP RESULTS :
 Obj = 0.1*lambda1+0.9*lambda2 = 116.51337114212882 (lambda1 = 1147.1337114212881, lambda2 = 2.0) Resol time = 10341 ms

{"id": 0, "drone": 1, "position":(33.333333333333336,16.666666666666668,3.0), "time":207.63197244681328,"sensors":[22,15,19,14,38,8,37,36,27,26],"power":[0.032114446761295976,0.021863494022038077,0.05808766548833925,0.3707529526754975,0.04160780802433846,0.024872394659113575,0.0423388079041344,0.12656844965542893,0.018434155766210183,0.04085923668860421]}
{"id": 1, "drone": 1, "position":(41.666666666666664,25.0,1.0), "time":51.71242979910657,"sensors":[30,22,15,32,19,14,37,36,3],"power":[0.0037364739028991427,0.15924144295232195,0.005994866333061856,0.004259140125488231,0.027635654286655674,0.006460428257342715,0.01185118196116203,0.005676306370684807,0.005279170633979039]}
{"id": 2, "drone": 0, "position":(8.333333333333334,8.333333333333334,1.0), "time":204.41904771575287,"sensors":[33,9,35,4,13],"power":[0.07928375510117645,0.015066635040870186,0.041402343595844784,0.028596150250234483,0.13789054033702125]}
{"id": 3, "drone": 5, "position":(8.333333333333334,41.666666666666664,3.0), "time":552.2468453018347,"sensors":[34,5,24,1,2,23,16],"power":[0.1865075583563492,0.16240457328991154,0.08445188123372861,0.16518385628609958,0.21975640225897655,0.14498660978791822,0.06857396392207683]}
{"id": 4, "drone": 5, "position":(33.333333333333336,25.0,1.0), "time":11.369993146406456,"sensors":[22,15,32,19,14,38,8,37,36,3],"power":[0.003105358588108505,0.015963912506151194,8.941529538676387E-4,0.003632594868086824,0.0027338588439496723,0.0012369664888341298,0.005166541499442974,0.11369993146406455,0.0013972258570655197,8.20498579065679E-4]}
{"id": 5, "drone": 6, "position":(25.0,25.0,1.0), "time":5.353937961416066,"sensors":[12,9,15,14,38,8,11,37,31,26,17,28],"power":[0.0010489788576103747,5.91136729106693E-4,0.0017716354364576458,4.705462342393702E-4,0.0013728233077582536,0.01050758254290406,3.757545735701367E-4,0.0010758976752701444,0.00107635536362717,4.2365760043213985E-4,5.606476431704213E-4,0.001934719266269615]}
{"id": 6, "drone": 6, "position":(41.666666666666664,8.333333333333334,1.0), "time":806.3506005724328,"sensors":[6,19,14,39,36],"power":[0.1518339042081049,0.060644085356918266,0.08323629734622538,0.2871716640727344,0.18605166621076616]}
{"id": 7, "drone": 8, "position":(33.333333333333336,41.666666666666664,1.0), "time":557.6007832632507,"sensors":[30,32,18,20,0,10,3],"power":[0.03940058191068704,0.17408762529643043,0.08790882860963627,0.1640444877257173,0.19066676841436317,0.27279187436821933,0.13263197840726937]}
{"id": 8, "drone": 2, "position":(16.666666666666668,16.666666666666668,1.0), "time":206.59113439549222,"sensors":[33,9,35,38,11,31,4,26,17,28],"power":[0.029837807561967442,0.41634805196811187,0.025662892355438244,0.04392764355764616,0.03927169892698699,0.121588115947718,0.04150892911412994,0.028296616929855536,0.026612768118167346,0.09018070090934288]}
{"id": 9, "drone": 2, "position":(16.666666666666668,8.333333333333334,2.0), "time":183.87668400820831,"sensors":[33,9,35,38,31,25,4,27,26,13,28],"power":[0.2640430968958148,0.04710859462870651,0.3036987875197217,0.014815478368580035,0.01173669757799928,0.04140647655728093,0.011768367283147755,0.028893328444757047,0.024144131900837702,0.012109459662978758,0.012499961832207085]}
{"id": 10, "drone": 3, "position":(25.0,33.333333333333336,4.0), "time":589.5329281580374,"sensors":[12,15,18,8,37,10],"power":[0.14946276781459839,0.10440609170229123,0.07043173263594796,0.1094534812985394,0.043870794429437907,0.05580372773689767]}
{"id": 11, "drone": 7, "position":(41.666666666666664,41.666666666666664,2.0), "time":526.4505052125244,"sensors":[30,32,20,0,3],"power":[0.2001265880553948,0.17872468716928483,0.04019272939091707,0.48484202940873966,0.20055087637830382]}
{"id": 12, "drone": 7, "position":(8.333333333333334,25.0,1.0), "time":552.2468453018347,"sensors":[12,11,7,31,4,17,28,29,21],"power":[0.04861522606532779,0.6713043829606262,0.15,0.09657247984566583,0.1904661007362838,0.27136259888268777,0.045384617992180395,0.4550497239063921,0.7124588222483796]}
{"id": 13, "drone": 9, "position":(25.0,8.333333333333334,1.0), "time":64.71477749511301,"sensors":[33,9,35,14,38,25,27,26],"power":[0.007694247170945783,0.011514158217774044,0.013085270276878079,0.004732659805992202,0.011757996633130069,0.011755701993555155,0.2267205108256141,0.05146503548304893]}
{"id": 14, "drone": 9, "position":(16.666666666666668,8.333333333333334,3.0), "time":467.59521196783874,"sensors":[33,9,35,38,25,27,26],"power":[0.44830998396102306,0.10896470291951997,0.5059192794810298,0.035281283619712854,0.0968378214491639,0.06485560973056992,0.0587160699572935]}
{"id": 15, "drone": 4, "position":(8.333333333333334,41.666666666666664,1.0), "time":594.8868661194534,"sensors":[34,5,24,1,2,23,16,21],"power":[0.24835838653533088,0.19942056615334317,0.10036529839412299,0.2075577941286817,0.31757185778743985,0.17639253431011243,0.08142603607792316,0.03845919842582452]}
